src;num_pages;page_id;page_width;page_height;col;row;width;height;x1;y1;x2;y2;x3;y3;x4;y4;contents;contents_masked;confidence;correctclass;tag;description
0060091768.tif;1;0;762;1000;174;17;42;11;174;17;216;17;216;28;174;28;Invoice;AAAAAAA;0.51;undefined;OTHER;OTHER
0060091768.tif;1;0;762;1000;266;20;23;8;266;20;289;20;289;28;266;28;Remil;AAAAA;0.3;undefined;OTHER;OTHER
0060091768.tif;1;0;762;1000;291;20;11;8;291;20;302;20;302;28;291;28;To:;AAS;0.24;undefined;OTHER;OTHER
0060091768.tif;1;0;762;1000;478;21;29;8;478;21;507;21;507;29;478;29;Ctfrtoo;AAAAAAA;0.35;undefined;OTHER;OTHER
0060091768.tif;1;0;762;1000;510;22;38;9;510;22;548;22;548;31;510;31;Markftt»n]|;AAAAAAASASS;0.27;undefined;OTHER;OTHER
0060091768.tif;1;0;762;1000;551;23;13;7;551;23;564;23;564;30;551;30;aix!;AAAS;0.21;undefined;OTHER;OTHER
0060091768.tif;1;0;762;1000;568;23;64;7;568;23;632;23;632;30;568;30;Cc«nrmuuraiioo>;AASAAAAAAAAAAAS;0.28;undefined;OTHER;OTHER
0060091768.tif;1;0;762;1000;265;32;29;8;265;32;294;32;294;40;265;40;Clarion;AAAAAAA;0.16;undefined;OTHER;OTHER
0060091768.tif;1;0;762;1000;297;33;38;9;297;33;335;33;335;42;297;42;Mu'uiir^;AASAAAAS;0.6;undefined;OTHER;OTHER
0060091768.tif;1;0;762;1000;338;33;14;7;338;33;352;33;352;40;338;40;and;AAA;0.52;undefined;OTHER;OTHER
0060091768.tif;1;0;762;1000;355;33;64;8;355;33;419;33;419;41;355;41;Conimiinicauc.u;AAAAAAAAAAAAASA;0.39;undefined;OTHER;OTHER
0060091768.tif;1;0;762;1000;478;34;13;7;478;34;491;34;491;41;478;41;340;NNN;0.1;undefined;OTHER;OTHER
0060091768.tif;1;0;762;1000;495;34;46;7;495;34;541;34;541;41;495;41;FVmK<rwick;AAAASAAAAA;0.2;undefined;OTHER;OTHER
0060091768.tif;1;0;762;1000;545;34;18;8;545;34;563;34;563;42;545;42;K^mI;ASAA;0.38;undefined;OTHER;OTHER
0060091768.tif;1;0;762;1000;266;44;14;7;266;44;280;44;280;51;266;51;PO.;AAS;0.54;undefined;OTHER;OTHER
0060091768.tif;1;0;762;1000;284;44;14;7;284;44;298;44;298;51;284;51;Boa;AAA;0.63;undefined;OTHER;OTHER
0060091768.tif;1;0;762;1000;301;45;21;7;301;45;322;45;322;52;301;52;71204;NNNNN;0.22;undefined;OTHER;OTHER
0060091768.tif;1;0;762;1000;478;45;43;8;478;45;521;45;521;53;478;53;CwnuWl,;AAAAAAS;0.24;undefined;OTHER;OTHER
0060091768.tif;1;0;762;1000;524;46;45;8;524;46;569;46;569;54;524;54;CtAAtftkul;AAAAAAAAAA;0.22;undefined;OTHER;OTHER
0060091768.tif;1;0;762;1000;573;47;21;7;573;47;594;47;594;54;573;54;06JM1;NNAAN;0.19;undefined;OTHER;OTHER
0060091768.tif;1;0;762;1000;265;56;29;8;265;56;294;56;294;64;265;64;Deiroii.;AAAAAAAS;0.32;undefined;OTHER;OTHER
0060091768.tif;1;0;762;1000;297;57;36;7;297;57;333;57;333;64;297;64;MI48273;AANNNNN;0.28;undefined;OTHER;OTHER
0060091768.tif;1;0;762;1000;478;69;48;8;478;69;526;69;526;77;478;77;ita&UMO;AAASAAA;0.37;undefined;OTHER;OTHER
0060091768.tif;1;0;762;1000;530;69;20;8;530;69;550;69;550;77;530;77;FAXi;AAAA;0.23;undefined;OTHER;OTHER
0060091768.tif;1;0;762;1000;553;69;47;9;553;69;600;69;600;78;553;78;mS$2All6;AASNAAAN;0.28;undefined;OTHER;OTHER
0060091768.tif;1;0;762;1000;306;91;19;13;306;91;325;91;325;104;306;104;CCt;AAA;0.25;undefined;OTHER;OTHER
0060091768.tif;1;0;762;1000;332;92;16;13;332;92;348;92;348;105;332;105;-7;SN;0.67;undefined;OTHER;OTHER
0060091768.tif;1;0;762;1000;361;93;13;13;361;93;374;93;374;106;361;106;1H;NA;0.25;undefined;OTHER;OTHER
0060091768.tif;1;0;762;1000;383;94;30;13;383;94;413;94;413;107;383;107;SI?;AAS;0.29;undefined;OTHER;OTHER
0060091768.tif;1;0;762;1000;653;123;23;6;653;123;676;123;676;129;653;129;DATE.;AAAAS;0.19;undefined;OTHER;OTHER
0060091768.tif;1;0;762;1000;532;124;66;9;532;124;598;124;598;133;532;133;APPROVALS;AAAAAAAAA;0.26;undefined;OTHER;OTHER
0060091768.tif;1;0;762;1000;647;137;46;18;647;137;693;137;693;155;647;155;r/iiaS;ASAAAA;0.26;undefined;OTHER;OTHER
0060091768.tif;1;0;762;1000;530;138;37;11;530;138;567;138;567;149;530;149;fleam*!;AAAAASS;0.37;undefined;OTHER;OTHER
0060091768.tif;1;0;762;1000;490;141;37;5;490;141;527;141;527;146;490;146;»a«»mu;SASSAA;0.28;undefined;OTHER;OTHER
0060091768.tif;1;0;762;1000;592;141;21;13;592;141;613;141;613;154;592;154;.<*/;SSSS;0.64;undefined;OTHER;OTHER
0060091768.tif;1;0;762;1000;576;146;14;8;576;146;590;146;590;154;576;154;*,;SS;0.12;undefined;OTHER;OTHER
0060091768.tif;1;0;762;1000;648;157;45;21;648;157;693;157;693;178;648;178;"ksM;";AAAS;0.17;undefined;OTHER;OTHER
0060091768.tif;1;0;762;1000;567;160;2;16;567;160;569;160;569;176;567;176;1;N;0.13;undefined;OTHER;OTHER
0060091768.tif;1;0;762;1000;589;160;26;22;589;160;615;160;615;182;589;182;^4;SN;0.5;undefined;OTHER;OTHER
0060091768.tif;1;0;762;1000;491;167;39;6;491;167;530;167;530;173;491;173;ri.v^.vcEi;AASASSAAAA;0.5;undefined;OTHER;OTHER
0060091768.tif;1;0;762;1000;173;170;58;11;173;170;231;170;231;181;173;181;September;AAAAAAAAA;0.4;undefined;OTHER;OTHER
0060091768.tif;1;0;762;1000;235;170;16;10;235;170;251;170;251;180;235;180;28.;NNS;0.74;undefined;OTHER;OTHER
0060091768.tif;1;0;762;1000;257;170;25;9;257;170;282;170;282;179;257;179;1992;NNNN;0.65;undefined;OTHER;OTHER
0060091768.tif;1;0;762;1000;577;178;47;15;577;178;624;178;624;193;577;193;K-5?;ASNS;0.4;undefined;OTHER;OTHER
0060091768.tif;1;0;762;1000;43;180;81;22;43;180;124;180;124;202;43;202;Clarion;AAAAAAA;0.77;undefined;OTHER;OTHER
0060091768.tif;1;0;762;1000;567;180;2;12;567;180;569;180;569;192;567;192;:;S;0.17;undefined;OTHER;OTHER
0060091768.tif;1;0;762;1000;688;180;2;12;688;180;690;180;690;192;688;192;i;A;0.87;undefined;OTHER;OTHER
0060091768.tif;1;0;762;1000;633;189;44;4;633;189;677;189;677;193;633;193;.......;SSSSSSS;0.68;undefined;OTHER;OTHER
0060091768.tif;1;0;762;1000;567;194;41;11;567;194;608;194;608;205;567;205;~™'V;SSSA;0.49;undefined;OTHER;OTHER
0060091768.tif;1;0;762;1000;638;204;4;1;638;204;642;204;642;205;638;205;.;S;0.58;undefined;OTHER;OTHER
0060091768.tif;1;0;762;1000;173;206;15;9;173;206;188;206;188;215;173;215;Mr.;AAS;0.51;undefined;OTHER;OTHER
0060091768.tif;1;0;762;1000;193;206;40;10;193;206;233;206;233;216;193;216;Charles;AAAAAAA;0.59;undefined;OTHER;OTHER
0060091768.tif;1;0;762;1000;238;206;32;10;238;206;270;206;270;216;238;216;Brown;AAAAA;0.48;undefined;OTHER;OTHER
0060091768.tif;1;0;762;1000;568;211;2;14;568;211;570;211;570;225;568;225;1;N;0.13;undefined;OTHER;OTHER
0060091768.tif;1;0;762;1000;632;213;36;13;632;213;668;213;668;226;632;226;ArtP;AAAA;0.19;undefined;OTHER;OTHER
0060091768.tif;1;0;762;1000;514;218;23;7;514;218;537;218;537;225;514;225;D'S:*t;ASASSA;0.26;undefined;OTHER;OTHER
0060091768.tif;1;0;762;1000;494;219;15;7;494;219;509;219;509;226;494;226;BUZ;AAA;0.12;undefined;OTHER;OTHER
0060091768.tif;1;0;762;1000;173;223;41;10;173;223;214;223;214;233;173;233;Product;AAAAAAA;0.4;undefined;OTHER;OTHER
0060091768.tif;1;0;762;1000;218;223;47;12;218;223;265;223;265;235;218;235;Manager;AAAAAAA;0.43;undefined;OTHER;OTHER
0060091768.tif;1;0;762;1000;503;228;4;2;503;228;507;228;507;230;503;230;—;S;1.0;undefined;OTHER;OTHER
0060091768.tif;1;0;762;1000;568;229;2;12;568;229;570;229;570;241;568;241;!.;SS;0.49;undefined;OTHER;OTHER
0060091768.tif;1;0;762;1000;650;229;2;10;650;229;652;229;652;239;650;239;1;N;0.27;undefined;OTHER;OTHER
0060091768.tif;1;0;762;1000;173;241;19;10;173;241;192;241;192;251;173;251;The;AAA;0.75;undefined;OTHER;OTHER
0060091768.tif;1;0;762;1000;197;241;50;10;197;241;247;241;247;251;197;251;American;AAAAAAAA;0.38;undefined;OTHER;OTHER
0060091768.tif;1;0;762;1000;252;241;44;10;252;241;296;241;296;251;252;251;Tobacco;AAAAAAA;0.63;undefined;OTHER;OTHER
0060091768.tif;1;0;762;1000;301;241;50;12;301;241;351;241;351;253;301;253;Company;AAAAAAA;0.45;undefined;OTHER;OTHER
0060091768.tif;1;0;762;1000;621;249;18;13;621;249;639;249;639;262;621;262;/3;SN;0.19;undefined;OTHER;OTHER
0060091768.tif;1;0;762;1000;569;251;2;9;569;251;571;251;571;260;569;260;t;A;0.24;undefined;OTHER;OTHER
0060091768.tif;1;0;762;1000;494;256;33;7;494;256;527;256;527;263;494;263;"VCX2';.'";AAANSSSS;0.39;undefined;OTHER;OTHER
0060091768.tif;1;0;762;1000;173;258;20;10;173;258;193;258;193;268;173;268;P.0.;ASNS;0.48;undefined;OTHER;OTHER
0060091768.tif;1;0;762;1000;530;258;7;4;530;258;537;258;537;262;530;262;-;S;0.54;undefined;OTHER;OTHER
0060091768.tif;1;0;762;1000;199;259;20;9;199;259;219;259;219;268;199;268;Box;AAA;0.34;undefined;OTHER;OTHER
0060091768.tif;1;0;762;1000;224;259;32;10;224;259;256;259;256;269;224;269;10380;NNNNN;0.36;undefined;OTHER;OTHER
0060091768.tif;1;0;762;1000;570;274;1;8;570;274;571;274;571;282;570;282;";";S;0.26;undefined;OTHER;OTHER
0060091768.tif;1;0;762;1000;495;275;38;7;495;275;533;275;533;282;495;282;VQVCllL.l;AAAAAAASA;0.25;undefined;OTHER;OTHER
0060091768.tif;1;0;762;1000;173;276;16;10;173;276;189;276;189;286;173;286;Six;AAA;0.74;undefined;OTHER;OTHER
0060091768.tif;1;0;762;1000;193;276;47;10;193;276;240;276;240;286;193;286;Stamford;AAAAAAAA;0.44;undefined;OTHER;OTHER
0060091768.tif;1;0;762;1000;245;276;32;10;245;276;277;276;277;286;245;286;Forum;AAAAA;0.21;undefined;OTHER;OTHER
0060091768.tif;1;0;762;1000;628;287;30;13;628;287;658;287;658;300;628;300;"^C""T";SASA;0.81;undefined;OTHER;OTHER
0060091768.tif;1;0;762;1000;665;291;2;2;665;291;667;291;667;293;665;293;1;N;0.24;undefined;OTHER;OTHER
0060091768.tif;1;0;762;1000;174;294;49;10;174;294;223;294;223;304;174;304;Stamford.;AAAAAAAAS;0.42;undefined;OTHER;OTHER
0060091768.tif;1;0;762;1000;228;294;15;9;228;294;243;294;243;303;228;303;CT;AA;0.65;undefined;OTHER;OTHER
0060091768.tif;1;0;762;1000;247;294;33;9;247;294;280;294;280;303;247;303;06904;NNNNN;0.46;undefined;OTHER;OTHER
0060091768.tif;1;0;762;1000;495;294;68;6;495;294;563;294;563;300;495;300;VCVC.W*-•;AAAASASSS;0.38;undefined;OTHER;OTHER
0060091768.tif;1;0;762;1000;619;306;32;16;619;306;651;306;651;322;619;322;/ft-;SAAS;0.41;undefined;OTHER;OTHER
0060091768.tif;1;0;762;1000;665;308;24;14;665;308;689;308;689;322;665;322;/«■;SSS;0.32;undefined;OTHER;OTHER
0060091768.tif;1;0;762;1000;495;313;48;7;495;313;543;313;543;320;495;320;rMcc::cL;AAAASSAA;0.26;undefined;OTHER;OTHER
0060091768.tif;1;0;762;1000;567;317;6;24;567;317;573;317;573;341;567;341;1;N;0.43;undefined;OTHER;OTHER
0060091768.tif;1;0;762;1000;496;332;44;7;496;332;540;332;540;339;496;339;APritoy'si;AAAAAAASAA;0.27;undefined;OTHER;OTHER
0060091768.tif;1;0;762;1000;571;345;94;14;571;345;665;345;665;359;571;359;!/^<>5O«3^/02.22a;SSSSSNASNSSNNSNNA;0.39;undefined;OTHER;OTHER
0060091768.tif;1;0;762;1000;325;346;93;11;325;346;418;346;418;357;325;357;#DAM-0^4783;SAAASNSNNNN;0.78;undefined;OTHER;OTHER
0060091768.tif;1;0;762;1000;175;347;44;10;175;347;219;347;219;357;175;357;Invoice;AAAAAAA;0.64;undefined;OTHER;OTHER
0060091768.tif;1;0;762;1000;224;347;60;10;224;347;284;347;284;357;224;357;#09-0252;SNNSNNNN;0.68;undefined;OTHER;OTHER
0060091768.tif;1;0;762;1000;298;347;22;10;298;347;320;347;320;357;298;357;Job;AAA;0.49;undefined;OTHER;OTHER
0060091768.tif;1;0;762;1000;668;349;25;10;668;349;693;349;693;359;668;359;"SCS"",";AAASS;0.46;undefined;OTHER;OTHER
0060091768.tif;1;0;762;1000;530;352;4;5;530;352;534;352;534;357;530;357;r;A;0.24;undefined;OTHER;OTHER
0060091768.tif;1;0;762;1000;496;353;32;5;496;353;528;353;528;358;496;358;accom;AAAAA;0.14;undefined;OTHER;OTHER
0060091768.tif;1;0;762;1000;537;353;6;5;537;353;543;353;543;358;537;358;#4;SN;0.5;undefined;OTHER;OTHER
0060091768.tif;1;0;762;1000;557;366;8;10;557;366;565;366;565;376;557;376;*;S;0.25;undefined;OTHER;OTHER
0060091768.tif;1;0;762;1000;625;367;24;10;625;367;649;367;649;377;625;377;OS';AAS;0.5;undefined;OTHER;OTHER
0060091768.tif;1;0;762;1000;175;384;26;11;175;384;201;384;201;395;175;395;Misty;AAAAA;0.58;undefined;OTHER;OTHER
0060091768.tif;1;0;762;1000;205;384;23;9;205;384;228;384;228;393;205;393;Trail;AAAAA;0.61;undefined;OTHER;OTHER
0060091768.tif;1;0;762;1000;232;384;37;11;232;384;269;384;269;395;232;395;Mailing;AAAAAAA;0.56;undefined;OTHER;OTHER
0060091768.tif;1;0;762;1000;273;384;13;9;273;384;286;384;286;393;273;393;#4;SN;0.49;undefined;OTHER;OTHER
0060091768.tif;1;0;762;1000;678;385;6;10;678;385;684;385;684;395;678;395;/;S;0.4;undefined;OTHER;OTHER
0060091768.tif;1;0;762;1000;536;386;139;12;536;386;675;386;675;398;536;398;/4eC07sr/S42.A//?f&S'7;SNAANNAASANNSASSSASASN;0.24;undefined;OTHER;OTHER
0060091768.tif;1;0;762;1000;644;401;33;17;644;401;677;401;677;418;644;418;$33!;SNNS;0.64;undefined;OTHER;OTHER
0060091768.tif;1;0;762;1000;679;401;23;16;679;401;702;401;702;417;679;417;./7;SSN;0.48;undefined;OTHER;OTHER
0060091768.tif;1;0;762;1000;174;419;21;9;174;419;195;419;195;428;174;428;This;AAAA;0.33;undefined;OTHER;OTHER
0060091768.tif;1;0;762;1000;200;419;36;9;200;419;236;419;236;428;200;428;invdce;AAAAAA;0.61;undefined;OTHER;OTHER
0060091768.tif;1;0;762;1000;280;419;11;9;280;419;291;419;291;428;280;428;all;AAA;0.72;undefined;OTHER;OTHER
0060091768.tif;1;0;762;1000;296;419;80;10;296;419;376;419;376;429;296;429;art/fnechanical,;AAASAAAAAAAAAAAS;0.47;undefined;OTHER;OTHER
0060091768.tif;1;0;762;1000;382;419;45;11;382;419;427;419;427;430;382;430;pre-print;AAASAAAAA;0.6;undefined;OTHER;OTHER
0060091768.tif;1;0;762;1000;431;419;56;11;431;419;487;419;487;430;431;430;production;AAAAAAAAAA;0.45;undefined;OTHER;OTHER
0060091768.tif;1;0;762;1000;492;419;20;9;492;419;512;419;512;428;492;428;and;AAA;0.31;undefined;OTHER;OTHER
0060091768.tif;1;0;762;1000;517;419;13;9;517;419;530;419;530;428;517;428;list;AAAA;0.45;undefined;OTHER;OTHER
0060091768.tif;1;0;762;1000;535;419;18;11;535;419;553;419;553;430;535;430;pull;AAAA;0.55;undefined;OTHER;OTHER
0060091768.tif;1;0;762;1000;590;419;13;9;590;419;603;419;603;428;590;428;for;AAA;0.28;undefined;OTHER;OTHER
0060091768.tif;1;0;762;1000;607;419;19;10;607;419;626;419;626;429;607;429;this;AAAA;0.41;undefined;OTHER;OTHER
0060091768.tif;1;0;762;1000;241;421;34;7;241;421;275;421;275;428;241;428;covers;AAAAAA;0.61;undefined;OTHER;OTHER
0060091768.tif;1;0;762;1000;558;421;27;8;558;421;585;421;585;429;558;429;costs;AAAAA;0.41;undefined;OTHER;OTHER
0060091768.tif;1;0;762;1000;175;436;39;12;175;436;214;436;214;448;175;448;mailing.;AAAAAAAS;0.34;undefined;OTHER;OTHER
0060091768.tif;1;0;762;1000;250;436;45;10;250;436;295;436;295;446;250;446;Included;AAAAAAAA;0.35;undefined;OTHER;OTHER
0060091768.tif;1;0;762;1000;332;436;78;11;332;436;410;436;410;447;332;447;art/mecnanical;AAASAAAAAAAAAA;0.32;undefined;OTHER;OTHER
0060091768.tif;1;0;762;1000;448;436;13;10;448;436;461;436;461;446;448;446;for;AAA;0.36;undefined;OTHER;OTHER
0060091768.tif;1;0;762;1000;485;436;51;10;485;436;536;436;536;446;485;446;fulfillment;AAAAAAAAAAA;0.39;undefined;OTHER;OTHER
0060091768.tif;1;0;762;1000;567;436;21;11;567;436;588;436;588;447;567;447;(not;SAAA;0.29;undefined;OTHER;OTHER
0060091768.tif;1;0;762;1000;223;437;23;9;223;437;246;437;246;446;223;446;Also;AAAA;0.48;undefined;OTHER;OTHER
0060091768.tif;1;0;762;1000;300;437;8;9;300;437;308;437;308;446;300;446;is;AA;0.74;undefined;OTHER;OTHER
0060091768.tif;1;0;762;1000;312;437;16;9;312;437;328;437;328;446;312;446;the;AAA;0.2;undefined;OTHER;OTHER
0060091768.tif;1;0;762;1000;415;437;28;9;415;437;443;437;443;446;415;446;costs;AAAAA;0.62;undefined;OTHER;OTHER
0060091768.tif;1;0;762;1000;465;437;16;9;465;437;481;437;481;446;465;446;the;AAA;0.29;undefined;OTHER;OTHER
0060091768.tif;1;0;762;1000;539;437;23;9;539;437;562;437;562;446;539;446;card;AAAA;0.46;undefined;OTHER;OTHER
0060091768.tif;1;0;762;1000;175;454;50;9;175;454;225;454;225;463;175;463;estimated;AAAAAAAAA;0.31;undefined;OTHER;OTHER
0060091768.tif;1;0;762;1000;230;454;8;9;230;454;238;454;238;463;230;463;in;AA;0.82;undefined;OTHER;OTHER
0060091768.tif;1;0;762;1000;243;454;38;12;243;454;281;454;281;466;243;466;original;AAAAAAAA;0.38;undefined;OTHER;OTHER
0060091768.tif;1;0;762;1000;286;454;43;11;286;454;329;454;329;465;286;465;budget).;AAAAAASS;0.43;undefined;OTHER;OTHER
0060091768.tif;1;0;762;1000;174;471;19;10;174;471;193;471;193;481;174;481;The;AAA;0.21;undefined;OTHER;OTHER
0060091768.tif;1;0;762;1000;247;471;13;10;247;471;260;471;260;481;247;481;for;AAA;0.23;undefined;OTHER;OTHER
0060091768.tif;1;0;762;1000;352;471;62;11;352;471;414;471;414;482;352;482;S43.0CC.00.;ANNSNAASNNS;0.38;undefined;OTHER;OTHER
0060091768.tif;1;0;762;1000;198;472;44;9;198;472;242;472;242;481;198;481;estimale;AAAAAAAA;0.51;undefined;OTHER;OTHER
0060091768.tif;1;0;762;1000;264;472;18;9;264;472;282;472;282;481;264;481;this;AAAA;0.4;undefined;OTHER;OTHER
0060091768.tif;1;0;762;1000;286;472;37;11;286;472;323;472;323;483;286;483;mailing;AAAAAAA;0.24;undefined;OTHER;OTHER
0060091768.tif;1;0;762;1000;327;473;21;8;327;473;348;473;348;481;327;481;was;AAA;0.39;undefined;OTHER;OTHER
0060091768.tif;1;0;762;1000;175;506;27;10;175;506;202;506;202;516;175;516;Art/M;AAASA;0.28;undefined;OTHER;OTHER
0060091768.tif;1;0;762;1000;578;506;61;10;578;506;639;506;639;516;578;516;$34,521.96;SNNSNNNSNN;0.58;undefined;OTHER;OTHER
0060091768.tif;1;0;762;1000;203;507;50;9;203;507;253;507;253;516;203;516;echanicai;AAAAAAAAA;0.46;undefined;OTHER;OTHER
0060091768.tif;1;0;762;1000;174;524;25;11;174;524;199;524;199;535;174;535;Type;AAAA;0.71;undefined;OTHER;OTHER
0060091768.tif;1;0;762;1000;602;524;37;9;602;524;639;524;639;533;602;533;666.23;NNNSNN;0.31;undefined;OTHER;OTHER
0060091768.tif;1;0;762;1000;175;541;17;10;175;541;192;541;192;551;175;551;List;AAAA;0.45;undefined;OTHER;OTHER
0060091768.tif;1;0;762;1000;197;541;23;9;197;541;220;541;220;550;197;550;Pull';AAAAS;0.52;undefined;OTHER;OTHER
0060091768.tif;1;0;762;1000;592;541;45;11;592;541;637;541;637;552;592;552;9.383.41;NSNNNSNN;0.48;undefined;OTHER;OTHER
0060091768.tif;1;0;762;1000;175;558;25;10;175;558;200;558;200;568;175;568;Stats;AAAAA;0.47;undefined;OTHER;OTHER
0060091768.tif;1;0;762;1000;593;558;46;11;593;558;639;558;639;569;593;569;1.541.29;NSNNNSNN;0.36;undefined;OTHER;OTHER
0060091768.tif;1;0;762;1000;175;576;37;11;175;576;212;576;212;587;175;587;Copies;AAAAAA;0.54;undefined;OTHER;OTHER
0060091768.tif;1;0;762;1000;602;576;37;9;602;576;639;576;639;585;602;585;462.50;NNNSNN;0.4;undefined;OTHER;OTHER
0060091768.tif;1;0;762;1000;175;593;31;10;175;593;206;593;206;603;175;603;Faxes;AAAAA;0.5;undefined;OTHER;OTHER
0060091768.tif;1;0;762;1000;616;593;23;10;616;593;639;593;639;603;616;603;8.03;NSNN;0.36;undefined;OTHER;OTHER
0060091768.tif;1;0;762;1000;603;610;36;10;603;610;639;610;639;620;603;620;234.12;NNNSNN;0.67;undefined;OTHER;OTHER
0060091768.tif;1;0;762;1000;175;611;64;12;175;611;239;611;239;623;175;623;Messenger';AAAAAAAAAS;0.73;undefined;OTHER;OTHER
0060091768.tif;1;0;762;1000;175;628;41;12;175;628;216;628;216;640;175;640;Freight';AAAAAAAS;0.55;undefined;OTHER;OTHER
0060091768.tif;1;0;762;1000;610;628;29;9;610;628;639;628;639;637;610;637;97.03;NNSNN;0.53;undefined;OTHER;OTHER
0060091768.tif;1;0;762;1000;300;645;41;12;300;645;341;645;341;657;300;657;checks);AAAAAAS;0.52;undefined;OTHER;OTHER
0060091768.tif;1;0;762;1000;603;645;36;10;603;645;639;645;639;655;603;655;292.75;NNNSNN;0.44;undefined;OTHER;OTHER
0060091768.tif;1;0;762;1000;175;646;36;9;175;646;211;646;211;655;175;655;Travel';AAAAAAS;0.54;undefined;OTHER;OTHER
0060091768.tif;1;0;762;1000;214;646;49;11;214;646;263;646;263;657;214;657;(includes;SAAAAAAAA;0.41;undefined;OTHER;OTHER
0060091768.tif;1;0;762;1000;267;648;29;9;267;648;296;648;296;657;267;657;press;AAAAA;0.49;undefined;OTHER;OTHER
0060091768.tif;1;0;762;1000;579;680;60;11;579;680;639;680;639;691;579;691;S47.207.2S;ANNSNNNSNA;0.48;undefined;OTHER;OTHER
0060091768.tif;1;0;762;1000;285;696;93;14;285;696;378;696;378;710;285;710;$37,199.97)_^i^;SNNSNNNSNNS_SAS;0.67;undefined;OTHER;OTHER
0060091768.tif;1;0;762;1000;175;698;31;10;175;698;206;698;206;708;175;708;Conn.;AAAAS;0.61;undefined;OTHER;OTHER
0060091768.tif;1;0;762;1000;261;698;19;12;261;698;280;698;280;710;261;710;(On;SAA;0.3;undefined;OTHER;OTHER
0060091768.tif;1;0;762;1000;442;698;31;14;442;698;473;698;473;712;442;712;/2zgv;SNAAA;0.17;undefined;OTHER;OTHER
0060091768.tif;1;0;762;1000;593;698;46;10;593;698;639;698;639;708;593;708;2.232.03;NSNNNSNN;0.63;undefined;OTHER;OTHER
0060091768.tif;1;0;762;1000;211;699;17;9;211;699;228;699;228;708;211;708;Tax;AAA;0.55;undefined;OTHER;OTHER
0060091768.tif;1;0;762;1000;240;699;16;9;240;699;256;699;256;708;240;708;6%;NS;0.47;undefined;OTHER;OTHER
0060091768.tif;1;0;762;1000;232;703;4;3;232;703;236;703;236;706;232;706;*;S;0.62;undefined;OTHER;OTHER
0060091768.tif;1;0;762;1000;415;703;22;10;415;703;437;703;437;713;415;713;pjA.;AAAS;0.52;undefined;OTHER;OTHER
0060091768.tif;1;0;762;1000;580;733;60;10;580;733;640;733;640;743;580;743;S49.439.2S;ANNSNNNSNA;0.44;undefined;OTHER;OTHER
0060091768.tif;1;0;762;1000;175;734;25;9;175;734;200;734;200;743;175;743;Total;AAAAA;0.5;undefined;OTHER;OTHER
0060091768.tif;1;0;762;1000;205;734;21;9;205;734;226;734;226;743;205;743;Due;AAA;0.62;undefined;OTHER;OTHER
0060091768.tif;1;0;762;1000;230;734;7;8;230;734;237;734;237;742;230;742;&;S;1.0;undefined;OTHER;OTHER
0060091768.tif;1;0;762;1000;242;734;42;11;242;734;284;734;284;745;242;745;Payable;AAAAAAA;0.55;undefined;OTHER;OTHER
0060091768.tif;1;0;762;1000;289;734;26;11;289;734;315;734;315;745;289;745;Upon;AAAA;0.69;undefined;OTHER;OTHER
0060091768.tif;1;0;762;1000;320;734;40;11;320;734;360;734;360;745;320;745;Receipt;AAAAAAA;0.56;undefined;OTHER;OTHER
0060091768.tif;1;0;762;1000;175;768;69;9;175;768;244;768;244;777;175;777;Authorization;AAAAAAAAAAAAA;0.41;undefined;OTHER;OTHER
0060091768.tif;1;0;762;1000;248;768;33;9;248;768;281;768;281;777;248;777;#R-57;SASNN;0.68;undefined;OTHER;OTHER
0060091768.tif;1;0;762;1000;175;785;71;9;175;785;246;785;246;794;175;794;•Non-Taxable;SAAASAAAAAAA;0.54;undefined;OTHER;OTHER
0060091768.tif;1;0;762;1000;572;856;11;9;572;856;583;856;583;865;572;865;Ml;AA;0.48;undefined;OTHER;OTHER
0060091768.tif;1;0;762;1000;587;856;31;9;587;856;618;856;618;865;587;865;48278;NNNNN;0.5;undefined;OTHER;OTHER
0060091768.tif;1;0;762;1000;454;857;18;9;454;857;472;857;472;866;454;866;P.O.;ASAS;0.62;undefined;OTHER;OTHER
0060091768.tif;1;0;762;1000;535;857;32;10;535;857;567;857;567;867;535;867;Detroit.;AAAAAAAS;0.22;undefined;OTHER;OTHER
0060091768.tif;1;0;762;1000;295;858;45;11;295;858;340;858;340;869;295;869;Marketing;AAAAAAAAA;0.31;undefined;OTHER;OTHER
0060091768.tif;1;0;762;1000;367;858;82;10;367;858;449;858;449;868;367;868;Communications,;AAAAAAAAAAAAAAS;0.26;undefined;OTHER;OTHER
0060091768.tif;1;0;762;1000;477;858;18;9;477;858;495;858;495;867;477;867;Box;AAA;0.26;undefined;OTHER;OTHER
0060091768.tif;1;0;762;1000;500;858;30;9;500;858;530;858;530;867;500;867;77234.;NNNNNS;0.25;undefined;OTHER;OTHER
0060091768.tif;1;0;762;1000;176;859;31;8;176;859;207;859;207;867;176;867;Pfflase;AAAAAAA;0.29;undefined;OTHER;OTHER
0060091768.tif;1;0;762;1000;211;859;24;8;211;859;235;859;235;867;211;867;remit;AAAAA;0.24;undefined;OTHER;OTHER
0060091768.tif;1;0;762;1000;257;859;34;8;257;859;291;859;291;867;257;867;Clarion;AAAAAAA;0.29;undefined;OTHER;OTHER
0060091768.tif;1;0;762;1000;344;859;18;8;344;859;362;859;362;867;344;867;and;AAA;0.25;undefined;OTHER;OTHER
0060091768.tif;1;0;762;1000;239;860;11;7;239;860;250;860;250;867;239;867;to:;AAS;0.42;undefined;OTHER;OTHER
