src;num_pages;page_id;page_width;page_height;col;row;width;height;x1;y1;x2;y2;x3;y3;x4;y4;contents;contents_masked;confidence;correctclass;tag;description
0060068160.tif;1;0;762;1000;545;9;19;8;545;9;564;9;564;17;545;17;,cV*;SAAS;0.34;undefined;OTHER;OTHER
0060068160.tif;1;0;762;1000;535;10;3;7;535;10;538;10;538;17;535;17;\;S;0.23;undefined;OTHER;OTHER
0060068160.tif;1;0;762;1000;566;13;11;5;566;13;577;13;577;18;566;18;?:*r;SSSA;0.2;undefined;OTHER;OTHER
0060068160.tif;1;0;762;1000;578;13;13;5;578;13;591;13;591;18;578;18;>w*;SAS;0.18;undefined;OTHER;OTHER
0060068160.tif;1;0;762;1000;600;13;4;5;600;13;604;13;604;18;600;18;•;S;0.21;undefined;OTHER;OTHER
0060068160.tif;1;0;762;1000;525;14;7;3;525;14;532;14;532;17;525;17;^;S;1.0;undefined;OTHER;OTHER
0060068160.tif;1;0;762;1000;534;14;9;6;534;14;543;14;543;20;534;20;-H;SA;0.62;undefined;OTHER;OTHER
0060068160.tif;1;0;762;1000;539;14;5;2;539;14;544;14;544;16;539;16;*.;SS;0.42;undefined;OTHER;OTHER
0060068160.tif;1;0;762;1000;140;15;14;12;140;15;154;15;154;27;140;27;.r;SA;0.28;undefined;OTHER;OTHER
0060068160.tif;1;0;762;1000;89;16;39;13;89;16;128;16;128;29;89;29;THE-;AAAS;0.66;undefined;OTHER;OTHER
0060068160.tif;1;0;762;1000;546;17;2;2;546;17;548;17;548;19;546;19;•;S;0.29;undefined;OTHER;OTHER
0060068160.tif;1;0;762;1000;218;18;11;6;218;18;229;18;229;24;218;24;MX;AA;0.35;undefined;OTHER;OTHER
0060068160.tif;1;0;762;1000;231;18;43;6;231;18;274;18;274;24;231;24;STAMBJRD;AAAAAAAA;0.2;undefined;OTHER;OTHER
0060068160.tif;1;0;762;1000;276;18;28;6;276;18;304;18;304;24;276;24;KXIUM;AAAAA;0.45;undefined;OTHER;OTHER
0060068160.tif;1;0;762;1000;555;18;2;2;555;18;557;18;557;20;555;20;.;S;0.27;undefined;OTHER;OTHER
0060068160.tif;1;0;762;1000;176;21;4;3;176;21;180;21;180;24;176;24;-;S;0.55;undefined;OTHER;OTHER
0060068160.tif;1;0;762;1000;218;27;13;7;218;27;231;27;231;34;218;34;PX>;AAS;0.15;undefined;OTHER;OTHER
0060068160.tif;1;0;762;1000;234;27;15;7;234;27;249;27;249;34;234;34;BOX;AAA;0.36;undefined;OTHER;OTHER
0060068160.tif;1;0;762;1000;253;27;19;7;253;27;272;27;272;34;253;34;10WO;NNAA;0.26;undefined;OTHER;OTHER
0060068160.tif;1;0;762;1000;90;31;88;14;90;31;178;31;178;45;90;45;AMERICAN;AAAAAAAA;0.32;undefined;OTHER;OTHER
0060068160.tif;1;0;762;1000;218;37;42;7;218;37;260;37;260;44;218;44;STAMTOXD;AAAAAAAA;0.2;undefined;OTHER;OTHER
0060068160.tif;1;0;762;1000;262;37;56;6;262;37;318;37;318;43;262;43;CONNCCHCUr;AAAAAAAAAA;0.3;undefined;OTHER;OTHER
0060068160.tif;1;0;762;1000;90;46;80;12;90;46;170;46;170;58;90;58;TOBACCO;AAAAAAA;0.55;undefined;OTHER;OTHER
0060068160.tif;1;0;762;1000;563;50;32;9;563;50;595;50;595;59;563;59;COPY;AAAA;0.48;undefined;OTHER;OTHER
0060068160.tif;1;0;762;1000;602;51;13;8;602;51;615;51;615;59;602;59;V.;AS;0.47;undefined;OTHER;OTHER
0060068160.tif;1;0;762;1000;627;51;41;9;627;51;668;51;668;60;627;60;Puleo;AAAAA;0.19;undefined;OTHER;OTHER
0060068160.tif;1;0;762;1000;90;60;83;13;90;60;173;60;173;73;90;73;COMPANY;AAAAAAA;0.63;undefined;OTHER;OTHER
0060068160.tif;1;0;762;1000;633;72;2;2;633;72;635;72;635;74;633;74;*;S;0.34;undefined;OTHER;OTHER
0060068160.tif;1;0;762;1000;588;73;4;2;588;73;592;73;592;75;588;75;*;S;1.0;undefined;OTHER;OTHER
0060068160.tif;1;0;762;1000;645;75;5;1;645;75;650;75;650;76;645;76;>s;SA;0.4;undefined;OTHER;OTHER
0060068160.tif;1;0;762;1000;653;75;2;1;653;75;655;75;655;76;653;76;.;S;0.55;undefined;OTHER;OTHER
0060068160.tif;1;0;762;1000;601;78;74;12;601;78;675;78;675;90;601;90;Inventory;AAAAAAAAA;0.49;undefined;OTHER;OTHER
0060068160.tif;1;0;762;1000;684;78;29;10;684;78;713;78;713;88;684;88;bool;AAAA;0.65;undefined;OTHER;OTHER
0060068160.tif;1;0;762;1000;39;84;5;14;39;84;44;84;44;98;39;98;»!;SS;0.43;undefined;OTHER;OTHER
0060068160.tif;1;0;762;1000;52;90;9;6;52;90;61;90;61;96;52;96;n.;AS;0.4;undefined;OTHER;OTHER
0060068160.tif;1;0;762;1000;71;90;12;7;71;90;83;90;83;97;71;97;NG;AA;0.23;undefined;OTHER;OTHER
0060068160.tif;1;0;762;1000;88;91;60;6;88;91;148;91;148;97;88;97;INSTRUCHOMS;AAAAAAAAAAA;0.46;undefined;OTHER;OTHER
0060068160.tif;1;0;762;1000;165;91;18;7;165;91;183;91;183;98;165;98;KWL;AAA;0.39;undefined;OTHER;OTHER
0060068160.tif;1;0;762;1000;153;94;7;1;153;94;160;94;160;95;153;95;-;S;0.74;undefined;OTHER;OTHER
0060068160.tif;1;0;762;1000;51;100;32;8;51;100;83;100;83;108;51;108;UNUrST;AAAAAA;0.46;undefined;OTHER;OTHER
0060068160.tif;1;0;762;1000;89;101;49;6;89;101;138;101;138;107;89;107;iWSIHUCIO);AAAAAAAAAS;0.43;undefined;OTHER;OTHER
0060068160.tif;1;0;762;1000;144;101;40;6;144;101;184;101;184;107;144;107;QIIIIW)’;AAAAAASS;0.28;undefined;OTHER;OTHER
0060068160.tif;1;0;762;1000;52;111;12;11;52;111;64;111;64;122;52;122;R];AS;0.4;undefined;OTHER;OTHER
0060068160.tif;1;0;762;1000;69;111;18;8;69;111;87;111;87;119;69;119;WJL;AAA;0.38;undefined;OTHER;OTHER
0060068160.tif;1;0;762;1000;173;111;63;8;173;111;236;111;236;119;173;119;ADMINISTRATIVE;AAAAAAAAAAAAAA;0.25;undefined;OTHER;OTHER
0060068160.tif;1;0;762;1000;92;112;37;7;92;112;129;112;129;119;92;119;INVOCES;AAAAAAA;0.28;undefined;OTHER;OTHER
0060068160.tif;1;0;762;1000;135;112;10;7;135;112;145;112;145;119;135;119;TO;AA;0.25;undefined;OTHER;OTHER
0060068160.tif;1;0;762;1000;150;112;17;7;150;112;167;112;167;119;150;119;OUP;AAA;0.27;undefined;OTHER;OTHER
0060068160.tif;1;0;762;1000;242;112;33;8;242;112;275;112;275;120;242;120;CENIEU;AAAAAA;0.46;undefined;OTHER;OTHER
0060068160.tif;1;0;762;1000;570;115;17;17;570;115;587;115;587;132;570;132;M;A;0.42;undefined;OTHER;OTHER
0060068160.tif;1;0;762;1000;596;115;59;16;596;115;655;115;655;131;596;131;10418;NNNNN;0.58;undefined;OTHER;OTHER
0060068160.tif;1;0;762;1000;69;120;38;9;69;120;107;120;107;129;69;129;GENERAL;AAAAAAA;0.24;undefined;OTHER;OTHER
0060068160.tif;1;0;762;1000;442;121;56;9;442;121;498;121;498;130;442;130;PURCHASE;AAAAAAAA;0.61;undefined;OTHER;OTHER
0060068160.tif;1;0;762;1000;109;122;53;6;109;122;162;122;162;128;109;128;ACCOUNTING;AAAAAAAAAA;0.34;undefined;OTHER;OTHER
0060068160.tif;1;0;762;1000;165;122;31;7;165;122;196;122;196;129;165;129;OFFICE:;AAAAAAS;0.19;undefined;OTHER;OTHER
0060068160.tif;1;0;762;1000;504;122;36;8;504;122;540;122;540;130;504;130;ORDER;AAAAA;0.57;undefined;OTHER;OTHER
0060068160.tif;1;0;762;1000;547;122;17;9;547;122;564;122;564;131;547;131;NO.;AAS;0.58;undefined;OTHER;OTHER
0060068160.tif;1;0;762;1000;69;130;13;8;69;130;82;130;82;138;69;138;P.O;ASA;0.43;undefined;OTHER;OTHER
0060068160.tif;1;0;762;1000;85;130;16;8;85;130;101;130;101;138;85;138;l!OX;ASAA;0.46;undefined;OTHER;OTHER
0060068160.tif;1;0;762;1000;106;131;18;6;106;131;124;131;124;137;106;137;1100;NNNN;0.32;undefined;OTHER;OTHER
0060068160.tif;1;0;762;1000;498;135;67;11;498;135;565;135;565;146;498;146;December;AAAAAAAA;0.17;undefined;OTHER;OTHER
0060068160.tif;1;0;762;1000;575;136;23;12;575;136;598;136;598;148;575;148;16,;NNS;0.57;undefined;OTHER;OTHER
0060068160.tif;1;0;762;1000;608;136;31;11;608;136;639;136;639;147;608;147;1987;NNNN;0.24;undefined;OTHER;OTHER
0060068160.tif;1;0;762;1000;69;138;39;8;69;138;108;138;108;146;69;146;ClfcSfER;AAAAAAAA;0.36;undefined;OTHER;OTHER
0060068160.tif;1;0;762;1000;111;139;33;7;111;139;144;139;144;146;111;146;VIRGINIA;AAAAAAAA;0.37;undefined;OTHER;OTHER
0060068160.tif;1;0;762;1000;147;139;47;6;147;139;194;139;194;145;147;145;23931-0100;NNNNNSNNNN;0.47;undefined;OTHER;OTHER
0060068160.tif;1;0;762;1000;443;142;21;9;443;142;464;142;464;151;443;151;DATE;AAAA;0.32;undefined;OTHER;OTHER
0060068160.tif;1;0;762;1000;549;149;6;11;549;149;555;149;555;160;549;160;|;S;0.17;undefined;OTHER;OTHER
0060068160.tif;1;0;762;1000;498;150;40;10;498;150;538;150;538;160;498;160;Aufch.;AAAAAS;0.31;undefined;OTHER;OTHER
0060068160.tif;1;0;762;1000;565;150;41;11;565;150;606;150;606;161;565;161;11-151;NNSNNN;0.42;undefined;OTHER;OTHER
0060068160.tif;1;0;762;1000;52;153;12;10;52;153;64;153;64;163;52;163;O;A;0.24;undefined;OTHER;OTHER
0060068160.tif;1;0;762;1000;69;155;11;8;69;155;80;155;80;163;69;163;A8;AN;0.47;undefined;OTHER;OTHER
0060068160.tif;1;0;762;1000;443;156;20;9;443;156;463;156;463;165;443;165;REQ;AAA;0.13;undefined;OTHER;OTHER
0060068160.tif;1;0;762;1000;84;157;30;6;84;157;114;157;114;163;84;163;SHOWN;AAAAA;0.23;undefined;OTHER;OTHER
0060068160.tif;1;0;762;1000;120;157;28;6;120;157;148;157;148;163;120;163;BELOV*;AAAAAS;0.17;undefined;OTHER;OTHER
0060068160.tif;1;0;762;1000;468;157;15;8;468;157;483;157;483;165;468;165;NO.;AAS;0.43;undefined;OTHER;OTHER
0060068160.tif;1;0;762;1000;76;177;13;10;76;177;89;177;89;187;76;187;k*;AS;0.24;undefined;OTHER;OTHER
0060068160.tif;1;0;762;1000;57;180;6;8;57;180;63;180;63;188;57;188;s;A;1.0;undefined;OTHER;OTHER
0060068160.tif;1;0;762;1000;120;186;127;12;120;186;247;186;247;198;120;198;Kubin-Ulcholson;AAAAASAAAAAAAAA;0.42;undefined;OTHER;OTHER
0060068160.tif;1;0;762;1000;414;186;6;8;414;186;420;186;420;194;414;194;S;A;0.8;undefined;OTHER;OTHER
0060068160.tif;1;0;762;1000;56;191;7;9;56;191;63;191;63;200;56;200;u;A;0.69;undefined;OTHER;OTHER
0060068160.tif;1;0;762;1000;489;191;67;13;489;191;556;191;556;204;489;204;Shipping;AAAAAAAA;0.23;undefined;OTHER;OTHER
0060068160.tif;1;0;762;1000;456;192;25;9;456;192;481;192;481;201;456;201;Par;AAA;0.46;undefined;OTHER;OTHER
0060068160.tif;1;0;762;1000;566;192;106;13;566;192;672;192;672;205;566;205;inotructions.;AAAAAAAAAAAAS;0.21;undefined;OTHER;OTHER
0060068160.tif;1;0;762;1000;413;198;2;3;413;198;415;198;415;201;413;201;■;S;0.71;undefined;OTHER;OTHER
0060068160.tif;1;0;762;1000;417;198;2;3;417;198;419;198;419;201;417;201;i;A;0.16;undefined;OTHER;OTHER
0060068160.tif;1;0;762;1000;120;201;40;10;120;201;160;201;160;211;120;211;Attn*;AAAAS;0.55;undefined;OTHER;OTHER
0060068160.tif;1;0;762;1000;413;201;6;5;413;201;419;201;419;206;413;206;n;A;0.34;undefined;OTHER;OTHER
0060068160.tif;1;0;762;1000;170;202;24;9;170;202;194;202;194;211;170;211;Mr.;AAS;0.39;undefined;OTHER;OTHER
0060068160.tif;1;0;762;1000;204;202;15;10;204;202;219;202;219;212;204;212;A.;AS;0.4;undefined;OTHER;OTHER
0060068160.tif;1;0;762;1000;254;202;50;10;254;202;304;202;304;212;254;212;Cillon;AAAAAA;0.22;undefined;OTHER;OTHER
0060068160.tif;1;0;762;1000;56;203;6;7;56;203;62;203;62;210;56;210;p;A;0.28;undefined;OTHER;OTHER
0060068160.tif;1;0;762;1000;229;203;15;9;229;203;244;203;244;212;229;212;L.;AS;0.41;undefined;OTHER;OTHER
0060068160.tif;1;0;762;1000;456;206;65;9;456;206;521;206;521;215;456;215;Attached;AAAAAAAA;0.19;undefined;OTHER;OTHER
0060068160.tif;1;0;762;1000;415;211;3;7;415;211;418;211;418;218;415;218;|;S;0.42;undefined;OTHER;OTHER
0060068160.tif;1;0;762;1000;56;214;6;8;56;214;62;214;62;222;56;222;p;A;0.4;undefined;OTHER;OTHER
0060068160.tif;1;0;762;1000;188;214;32;12;188;214;220;214;220;226;188;226;42nd;NNAA;0.32;undefined;OTHER;OTHER
0060068160.tif;1;0;762;1000;415;214;2;5;415;214;417;214;417;219;415;219;■;S;0.55;undefined;OTHER;OTHER
0060068160.tif;1;0;762;1000;120;215;16;10;120;215;136;215;136;225;120;225;60;NN;0.15;undefined;OTHER;OTHER
0060068160.tif;1;0;762;1000;145;215;33;10;145;215;178;215;178;225;145;225;East;AAAA;0.36;undefined;OTHER;OTHER
0060068160.tif;1;0;762;1000;230;216;49;10;230;216;279;216;279;226;230;226;Street;AAAAAA;0.35;undefined;OTHER;OTHER
0060068160.tif;1;0;762;1000;413;223;6;7;413;223;419;223;419;230;413;230;P;A;0.28;undefined;OTHER;OTHER
0060068160.tif;1;0;762;1000;57;225;5;8;57;225;62;225;62;233;57;233;L;A;0.45;undefined;OTHER;OTHER
0060068160.tif;1;0;762;1000;153;228;41;12;153;228;194;228;194;240;153;240;York,;AAAAS;0.31;undefined;OTHER;OTHER
0060068160.tif;1;0;762;1000;413;229;2;2;413;229;415;229;415;231;413;231;•;S;0.22;undefined;OTHER;OTHER
0060068160.tif;1;0;762;1000;120;230;24;8;120;230;144;230;144;238;120;238;Hew;AAA;0.22;undefined;OTHER;OTHER
0060068160.tif;1;0;762;1000;204;230;16;10;204;230;220;230;220;240;204;240;MI;AA;0.26;undefined;OTHER;OTHER
0060068160.tif;1;0;762;1000;238;230;40;10;238;230;278;230;278;240;238;240;10017;NNNNN;0.3;undefined;OTHER;OTHER
0060068160.tif;1;0;762;1000;58;236;2;8;58;236;60;236;60;244;58;244;I;A;0.33;undefined;OTHER;OTHER
0060068160.tif;1;0;762;1000;413;245;7;9;413;245;420;245;420;254;413;254;T;A;0.7;undefined;OTHER;OTHER
0060068160.tif;1;0;762;1000;56;247;7;8;56;247;63;247;63;255;56;255;E;A;0.62;undefined;OTHER;OTHER
0060068160.tif;1;0;762;1000;412;258;8;8;412;258;420;258;420;266;412;266;O;A;0.38;undefined;OTHER;OTHER
0060068160.tif;1;0;762;1000;57;259;6;7;57;259;63;259;63;266;57;266;R;A;0.17;undefined;OTHER;OTHER
0060068160.tif;1;0;762;1000;60;327;24;10;60;327;84;327;84;337;60;337;See;AAA;0.41;undefined;OTHER;OTHER
0060068160.tif;1;0;762;1000;93;327;42;10;93;327;135;327;135;337;93;337;nclou;AAAAA;0.26;undefined;OTHER;OTHER
0060068160.tif;1;0;762;1000;421;331;32;11;421;331;453;331;453;342;421;342;Boat;AAAA;0.28;undefined;OTHER;OTHER
0060068160.tif;1;0;762;1000;462;332;25;12;462;332;487;332;487;344;462;344;Way;AAA;0.27;undefined;OTHER;OTHER
0060068160.tif;1;0;762;1000;513;333;49;9;513;333;562;333;562;342;513;342;Revest;AAAAAA;0.39;undefined;OTHER;OTHER
0060068160.tif;1;0;762;1000;571;334;33;9;571;334;604;334;604;343;571;343;coot;AAAA;0.47;undefined;OTHER;OTHER
0060068160.tif;1;0;762;1000;614;334;48;10;614;334;662;334;662;344;614;344;Method;AAAAAA;0.25;undefined;OTHER;OTHER
0060068160.tif;1;0;762;1000;495;336;8;4;495;336;503;336;503;340;495;340;-;S;0.55;undefined;OTHER;OTHER
0060068160.tif;1;0;762;1000;19;344;17;6;19;344;36;344;36;350;19;350;FOB;AAA;0.25;undefined;OTHER;OTHER
0060068160.tif;1;0;762;1000;393;347;24;6;393;347;417;347;417;353;393;353;TERMS;AAAAA;0.2;undefined;OTHER;OTHER
0060068160.tif;1;0;762;1000;60;355;24;10;60;355;84;355;84;365;60;365;See;AAA;0.16;undefined;OTHER;OTHER
0060068160.tif;1;0;762;1000;93;355;66;11;93;355;159;355;159;366;93;366;Attached;AAAAAAAA;0.22;undefined;OTHER;OTHER
0060068160.tif;1;0;762;1000;421;360;23;10;421;360;444;360;444;370;421;370;Mot;AAA;0.37;undefined;OTHER;OTHER
0060068160.tif;1;0;762;1000;455;361;15;9;455;361;470;361;470;370;455;370;30;NN;0.28;undefined;OTHER;OTHER
0060068160.tif;1;0;762;1000;479;361;33;12;479;361;512;361;512;373;479;373;Days;AAAA;0.16;undefined;OTHER;OTHER
0060068160.tif;1;0;762;1000;37;377;45;9;37;377;82;377;82;386;37;386;QUANTITY;AAAAAAAA;0.43;undefined;OTHER;OTHER
0060068160.tif;1;0;762;1000;121;377;26;8;121;377;147;377;147;385;121;385;COOE;AAAA;0.45;undefined;OTHER;OTHER
0060068160.tif;1;0;762;1000;153;377;13;8;153;377;166;377;166;385;153;385;NO;AA;0.39;undefined;OTHER;OTHER
0060068160.tif;1;0;762;1000;353;379;88;9;353;379;441;379;441;388;353;388;DESCRIPTION;AAAAAAAAAAA;0.55;undefined;OTHER;OTHER
0060068160.tif;1;0;762;1000;641;382;26;8;641;382;667;382;667;390;641;390;PRICE;AAAAA;0.49;undefined;OTHER;OTHER
0060068160.tif;1;0;762;1000;60;411;23;11;60;411;83;411;83;422;60;422;750;NNN;0.55;undefined;OTHER;OTHER
0060068160.tif;1;0;762;1000;261;413;33;13;261;413;294;413;294;426;261;426;Xing;AAAA;0.3;undefined;OTHER;OTHER
0060068160.tif;1;0;762;1000;304;413;32;11;304;413;336;413;336;424;304;424;Site;AAAA;0.39;undefined;OTHER;OTHER
0060068160.tif;1;0;762;1000;204;414;48;9;204;414;252;414;252;423;204;423;MALIBU;AAAAAA;0.36;undefined;OTHER;OTHER
0060068160.tif;1;0;762;1000;345;414;82;13;345;414;427;414;427;427;345;427;Bulletins,;AAAAAAAAAS;0.44;undefined;OTHER;OTHER
0060068160.tif;1;0;762;1000;438;415;21;12;438;415;459;415;459;427;438;427;14*;NNS;0.71;undefined;OTHER;OTHER
0060068160.tif;1;0;762;1000;488;416;22;11;488;416;510;416;510;427;488;427;«8*;SNS;0.7;undefined;OTHER;OTHER
0060068160.tif;1;0;762;1000;622;418;48;11;622;418;670;418;670;429;622;429;S57.45;ANNSNN;0.23;undefined;OTHER;OTHER
0060068160.tif;1;0;762;1000;471;419;7;7;471;419;478;419;478;426;471;426;x;A;0.28;undefined;OTHER;OTHER
0060068160.tif;1;0;762;1000;680;421;15;8;680;421;695;421;695;429;680;429;ea;AA;0.16;undefined;OTHER;OTHER
0060068160.tif;1;0;762;1000;319;441;82;11;319;441;401;441;401;452;319;452;Additional;AAAAAAAAAA;0.28;undefined;OTHER;OTHER
0060068160.tif;1;0;762;1000;412;443;82;13;412;443;494;443;494;456;412;456;Separation;AAAAAAAAAA;0.24;undefined;OTHER;OTHER
0060068160.tif;1;0;762;1000;503;444;50;13;503;444;553;444;553;457;503;457;Charge;AAAAAA;0.38;undefined;OTHER;OTHER
0060068160.tif;1;0;762;1000;41;446;4;16;41;446;45;446;45;462;41;462;r;A;0.13;undefined;OTHER;OTHER
0060068160.tif;1;0;762;1000;51;446;68;17;51;446;119;446;119;463;51;463;fife*-';AAAASSS;0.3;undefined;OTHER;OTHER
0060068160.tif;1;0;762;1000;621;446;73;12;621;446;694;446;694;458;621;458;51,200.00;NNSNNNSNN;0.32;undefined;OTHER;OTHER
0060068160.tif;1;0;762;1000;203;468;73;10;203;468;276;468;276;478;203;478;Bulletins;AAAAAAAAA;0.21;undefined;OTHER;OTHER
0060068160.tif;1;0;762;1000;286;468;99;14;286;468;385;468;385;482;286;482;lithographed;AAAAAAAAAAAA;0.26;undefined;OTHER;OTHER
0060068160.tif;1;0;762;1000;395;470;32;10;395;470;427;470;427;480;395;480;five;AAAA;0.34;undefined;OTHER;OTHER
0060068160.tif;1;0;762;1000;436;471;49;11;436;471;485;471;485;482;436;482;colore;AAAAAA;0.33;undefined;OTHER;OTHER
0060068160.tif;1;0;762;1000;497;472;64;11;497;472;561;472;561;483;497;483;(4-color;SNSAAAAA;0.38;undefined;OTHER;OTHER
0060068160.tif;1;0;762;1000;269;483;32;12;269;483;301;483;301;495;269;495;plus;AAAA;0.61;undefined;OTHER;OTHER
0060068160.tif;1;0;762;1000;202;484;58;10;202;484;260;484;260;494;202;494;procea*;AAAAAAS;0.27;undefined;OTHER;OTHER
0060068160.tif;1;0;762;1000;344;484;25;9;344;484;369;484;369;493;344;493;PMS;AAA;0.47;undefined;OTHER;OTHER
0060068160.tif;1;0;762;1000;377;484;55;12;377;484;432;484;432;496;377;496;yellow);AAAAAAS;0.25;undefined;OTHER;OTHER
0060068160.tif;1;0;762;1000;310;485;26;9;310;485;336;485;336;494;310;494;one;AAA;0.26;undefined;OTHER;OTHER
0060068160.tif;1;0;762;1000;470;486;23;10;470;486;493;486;493;496;470;496;70#;NNS;0.3;undefined;OTHER;OTHER
0060068160.tif;1;0;762;1000;503;486;58;10;503;486;561;486;561;496;503;496;outdoor;AAAAAAA;0.3;undefined;OTHER;OTHER
0060068160.tif;1;0;762;1000;444;487;17;8;444;487;461;487;461;495;444;495;on;AA;0.25;undefined;OTHER;OTHER
0060068160.tif;1;0;762;1000;202;497;49;11;202;497;251;497;251;508;202;508;poster;AAAAAA;0.25;undefined;OTHER;OTHER
0060068160.tif;1;0;762;1000;327;497;58;13;327;497;385;497;385;510;327;510;Caption;AAAAAAA;0.29;undefined;OTHER;OTHER
0060068160.tif;1;0;762;1000;260;498;48;10;260;498;308;498;308;508;260;508;paper.;AAAAAS;0.27;undefined;OTHER;OTHER
0060068160.tif;1;0;762;1000;395;498;23;10;395;498;418;498;418;508;395;508;for;AAA;0.26;undefined;OTHER;OTHER
0060068160.tif;1;0;762;1000;429;498;122;12;429;498;551;498;551;510;429;510;identifications;AAAAAAAAAAAAAAA;0.27;undefined;OTHER;OTHER
0060068160.tif;1;0;762;1000;41;499;7;14;41;499;48;499;48;513;41;513;7;N;0.0;undefined;OTHER;OTHER
0060068160.tif;1;0;762;1000;203;510;40;10;203;510;243;510;243;520;203;520;"""Move";SAAAA;0.35;undefined;OTHER;OTHER
0060068160.tif;1;0;762;1000;253;511;15;9;253;511;268;511;268;520;253;520;to;AA;0.26;undefined;OTHER;OTHER
0060068160.tif;1;0;762;1000;277;511;50;11;277;511;327;511;327;522;277;522;HALXBO;AAAAAA;0.27;undefined;OTHER;OTHER
0060068160.tif;1;0;762;1000;336;512;24;9;336;512;360;512;360;521;336;521;MB*;AAS;0.19;undefined;OTHER;OTHER
0060068160.tif;1;0;762;1000;369;512;33;10;369;512;402;512;402;522;369;522;KXBG;AAAA;0.26;undefined;OTHER;OTHER
0060068160.tif;1;0;762;1000;411;513;39;10;411;513;450;513;450;523;411;523;3I3BI;NANAA;0.21;undefined;OTHER;OTHER
0060068160.tif;1;0;762;1000;469;513;41;12;469;513;510;513;510;525;469;525;83.00;NNSNN;0.25;undefined;OTHER;OTHER
0060068160.tif;1;0;762;1000;519;513;25;11;519;513;544;513;544;524;519;524;Off;AAA;0.22;undefined;OTHER;OTHER
0060068160.tif;1;0;762;1000;554;515;7;9;554;515;561;515;561;524;554;524;A;A;0.27;undefined;OTHER;OTHER
0060068160.tif;1;0;762;1000;202;524;65;11;202;524;267;524;267;535;202;535;"Carton.""";AAAAAASS;0.44;undefined;OTHER;OTHER
0060068160.tif;1;0;762;1000;202;552;15;10;202;552;217;552;217;562;202;562;23;NN;0.21;undefined;OTHER;OTHER
0060068160.tif;1;0;762;1000;226;552;75;10;226;552;301;552;301;562;226;562;Bulletins;AAAAAAAAA;0.37;undefined;OTHER;OTHER
0060068160.tif;1;0;762;1000;334;553;18;10;334;553;352;553;352;563;334;563;bo;AA;0.19;undefined;OTHER;OTHER
0060068160.tif;1;0;762;1000;310;554;16;9;310;554;326;554;326;563;310;563;to;AA;0.36;undefined;OTHER;OTHER
0060068160.tif;1;0;762;1000;360;554;58;12;360;554;418;554;418;566;360;566;printed;AAAAAAA;0.4;undefined;OTHER;OTHER
0060068160.tif;1;0;762;1000;427;554;33;11;427;554;460;554;460;565;427;565;with;AAAA;0.46;undefined;OTHER;OTHER
0060068160.tif;1;0;762;1000;468;555;59;13;468;555;527;555;527;568;468;568;Warning;AAAAAAA;0.24;undefined;OTHER;OTHER
0060068160.tif;1;0;762;1000;537;555;31;12;537;555;568;555;568;567;537;567;"""A""t";SASA;0.6;undefined;OTHER;OTHER
0060068160.tif;1;0;762;1000;202;566;65;10;202;566;267;566;267;576;202;576;"""SKOEISG";SAAAAAAA;0.28;undefined;OTHER;OTHER
0060068160.tif;1;0;762;1000;276;567;49;10;276;567;325;567;325;577;276;577;CAUSES;AAAAAA;0.4;undefined;OTHER;OTHER
0060068160.tif;1;0;762;1000;335;568;33;10;335;568;368;568;368;578;335;578;LOWS;AAAA;0.17;undefined;OTHER;OTHER
0060068160.tif;1;0;762;1000;376;568;57;12;376;568;433;568;433;580;376;580;CANCER,;AAAAAAS;0.29;undefined;OTHER;OTHER
0060068160.tif;1;0;762;1000;443;570;42;9;443;570;485;570;485;579;443;579;HEART;AAAAA;0.45;undefined;OTHER;OTHER
0060068160.tif;1;0;762;1000;493;571;59;9;493;571;552;571;552;580;493;580;DISEASE;AAAAAAA;0.24;undefined;OTHER;OTHER
0060068160.tif;1;0;762;1000;201;580;90;11;201;580;291;580;291;591;201;591;"EMPOrSEMA.""";AAAAAAAAASS;0.27;undefined;OTHER;OTHER
0060068160.tif;1;0;762;1000;301;580;75;12;301;580;376;580;376;592;301;592;Bullettna;AAAAAAAAA;0.24;undefined;OTHER;OTHER
0060068160.tif;1;0;762;1000;419;583;73;10;419;583;492;583;492;593;419;593;scheduled;AAAAAAAAA;0.38;undefined;OTHER;OTHER
0060068160.tif;1;0;762;1000;385;584;24;7;385;584;409;584;409;591;385;591;are;AAA;0.26;undefined;OTHER;OTHER
0060068160.tif;1;0;762;1000;503;584;23;9;503;584;526;584;526;593;503;593;for;AAA;0.29;undefined;OTHER;OTHER
0060068160.tif;1;0;762;1000;201;594;7;10;201;594;208;594;208;604;201;604;1;N;0.41;undefined;OTHER;OTHER
0060068160.tif;1;0;762;1000;217;594;58;12;217;594;275;594;275;606;217;606;posting;AAAAAAA;0.27;undefined;OTHER;OTHER
0060068160.tif;1;0;762;1000;286;594;14;10;286;594;300;594;300;604;286;604;In;AA;0.36;undefined;OTHER;OTHER
0060068160.tif;1;0;762;1000;310;594;49;12;310;594;359;594;359;606;310;606;Peoria;AAAAAA;0.23;undefined;OTHER;OTHER
0060068160.tif;1;0;762;1000;368;596;24;10;368;596;392;596;392;606;368;606;and;AAA;0.24;undefined;OTHER;OTHER
0060068160.tif;1;0;762;1000;402;596;64;13;402;596;466;596;466;609;402;609;Spokane.;AAAAAAAS;0.34;undefined;OTHER;OTHER
0060068160.tif;1;0;762;1000;201;621;58;11;201;621;259;621;259;632;201;632;Balance;AAAAAAA;0.29;undefined;OTHER;OTHER
0060068160.tif;1;0;762;1000;267;622;16;10;267;622;283;622;283;632;267;632;of;AA;0.25;undefined;OTHER;OTHER
0060068160.tif;1;0;762;1000;292;622;66;11;292;622;358;622;358;633;292;633;material;AAAAAAAA;0.21;undefined;OTHER;OTHER
0060068160.tif;1;0;762;1000;393;623;16;10;393;623;409;623;409;633;393;633;be;AA;0.28;undefined;OTHER;OTHER
0060068160.tif;1;0;762;1000;370;624;14;9;370;624;384;624;384;633;370;633;to;AA;0.25;undefined;OTHER;OTHER
0060068160.tif;1;0;762;1000;418;624;32;10;418;624;450;624;450;634;418;634;hold;AAAA;0.22;undefined;OTHER;OTHER
0060068160.tif;1;0;762;1000;460;624;40;11;460;624;500;624;500;635;460;635;blaofe;AAAAAA;0.2;undefined;OTHER;OTHER
0060068160.tif;1;0;762;1000;511;625;23;10;511;625;534;625;534;635;511;635;for;AAA;0.22;undefined;OTHER;OTHER
0060068160.tif;1;0;762;1000;545;626;24;10;545;626;569;626;569;636;545;636;the;AAA;0.54;undefined;OTHER;OTHER
0060068160.tif;1;0;762;1000;365;631;1;1;365;631;366;631;366;632;365;632;.;S;0.26;undefined;OTHER;OTHER
0060068160.tif;1;0;762;1000;201;635;66;12;201;635;267;635;267;647;201;647;printing;AAAAAAAA;0.34;undefined;OTHER;OTHER
0060068160.tif;1;0;762;1000;276;636;15;9;276;636;291;636;291;645;276;645;of;AA;0.32;undefined;OTHER;OTHER
0060068160.tif;1;0;762;1000;302;636;48;11;302;636;350;636;350;647;302;647;future;AAAAAA;0.28;undefined;OTHER;OTHER
0060068160.tif;1;0;762;1000;359;637;58;12;359;637;417;637;417;649;359;649;warning;AAAAAAA;0.33;undefined;OTHER;OTHER
0060068160.tif;1;0;762;1000;427;639;83;10;427;639;510;639;510;649;427;649;atateoents;AAAAAAAAAA;0.38;undefined;OTHER;OTHER
0060068160.tif;1;0;762;1000;519;639;24;10;519;639;543;639;543;649;519;649;and;AAA;0.32;undefined;OTHER;OTHER
0060068160.tif;1;0;762;1000;552;641;25;9;552;641;577;641;577;650;552;650;our;AAA;0.25;undefined;OTHER;OTHER
0060068160.tif;1;0;762;1000;200;648;99;13;200;648;299;648;299;661;200;661;disposition.;AAAAAAAAAAAS;0.21;undefined;OTHER;OTHER
0060068160.tif;1;0;762;1000;200;677;67;10;200;677;267;677;267;687;200;687;0vorrun«;NAAAAAAS;0.28;undefined;OTHER;OTHER
0060068160.tif;1;0;762;1000;300;677;75;11;300;677;375;677;375;688;300;688;underruns;AAAAAAAAA;0.27;undefined;OTHER;OTHER
0060068160.tif;1;0;762;1000;275;679;16;8;275;679;291;679;291;687;275;687;ox;AA;0.26;undefined;OTHER;OTHER
0060068160.tif;1;0;762;1000;384;680;24;9;384;680;408;680;408;689;384;689;not;AAA;0.28;undefined;OTHER;OTHER
0060068160.tif;1;0;762;1000;418;680;16;8;418;680;434;680;434;688;418;688;to;AA;0.26;undefined;OTHER;OTHER
0060068160.tif;1;0;762;1000;442;680;50;10;442;680;492;680;492;690;442;690;exceed;AAAAAA;0.3;undefined;OTHER;OTHER
0060068160.tif;1;0;762;1000;501;681;24;10;501;681;525;681;525;691;501;691;51.;NNS;0.57;undefined;OTHER;OTHER
0060068160.tif;1;0;762;1000;199;691;67;10;199;691;266;691;266;701;199;701;Overruns;AAAAAAAA;0.4;undefined;OTHER;OTHER
0060068160.tif;1;0;762;1000;275;691;48;14;275;691;323;691;323;705;275;705;beyond;AAAAAA;0.27;undefined;OTHER;OTHER
0060068160.tif;1;0;762;1000;334;692;15;11;334;692;349;692;349;703;334;703;5%;NS;0.31;undefined;OTHER;OTHER
0060068160.tif;1;0;762;1000;359;692;32;10;359;692;391;692;391;702;359;702;will;AAAA;0.47;undefined;OTHER;OTHER
0060068160.tif;1;0;762;1000;434;693;16;11;434;693;450;693;450;704;434;704;be;AA;0.67;undefined;OTHER;OTHER
0060068160.tif;1;0;762;1000;400;694;24;9;400;694;424;694;424;703;400;703;not;AAA;0.32;undefined;OTHER;OTHER
0060068160.tif;1;0;762;1000;459;694;32;12;459;694;491;694;491;706;459;706;paid;AAAA;0.28;undefined;OTHER;OTHER
0060068160.tif;1;0;762;1000;502;694;31;11;502;694;533;694;533;705;502;705;foe.;AAAS;0.32;undefined;OTHER;OTHER
0060068160.tif;1;0;762;1000;400;720;74;12;400;720;474;720;474;732;400;732;Continued;AAAAAAAAA;0.47;undefined;OTHER;OTHER
0060068160.tif;1;0;762;1000;509;723;33;9;509;723;542;723;542;732;509;732;next;AAAA;0.3;undefined;OTHER;OTHER
0060068160.tif;1;0;762;1000;483;724;17;8;483;724;500;724;500;732;483;732;on;AA;0.19;undefined;OTHER;OTHER
0060068160.tif;1;0;762;1000;551;725;39;11;551;725;590;725;590;736;551;736;page.;AAAAS;0.42;undefined;OTHER;OTHER
0060068160.tif;1;0;762;1000;400;777;74;13;400;777;474;777;474;790;400;790;Marketing;AAAAAAAAA;0.19;undefined;OTHER;OTHER
0060068160.tif;1;0;762;1000;202;778;59;8;202;778;261;778;261;786;202;786;ACCOUNTING;AAAAAAAAAA;0.3;undefined;OTHER;OTHER
0060068160.tif;1;0;762;1000;266;778;38;8;266;778;304;778;304;786;266;786;CHARGE;AAAAAA;0.37;undefined;OTHER;OTHER
0060068160.tif;1;0;762;1000;310;779;15;8;310;779;325;779;325;787;310;787;NO.;AAS;0.55;undefined;OTHER;OTHER
0060068160.tif;1;0;762;1000;286;800;9;8;286;800;295;800;295;808;286;808;□;S;0.47;undefined;OTHER;OTHER
0060068160.tif;1;0;762;1000;299;801;48;7;299;801;347;801;347;808;299;808;ext***'**;AAASSSSSS;0.22;undefined;OTHER;OTHER
0060068160.tif;1;0;762;1000;351;802;50;6;351;802;401;802;401;808;351;808;canruT;AAAAAA;0.28;undefined;OTHER;OTHER
0060068160.tif;1;0;762;1000;456;802;9;8;456;802;465;802;465;810;456;810;□;S;0.45;undefined;OTHER;OTHER
0060068160.tif;1;0;762;1000;468;803;7;6;468;803;475;803;475;809;468;809;N;A;0.26;undefined;OTHER;OTHER
0060068160.tif;1;0;762;1000;480;803;23;7;480;803;503;803;503;810;480;810;YOUP;AAAA;0.26;undefined;OTHER;OTHER
0060068160.tif;1;0;762;1000;508;803;22;6;508;803;530;803;530;809;508;809;PtES;AAAA;0.44;undefined;OTHER;OTHER
0060068160.tif;1;0;762;1000;64;808;25;9;64;808;89;808;89;817;64;817;SALES;AAAAA;0.38;undefined;OTHER;OTHER
0060068160.tif;1;0;762;1000;41;809;18;7;41;809;59;809;59;816;41;816;T«E;ASA;0.2;undefined;OTHER;OTHER
0060068160.tif;1;0;762;1000;95;809;14;7;95;809;109;809;109;816;95;816;TAX;AAA;0.51;undefined;OTHER;OTHER
0060068160.tif;1;0;762;1000;114;810;17;7;114;810;131;810;131;817;114;817;S3T;ANA;0.36;undefined;OTHER;OTHER
0060068160.tif;1;0;762;1000;136;810;11;6;136;810;147;810;147;816;136;816;TO;AA;0.41;undefined;OTHER;OTHER
0060068160.tif;1;0;762;1000;152;810;11;6;152;810;163;810;163;816;152;816;3E;NA;0.17;undefined;OTHER;OTHER
0060068160.tif;1;0;762;1000;168;810;39;7;168;810;207;810;207;817;168;817;CHARGED;AAAAAAA;0.28;undefined;OTHER;OTHER
0060068160.tif;1;0;762;1000;219;811;15;6;219;811;234;811;234;817;219;817;SEE;AAA;0.4;undefined;OTHER;OTHER
0060068160.tif;1;0;762;1000;239;811;18;6;239;811;257;811;257;817;239;817;CUR;AAA;0.52;undefined;OTHER;OTHER
0060068160.tif;1;0;762;1000;286;812;8;8;286;812;294;812;294;820;286;820;□;S;0.5;undefined;OTHER;OTHER
0060068160.tif;1;0;762;1000;210;813;5;2;210;813;215;813;215;815;210;815;-;S;0.67;undefined;OTHER;OTHER
0060068160.tif;1;0;762;1000;299;813;27;8;299;813;326;813;326;821;299;821;DRECT;AAAAA;0.27;undefined;OTHER;OTHER
0060068160.tif;1;0;762;1000;333;814;37;6;333;814;370;814;370;820;333;820;PAYMENT;AAAAAAA;0.27;undefined;OTHER;OTHER
0060068160.tif;1;0;762;1000;374;814;30;7;374;814;404;814;404;821;374;821;PERMT;AAAAA;0.44;undefined;OTHER;OTHER
0060068160.tif;1;0;762;1000;456;814;8;9;456;814;464;814;464;823;456;823;□;S;0.5;undefined;OTHER;OTHER
0060068160.tif;1;0;762;1000;468;815;41;7;468;815;509;815;509;822;468;822;ATTACHED;AAAAAAAA;0.27;undefined;OTHER;OTHER
0060068160.tif;1;0;762;1000;140;828;41;10;140;828;181;828;181;838;140;838;Puleo;AAAAA;0.39;undefined;OTHER;OTHER
0060068160.tif;1;0;762;1000;113;829;15;9;113;829;128;829;128;838;113;838;V.;AS;0.41;undefined;OTHER;OTHER
0060068160.tif;1;0;762;1000;23;843;30;9;23;843;53;843;53;852;23;852;Pteas*?;AAAAASS;0.25;undefined;OTHER;OTHER
0060068160.tif;1;0;762;1000;59;844;33;9;59;844;92;844;92;853;59;853;contact;AAAAAAA;0.37;undefined;OTHER;OTHER
0060068160.tif;1;0;762;1000;61;856;44;12;61;856;105;856;105;868;61;868;questions;AAAAAAAAA;0.44;undefined;OTHER;OTHER
0060068160.tif;1;0;762;1000;110;857;43;11;110;857;153;857;153;868;110;868;regarding;AAAAAAAAA;0.27;undefined;OTHER;OTHER
0060068160.tif;1;0;762;1000;158;857;17;9;158;857;175;857;175;866;158;866;this;AAAA;0.71;undefined;OTHER;OTHER
0060068160.tif;1;0;762;1000;179;857;42;10;179;857;221;857;221;867;179;867;Purchase;AAAAAAAA;0.32;undefined;OTHER;OTHER
0060068160.tif;1;0;762;1000;226;858;29;9;226;858;255;858;255;867;226;867;Order.;AAAAAS;0.37;undefined;OTHER;OTHER
0060068160.tif;1;0;762;1000;24;859;10;6;24;859;34;859;34;865;24;865;on;AA;0.21;undefined;OTHER;OTHER
0060068160.tif;1;0;762;1000;40;859;16;8;40;859;56;859;56;867;40;867;any;AAA;0.5;undefined;OTHER;OTHER
0060068160.tif;1;0;762;1000;384;859;11;11;384;859;395;859;395;870;384;870;By;AA;0.35;undefined;OTHER;OTHER
0060068160.tif;1;0;762;1000;14;906;9;6;14;906;23;906;23;912;14;912;AT;AA;0.17;undefined;OTHER;OTHER
0060068160.tif;1;0;762;1000;53;906;23;7;53;906;76;906;76;913;53;913;fS-MT;AASAA;0.34;undefined;OTHER;OTHER
0060068160.tif;1;0;762;1000;27;907;24;6;27;907;51;907;51;913;27;913;NJ3A*;AANAS;0.24;undefined;OTHER;OTHER
