src;num_pages;page_id;page_width;page_height;col;row;width;height;x1;y1;x2;y2;x3;y3;x4;y4;contents;contents_masked;confidence;correctclass;tag;description
0060026293.tif;1;0;762;1000;243;17;3;4;243;17;246;17;246;21;243;21;*;S;0.3;undefined;OTHER;OTHER
0060026293.tif;1;0;762;1000;412;65;135;22;412;65;547;65;547;87;412;87;LAZARUS;AAAAAAA;0.66;undefined;OTHER;OTHER
0060026293.tif;1;0;762;1000;411;90;85;8;411;90;496;90;496;98;411;98;FULFILLMENT;AAAAAAAAAAA;0.41;undefined;OTHER;OTHER
0060026293.tif;1;0;762;1000;507;90;41;8;507;90;548;90;548;98;507;98;HOUSE;AAAAA;0.35;undefined;OTHER;OTHER
0060026293.tif;1;0;762;1000;411;109;19;8;411;109;430;109;430;117;411;117;3530;NNNN;0.36;undefined;OTHER;OTHER
0060026293.tif;1;0;762;1000;433;109;47;8;433;109;480;109;480;117;433;117;Ocearvskie;AAAAAAAAAA;0.2;undefined;OTHER;OTHER
0060026293.tif;1;0;762;1000;483;109;22;8;483;109;505;109;505;117;483;117;Road;AAAA;0.31;undefined;OTHER;OTHER
0060026293.tif;1;0;762;1000;411;121;49;9;411;121;460;121;460;130;411;130;Oceanside.;AAAAAAAAAS;0.43;undefined;OTHER;OTHER
0060026293.tif;1;0;762;1000;473;121;7;9;473;121;480;121;480;130;473;130;Y.;AS;0.46;undefined;OTHER;OTHER
0060026293.tif;1;0;762;1000;484;121;21;9;484;121;505;121;505;130;484;130;11572;NNNNN;0.41;undefined;OTHER;OTHER
0060026293.tif;1;0;762;1000;463;122;6;7;463;122;469;122;469;129;463;129;N;A;0.41;undefined;OTHER;OTHER
0060026293.tif;1;0;762;1000;102;127;12;9;102;127;114;127;114;136;102;136;HR.;AAS;0.53;undefined;OTHER;OTHER
0060026293.tif;1;0;762;1000;121;127;24;9;121;127;145;127;145;136;121;136;CHRIS;AAAAA;0.43;undefined;OTHER;OTHER
0060026293.tif;1;0;762;1000;151;127;18;9;151;127;169;127;169;136;151;136;BURT;AAAA;0.37;undefined;OTHER;OTHER
0060026293.tif;1;0;762;1000;102;141;14;9;102;141;116;141;116;150;102;150;TK;AA;0.31;undefined;OTHER;OTHER
0060026293.tif;1;0;762;1000;121;141;39;9;121;141;160;141;160;150;121;150;AMERICAN;AAAAAAAA;0.32;undefined;OTHER;OTHER
0060026293.tif;1;0;762;1000;166;141;34;9;166;141;200;141;200;150;166;150;TOBACCO;AAAAAAA;0.42;undefined;OTHER;OTHER
0060026293.tif;1;0;762;1000;205;141;34;9;205;141;239;141;239;150;205;150;COMPANY;AAAAAAA;0.34;undefined;OTHER;OTHER
0060026293.tif;1;0;762;1000;102;155;13;8;102;155;115;155;115;163;102;163;SIX;AAA;0.25;undefined;OTHER;OTHER
0060026293.tif;1;0;762;1000;121;155;39;8;121;155;160;155;160;163;121;163;STAMFORD;AAAAAAAA;0.37;undefined;OTHER;OTHER
0060026293.tif;1;0;762;1000;165;155;24;8;165;155;189;155;189;163;165;163;FORUM;AAAAA;0.37;undefined;OTHER;OTHER
0060026293.tif;1;0;762;1000;102;168;41;11;102;168;143;168;143;179;102;179;STAMFORD,;AAAAAAAAS;0.41;undefined;OTHER;OTHER
0060026293.tif;1;0;762;1000;151;168;9;9;151;168;160;168;160;177;151;177;CT;AA;0.43;undefined;OTHER;OTHER
0060026293.tif;1;0;762;1000;165;168;49;9;165;168;214;168;214;177;165;177;06904-2380;NNNNNSNNNN;0.29;undefined;OTHER;OTHER
0060026293.tif;1;0;762;1000;416;195;30;9;416;195;446;195;446;204;416;204;*13370;SNNNNN;0.34;undefined;OTHER;OTHER
0060026293.tif;1;0;762;1000;27;196;13;8;27;196;40;196;40;204;27;204;REi;AAA;0.29;undefined;OTHER;OTHER
0060026293.tif;1;0;762;1000;101;196;19;8;101;196;120;196;120;204;101;204;POLL;AAAA;0.48;undefined;OTHER;OTHER
0060026293.tif;1;0;762;1000;125;196;19;8;125;196;144;196;144;204;125;204;HALL;AAAA;0.23;undefined;OTHER;OTHER
0060026293.tif;1;0;762;1000;150;196;19;8;150;196;169;196;169;204;150;204;SOLD;AAAA;0.2;undefined;OTHER;OTHER
0060026293.tif;1;0;762;1000;176;196;23;8;176;196;199;196;199;204;176;204;INKER;AAAAA;0.64;undefined;OTHER;OTHER
0060026293.tif;1;0;762;1000;204;196;29;8;204;196;233;196;233;204;204;204;CIRCLE;AAAAAA;0.35;undefined;OTHER;OTHER
0060026293.tif;1;0;762;1000;238;196;35;8;238;196;273;196;273;204;238;204;PRfaRM;AAAAAA;0.22;undefined;OTHER;OTHER
0060026293.tif;1;0;762;1000;327;196;39;8;327;196;366;196;366;204;327;204;PURCHASE;AAAAAAAA;0.22;undefined;OTHER;OTHER
0060026293.tif;1;0;762;1000;372;196;24;8;372;196;396;196;396;204;372;204;ORDER;AAAAA;0.32;undefined;OTHER;OTHER
0060026293.tif;1;0;762;1000;402;196;8;8;402;196;410;196;410;204;402;204;Is;AA;0.27;undefined;OTHER;OTHER
0060026293.tif;1;0;762;1000;101;209;19;9;101;209;120;209;120;218;101;218;5071;NNNN;0.26;undefined;OTHER;OTHER
0060026293.tif;1;0;762;1000;160;209;14;9;160;209;174;209;174;218;160;218;BRE;AAA;0.33;undefined;OTHER;OTHER
0060026293.tif;1;0;762;1000;214;209;19;9;214;209;233;209;233;218;214;218;1474;NNNN;0.41;undefined;OTHER;OTHER
0060026293.tif;1;0;762;1000;27;210;10;8;27;210;37;210;37;218;27;218;PO;AA;0.25;undefined;OTHER;OTHER
0060026293.tif;1;0;762;1000;42;210;17;8;42;210;59;210;59;218;42;218;SOX:;AAAS;0.28;undefined;OTHER;OTHER
0060026293.tif;1;0;762;1000;180;210;29;8;180;210;209;210;209;218;180;218;PERMIT;AAAAAA;0.6;undefined;OTHER;OTHER
0060026293.tif;1;0;762;1000;27;223;33;9;27;223;60;223;60;232;27;232;REPORT:;AAAAAAS;0.37;undefined;OTHER;OTHER
0060026293.tif;1;0;762;1000;101;223;14;9;101;223;115;223;115;232;101;232;124;NNN;0.27;undefined;OTHER;OTHER
0060026293.tif;1;0;762;1000;27;237;33;9;27;237;60;237;60;246;27;246;PERIOD:;AAAAAAS;0.36;undefined;OTHER;OTHER
0060026293.tif;1;0;762;1000;101;237;29;9;101;237;130;237;130;246;101;246;2/1/54;NSNSNN;0.26;undefined;OTHER;OTHER
0060026293.tif;1;0;762;1000;136;237;9;9;136;237;145;237;145;246;136;246;TO;AA;0.68;undefined;OTHER;OTHER
0060026293.tif;1;0;762;1000;150;237;34;9;150;237;184;237;184;246;150;246;2/25/94;NSNNSNN;0.36;undefined;OTHER;OTHER
0060026293.tif;1;0;762;1000;279;265;39;9;279;265;318;265;318;274;279;274;ACTIVITY;AAAAAAAA;0.32;undefined;OTHER;OTHER
0060026293.tif;1;0;762;1000;160;293;20;9;160;293;180;293;180;302;160;302;THIS;AAAA;0.26;undefined;OTHER;OTHER
0060026293.tif;1;0;762;1000;184;293;30;9;184;293;214;293;214;302;184;302;PERIOD;AAAAAA;0.36;undefined;OTHER;OTHER
0060026293.tif;1;0;762;1000;234;293;19;9;234;293;253;293;253;302;234;302;AH'T;AASA;0.4;undefined;OTHER;OTHER
0060026293.tif;1;0;762;1000;274;293;39;9;274;293;313;293;313;302;274;302;PREVIOUS;AAAAAAAA;0.5;undefined;OTHER;OTHER
0060026293.tif;1;0;762;1000;348;293;12;8;348;293;360;293;360;301;348;301;AH*;AAS;0.35;undefined;OTHER;OTHER
0060026293.tif;1;0;762;1000;363;293;4;8;363;293;367;293;367;301;363;301;T;A;0.25;undefined;OTHER;OTHER
0060026293.tif;1;0;762;1000;382;293;49;9;382;293;431;293;431;302;382;302;CUMULATIVE;AAAAAAAAAA;0.31;undefined;OTHER;OTHER
0060026293.tif;1;0;762;1000;442;293;4;9;442;293;446;293;446;302;442;302;E;A;0.5;undefined;OTHER;OTHER
0060026293.tif;1;0;762;1000;457;293;4;8;457;293;461;293;461;301;457;301;*;S;0.54;undefined;OTHER;OTHER
0060026293.tif;1;0;762;1000;466;293;20;9;466;293;486;293;486;302;466;302;AH*T;AASA;0.48;undefined;OTHER;OTHER
0060026293.tif;1;0;762;1000;224;294;4;7;224;294;228;294;228;301;224;301;Â«;S;0.29;undefined;OTHER;OTHER
0060026293.tif;1;0;762;1000;338;294;4;7;338;294;342;294;342;301;338;301;*;S;0.32;undefined;OTHER;OTHER
0060026293.tif;1;0;762;1000;81;307;14;6;81;307;95;307;95;313;81;313;vft;AAA;0.17;undefined;OTHER;OTHER
0060026293.tif;1;0;762;1000;100;307;39;6;100;307;139;307;139;313;100;313;ocmicctc;AAAAAAAA;0.25;undefined;OTHER;OTHER
0060026293.tif;1;0;762;1000;27;308;48;5;27;308;75;308;75;313;27;313;ttcuttcocutQ;AAAAAAAAAAAA;0.22;undefined;OTHER;OTHER
0060026293.tif;1;0;762;1000;27;310;48;6;27;310;75;310;75;316;27;316;rctniJcXonlr;AAAAAAAAAAAA;0.27;undefined;OTHER;OTHER
0060026293.tif;1;0;762;1000;80;310;14;6;80;310;94;310;94;316;80;316;Mr;AA;0.09;undefined;OTHER;OTHER
0060026293.tif;1;0;762;1000;100;310;40;6;100;310;140;310;140;316;100;316;XcWtara;AAAAAAA;0.32;undefined;OTHER;OTHER
0060026293.tif;1;0;762;1000;81;321;23;10;81;321;104;321;104;331;81;331;CODE:;AAAAS;0.29;undefined;OTHER;OTHER
0060026293.tif;1;0;762;1000;111;321;29;10;111;321;140;321;140;331;111;331;P11B12;ANNANN;0.32;undefined;OTHER;OTHER
0060026293.tif;1;0;762;1000;196;321;13;9;196;321;209;321;209;330;196;330;145;NNN;0.35;undefined;OTHER;OTHER
0060026293.tif;1;0;762;1000;299;321;23;11;299;321;322;321;322;332;299;332;1,771;NSNNN;0.4;undefined;OTHER;OTHER
0060026293.tif;1;0;762;1000;413;321;23;11;413;321;436;321;436;332;413;332;1,916;NSNNN;0.37;undefined;OTHER;OTHER
0060026293.tif;1;0;762;1000;37;322;9;9;37;322;46;322;46;331;37;331;BY;AA;0.22;undefined;OTHER;OTHER
0060026293.tif;1;0;762;1000;51;322;24;9;51;322;75;322;75;331;51;331;MEDIA;AAAAA;0.21;undefined;OTHER;OTHER
0060026293.tif;1;0;762;1000;412;334;24;11;412;334;436;334;436;345;412;345;2,782;NSNNN;0.53;undefined;OTHER;OTHER
0060026293.tif;1;0;762;1000;110;335;29;9;110;335;139;335;139;344;110;344;P11C12;ANNANN;0.26;undefined;OTHER;OTHER
0060026293.tif;1;0;762;1000;199;335;10;9;199;335;209;335;209;344;199;344;42;NN;0.26;undefined;OTHER;OTHER
0060026293.tif;1;0;762;1000;298;335;24;10;298;335;322;335;322;345;298;345;2,740;NSNNN;0.33;undefined;OTHER;OTHER
0060026293.tif;1;0;762;1000;111;348;29;9;111;348;140;348;140;357;111;357;P11E12;ANNANN;0.36;undefined;OTHER;OTHER
0060026293.tif;1;0;762;1000;205;348;4;9;205;348;209;348;209;357;205;357;S;A;0.14;undefined;OTHER;OTHER
0060026293.tif;1;0;762;1000;308;348;14;8;308;348;322;348;322;356;308;356;569;NNN;0.27;undefined;OTHER;OTHER
0060026293.tif;1;0;762;1000;422;348;15;8;422;348;437;348;437;356;422;356;572;NNN;0.48;undefined;OTHER;OTHER
0060026293.tif;1;0;762;1000;427;361;9;8;427;361;436;361;436;369;427;369;70;NN;0.12;undefined;OTHER;OTHER
0060026293.tif;1;0;762;1000;38;362;32;9;38;362;70;362;70;371;38;371;'DIRECT;SAAAAAA;0.38;undefined;OTHER;OTHER
0060026293.tif;1;0;762;1000;76;362;23;9;76;362;99;362;99;371;76;371;HAIL);AAAAS;0.26;undefined;OTHER;OTHER
0060026293.tif;1;0;762;1000;110;362;30;9;110;362;140;362;140;371;110;371;PD1873;AANNNN;0.32;undefined;OTHER;OTHER
0060026293.tif;1;0;762;1000;204;362;5;9;204;362;209;362;209;371;204;371;2;N;0.27;undefined;OTHER;OTHER
0060026293.tif;1;0;762;1000;313;362;9;8;313;362;322;362;322;370;313;370;68;NN;0.19;undefined;OTHER;OTHER
0060026293.tif;1;0;762;1000;196;389;13;9;196;389;209;389;209;398;196;398;192;NNN;0.48;undefined;OTHER;OTHER
0060026293.tif;1;0;762;1000;298;389;24;11;298;389;322;389;322;400;298;400;5,149;NSNNN;0.66;undefined;OTHER;OTHER
0060026293.tif;1;0;762;1000;412;389;24;10;412;389;436;389;436;399;412;399;5,340;NSNNN;0.3;undefined;OTHER;OTHER
0060026293.tif;1;0;762;1000;309;416;13;9;309;416;322;416;322;425;309;425;47?;NNS;0.36;undefined;OTHER;OTHER
0060026293.tif;1;0;762;1000;422;416;15;9;422;416;437;416;437;425;422;425;553;NNN;0.57;undefined;OTHER;OTHER
0060026293.tif;1;0;762;1000;32;417;4;9;32;417;36;417;36;426;32;426;1;N;0.26;undefined;OTHER;OTHER
0060026293.tif;1;0;762;1000;42;417;19;9;42;417;61;417;61;426;42;426;DUPE;AAAA;0.2;undefined;OTHER;OTHER
0060026293.tif;1;0;762;1000;66;417;40;9;66;417;106;417;106;426;66;426;REQUESTS;AAAAAAAA;0.45;undefined;OTHER;OTHER
0060026293.tif;1;0;762;1000;200;417;9;8;200;417;209;417;209;425;200;425;76;NN;0.28;undefined;OTHER;OTHER
0060026293.tif;1;0;762;1000;71;444;39;9;71;444;110;444;110;453;71;453;REQUESTS;AAAAAAAA;0.48;undefined;OTHER;OTHER
0060026293.tif;1;0;762;1000;27;445;39;8;27;445;66;445;66;453;27;453;COHSLHER;AAAAAAAA;0.33;undefined;OTHER;OTHER
0060026293.tif;1;0;762;1000;422;457;15;9;422;457;437;457;437;466;422;466;849;NNN;0.11;undefined;OTHER;OTHER
0060026293.tif;1;0;762;1000;200;458;9;9;200;458;209;458;209;467;200;467;38;NN;0.17;undefined;OTHER;OTHER
0060026293.tif;1;0;762;1000;309;458;13;9;309;458;322;458;322;467;309;467;751;NNN;0.38;undefined;OTHER;OTHER
0060026293.tif;1;0;762;1000;37;459;29;8;37;459;66;459;66;467;37;467;COUPON;AAAAAA;0.3;undefined;OTHER;OTHER
0060026293.tif;1;0;762;1000;37;472;34;9;37;472;71;472;71;481;37;481;LIGHTER;AAAAAAA;0.36;undefined;OTHER;OTHER
0060026293.tif;1;0;762;1000;200;472;9;9;200;472;209;472;209;481;200;481;32;NN;0.42;undefined;OTHER;OTHER
0060026293.tif;1;0;762;1000;309;472;13;8;309;472;322;472;322;480;309;480;245;NNN;0.25;undefined;OTHER;OTHER
0060026293.tif;1;0;762;1000;422;472;14;8;422;472;436;472;436;480;422;480;277;NNN;0.38;undefined;OTHER;OTHER
0060026293.tif;1;0;762;1000;225;485;44;11;225;485;269;485;269;496;225;496;14,625.00;NNSNNNSNN;0.37;undefined;OTHER;OTHER
0060026293.tif;1;0;762;1000;305;485;17;9;305;485;322;485;322;494;305;494;1151;NNNN;0.52;undefined;OTHER;OTHER
0060026293.tif;1;0;762;1000;329;485;49;12;329;485;378;485;378;497;329;497;*23,775.00;SNNSNNNSNN;0.49;undefined;OTHER;OTHER
0060026293.tif;1;0;762;1000;418;485;19;9;418;485;437;485;437;494;418;494;1336;NNNN;0.3;undefined;OTHER;OTHER
0060026293.tif;1;0;762;1000;442;485;46;10;442;485;488;485;488;495;442;495;*33,400.01;SNNSNNNSNN;0.4;undefined;OTHER;OTHER
0060026293.tif;1;0;762;1000;38;486;13;9;38;486;51;486;51;495;38;495;*50;SNN;0.32;undefined;OTHER;OTHER
0060026293.tif;1;0;762;1000;57;486;19;9;57;486;76;486;76;495;57;495;BOND;AAAA;0.29;undefined;OTHER;OTHER
0060026293.tif;1;0;762;1000;196;486;13;9;196;486;209;486;209;495;196;495;185;NNN;0.25;undefined;OTHER;OTHER
0060026293.tif;1;0;762;1000;328;498;49;11;328;498;377;498;377;509;328;509;*53,800.00;SNNSNNNSNN;0.39;undefined;OTHER;OTHER
0060026293.tif;1;0;762;1000;418;498;19;9;418;498;437;498;437;507;418;507;1255;NNNN;0.29;undefined;OTHER;OTHER
0060026293.tif;1;0;762;1000;442;498;47;11;442;498;489;498;489;509;442;509;*62,750.01;SNNSNNNSNN;0.38;undefined;OTHER;OTHER
0060026293.tif;1;0;762;1000;38;499;18;9;38;499;56;499;56;508;38;508;1100;NNNN;0.2;undefined;OTHER;OTHER
0060026293.tif;1;0;762;1000;62;499;19;8;62;499;81;499;81;507;62;507;BOND;AAAA;0.24;undefined;OTHER;OTHER
0060026293.tif;1;0;762;1000;196;499;13;8;196;499;209;499;209;507;196;507;179;NNN;0.28;undefined;OTHER;OTHER
0060026293.tif;1;0;762;1000;225;499;44;10;225;499;269;499;269;509;225;509;19,950.00;NNSNNNSNN;0.32;undefined;OTHER;OTHER
0060026293.tif;1;0;762;1000;304;499;18;8;304;499;322;499;322;507;304;507;1076;NNNN;0.29;undefined;OTHER;OTHER
0060026293.tif;1;0;762;1000;151;526;14;9;151;526;165;526;165;535;151;535;FOR;AAA;0.29;undefined;OTHER;OTHER
0060026293.tif;1;0;762;1000;28;527;32;8;28;527;60;527;60;535;28;535;CERT1F.;AAAANAS;0.51;undefined;OTHER;OTHER
0060026293.tif;1;0;762;1000;68;527;9;8;68;527;77;527;77;535;68;535;TO;AA;0.63;undefined;OTHER;OTHER
0060026293.tif;1;0;762;1000;82;527;9;8;82;527;91;527;91;535;82;535;BE;AA;0.63;undefined;OTHER;OTHER
0060026293.tif;1;0;762;1000;97;527;24;8;97;527;121;527;121;535;97;535;KEYED;AAAAA;0.31;undefined;OTHER;OTHER
0060026293.tif;1;0;762;1000;127;527;18;8;127;527;145;527;145;535;127;535;ONLY;AAAA;0.25;undefined;OTHER;OTHER
0060026293.tif;1;0;762;1000;413;540;24;11;413;540;437;540;437;551;413;551;2,088;NSNNN;0.33;undefined;OTHER;OTHER
0060026293.tif;1;0;762;1000;28;541;44;9;28;541;72;541;72;550;28;550;QUARTERLY;AAAAAAAAA;0.16;undefined;OTHER;OTHER
0060026293.tif;1;0;762;1000;77;541;29;9;77;541;106;541;106;550;77;550;UPDATE;AAAAAA;0.26;undefined;OTHER;OTHER
0060026293.tif;1;0;762;1000;112;541;9;8;112;541;121;541;121;549;112;549;-*;SS;0.64;undefined;OTHER;OTHER
0060026293.tif;1;0;762;1000;126;541;23;9;126;541;149;541;149;550;126;550;RESP.;AAAAS;0.28;undefined;OTHER;OTHER
0060026293.tif;1;0;762;1000;196;541;14;9;196;541;210;541;210;550;196;550;230;NNN;0.27;undefined;OTHER;OTHER
0060026293.tif;1;0;762;1000;300;541;23;11;300;541;323;541;323;552;300;552;1,858;NSNNN;0.4;undefined;OTHER;OTHER
0060026293.tif;1;0;762;1000;404;554;33;11;404;554;437;554;437;565;404;565;120,170;NNNSNNN;0.55;undefined;OTHER;OTHER
0060026293.tif;1;0;762;1000;116;555;4;8;116;555;120;555;120;563;116;563;I;A;1.0;undefined;OTHER;OTHER
0060026293.tif;1;0;762;1000;126;555;23;9;126;555;149;555;149;564;126;564;CERT.;AAAAS;0.44;undefined;OTHER;OTHER
0060026293.tif;1;0;762;1000;186;555;23;10;186;555;209;555;209;565;186;565;2,993;NSNNN;0.52;undefined;OTHER;OTHER
0060026293.tif;1;0;762;1000;290;555;33;10;290;555;323;555;323;565;290;565;117,177;NNNSNNN;0.47;undefined;OTHER;OTHER
0060026293.tif;1;0;762;1000;276;582;42;9;276;582;318;582;318;591;276;591;INVENTORY;AAAAAAAAA;0.24;undefined;OTHER;OTHER
0060026293.tif;1;0;762;1000;394;609;33;9;394;609;427;609;427;618;394;618;CURRENT;AAAAAAA;0.37;undefined;OTHER;OTHER
0060026293.tif;1;0;762;1000;161;610;44;8;161;610;205;610;205;618;161;618;BE8INN1N6;AANAAANAN;0.32;undefined;OTHER;OTHER
0060026293.tif;1;0;762;1000;236;610;24;8;236;610;260;610;260;618;236;618;ADDâL;AAASA;0.42;undefined;OTHER;OTHER
0060026293.tif;1;0;762;1000;275;610;19;8;275;610;294;610;294;618;275;618;USED;AAAA;0.5;undefined;OTHER;OTHER
0060026293.tif;1;0;762;1000;299;610;20;8;299;610;319;610;319;618;299;618;THIS;AAAA;0.47;undefined;OTHER;OTHER
0060026293.tif;1;0;762;1000;162;623;43;9;162;623;205;623;205;632;162;632;INVENTORY;AAAAAAAAA;0.31;undefined;OTHER;OTHER
0060026293.tif;1;0;762;1000;235;623;24;9;235;623;259;623;259;632;235;632;RECâD;AAASA;0.49;undefined;OTHER;OTHER
0060026293.tif;1;0;762;1000;289;623;29;9;289;623;318;623;318;632;289;632;PERIOD;AAAAAA;0.28;undefined;OTHER;OTHER
0060026293.tif;1;0;762;1000;339;623;23;8;339;623;362;623;362;631;339;631;SPEC.;AAAAS;0.56;undefined;OTHER;OTHER
0060026293.tif;1;0;762;1000;393;623;34;8;393;623;427;623;427;631;393;631;8ALANCE;NAAAAAA;0.32;undefined;OTHER;OTHER
0060026293.tif;1;0;762;1000;423;649;13;9;423;649;436;649;436;658;423;658;871;NNN;0.29;undefined;OTHER;OTHER
0060026293.tif;1;0;762;1000;28;650;49;10;28;650;77;650;77;660;28;660;HEHBERSHIP;AAAAAAAAAA;0.23;undefined;OTHER;OTHER
0060026293.tif;1;0;762;1000;82;650;14;9;82;650;96;650;96;659;82;659;KIT;AAA;0.27;undefined;OTHER;OTHER
0060026293.tif;1;0;762;1000;102;650;29;9;102;650;131;650;131;659;102;659;LETTER;AAAAAA;0.28;undefined;OTHER;OTHER
0060026293.tif;1;0;762;1000;187;650;23;11;187;650;210;650;210;661;187;661;1,063;NSNNN;0.37;undefined;OTHER;OTHER
0060026293.tif;1;0;762;1000;264;650;5;9;264;650;269;650;269;659;264;659;0;N;0.0;undefined;OTHER;OTHER
0060026293.tif;1;0;762;1000;311;650;13;9;311;650;324;650;324;659;311;659;192;NNN;0.22;undefined;OTHER;OTHER
0060026293.tif;1;0;762;1000;414;663;23;11;414;663;437;663;437;674;414;674;3,021;NSNNN;0.37;undefined;OTHER;OTHER
0060026293.tif;1;0;762;1000;29;664;57;9;29;664;86;664;86;673;29;673;NEW.ENROLL.;AAASAAAAAAS;0.38;undefined;OTHER;OTHER
0060026293.tif;1;0;762;1000;92;664;39;9;92;664;131;664;131;673;92;673;ENVELOPE;AAAAAAAA;0.31;undefined;OTHER;OTHER
0060026293.tif;1;0;762;1000;196;664;15;8;196;664;211;664;211;672;196;672;713;NNN;0.43;undefined;OTHER;OTHER
0060026293.tif;1;0;762;1000;246;664;24;10;246;664;270;664;270;674;246;674;2,500;NSNNN;0.3;undefined;OTHER;OTHER
0060026293.tif;1;0;762;1000;311;664;13;8;311;664;324;664;324;672;311;672;192;NNN;0.28;undefined;OTHER;OTHER
0060026293.tif;1;0;762;1000;29;677;38;10;29;677;67;677;67;687;29;687;BANGTAIL;AAAAAAAA;0.4;undefined;OTHER;OTHER
0060026293.tif;1;0;762;1000;72;677;45;9;72;677;117;677;117;686;72;686;ENVELOPES;AAAAAAAAA;0.39;undefined;OTHER;OTHER
0060026293.tif;1;0;762;1000;182;677;32;12;182;677;214;677;214;689;182;689;12,055);NNSNNNS;0.41;undefined;OTHER;OTHER
0060026293.tif;1;0;762;1000;246;677;24;10;246;677;270;677;270;687;246;687;7.500;NSNNN;0.36;undefined;OTHER;OTHER
0060026293.tif;1;0;762;1000;310;677;14;9;310;677;324;677;324;686;310;686;66&;NNS;0.48;undefined;OTHER;OTHER
0060026293.tif;1;0;762;1000;414;677;23;10;414;677;437;677;437;687;414;687;4,759;NSNNN;0.27;undefined;OTHER;OTHER
0060026293.tif;1;0;762;1000;29;691;44;9;29;691;73;691;73;700;29;700;QUARTERLY;AAAAAAAAA;0.37;undefined;OTHER;OTHER
0060026293.tif;1;0;762;1000;78;691;49;9;78;691;127;691;127;700;78;700;STATEMENTS;AAAAAAAAAA;0.38;undefined;OTHER;OTHER
0060026293.tif;1;0;762;1000;183;691;28;11;183;691;211;691;211;702;183;702;19,873;NNSNNN;0.43;undefined;OTHER;OTHER
0060026293.tif;1;0;762;1000;265;691;5;9;265;691;270;691;270;700;265;700;0;N;0.26;undefined;OTHER;OTHER
0060026293.tif;1;0;762;1000;320;691;4;9;320;691;324;691;324;700;320;700;0;N;0.25;undefined;OTHER;OTHER
0060026293.tif;1;0;762;1000;410;691;28;10;410;691;438;691;438;701;410;701;19,873;NNSNNN;0.38;undefined;OTHER;OTHER
0060026293.tif;1;0;762;1000;29;705;43;9;29;705;72;705;72;714;29;714;STATEMENT;AAAAAAAAA;0.65;undefined;OTHER;OTHER
0060026293.tif;1;0;762;1000;78;705;29;9;78;705;107;705;107;714;78;714;UINDCV;AAAAAA;0.32;undefined;OTHER;OTHER
0060026293.tif;1;0;762;1000;112;705;18;9;112;705;130;705;130;714;112;714;ENV.;AAAS;0.53;undefined;OTHER;OTHER
0060026293.tif;1;0;762;1000;186;705;25;11;186;705;211;705;211;716;186;716;2,673;NSNNN;0.47;undefined;OTHER;OTHER
0060026293.tif;1;0;762;1000;267;705;2;8;267;705;269;705;269;713;267;713;";";S;0.19;undefined;OTHER;OTHER
0060026293.tif;1;0;762;1000;320;705;4;9;320;705;324;705;324;714;320;714;0;N;0.26;undefined;OTHER;OTHER
0060026293.tif;1;0;762;1000;414;705;24;10;414;705;438;705;438;715;414;715;2,673;NSNNN;0.36;undefined;OTHER;OTHER
0060026293.tif;1;0;762;1000;49;719;28;9;49;719;77;719;77;728;49;728;COUPON;AAAAAA;0.23;undefined;OTHER;OTHER
0060026293.tif;1;0;762;1000;83;719;49;9;83;719;132;719;132;728;83;728;80UNCEBACK;NNAAAAAAAA;0.35;undefined;OTHER;OTHER
0060026293.tif;1;0;762;1000;187;719;24;11;187;719;211;719;211;730;187;730;2,839;NSNNN;0.43;undefined;OTHER;OTHER
0060026293.tif;1;0;762;1000;267;719;3;9;267;719;270;719;270;728;267;728;B;A;0.32;undefined;OTHER;OTHER
0060026293.tif;1;0;762;1000;316;719;8;9;316;719;324;719;324;728;316;728;98;NN;0.2;undefined;OTHER;OTHER
0060026293.tif;1;0;762;1000;414;719;23;10;414;719;437;719;437;729;414;729;2,741;NSNNN;0.73;undefined;OTHER;OTHER
0060026293.tif;1;0;762;1000;29;720;14;8;29;720;43;720;43;728;29;728;*10;SNN;0.45;undefined;OTHER;OTHER
0060026293.tif;1;0;762;1000;414;732;24;11;414;732;438;732;438;743;414;743;2,060;NSNNN;0.22;undefined;OTHER;OTHER
0060026293.tif;1;0;762;1000;29;733;38;9;29;733;67;733;67;742;29;742;ENVELOPE;AAAAAAAA;0.33;undefined;OTHER;OTHER
0060026293.tif;1;0;762;1000;74;733;61;9;74;733;135;733;135;742;74;742;(COUPOH/SCND);SAAAAAASAAAAS;0.17;undefined;OTHER;OTHER
0060026293.tif;1;0;762;1000;187;733;23;11;187;733;210;733;210;744;187;744;2,522;NSNNN;0.41;undefined;OTHER;OTHER
0060026293.tif;1;0;762;1000;265;733;5;9;265;733;270;733;270;742;265;742;0;N;0.25;undefined;OTHER;OTHER
0060026293.tif;1;0;762;1000;310;733;14;9;310;733;324;733;324;742;310;742;462;NNN;0.16;undefined;OTHER;OTHER
0060026293.tif;1;0;762;1000;29;747;24;9;29;747;53;747;53;756;29;756;"thaw;";AAAAS;0.25;undefined;OTHER;OTHER
0060026293.tif;1;0;762;1000;59;747;14;9;59;747;73;747;73;756;59;756;YOU;AAA;0.27;undefined;OTHER;OTHER
0060026293.tif;1;0;762;1000;78;747;19;9;78;747;97;747;97;756;78;756;CARD;AAAA;0.51;undefined;OTHER;OTHER
0060026293.tif;1;0;762;1000;35;761;67;10;35;761;102;761;102;771;35;771;(BOND/LIGHTER);SAAAASAAAAAAAS;0.42;undefined;OTHER;OTHER
0060026293.tif;1;0;762;1000;311;761;14;9;311;761;325;761;325;770;311;770;396;NNN;0.24;undefined;OTHER;OTHER
0060026293.tif;1;0;762;1000;415;761;23;10;415;761;438;761;438;771;415;771;1,072;NSNNN;0.48;undefined;OTHER;OTHER
0060026293.tif;1;0;762;1000;187;762;24;10;187;762;211;762;211;772;187;772;1,466;NSNNN;0.34;undefined;OTHER;OTHER
0060026293.tif;1;0;762;1000;266;762;4;8;266;762;270;762;270;770;266;770;0;N;0.28;undefined;OTHER;OTHER
0060026293.tif;1;0;762;1000;315;775;9;8;315;775;324;775;324;783;315;783;32;NN;0.32;undefined;OTHER;OTHER
0060026293.tif;1;0;762;1000;424;775;18;8;424;775;442;775;442;783;424;783;(70);SNNS;0.27;undefined;OTHER;OTHER
0060026293.tif;1;0;762;1000;29;776;19;9;29;776;48;776;48;785;29;785;30LO;NNAA;0.34;undefined;OTHER;OTHER
0060026293.tif;1;0;762;1000;53;776;34;9;53;776;87;776;87;785;53;785;LIGHTER;AAAAAAA;0.2;undefined;OTHER;OTHER
0060026293.tif;1;0;762;1000;197;776;17;8;197;776;214;776;214;784;197;784;(38);SNNS;0.44;undefined;OTHER;OTHER
0060026293.tif;1;0;762;1000;265;776;5;8;265;776;270;776;270;784;265;784;0;N;0.27;undefined;OTHER;OTHER
0060026293.tif;1;0;762;1000;449;776;3;6;449;776;452;776;452;782;449;782;*;S;0.37;undefined;OTHER;OTHER
0060026293.tif;1;0;762;1000;43;803;30;9;43;803;73;803;73;812;43;812;PLEASE;AAAAAA;0.29;undefined;OTHER;OTHER
0060026293.tif;1;0;762;1000;78;803;29;9;78;803;107;803;107;812;78;812;ADVISE;AAAAAA;0.36;undefined;OTHER;OTHER
0060026293.tif;1;0;762;1000;113;803;19;9;113;803;132;803;132;812;113;812;WHEN;AAAA;0.17;undefined;OTHER;OTHER
0060026293.tif;1;0;762;1000;137;803;10;9;137;803;147;803;147;812;137;812;RE;AA;0.42;undefined;OTHER;OTHER
0060026293.tif;1;0;762;1000;152;803;15;9;152;803;167;803;167;812;152;812;CAN;AAA;0.28;undefined;OTHER;OTHER
0060026293.tif;1;0;762;1000;172;803;29;9;172;803;201;803;201;812;172;812;EXPECT;AAAAAA;0.29;undefined;OTHER;OTHER
0060026293.tif;1;0;762;1000;206;803;49;9;206;803;255;803;255;812;206;812;ADDITIONAL;AAAAAAAAAA;0.36;undefined;OTHER;OTHER
0060026293.tif;1;0;762;1000;262;803;43;8;262;803;305;803;305;811;262;811;INVENTORY;AAAAAAAAA;0.2;undefined;OTHER;OTHER
0060026293.tif;1;0;762;1000;34;805;4;6;34;805;38;805;38;811;34;811;*;S;0.37;undefined;OTHER;OTHER
0060026293.tif;1;0;762;1000;415;864;50;7;415;864;465;864;465;871;415;871;516-678-8J28;NNNSNNNSNANN;0.3;undefined;OTHER;OTHER
0060026293.tif;1;0;762;1000;478;864;50;7;478;864;528;864;528;871;478;871;212-431-3537;NNNSNNNSNNNN;0.34;undefined;OTHER;OTHER
0060026293.tif;1;0;762;1000;415;875;14;7;415;875;429;875;429;882;415;882;Fax;AAA;0.34;undefined;OTHER;OTHER
0060026293.tif;1;0;762;1000;431;875;49;7;431;875;480;875;480;882;431;882;516-766-3160;NNNSNNNSNNNN;0.45;undefined;OTHER;OTHER
