src;num_pages;page_id;page_width;page_height;col;row;width;height;x1;y1;x2;y2;x3;y3;x4;y4;contents;contents_masked;confidence;correctclass;tag;description
2024526163_2024526164.tif;1;0;777;1000;245;54;2;2;245;54;247;54;247;56;245;56;•;S;0.68;undefined;OTHER;OTHER
2024526163_2024526164.tif;1;0;777;1000;261;54;5;5;261;54;266;54;266;59;261;59;i*;AS;0.25;undefined;OTHER;OTHER
2024526163_2024526164.tif;1;0;777;1000;232;55;3;3;232;55;235;55;235;58;232;58;•;S;0.23;undefined;OTHER;OTHER
2024526163_2024526164.tif;1;0;777;1000;549;188;18;7;549;188;567;188;567;195;549;195;Ur*;AAS;0.11;undefined;OTHER;OTHER
2024526163_2024526164.tif;1;0;777;1000;502;189;43;8;502;189;545;189;545;197;502;197;D-nvx'XN;ASAAASAA;0.32;undefined;OTHER;OTHER
2024526163_2024526164.tif;1;0;777;1000;518;200;24;9;518;200;542;200;542;209;518;209;2:030;NSNNN;0.14;undefined;OTHER;OTHER
2024526163_2024526164.tif;1;0;777;1000;234;201;85;12;234;201;319;201;319;213;234;213;InKnwwxuLInc.;AAAAAAAAAAAAS;0.27;undefined;OTHER;OTHER
2024526163_2024526164.tif;1;0;777;1000;503;201;11;7;503;201;514;201;514;208;503;208;va;AA;0.12;undefined;OTHER;OTHER
2024526163_2024526164.tif;1;0;777;1000;184;204;47;15;184;204;231;204;231;219;184;219;Building*;AAAAAAAAS;0.29;undefined;OTHER;OTHER
2024526163_2024526164.tif;1;0;777;1000;140;205;39;12;140;205;179;205;179;217;140;217;Healtliv;AAAAAAAA;0.28;undefined;OTHER;OTHER
2024526163_2024526164.tif;1;0;777;1000;474;212;19;8;474;212;493;212;493;220;474;220;•W«;SAS;0.7;undefined;OTHER;OTHER
2024526163_2024526164.tif;1;0;777;1000;498;212;36;9;498;212;534;212;534;221;498;221;IW0I»»2;AANASSN;0.29;undefined;OTHER;OTHER
2024526163_2024526164.tif;1;0;777;1000;474;223;28;9;474;223;502;223;502;232;474;232;Wjc;AAA;0.26;undefined;OTHER;OTHER
2024526163_2024526164.tif;1;0;777;1000;528;223;36;9;528;223;564;223;564;232;528;232;lUeiiSi;AAAAAAA;0.51;undefined;OTHER;OTHER
2024526163_2024526164.tif;1;0;777;1000;508;224;16;7;508;224;524;224;524;231;508;231;D«i;ASA;0.45;undefined;OTHER;OTHER
2024526163_2024526164.tif;1;0;777;1000;245;240;17;11;245;240;262;240;262;251;245;251;ing;AAA;0.19;undefined;OTHER;OTHER
2024526163_2024526164.tif;1;0;777;1000;218;241;22;10;218;241;240;241;240;251;218;251;Burl;AAAA;0.33;undefined;OTHER;OTHER
2024526163_2024526164.tif;1;0;777;1000;204;244;8;8;204;244;212;244;212;252;204;252;*;S;0.55;undefined;OTHER;OTHER
2024526163_2024526164.tif;1;0;777;1000;142;245;56;11;142;245;198;245;198;256;142;256;Covington;AAAAAAAAA;0.56;undefined;OTHER;OTHER
2024526163_2024526164.tif;1;0;777;1000;307;253;24;10;307;253;331;253;331;263;307;263;N.W.;ASAS;0.6;undefined;OTHER;OTHER
2024526163_2024526164.tif;1;0;777;1000;174;254;75;13;174;254;249;254;249;267;174;267;Pennsylvania;AAAAAAAAAAAA;0.31;undefined;OTHER;OTHER
2024526163_2024526164.tif;1;0;777;1000;255;254;45;10;255;254;300;254;300;264;255;264;Avenue.;AAAAAAS;0.37;undefined;OTHER;OTHER
2024526163_2024526164.tif;1;0;777;1000;143;258;24;10;143;258;167;258;167;268;143;268;1201;NNNN;0.34;undefined;OTHER;OTHER
2024526163_2024526164.tif;1;0;777;1000;218;266;24;11;218;266;242;266;242;277;218;277;D.C.;ASAS;0.8;undefined;OTHER;OTHER
2024526163_2024526164.tif;1;0;777;1000;257;266;31;10;257;266;288;266;288;276;257;276;20044;NNNNN;0.3;undefined;OTHER;OTHER
2024526163_2024526164.tif;1;0;777;1000;142;271;68;10;142;271;210;271;210;281;142;281;Washington.;AAAAAAAAAAS;0.44;undefined;OTHER;OTHER
2024526163_2024526164.tif;1;0;777;1000;487;297;33;7;487;297;520;297;520;304;487;304;wvOCE;AAAAA;0.39;undefined;OTHER;OTHER
2024526163_2024526164.tif;1;0;777;1000;524;297;12;7;524;297;536;297;536;304;524;304;M3;AN;0.17;undefined;OTHER;OTHER
2024526163_2024526164.tif;1;0;777;1000;545;302;24;11;545;302;569;302;569;313;545;313;4341;NNNN;0.65;undefined;OTHER;OTHER
2024526163_2024526164.tif;1;0;777;1000;517;323;22;8;517;323;539;323;539;331;517;331;OATE;AAAA;0.21;undefined;OTHER;OTHER
2024526163_2024526164.tif;1;0;777;1000;545;329;18;10;545;329;563;329;563;339;545;339;Dec;AAA;0.27;undefined;OTHER;OTHER
2024526163_2024526164.tif;1;0;777;1000;572;329;16;10;572;329;588;329;588;339;572;339;13,;NNS;0.53;undefined;OTHER;OTHER
2024526163_2024526164.tif;1;0;777;1000;597;329;23;9;597;329;620;329;620;338;597;338;1991;NNNN;0.25;undefined;OTHER;OTHER
2024526163_2024526164.tif;1;0;777;1000;79;354;25;7;79;354;104;354;104;361;79;361;YOUA;AAAA;0.23;undefined;OTHER;OTHER
2024526163_2024526164.tif;1;0;777;1000;108;354;16;7;108;354;124;354;124;361;108;361;ner;AAA;0.21;undefined;OTHER;OTHER
2024526163_2024526164.tif;1;0;777;1000;590;354;11;9;590;354;601;354;601;363;590;363;of;AA;0.68;undefined;OTHER;OTHER
2024526163_2024526164.tif;1;0;777;1000;545;355;25;12;545;355;570;355;570;367;545;367;Page;AAAA;0.32;undefined;OTHER;OTHER
2024526163_2024526164.tif;1;0;777;1000;578;355;4;9;578;355;582;355;582;364;578;364;1;N;0.72;undefined;OTHER;OTHER
2024526163_2024526164.tif;1;0;777;1000;609;355;5;9;609;355;614;355;614;364;609;364;2;N;0.17;undefined;OTHER;OTHER
2024526163_2024526164.tif;1;0;777;1000;167;359;24;9;167;359;191;359;191;368;167;368;John;AAAA;0.35;undefined;OTHER;OTHER
2024526163_2024526164.tif;1;0;777;1000;199;359;25;11;199;359;224;359;224;370;199;370;Rupp;AAAA;0.31;undefined;OTHER;OTHER
2024526163_2024526164.tif;1;0;777;1000;140;360;19;9;140;360;159;360;159;369;140;369;Mr.;AAS;0.41;undefined;OTHER;OTHER
2024526163_2024526164.tif;1;0;777;1000;307;410;51;12;307;410;358;410;358;422;307;422;Expenses;AAAAAAAA;0.36;undefined;OTHER;OTHER
2024526163_2024526164.tif;1;0;777;1000;366;422;50;11;366;422;416;422;416;433;366;433;Sgainars;AAAAAAAA;0.41;undefined;OTHER;OTHER
2024526163_2024526164.tif;1;0;777;1000;348;423;10;9;348;423;358;423;358;432;348;432;11;NN;0.27;undefined;OTHER;OTHER
2024526163_2024526164.tif;1;0;777;1000;256;424;45;10;256;424;301;424;301;434;256;434;Germany;AAAAAAA;0.28;undefined;OTHER;OTHER
2024526163_2024526164.tif;1;0;777;1000;308;424;32;9;308;424;340;424;340;433;308;433;Phase;AAAAA;0.39;undefined;OTHER;OTHER
2024526163_2024526164.tif;1;0;777;1000;456;446;63;12;456;446;519;446;519;458;456;458;presenting;AAAAAAAAAA;0.44;undefined;OTHER;OTHER
2024526163_2024526164.tif;1;0;777;1000;366;447;57;11;366;447;423;447;423;458;366;458;Robertson;AAAAAAAAA;0.33;undefined;OTHER;OTHER
2024526163_2024526164.tif;1;0;777;1000;432;447;10;9;432;447;442;447;442;456;432;456;in;AA;0.26;undefined;OTHER;OTHER
2024526163_2024526164.tif;1;0;777;1000;257;448;12;10;257;448;269;448;269;458;257;458;of;AA;0.44;undefined;OTHER;OTHER
2024526163_2024526164.tif;1;0;777;1000;339;448;12;9;339;448;351;448;351;457;339;457;G.;AS;0.43;undefined;OTHER;OTHER
2024526163_2024526164.tif;1;0;777;1000;193;449;50;10;193;449;243;449;243;459;193;459;services;AAAAAAAA;0.39;undefined;OTHER;OTHER
2024526163_2024526164.tif;1;0;777;1000;307;449;19;8;307;449;326;449;326;457;307;457;Mr.;AAS;0.46;undefined;OTHER;OTHER
2024526163_2024526164.tif;1;0;777;1000;141;450;13;9;141;450;154;450;154;459;141;459;To;AA;0.23;undefined;OTHER;OTHER
2024526163_2024526164.tif;1;0;777;1000;168;450;18;9;168;450;186;450;186;459;168;459;the;AAA;0.29;undefined;OTHER;OTHER
2024526163_2024526164.tif;1;0;777;1000;283;451;18;7;283;451;301;451;301;458;283;458;our;AAA;0.51;undefined;OTHER;OTHER
2024526163_2024526164.tif;1;0;777;1000;380;460;56;12;380;460;436;460;436;472;380;472;folleaving;AAAAAAAAAA;0.37;undefined;OTHER;OTHER
2024526163_2024526164.tif;1;0;777;1000;444;460;61;9;444;460;505;460;505;469;444;469;timetable:;AAAAAAAAAS;0.47;undefined;OTHER;OTHER
2024526163_2024526164.tif;1;0;777;1000;270;461;57;12;270;461;327;461;327;473;270;473;according;AAAAAAAAA;0.36;undefined;OTHER;OTHER
2024526163_2024526164.tif;1;0;777;1000;218;462;44;12;218;462;262;462;262;474;218;474;Germany;AAAAAAA;0.39;undefined;OTHER;OTHER
2024526163_2024526164.tif;1;0;777;1000;335;462;11;8;335;462;346;462;346;470;335;470;to;AA;0.45;undefined;OTHER;OTHER
2024526163_2024526164.tif;1;0;777;1000;355;462;17;8;355;462;372;462;372;470;355;470;the;AAA;0.51;undefined;OTHER;OTHER
2024526163_2024526164.tif;1;0;777;1000;142;463;49;9;142;463;191;463;191;472;142;472;seminars;AAAAAAAA;0.33;undefined;OTHER;OTHER
2024526163_2024526164.tif;1;0;777;1000;201;463;10;9;201;463;211;463;211;472;201;472;in;AA;0.64;undefined;OTHER;OTHER
2024526163_2024526164.tif;1;0;777;1000;476;474;3;3;476;474;479;474;479;477;476;477;p;A;0.01;undefined;OTHER;OTHER
2024526163_2024526164.tif;1;0;777;1000;347;486;56;11;347;486;403;486;403;497;347;497;Frankfurt;AAAAAAAAA;0.36;undefined;OTHER;OTHER
2024526163_2024526164.tif;1;0;777;1000;225;488;18;13;225;488;243;488;243;501;225;501;Fly;AAA;0.55;undefined;OTHER;OTHER
2024526163_2024526164.tif;1;0;777;1000;270;488;43;11;270;488;313;488;313;499;270;499;Berlin,;AAAAAAS;0.43;undefined;OTHER;OTHER
2024526163_2024526164.tif;1;0;777;1000;322;488;17;9;322;488;339;488;339;497;322;497;via;AAA;0.68;undefined;OTHER;OTHER
2024526163_2024526164.tif;1;0;777;1000;186;489;24;10;186;489;210;489;210;499;186;499;Nov.;AAAS;0.6;undefined;OTHER;OTHER
2024526163_2024526164.tif;1;0;777;1000;252;489;10;9;252;489;262;489;262;498;252;498;to;AA;0.98;undefined;OTHER;OTHER
2024526163_2024526164.tif;1;0;777;1000;141;490;18;9;141;490;159;490;159;499;141;499;Sat;AAA;0.56;undefined;OTHER;OTHER
2024526163_2024526164.tif;1;0;777;1000;168;490;10;9;168;490;178;490;178;499;168;499;30;NN;0.78;undefined;OTHER;OTHER
2024526163_2024526164.tif;1;0;777;1000;275;501;39;10;275;501;314;501;314;511;275;511;w/Rita;ASAAAA;0.4;undefined;OTHER;OTHER
2024526163_2024526164.tif;1;0;777;1000;321;501;30;10;321;501;351;501;351;511;321;511;Stark;AAAAA;0.45;undefined;OTHER;OTHER
2024526163_2024526164.tif;1;0;777;1000;224;502;45;12;224;502;269;502;269;514;224;514;Meeting;AAAAAAA;0.39;undefined;OTHER;OTHER
2024526163_2024526164.tif;1;0;777;1000;141;503;19;9;141;503;160;503;160;512;141;512;Sun;AAA;0.54;undefined;OTHER;OTHER
2024526163_2024526164.tif;1;0;777;1000;174;503;5;9;174;503;179;503;179;512;174;512;1;N;1.0;undefined;OTHER;OTHER
2024526163_2024526164.tif;1;0;777;1000;187;503;23;9;187;503;210;503;210;512;187;512;Dec.;AAAS;0.46;undefined;OTHER;OTHER
2024526163_2024526164.tif;1;0;777;1000;225;514;43;10;225;514;268;514;268;524;225;524;Seminar;AAAAAAA;0.43;undefined;OTHER;OTHER
2024526163_2024526164.tif;1;0;777;1000;278;514;10;9;278;514;288;514;288;523;278;523;in;AA;0.69;undefined;OTHER;OTHER
2024526163_2024526164.tif;1;0;777;1000;296;514;37;9;296;514;333;514;333;523;296;523;Berlin;AAAAAA;0.64;undefined;OTHER;OTHER
2024526163_2024526164.tif;1;0;777;1000;140;516;20;8;140;516;160;516;160;524;140;524;Mon;AAA;0.29;undefined;OTHER;OTHER
2024526163_2024526164.tif;1;0;777;1000;174;516;5;8;174;516;179;516;179;524;174;524;2;N;1.0;undefined;OTHER;OTHER
2024526163_2024526164.tif;1;0;777;1000;187;516;23;8;187;516;210;516;210;524;187;524;Dec.;AAAS;0.47;undefined;OTHER;OTHER
2024526163_2024526164.tif;1;0;777;1000;278;526;10;9;278;526;288;526;288;535;278;535;in;AA;0.24;undefined;OTHER;OTHER
2024526163_2024526164.tif;1;0;777;1000;225;527;43;9;225;527;268;527;268;536;225;536;Seminar;AAAAAAA;0.55;undefined;OTHER;OTHER
2024526163_2024526164.tif;1;0;777;1000;296;527;43;8;296;527;339;527;339;535;296;535;Dresden;AAAAAAA;0.59;undefined;OTHER;OTHER
2024526163_2024526164.tif;1;0;777;1000;141;528;19;8;141;528;160;528;160;536;141;536;Tue;AAA;0.5;undefined;OTHER;OTHER
2024526163_2024526164.tif;1;0;777;1000;174;528;5;9;174;528;179;528;179;537;174;537;3;N;0.97;undefined;OTHER;OTHER
2024526163_2024526164.tif;1;0;777;1000;187;528;23;8;187;528;210;528;210;536;187;536;Dec.;AAAS;0.5;undefined;OTHER;OTHER
2024526163_2024526164.tif;1;0;777;1000;225;539;43;10;225;539;268;539;268;549;225;549;Stroinar;AAAAAAAA;0.45;undefined;OTHER;OTHER
2024526163_2024526164.tif;1;0;777;1000;278;539;10;9;278;539;288;539;288;548;278;548;in;AA;0.46;undefined;OTHER;OTHER
2024526163_2024526164.tif;1;0;777;1000;295;539;45;11;295;539;340;539;340;550;295;550;Hanburg;AAAAAAA;0.29;undefined;OTHER;OTHER
2024526163_2024526164.tif;1;0;777;1000;141;540;19;9;141;540;160;540;160;549;141;549;Wed;AAA;0.38;undefined;OTHER;OTHER
2024526163_2024526164.tif;1;0;777;1000;187;540;23;9;187;540;210;540;210;549;187;549;Dec.;AAAS;0.49;undefined;OTHER;OTHER
2024526163_2024526164.tif;1;0;777;1000;174;541;5;8;174;541;179;541;179;549;174;549;4;N;0.33;undefined;OTHER;OTHER
2024526163_2024526164.tif;1;0;777;1000;225;552;43;11;225;552;268;552;268;563;225;563;Saninar;AAAAAAA;0.38;undefined;OTHER;OTHER
2024526163_2024526164.tif;1;0;777;1000;278;552;10;9;278;552;288;552;288;561;278;561;in;AA;0.47;undefined;OTHER;OTHER
2024526163_2024526164.tif;1;0;777;1000;296;552;24;9;296;552;320;552;320;561;296;561;Bonn;AAAA;0.39;undefined;OTHER;OTHER
2024526163_2024526164.tif;1;0;777;1000;141;553;25;10;141;553;166;553;166;563;141;563;Thur;AAAA;0.38;undefined;OTHER;OTHER
2024526163_2024526164.tif;1;0;777;1000;174;553;5;9;174;553;179;553;179;562;174;562;5;N;0.83;undefined;OTHER;OTHER
2024526163_2024526164.tif;1;0;777;1000;187;553;23;10;187;553;210;553;210;563;187;563;Dec.;AAAS;0.55;undefined;OTHER;OTHER
2024526163_2024526164.tif;1;0;777;1000;225;565;43;11;225;565;268;565;268;576;225;576;Soninar;AAAAAAA;0.49;undefined;OTHER;OTHER
2024526163_2024526164.tif;1;0;777;1000;278;565;10;10;278;565;288;565;288;575;278;575;in;AA;0.41;undefined;OTHER;OTHER
2024526163_2024526164.tif;1;0;777;1000;296;565;55;10;296;565;351;565;351;575;296;575;Frankfurt;AAAAAAAAA;0.52;undefined;OTHER;OTHER
2024526163_2024526164.tif;1;0;777;1000;141;567;18;9;141;567;159;567;159;576;141;576;Fri;AAA;0.43;undefined;OTHER;OTHER
2024526163_2024526164.tif;1;0;777;1000;174;567;5;9;174;567;179;567;179;576;174;576;6;N;0.56;undefined;OTHER;OTHER
2024526163_2024526164.tif;1;0;777;1000;187;567;23;9;187;567;210;567;210;576;187;576;Dec.;AAAS;0.66;undefined;OTHER;OTHER
2024526163_2024526164.tif;1;0;777;1000;289;578;20;10;289;578;309;578;309;588;289;588;USA;AAA;0.42;undefined;OTHER;OTHER
2024526163_2024526164.tif;1;0;777;1000;225;579;38;10;225;579;263;579;263;589;225;589;Return;AAAAAA;0.49;undefined;OTHER;OTHER
2024526163_2024526164.tif;1;0;777;1000;271;579;12;9;271;579;283;579;283;588;271;588;to;AA;0.65;undefined;OTHER;OTHER
2024526163_2024526164.tif;1;0;777;1000;141;580;19;9;141;580;160;580;160;589;141;589;Sat;AAA;0.53;undefined;OTHER;OTHER
2024526163_2024526164.tif;1;0;777;1000;174;580;6;9;174;580;180;580;180;589;174;589;7;N;0.65;undefined;OTHER;OTHER
2024526163_2024526164.tif;1;0;777;1000;187;580;24;9;187;580;211;580;211;589;187;589;Dec.;AAAS;0.5;undefined;OTHER;OTHER
2024526163_2024526164.tif;1;0;777;1000;213;605;24;10;213;605;237;605;237;615;213;615;Pees;AAAA;0.27;undefined;OTHER;OTHER
2024526163_2024526164.tif;1;0;777;1000;142;606;64;10;142;606;206;606;206;616;142;616;Consulting;AAAAAAAAAA;0.57;undefined;OTHER;OTHER
2024526163_2024526164.tif;1;0;777;1000;80;607;10;9;80;607;90;607;90;616;80;616;1);NS;0.68;undefined;OTHER;OTHER
2024526163_2024526164.tif;1;0;777;1000;444;628;42;11;444;628;486;628;486;639;444;639;slides,;AAAAAAS;0.46;undefined;OTHER;OTHER
2024526163_2024526164.tif;1;0;777;1000;379;629;57;12;379;629;436;629;436;641;379;641;designing;AAAAAAAAA;0.33;undefined;OTHER;OTHER
2024526163_2024526164.tif;1;0;777;1000;495;629;24;9;495;629;519;629;519;638;495;638;etc.;AAAS;0.6;undefined;OTHER;OTHER
2024526163_2024526164.tif;1;0;777;1000;194;630;57;13;194;630;251;630;251;643;194;643;preparing;AAAAAAAAA;0.32;undefined;OTHER;OTHER
2024526163_2024526164.tif;1;0;777;1000;259;630;42;10;259;630;301;630;301;640;259;640;seminar;AAAAAAA;0.4;undefined;OTHER;OTHER
2024526163_2024526164.tif;1;0;777;1000;308;630;63;11;308;630;371;630;371;641;308;641;rraterials,;AAAAAAAAAAS;0.44;undefined;OTHER;OTHER
2024526163_2024526164.tif;1;0;777;1000;142;632;19;9;142;632;161;632;161;641;142;641;Che;AAA;0.64;undefined;OTHER;OTHER
2024526163_2024526164.tif;1;0;777;1000;168;632;18;11;168;632;186;632;186;643;168;643;day;AAA;0.58;undefined;OTHER;OTHER
2024526163_2024526164.tif;1;0;777;1000;193;643;45;13;193;643;238;643;238;656;193;656;working;AAAAAAA;0.32;undefined;OTHER;OTHER
2024526163_2024526164.tif;1;0;777;1000;169;644;17;10;169;644;186;644;186;654;169;654;six;AAA;0.66;undefined;OTHER;OTHER
2024526163_2024526164.tif;1;0;777;1000;245;644;24;11;245;644;269;644;269;655;245;655;days;AAAA;0.19;undefined;OTHER;OTHER
2024526163_2024526164.tif;1;0;777;1000;297;644;30;9;297;644;327;644;327;653;297;653;tour.;AAAAS;0.62;undefined;OTHER;OTHER
2024526163_2024526164.tif;1;0;777;1000;143;645;18;9;143;645;161;645;161;654;143;654;and;AAA;0.47;undefined;OTHER;OTHER
2024526163_2024526164.tif;1;0;777;1000;277;646;12;7;277;646;289;646;289;653;277;653;cn;AA;0.37;undefined;OTHER;OTHER
2024526163_2024526164.tif;1;0;777;1000;559;666;5;9;559;666;564;666;564;675;559;675;$;S;0.31;undefined;OTHER;OTHER
2024526163_2024526164.tif;1;0;777;1000;572;666;49;11;572;666;621;666;621;677;572;677;8,750.00;NSNNNSNN;0.62;undefined;OTHER;OTHER
2024526163_2024526164.tif;1;0;777;1000;208;669;36;12;208;669;244;669;244;681;208;681;$1,250;SNSNNN;0.46;undefined;OTHER;OTHER
2024526163_2024526164.tif;1;0;777;1000;277;669;18;12;277;669;295;669;295;681;277;681;day;AAA;0.57;undefined;OTHER;OTHER
2024526163_2024526164.tif;1;0;777;1000;143;671;5;9;143;671;148;671;148;680;143;680;7;N;1.0;undefined;OTHER;OTHER
2024526163_2024526164.tif;1;0;777;1000;156;671;24;11;156;671;180;671;180;682;156;682;days;AAAA;0.61;undefined;OTHER;OTHER
2024526163_2024526164.tif;1;0;777;1000;188;671;11;9;188;671;199;671;199;680;188;680;at;AA;0.77;undefined;OTHER;OTHER
2024526163_2024526164.tif;1;0;777;1000;252;672;17;9;252;672;269;672;269;681;252;681;per;AAA;0.61;undefined;OTHER;OTHER
2024526163_2024526164.tif;1;0;777;1000;202;695;55;13;202;695;257;695;257;708;202;708;(Exchange;SAAAAAAAA;0.38;undefined;OTHER;OTHER
2024526163_2024526164.tif;1;0;777;1000;329;695;12;9;329;695;341;695;341;704;329;704;CM;AA;0.63;undefined;OTHER;OTHER
2024526163_2024526164.tif;1;0;777;1000;361;695;17;10;361;695;378;695;378;705;361;705;$1);SNS;0.3;undefined;OTHER;OTHER
2024526163_2024526164.tif;1;0;777;1000;266;696;23;8;266;696;289;696;289;704;266;704;rate;AAAA;0.35;undefined;OTHER;OTHER
2024526163_2024526164.tif;1;0;777;1000;297;696;24;8;297;696;321;696;321;704;297;704;1.55;NSNN;0.47;undefined;OTHER;OTHER
2024526163_2024526164.tif;1;0;777;1000;80;697;11;10;80;697;91;697;91;707;80;707;2);NS;0.37;undefined;OTHER;OTHER
2024526163_2024526164.tif;1;0;777;1000;143;697;50;10;143;697;193;697;193;707;143;707;Expenses;AAAAAAAA;0.48;undefined;OTHER;OTHER
2024526163_2024526164.tif;1;0;777;1000;348;698;5;4;348;698;353;698;353;702;348;702;=;S;0.58;undefined;OTHER;OTHER
2024526163_2024526164.tif;1;0;777;1000;380;719;50;11;380;719;430;719;430;730;380;730;5.536.00;NSNNNSNN;0.43;undefined;OTHER;OTHER
2024526163_2024526164.tif;1;0;777;1000;367;720;5;9;367;720;372;720;372;729;367;729;$;S;0.3;undefined;OTHER;OTHER
2024526163_2024526164.tif;1;0;777;1000;143;722;56;9;143;722;199;722;199;731;143;731;Airfares:;AAAAAAAAS;0.42;undefined;OTHER;OTHER
2024526163_2024526164.tif;1;0;777;1000;80;723;18;9;80;723;98;723;98;732;80;732;2.1;NSN;0.8;undefined;OTHER;OTHER
2024526163_2024526164.tif;1;0;777;1000;145;747;42;9;145;747;187;747;187;756;145;756;Hotels:;AAAAAAS;0.46;undefined;OTHER;OTHER
2024526163_2024526164.tif;1;0;777;1000;82;748;18;9;82;748;100;748;100;757;82;757;2.2;NSN;0.63;undefined;OTHER;OTHER
2024526163_2024526164.tif;1;0;777;1000;234;759;18;9;234;759;252;759;252;768;234;768;586;NNN;0.38;undefined;OTHER;OTHER
2024526163_2024526164.tif;1;0;777;1000;259;759;25;9;259;759;284;759;284;768;259;768;04*;NNS;0.52;undefined;OTHER;OTHER
2024526163_2024526164.tif;1;0;777;1000;317;759;5;9;317;759;322;759;322;768;317;768;$;S;0.37;undefined;OTHER;OTHER
2024526163_2024526164.tif;1;0;777;1000;330;759;37;9;330;759;367;759;367;768;330;768;378.06;NNNSNN;0.66;undefined;OTHER;OTHER
2024526163_2024526164.tif;1;0;777;1000;157;760;43;10;157;760;200;760;200;770;157;770;Berlin:;AAAAAAS;0.77;undefined;OTHER;OTHER
2024526163_2024526164.tif;1;0;777;1000;649;762;23;135;649;762;672;762;672;897;649;897;C9T9ZSK:oz;ANANAAASAA;0.2;undefined;OTHER;OTHER
2024526163_2024526164.tif;1;0;777;1000;330;771;37;9;330;771;367;771;367;780;330;780;450.94;NNNSNN;0.58;undefined;OTHER;OTHER
2024526163_2024526164.tif;1;0;777;1000;216;772;36;10;216;772;252;772;252;782;216;782;698.95;NNNSNN;0.29;undefined;OTHER;OTHER
2024526163_2024526164.tif;1;0;777;1000;260;772;12;8;260;772;272;772;272;780;260;780;CM;AA;0.26;undefined;OTHER;OTHER
2024526163_2024526164.tif;1;0;777;1000;157;773;50;9;157;773;207;773;207;782;157;782;Dresden:;AAAAAAAS;0.35;undefined;OTHER;OTHER
2024526163_2024526164.tif;1;0;777;1000;279;774;5;4;279;774;284;774;284;778;279;778;=;S;0.59;undefined;OTHER;OTHER
2024526163_2024526164.tif;1;0;777;1000;229;784;23;10;229;784;252;784;252;794;229;794;1456;NNNN;0.48;undefined;OTHER;OTHER
2024526163_2024526164.tif;1;0;777;1000;260;784;13;8;260;784;273;784;273;792;260;792;CM;AA;0.41;undefined;OTHER;OTHER
2024526163_2024526164.tif;1;0;777;1000;329;784;38;9;329;784;367;784;367;793;329;793;939.35;NNNSNN;0.42;undefined;OTHER;OTHER
2024526163_2024526164.tif;1;0;777;1000;158;786;49;10;158;786;207;786;207;796;158;796;Hamburg:;AAAAAAAS;0.3;undefined;OTHER;OTHER
2024526163_2024526164.tif;1;0;777;1000;279;786;6;5;279;786;285;786;285;791;279;791;=;S;0.3;undefined;OTHER;OTHER
2024526163_2024526164.tif;1;0;777;1000;318;792;5;2;318;792;323;792;323;794;318;794;_;_;0.25;undefined;OTHER;OTHER
2024526163_2024526164.tif;1;0;777;1000;330;796;36;9;330;796;366;796;366;805;330;805;4S8.97;NANSNN;0.52;undefined;OTHER;OTHER
2024526163_2024526164.tif;1;0;777;1000;158;797;61;9;158;797;219;797;219;806;158;806;Frankfurt:;AAAAAAAAAS;0.48;undefined;OTHER;OTHER
2024526163_2024526164.tif;1;0;777;1000;235;797;36;8;235;797;271;797;271;805;235;805;726.90;NNNSNN;0.4;undefined;OTHER;OTHER
2024526163_2024526164.tif;1;0;777;1000;279;799;6;4;279;799;285;799;285;803;279;803;=;S;0.32;undefined;OTHER;OTHER
2024526163_2024526164.tif;1;0;777;1000;381;819;49;12;381;819;430;819;430;831;381;831;2,237.32;NSNNNSNN;0.38;undefined;OTHER;OTHER
2024526163_2024526164.tif;1;0;777;1000;368;820;5;10;368;820;373;820;373;830;368;830;$;S;0.17;undefined;OTHER;OTHER
2024526163_2024526164.tif;1;0;777;1000;145;822;30;9;145;822;175;822;175;831;145;831;Total;AAAAA;0.43;undefined;OTHER;OTHER
2024526163_2024526164.tif;1;0;777;1000;184;822;36;9;184;822;220;822;220;831;184;831;hotels;AAAAAA;0.37;undefined;OTHER;OTHER
2024526163_2024526164.tif;1;0;777;1000;400;845;30;9;400;845;430;845;430;854;400;854;55.00;NNSNN;0.53;undefined;OTHER;OTHER
2024526163_2024526164.tif;1;0;777;1000;260;846;61;9;260;846;321;846;321;855;260;855;Frankfurt:;AAAAAAAAAS;0.56;undefined;OTHER;OTHER
2024526163_2024526164.tif;1;0;777;1000;369;846;4;9;369;846;373;846;373;855;369;855;$;S;0.25;undefined;OTHER;OTHER
2024526163_2024526164.tif;1;0;777;1000;235;847;18;8;235;847;253;847;253;855;235;855;and;AAA;0.56;undefined;OTHER;OTHER
2024526163_2024526164.tif;1;0;777;1000;146;848;36;9;146;848;182;848;182;857;146;857;Taxis:;AAAAAS;0.56;undefined;OTHER;OTHER
2024526163_2024526164.tif;1;0;777;1000;191;848;36;8;191;848;227;848;227;856;191;856;Berlin;AAAAAA;0.39;undefined;OTHER;OTHER
2024526163_2024526164.tif;1;0;777;1000;83;849;18;9;83;849;101;849;101;858;83;858;2.3;NSN;0.84;undefined;OTHER;OTHER
2024526163_2024526164.tif;1;0;777;1000;395;870;35;9;395;870;430;870;430;879;395;879;150.00;NNNSNN;0.71;undefined;OTHER;OTHER
2024526163_2024526164.tif;1;0;777;1000;178;872;75;10;178;872;253;872;253;882;178;882;meals/drinks;AAAAASAAAAAA;0.48;undefined;OTHER;OTHER
2024526163_2024526164.tif;1;0;777;1000;369;872;4;8;369;872;373;872;373;880;369;880;S;A;0.21;undefined;OTHER;OTHER
2024526163_2024526164.tif;1;0;777;1000;145;874;26;9;145;874;171;874;171;883;145;883;Misc;AAAA;0.48;undefined;OTHER;OTHER
2024526163_2024526164.tif;1;0;777;1000;84;875;18;9;84;875;102;875;102;884;84;884;2.4;NSN;0.86;undefined;OTHER;OTHER
2024526163_2024526164.tif;1;0;777;1000;558;892;6;9;558;892;564;892;564;901;558;901;$;S;0.28;undefined;OTHER;OTHER
2024526163_2024526164.tif;1;0;777;1000;571;892;50;10;571;892;621;892;621;902;571;902;7,978.32;NSNNNSNN;0.54;undefined;OTHER;OTHER
2024526163_2024526164.tif;1;0;777;1000;146;899;31;8;146;899;177;899;177;907;146;907;Total;AAAAA;0.65;undefined;OTHER;OTHER
2024526163_2024526164.tif;1;0;777;1000;185;899;56;9;185;899;241;899;241;908;185;908;expenses:;AAAAAAAAS;0.24;undefined;OTHER;OTHER
