src;num_pages;page_id;page_width;page_height;col;row;width;height;x1;y1;x2;y2;x3;y3;x4;y4;contents;contents_masked;confidence;correctclass;tag;description
2063610071.tif;1;0;768;1000;252;42;112;12;252;42;364;42;364;54;252;54;Covington;AAAAAAAAA;0.49;undefined;OTHER;OTHER
2063610071.tif;1;0;768;1000;409;43;85;12;409;43;494;43;494;55;409;55;Burling;AAAAAAA;0.5;undefined;OTHER;OTHER
2063610071.tif;1;0;768;1000;380;44;12;10;380;44;392;44;392;54;380;54;&;S;0.62;undefined;OTHER;OTHER
2063610071.tif;1;0;768;1000;263;63;23;7;263;63;286;63;286;70;263;70;1201;NNNN;0.44;undefined;OTHER;OTHER
2063610071.tif;1;0;768;1000;293;63;95;8;293;63;388;63;388;71;293;71;PENNSYLVANIA;AAAAAAAAAAAA;0.33;undefined;OTHER;OTHER
2063610071.tif;1;0;768;1000;396;64;51;8;396;64;447;64;447;72;396;72;AVENUE.;AAAAAAS;0.45;undefined;OTHER;OTHER
2063610071.tif;1;0;768;1000;454;65;9;6;454;65;463;65;463;71;454;71;N.;AS;1.0;undefined;OTHER;OTHER
2063610071.tif;1;0;768;1000;471;65;12;6;471;65;483;65;483;71;471;71;W.;AS;0.78;undefined;OTHER;OTHER
2063610071.tif;1;0;768;1000;327;82;18;7;327;82;345;82;345;89;327;89;PO;AA;0.45;undefined;OTHER;OTHER
2063610071.tif;1;0;768;1000;354;82;24;8;354;82;378;82;378;90;354;90;BOX;AAA;0.53;undefined;OTHER;OTHER
2063610071.tif;1;0;768;1000;386;82;33;8;386;82;419;82;419;90;386;90;7566;NNNN;0.33;undefined;OTHER;OTHER
2063610071.tif;1;0;768;1000;296;98;81;9;296;98;377;98;377;107;296;107;WASHINGTON.;AAAAAAAAAAS;0.55;undefined;OTHER;OTHER
2063610071.tif;1;0;768;1000;382;99;17;7;382;99;399;99;399;106;382;106;DC;AA;0.43;undefined;OTHER;OTHER
2063610071.tif;1;0;768;1000;409;99;40;7;409;99;449;99;449;106;409;106;200AA;NNNAA;0.3;undefined;OTHER;OTHER
2063610071.tif;1;0;768;1000;339;127;67;8;339;127;406;127;406;135;339;135;TELEPHONE;AAAAAAAAA;0.41;undefined;OTHER;OTHER
2063610071.tif;1;0;768;1000;322;144;30;7;322;144;352;144;352;151;322;151;12021;NNNNN;0.32;undefined;OTHER;OTHER
2063610071.tif;1;0;768;1000;358;144;65;8;358;144;423;144;423;152;358;152;662-6000;NNNSNNNN;0.34;undefined;OTHER;OTHER
2063610071.tif;1;0;768;1000;24;156;70;8;24;156;94;156;94;164;24;164;EMPLOYER;AAAAAAAA;0.32;undefined;OTHER;OTHER
2063610071.tif;1;0;768;1000;101;156;103;9;101;156;204;156;204;165;101;165;IDENTIFICATION;AAAAAAAAAAAAAA;0.68;undefined;OTHER;OTHER
2063610071.tif;1;0;768;1000;211;157;21;8;211;157;232;157;232;165;211;165;NO.;AAS;0.64;undefined;OTHER;OTHER
2063610071.tif;1;0;768;1000;93;169;56;8;93;169;149;169;149;177;93;177;53-01884;NNSNNNNN;0.32;undefined;OTHER;OTHER
2063610071.tif;1;0;768;1000;656;169;54;11;656;169;710;169;710;180;656;180;24010-03;NNNNNSNN;0.79;undefined;OTHER;OTHER
2063610071.tif;1;0;768;1000;153;170;3;7;153;170;156;170;156;177;153;177;1;N;0.43;undefined;OTHER;OTHER
2063610071.tif;1;0;768;1000;161;170;2;7;161;170;163;170;163;177;161;177;1;N;0.47;undefined;OTHER;OTHER
2063610071.tif;1;0;768;1000;528;172;60;8;528;172;588;172;588;180;528;180;ACCOUNT;AAAAAAA;0.51;undefined;OTHER;OTHER
2063610071.tif;1;0;768;1000;594;173;20;8;594;173;614;173;614;181;594;181;NO.;AAS;0.84;undefined;OTHER;OTHER
2063610071.tif;1;0;768;1000;335;184;6;7;335;184;341;184;341;191;335;191;S;A;1.0;undefined;OTHER;OTHER
2063610071.tif;1;0;768;1000;345;184;24;7;345;184;369;184;369;191;345;191;TAT;AAA;0.67;undefined;OTHER;OTHER
2063610071.tif;1;0;768;1000;373;184;6;7;373;184;379;184;379;191;373;191;E;A;0.46;undefined;OTHER;OTHER
2063610071.tif;1;0;768;1000;383;184;8;7;383;184;391;184;391;191;383;191;M;A;0.01;undefined;OTHER;OTHER
2063610071.tif;1;0;768;1000;396;184;6;7;396;184;402;184;402;191;396;191;E;A;0.39;undefined;OTHER;OTHER
2063610071.tif;1;0;768;1000;406;184;6;7;406;184;412;184;412;191;406;191;N;A;1.0;undefined;OTHER;OTHER
2063610071.tif;1;0;768;1000;416;184;7;7;416;184;423;184;423;191;416;191;T;A;1.0;undefined;OTHER;OTHER
2063610071.tif;1;0;768;1000;528;195;32;8;528;195;560;195;560;203;528;203;DATE;AAAA;0.71;undefined;OTHER;OTHER
2063610071.tif;1;0;768;1000;658;204;18;12;658;204;676;204;676;216;658;216;25,;NNS;0.73;undefined;OTHER;OTHER
2063610071.tif;1;0;768;1000;684;204;26;11;684;204;710;204;710;215;684;215;1997;NNNN;0.51;undefined;OTHER;OTHER
2063610071.tif;1;0;768;1000;612;205;41;12;612;205;653;205;653;217;612;217;August;AAAAAA;0.71;undefined;OTHER;OTHER
2063610071.tif;1;0;768;1000;286;254;31;14;286;254;317;254;317;268;286;268;JOB;AAA;0.32;undefined;OTHER;OTHER
2063610071.tif;1;0;768;1000;319;254;158;14;319;254;477;254;477;268;319;268;ACCjliNGREDlENT^^l;AAAAAAAAAAAAAAASSA;0.6;undefined;OTHER;OTHER
2063610071.tif;1;0;768;1000;242;255;9;10;242;255;251;255;251;265;242;265;C;A;0.32;undefined;OTHER;OTHER
2063610071.tif;1;0;768;1000;253;255;31;13;253;255;284;255;284;268;253;268;H.l.LE;ASASAA;0.45;undefined;OTHER;OTHER
2063610071.tif;1;0;768;1000;479;255;54;13;479;255;533;255;533;268;479;268;ATTFR.S;AAAAASA;0.6;undefined;OTHER;OTHER
2063610071.tif;1;0;768;1000;117;301;20;12;117;301;137;301;137;313;117;313;For;AAA;0.62;undefined;OTHER;OTHER
2063610071.tif;1;0;768;1000;145;301;71;15;145;301;216;301;216;316;145;316;professional;AAAAAAAAAAAA;0.69;undefined;OTHER;OTHER
2063610071.tif;1;0;768;1000;225;302;45;11;225;302;270;302;270;313;225;313;services;AAAAAAAA;0.79;undefined;OTHER;OTHER
2063610071.tif;1;0;768;1000;279;302;50;10;279;302;329;302;329;312;279;312;rendered;AAAAAAAA;0.78;undefined;OTHER;OTHER
2063610071.tif;1;0;768;1000;355;302;100;10;355;302;455;302;455;312;355;312;British-American;AAAAAAASAAAAAAAA;0.78;undefined;OTHER;OTHER
2063610071.tif;1;0;768;1000;463;302;49;10;463;302;512;302;512;312;463;312;Tobacco;AAAAAAA;0.78;undefined;OTHER;OTHER
2063610071.tif;1;0;768;1000;337;304;10;8;337;304;347;304;347;312;337;312;to;AA;0.25;undefined;OTHER;OTHER
2063610071.tif;1;0;768;1000;250;319;66;11;250;319;316;319;316;330;250;330;Williamson;AAAAAAAAAA;0.67;undefined;OTHER;OTHER
2063610071.tif;1;0;768;1000;427;319;33;13;427;319;460;319;460;332;427;332;Philip;AAAAAA;0.88;undefined;OTHER;OTHER
2063610071.tif;1;0;768;1000;468;319;43;12;468;319;511;319;511;331;468;331;Morris.;AAAAAAS;0.78;undefined;OTHER;OTHER
2063610071.tif;1;0;768;1000;116;320;61;13;116;320;177;320;177;333;116;333;Company.;AAAAAAAS;0.47;undefined;OTHER;OTHER
2063610071.tif;1;0;768;1000;186;320;38;10;186;320;224;320;224;330;186;330;Brown;AAAAA;0.53;undefined;OTHER;OTHER
2063610071.tif;1;0;768;1000;232;320;10;10;232;320;242;320;242;330;232;330;&;S;0.79;undefined;OTHER;OTHER
2063610071.tif;1;0;768;1000;323;320;49;10;323;320;372;320;372;330;323;330;Tobacco;AAAAAAA;0.57;undefined;OTHER;OTHER
2063610071.tif;1;0;768;1000;380;320;37;13;380;320;417;320;417;333;380;333;Corp.,;AAAASS;0.73;undefined;OTHER;OTHER
2063610071.tif;1;0;768;1000;117;336;21;11;117;336;138;336;138;347;117;347;Inc.;AAAS;0.82;undefined;OTHER;OTHER
2063610071.tif;1;0;768;1000;146;336;20;11;146;336;166;336;166;347;146;347;and;AAA;0.62;undefined;OTHER;OTHER
2063610071.tif;1;0;768;1000;173;336;23;12;173;336;196;336;196;348;173;348;R.J.;ASAS;0.61;undefined;OTHER;OTHER
2063610071.tif;1;0;768;1000;204;336;53;14;204;336;257;336;257;350;204;350;Reynolds;AAAAAAAA;0.69;undefined;OTHER;OTHER
2063610071.tif;1;0;768;1000;264;336;49;11;264;336;313;336;313;347;264;347;Tobacco;AAAAAAA;0.83;undefined;OTHER;OTHER
2063610071.tif;1;0;768;1000;319;336;20;11;319;336;339;336;339;347;319;347;Co.;AAS;0.49;undefined;OTHER;OTHER
2063610071.tif;1;0;768;1000;346;336;38;14;346;336;384;336;384;350;346;350;during;AAAAAA;0.83;undefined;OTHER;OTHER
2063610071.tif;1;0;768;1000;390;336;26;11;390;336;416;336;416;347;390;347;June;AAAA;0.74;undefined;OTHER;OTHER
2063610071.tif;1;0;768;1000;423;336;20;11;423;336;443;336;443;347;423;347;and;AAA;0.59;undefined;OTHER;OTHER
2063610071.tif;1;0;768;1000;449;336;23;14;449;336;472;336;472;350;449;350;July;AAAA;0.66;undefined;OTHER;OTHER
2063610071.tif;1;0;768;1000;481;336;30;13;481;336;511;336;511;349;481;349;1997,;NNNNS;0.69;undefined;OTHER;OTHER
2063610071.tif;1;0;768;1000;134;353;64;11;134;353;198;353;198;364;134;364;connection;AAAAAAAAAA;0.69;undefined;OTHER;OTHER
2063610071.tif;1;0;768;1000;206;353;24;11;206;353;230;353;230;364;206;364;with;AAAA;0.58;undefined;OTHER;OTHER
2063610071.tif;1;0;768;1000;239;353;30;11;239;353;269;353;269;364;239;364;Chile;AAAAA;0.71;undefined;OTHER;OTHER
2063610071.tif;1;0;768;1000;328;353;57;13;328;353;385;353;385;366;328;366;ingredient;AAAAAAAAAA;0.78;undefined;OTHER;OTHER
2063610071.tif;1;0;768;1000;447;353;65;13;447;353;512;353;512;366;447;366;comprising;AAAAAAAAAA;0.69;undefined;OTHER;OTHER
2063610071.tif;1;0;768;1000;117;354;10;10;117;354;127;354;127;364;117;364;in;AA;0.61;undefined;OTHER;OTHER
2063610071.tif;1;0;768;1000;277;354;43;10;277;354;320;354;320;364;277;364;tobacco;AAAAAAA;0.76;undefined;OTHER;OTHER
2063610071.tif;1;0;768;1000;393;355;46;10;393;355;439;355;439;365;393;365;matters,;AAAAAAAS;0.65;undefined;OTHER;OTHER
2063610071.tif;1;0;768;1000;460;369;52;12;460;369;512;369;512;381;460;381;scientific;AAAAAAAAAA;0.74;undefined;OTHER;OTHER
2063610071.tif;1;0;768;1000;116;370;71;12;116;370;187;370;187;382;116;382;consultation;AAAAAAAAAAAA;0.71;undefined;OTHER;OTHER
2063610071.tif;1;0;768;1000;192;370;25;12;192;370;217;370;217;382;192;382;with;AAAA;0.48;undefined;OTHER;OTHER
2063610071.tif;1;0;768;1000;224;370;24;12;224;370;248;370;248;382;224;382;Drs.;AAAS;0.9;undefined;OTHER;OTHER
2063610071.tif;1;0;768;1000;255;370;47;14;255;370;302;370;302;384;255;384;Frawley;AAAAAAA;0.82;undefined;OTHER;OTHER
2063610071.tif;1;0;768;1000;308;370;20;11;308;370;328;370;328;381;308;381;and;AAA;0.78;undefined;OTHER;OTHER
2063610071.tif;1;0;768;1000;334;370;59;11;334;370;393;370;393;381;334;381;Vettorazzi;AAAAAAAAAA;0.84;undefined;OTHER;OTHER
2063610071.tif;1;0;768;1000;399;370;55;14;399;370;454;370;454;384;399;384;regarding;AAAAAAAAA;0.77;undefined;OTHER;OTHER
2063610071.tif;1;0;768;1000;117;388;38;11;117;388;155;388;155;399;117;399;review;AAAAAA;0.7;undefined;OTHER;OTHER
2063610071.tif;1;0;768;1000;166;388;13;10;166;388;179;388;179;398;166;398;of;AA;0.65;undefined;OTHER;OTHER
2063610071.tif;1;0;768;1000;188;388;30;11;188;388;218;388;218;399;188;399;Chile;AAAAA;0.76;undefined;OTHER;OTHER
2063610071.tif;1;0;768;1000;229;388;57;13;229;388;286;388;286;401;229;401;ingredient;AAAAAAAAAA;0.67;undefined;OTHER;OTHER
2063610071.tif;1;0;768;1000;296;388;21;12;296;388;317;388;317;400;296;400;list,;AAAAS;0.79;undefined;OTHER;OTHER
2063610071.tif;1;0;768;1000;328;388;53;13;328;388;381;388;381;401;328;401;including;AAAAAAAAA;0.75;undefined;OTHER;OTHER
2063610071.tif;1;0;768;1000;390;388;51;13;390;388;441;388;441;401;390;401;meetings;AAAAAAAA;0.65;undefined;OTHER;OTHER
2063610071.tif;1;0;768;1000;451;388;25;10;451;388;476;388;476;398;451;398;with;AAAA;0.39;undefined;OTHER;OTHER
2063610071.tif;1;0;768;1000;487;388;24;10;487;388;511;388;511;398;487;398;Drs.;AAAS;0.76;undefined;OTHER;OTHER
2063610071.tif;1;0;768;1000;116;405;48;14;116;405;164;405;164;419;116;419;Frawley;AAAAAAA;0.56;undefined;OTHER;OTHER
2063610071.tif;1;0;768;1000;172;405;20;11;172;405;192;405;192;416;172;416;and;AAA;0.37;undefined;OTHER;OTHER
2063610071.tif;1;0;768;1000;200;405;63;12;200;405;263;405;263;417;200;417;Vettorazzi,;AAAAAAAAAAS;0.63;undefined;OTHER;OTHER
2063610071.tif;1;0;768;1000;271;405;20;11;271;405;291;405;291;416;271;416;and;AAA;0.51;undefined;OTHER;OTHER
2063610071.tif;1;0;768;1000;299;405;27;11;299;405;326;405;326;416;299;416;BAT;AAA;0.75;undefined;OTHER;OTHER
2063610071.tif;1;0;768;1000;334;405;28;12;334;405;362;405;362;417;334;417;staff,;AAAAAS;0.61;undefined;OTHER;OTHER
2063610071.tif;1;0;768;1000;371;405;10;11;371;405;381;405;381;416;371;416;in;AA;0.7;undefined;OTHER;OTHER
2063610071.tif;1;0;768;1000;389;405;46;13;389;405;435;405;435;418;389;418;England;AAAAAAA;0.48;undefined;OTHER;OTHER
2063610071.tif;1;0;768;1000;444;405;10;10;444;405;454;405;454;415;444;415;in;AA;0.77;undefined;OTHER;OTHER
2063610071.tif;1;0;768;1000;460;405;24;13;460;405;484;405;484;418;460;418;July;AAAA;0.73;undefined;OTHER;OTHER
2063610071.tif;1;0;768;1000;492;405;20;11;492;405;512;405;512;416;492;416;and;AAA;0.56;undefined;OTHER;OTHER
2063610071.tif;1;0;768;1000;300;421;12;11;300;421;312;421;312;432;300;432;of;AA;1.0;undefined;OTHER;OTHER
2063610071.tif;1;0;768;1000;360;421;66;15;360;421;426;421;426;436;360;436;"ingredients;";AAAAAAAAAAAS;0.69;undefined;OTHER;OTHER
2063610071.tif;1;0;768;1000;116;422;40;11;116;422;156;422;156;433;116;433;review;AAAAAA;0.75;undefined;OTHER;OTHER
2063610071.tif;1;0;768;1000;165;422;12;11;165;422;177;422;177;433;165;433;of;AA;0.75;undefined;OTHER;OTHER
2063610071.tif;1;0;768;1000;185;422;34;14;185;422;219;422;219;436;185;436;safety;AAAAAA;0.75;undefined;OTHER;OTHER
2063610071.tif;1;0;768;1000;320;422;30;10;320;422;350;422;350;432;320;432;Chile;AAAAA;0.93;undefined;OTHER;OTHER
2063610071.tif;1;0;768;1000;436;422;56;10;436;422;492;422;492;432;436;432;collection;AAAAAAAAAA;0.8;undefined;OTHER;OTHER
2063610071.tif;1;0;768;1000;501;422;12;10;501;422;513;422;513;432;501;432;of;AA;0.69;undefined;OTHER;OTHER
2063610071.tif;1;0;768;1000;228;424;64;9;228;424;292;424;292;433;228;433;assessment;AAAAAAAAAA;0.96;undefined;OTHER;OTHER
2063610071.tif;1;0;768;1000;117;439;58;13;117;439;175;439;175;452;117;452;ingredient;AAAAAAAAAA;0.67;undefined;OTHER;OTHER
2063610071.tif;1;0;768;1000;243;439;65;13;243;439;308;439;308;452;243;452;preparation;AAAAAAAAAAA;0.71;undefined;OTHER;OTHER
2063610071.tif;1;0;768;1000;316;439;12;11;316;439;328;439;328;450;316;450;of;AA;0.69;undefined;OTHER;OTHER
2063610071.tif;1;0;768;1000;335;439;44;13;335;439;379;439;379;452;335;452;updated;AAAAAAA;0.76;undefined;OTHER;OTHER
2063610071.tif;1;0;768;1000;387;439;59;13;387;439;446;439;446;452;387;452;composite;AAAAAAAAA;0.91;undefined;OTHER;OTHER
2063610071.tif;1;0;768;1000;454;439;58;13;454;439;512;439;512;452;454;452;ingredient;AAAAAAAAAA;0.68;undefined;OTHER;OTHER
2063610071.tif;1;0;768;1000;183;440;23;10;183;440;206;440;206;450;183;450;data;AAAA;0.49;undefined;OTHER;OTHER
2063610071.tif;1;0;768;1000;215;440;20;10;215;440;235;440;235;450;215;450;and;AAA;0.69;undefined;OTHER;OTHER
2063610071.tif;1;0;768;1000;116;456;21;13;116;456;137;456;137;469;116;469;"list;";AAAAS;0.88;undefined;OTHER;OTHER
2063610071.tif;1;0;768;1000;143;456;69;15;143;456;212;456;212;471;143;471;compilation;AAAAAAAAAAA;0.79;undefined;OTHER;OTHER
2063610071.tif;1;0;768;1000;217;456;13;11;217;456;230;456;230;467;217;467;of;AA;0.67;undefined;OTHER;OTHER
2063610071.tif;1;0;768;1000;234;456;57;11;234;456;291;456;291;467;234;467;maximum;AAAAAAA;0.47;undefined;OTHER;OTHER
2063610071.tif;1;0;768;1000;321;456;32;11;321;456;353;456;353;467;321;467;levels;AAAAAA;0.75;undefined;OTHER;OTHER
2063610071.tif;1;0;768;1000;359;456;46;13;359;456;405;456;405;469;359;469;(MULs);SAAAAS;0.69;undefined;OTHER;OTHER
2063610071.tif;1;0;768;1000;411;456;20;11;411;456;431;456;431;467;411;467;and;AAA;0.57;undefined;OTHER;OTHER
2063610071.tif;1;0;768;1000;437;456;52;11;437;456;489;456;489;467;437;467;functions;AAAAAAAAA;0.63;undefined;OTHER;OTHER
2063610071.tif;1;0;768;1000;495;456;17;11;495;456;512;456;512;467;495;467;for;AAA;0.9;undefined;OTHER;OTHER
2063610071.tif;1;0;768;1000;297;459;18;8;297;459;315;459;315;467;297;467;use;AAA;1.0;undefined;OTHER;OTHER
2063610071.tif;1;0;768;1000;116;474;31;10;116;474;147;474;147;484;116;484;Chile;AAAAA;0.74;undefined;OTHER;OTHER
2063610071.tif;1;0;768;1000;158;474;68;13;158;474;226;474;226;487;158;487;"ingredients;";AAAAAAAAAAAS;0.84;undefined;OTHER;OTHER
2063610071.tif;1;0;768;1000;238;474;38;10;238;474;276;474;276;484;238;484;review;AAAAAA;0.78;undefined;OTHER;OTHER
2063610071.tif;1;0;768;1000;287;474;12;10;287;474;299;474;299;484;287;484;of;AA;0.88;undefined;OTHER;OTHER
2063610071.tif;1;0;768;1000;309;474;59;13;309;474;368;474;368;487;309;487;toxicology;AAAAAAAAAA;0.77;undefined;OTHER;OTHER
2063610071.tif;1;0;768;1000;379;474;39;10;379;474;418;474;418;484;379;484;studies;AAAAAAA;0.76;undefined;OTHER;OTHER
2063610071.tif;1;0;768;1000;429;474;20;10;429;474;449;474;449;484;429;484;and;AAA;0.83;undefined;OTHER;OTHER
2063610071.tif;1;0;768;1000;460;474;52;10;460;474;512;474;512;484;460;484;literature;AAAAAAAAAA;0.64;undefined;OTHER;OTHER
2063610071.tif;1;0;768;1000;116;490;45;12;116;490;161;490;161;502;116;502;reviews;AAAAAAA;0.71;undefined;OTHER;OTHER
2063610071.tif;1;0;768;1000;187;490;30;12;187;490;217;490;217;502;187;502;Chile;AAAAA;0.66;undefined;OTHER;OTHER
2063610071.tif;1;0;768;1000;223;490;58;14;223;490;281;490;281;504;223;504;ingredient;AAAAAAAAAA;0.68;undefined;OTHER;OTHER
2063610071.tif;1;0;768;1000;286;490;20;12;286;490;306;490;306;502;286;502;"list;";AAAAS;0.68;undefined;OTHER;OTHER
2063610071.tif;1;0;768;1000;337;490;70;12;337;490;407;490;407;502;337;502;consultation;AAAAAAAAAAAA;0.78;undefined;OTHER;OTHER
2063610071.tif;1;0;768;1000;412;490;25;11;412;490;437;490;437;501;412;501;with;AAAA;0.5;undefined;OTHER;OTHER
2063610071.tif;1;0;768;1000;312;491;20;10;312;491;332;491;332;501;312;501;and;AAA;0.22;undefined;OTHER;OTHER
2063610071.tif;1;0;768;1000;442;491;43;10;442;491;485;491;485;501;442;501;counsel;AAAAAAA;0.79;undefined;OTHER;OTHER
2063610071.tif;1;0;768;1000;491;491;20;10;491;491;511;491;511;501;491;501;and;AAA;0.76;undefined;OTHER;OTHER
2063610071.tif;1;0;768;1000;167;493;14;9;167;493;181;493;181;502;167;502;on;AA;0.98;undefined;OTHER;OTHER
2063610071.tif;1;0;768;1000;116;507;26;11;116;507;142;507;142;518;116;518;staff;AAAAA;0.73;undefined;OTHER;OTHER
2063610071.tif;1;0;768;1000;146;507;13;11;146;507;159;507;159;518;146;518;of;AA;1.0;undefined;OTHER;OTHER
2063610071.tif;1;0;768;1000;164;507;73;14;164;507;237;507;237;521;164;521;participating;AAAAAAAAAAAAA;0.72;undefined;OTHER;OTHER
2063610071.tif;1;0;768;1000;308;507;54;14;308;507;362;507;362;521;308;521;regarding;AAAAAAAAA;0.8;undefined;OTHER;OTHER
2063610071.tif;1;0;768;1000;541;507;67;11;541;507;608;507;608;518;541;518;$24.252.50;SNNSNNNSNN;0.8;undefined;OTHER;OTHER
2063610071.tif;1;0;768;1000;242;508;60;13;242;508;302;508;302;521;242;521;companies;AAAAAAAAA;0.82;undefined;OTHER;OTHER
2063610071.tif;1;0;768;1000;368;508;28;10;368;508;396;508;396;518;368;518;Uicse;AAAAA;0.6;undefined;OTHER;OTHER
2063610071.tif;1;0;768;1000;402;510;42;8;402;510;444;510;444;518;402;518;matters;AAAAAAA;0.77;undefined;OTHER;OTHER
2063610071.tif;1;0;768;1000;631;554;6;12;631;554;637;554;637;566;631;566;$;S;0.45;undefined;OTHER;OTHER
2063610071.tif;1;0;768;1000;116;555;25;11;116;555;141;555;141;566;116;566;FEE;AAA;0.33;undefined;OTHER;OTHER
2063610071.tif;1;0;768;1000;148;555;18;11;148;555;166;555;166;566;148;566;Per;AAA;0.5;undefined;OTHER;OTHER
2063610071.tif;1;0;768;1000;173;555;73;13;173;555;246;555;246;568;173;568;Participating;AAAAAAAAAAAAA;0.69;undefined;OTHER;OTHER
2063610071.tif;1;0;768;1000;251;555;55;13;251;555;306;555;306;568;251;568;Company;AAAAAAA;0.63;undefined;OTHER;OTHER
2063610071.tif;1;0;768;1000;643;555;52;11;643;555;695;555;695;566;643;566;6,063.12;NSNNNSNN;0.8;undefined;OTHER;OTHER
2063610071.tif;1;0;768;1000;208;584;10;11;208;584;218;584;218;595;208;595;&;S;0.68;undefined;OTHER;OTHER
2063610071.tif;1;0;768;1000;224;584;32;11;224;584;256;584;256;595;224;595;Other;AAAAA;0.48;undefined;OTHER;OTHER
2063610071.tif;1;0;768;1000;262;584;50;11;262;584;312;584;312;595;262;595;Charges:;AAAAAAAS;0.58;undefined;OTHER;OTHER
2063610071.tif;1;0;768;1000;116;585;86;10;116;585;202;585;202;595;116;595;Disbursements;AAAAAAAAAAAAA;0.38;undefined;OTHER;OTHER
2063610071.tif;1;0;768;1000;115;619;68;11;115;619;183;619;183;630;115;630;Consultants;AAAAAAAAAAA;0.73;undefined;OTHER;OTHER
2063610071.tif;1;0;768;1000;196;619;24;12;196;619;220;619;220;631;196;631;(Dr.;SAAS;0.43;undefined;OTHER;OTHER
2063610071.tif;1;0;768;1000;234;619;62;12;234;619;296;619;296;631;234;631;"Vettorazzi;";AAAAAAAAAAS;0.74;undefined;OTHER;OTHER
2063610071.tif;1;0;768;1000;310;619;50;11;310;619;360;619;360;630;310;630;literature;AAAAAAAAAA;0.78;undefined;OTHER;OTHER
2063610071.tif;1;0;768;1000;373;619;42;12;373;619;415;619;415;631;373;631;review,;AAAAAAS;0.91;undefined;OTHER;OTHER
2063610071.tif;1;0;768;1000;428;620;60;10;428;620;488;620;488;630;428;630;evaluation;AAAAAAAAAA;0.68;undefined;OTHER;OTHER
2063610071.tif;1;0;768;1000;499;620;13;10;499;620;512;620;512;630;499;630;of;AA;0.75;undefined;OTHER;OTHER
2063610071.tif;1;0;768;1000;161;636;64;14;161;636;225;636;225;650;161;650;ingredients;AAAAAAAAAAA;0.53;undefined;OTHER;OTHER
2063610071.tif;1;0;768;1000;231;636;19;11;231;636;250;636;250;647;231;647;and;AAA;0.6;undefined;OTHER;OTHER
2063610071.tif;1;0;768;1000;256;636;65;14;256;636;321;636;321;650;256;650;preparation;AAAAAAAAAAA;0.55;undefined;OTHER;OTHER
2063610071.tif;1;0;768;1000;326;636;13;11;326;636;339;636;339;647;326;647;of;AA;0.85;undefined;OTHER;OTHER
2063610071.tif;1;0;768;1000;343;636;33;14;343;636;376;636;376;650;343;650;safety;AAAAAA;0.59;undefined;OTHER;OTHER
2063610071.tif;1;0;768;1000;382;636;68;13;382;636;450;636;450;649;382;649;assessment);AAAAAAAAAAS;0.68;undefined;OTHER;OTHER
2063610071.tif;1;0;768;1000;541;636;66;13;541;636;607;636;607;649;541;649;$50,000.00;SNNSNNNSNN;0.5;undefined;OTHER;OTHER
2063610071.tif;1;0;768;1000;115;653;68;14;115;653;183;653;183;667;115;667;Duplicating;AAAAAAAAAAA;0.63;undefined;OTHER;OTHER
2063610071.tif;1;0;768;1000;582;654;25;10;582;654;607;654;607;664;582;664;3.00;NSNN;0.6;undefined;OTHER;OTHER
2063610071.tif;1;0;768;1000;115;670;61;14;115;670;176;670;176;684;115;684;Telephone;AAAAAAAAA;0.6;undefined;OTHER;OTHER
2063610071.tif;1;0;768;1000;569;670;38;12;569;670;607;670;607;682;569;682;167.69;NNNSNN;0.66;undefined;OTHER;OTHER
2063610071.tif;1;0;768;1000;115;687;121;12;115;687;236;687;236;699;115;699;Telecommunications;AAAAAAAAAAAAAAAAAA;0.44;undefined;OTHER;OTHER
2063610071.tif;1;0;768;1000;576;688;31;10;576;688;607;688;607;698;576;698;13.89;NNSNN;0.47;undefined;OTHER;OTHER
2063610071.tif;1;0;768;1000;115;705;37;10;115;705;152;705;152;715;115;715;Travel;AAAAAA;0.62;undefined;OTHER;OTHER
2063610071.tif;1;0;768;1000;159;705;74;13;159;705;233;705;233;718;159;718;(Ely/London;SAAASAAAAAA;0.47;undefined;OTHER;OTHER
2063610071.tif;1;0;768;1000;239;705;78;13;239;705;317;705;317;718;239;718;meetings/July;AAAAAAAASAAAA;0.65;undefined;OTHER;OTHER
2063610071.tif;1;0;768;1000;325;705;31;12;325;705;356;705;356;717;325;717;1997);NNNNS;0.84;undefined;OTHER;OTHER
2063610071.tif;1;0;768;1000;555;705;52;11;555;705;607;705;607;716;555;716;7.623.90;NSNNNSNN;0.78;undefined;OTHER;OTHER
2063610071.tif;1;0;768;1000;296;748;46;11;296;748;342;748;342;759;296;759;TOTAL;AAAAA;0.91;undefined;OTHER;OTHER
2063610071.tif;1;0;768;1000;349;748;116;12;349;748;465;748;465;760;349;760;DISBURSEMENTS;AAAAAAAAAAAAA;0.66;undefined;OTHER;OTHER
2063610071.tif;1;0;768;1000;540;748;67;11;540;748;607;748;607;759;540;759;S57.808.48;ANNSNNNSNN;0.67;undefined;OTHER;OTHER
2063610071.tif;1;0;768;1000;309;793;55;14;309;793;364;793;364;807;309;807;Company;AAAAAAA;0.62;undefined;OTHER;OTHER
2063610071.tif;1;0;768;1000;628;793;66;13;628;793;694;793;694;806;628;806;S14.452J2;ANNSNNNAN;0.54;undefined;OTHER;OTHER
2063610071.tif;1;0;768;1000;115;794;86;10;115;794;201;794;201;804;115;804;Disbursements;AAAAAAAAAAAAA;0.63;undefined;OTHER;OTHER
2063610071.tif;1;0;768;1000;208;794;18;10;208;794;226;794;226;804;208;804;Per;AAA;0.52;undefined;OTHER;OTHER
2063610071.tif;1;0;768;1000;233;794;71;13;233;794;304;794;304;807;233;807;Participating;AAAAAAAAAAAAA;0.58;undefined;OTHER;OTHER
2063610071.tif;1;0;768;1000;114;837;48;12;114;837;162;837;162;849;114;849;TOTAL;AAAAA;0.67;undefined;OTHER;OTHER
2063610071.tif;1;0;768;1000;169;837;25;12;169;837;194;837;194;849;169;849;PER;AAA;0.51;undefined;OTHER;OTHER
2063610071.tif;1;0;768;1000;201;837;107;12;201;837;308;837;308;849;201;849;PARTICIPATING;AAAAAAAAAAAAA;0.8;undefined;OTHER;OTHER
2063610071.tif;1;0;768;1000;315;837;70;12;315;837;385;837;385;849;315;849;COMPANY;AAAAAAA;0.72;undefined;OTHER;OTHER
2063610071.tif;1;0;768;1000;724;837;11;88;724;837;735;837;735;925;724;925;2063610071;NNNNNNNNNN;0.42;undefined;OTHER;OTHER
2063610071.tif;1;0;768;1000;103;875;52;12;103;875;155;875;155;887;103;887;CE:nmw;AASAAA;0.57;undefined;OTHER;OTHER
2063610071.tif;1;0;768;1000;230;951;45;8;230;951;275;951;275;959;230;959;PLEASE;AAAAAA;0.41;undefined;OTHER;OTHER
2063610071.tif;1;0;768;1000;282;952;50;7;282;952;332;952;332;959;282;959;RETURN;AAAAAA;0.38;undefined;OTHER;OTHER
2063610071.tif;1;0;768;1000;338;952;25;8;338;952;363;952;363;960;338;960;ONE;AAA;0.58;undefined;OTHER;OTHER
2063610071.tif;1;0;768;1000;370;953;32;7;370;953;402;953;402;960;370;960;COPY;AAAA;0.51;undefined;OTHER;OTHER
2063610071.tif;1;0;768;1000;408;953;31;7;408;953;439;953;439;960;408;960;WITH;AAAA;0.65;undefined;OTHER;OTHER
2063610071.tif;1;0;768;1000;446;953;58;7;446;953;504;953;504;960;446;960;PAYMENT;AAAAAAA;0.7;undefined;OTHER;OTHER
