src;num_pages;page_id;page_width;page_height;col;row;width;height;x1;y1;x2;y2;x3;y3;x4;y4;contents;contents_masked;confidence;correctclass;tag;description
2065364917.tif;1;0;754;1000;318;78;27;8;318;78;345;78;345;86;318;86;Please;AAAAAA;0.25;undefined;OTHER;OTHER
2065364917.tif;1;0;754;1000;347;78;24;7;347;78;371;78;371;85;347;85;Remit;AAAAA;0.53;undefined;OTHER;OTHER
2065364917.tif;1;0;754;1000;618;79;85;15;618;79;703;79;703;94;618;94;INVOICE;AAAAAAA;0.92;undefined;OTHER;OTHER
2065364917.tif;1;0;754;1000;373;80;11;5;373;80;384;80;384;85;373;85;to:;AAS;0.77;undefined;OTHER;OTHER
2065364917.tif;1;0;754;1000;339;92;19;9;339;92;358;92;358;101;339;101;BOX;AAA;0.34;undefined;OTHER;OTHER
2065364917.tif;1;0;754;1000;318;93;18;8;318;93;336;93;336;101;318;101;P.O.;ASAS;0.69;undefined;OTHER;OTHER
2065364917.tif;1;0;754;1000;362;93;24;8;362;93;386;93;386;101;362;101;91418;NNNNN;0.51;undefined;OTHER;OTHER
2065364917.tif;1;0;754;1000;319;107;45;8;319;107;364;107;364;115;319;115;CHICAGO.;AAAAAAAS;0.75;undefined;OTHER;OTHER
2065364917.tif;1;0;754;1000;368;107;9;7;368;107;377;107;377;114;368;114;IL;AA;0.88;undefined;OTHER;OTHER
2065364917.tif;1;0;754;1000;379;107;49;7;379;107;428;107;428;114;379;114;60693-14IS;NNNNNSNNAA;0.52;undefined;OTHER;OTHER
2065364917.tif;1;0;754;1000;612;115;66;11;612;115;678;115;678;126;612;126;04/01/97;NNSNNSNN;0.25;undefined;OTHER;OTHER
2065364917.tif;1;0;754;1000;527;116;36;7;527;116;563;116;563;123;527;123;INVOICE;AAAAAAA;0.64;undefined;OTHER;OTHER
2065364917.tif;1;0;754;1000;566;116;23;7;566;116;589;116;589;123;566;123;DATE;AAAA;0.57;undefined;OTHER;OTHER
2065364917.tif;1;0;754;1000;318;121;55;8;318;121;373;121;373;129;318;129;3/2.329.2400;NSNSNNNSNNNN;0.58;undefined;OTHER;OTHER
2065364917.tif;1;0;754;1000;535;130;36;7;535;130;571;130;571;137;535;137;INVOICE;AAAAAAA;0.53;undefined;OTHER;OTHER
2065364917.tif;1;0;754;1000;612;130;32;9;612;130;644;130;644;139;612;139;6224;NNNN;0.22;undefined;OTHER;OTHER
2065364917.tif;1;0;754;1000;647;130;14;9;647;130;661;130;661;139;647;139;28;NN;0.53;undefined;OTHER;OTHER
2065364917.tif;1;0;754;1000;574;131;15;7;574;131;589;131;589;138;574;138;NO.;AAS;0.5;undefined;OTHER;OTHER
2065364917.tif;1;0;754;1000;536;158;23;7;536;158;559;158;559;165;536;165;SPSS;AAAA;0.73;undefined;OTHER;OTHER
2065364917.tif;1;0;754;1000;612;158;6;8;612;158;618;158;618;166;612;166;2;N;0.27;undefined;OTHER;OTHER
2065364917.tif;1;0;754;1000;621;158;5;8;621;158;626;158;626;166;621;166;7;N;0.28;undefined;OTHER;OTHER
2065364917.tif;1;0;754;1000;638;158;6;8;638;158;644;158;644;166;638;166;5;N;0.37;undefined;OTHER;OTHER
2065364917.tif;1;0;754;1000;655;158;6;8;655;158;661;158;661;166;655;166;8;N;0.24;undefined;OTHER;OTHER
2065364917.tif;1;0;754;1000;563;159;8;6;563;159;571;159;571;165;563;165;ID;AA;0.31;undefined;OTHER;OTHER
2065364917.tif;1;0;754;1000;574;159;15;7;574;159;589;159;589;166;574;166;NO.;AAS;0.58;undefined;OTHER;OTHER
2065364917.tif;1;0;754;1000;630;159;5;7;630;159;635;159;635;166;630;166;0;N;0.37;undefined;OTHER;OTHER
2065364917.tif;1;0;754;1000;647;159;5;7;647;159;652;159;652;166;647;166;0;N;0.5;undefined;OTHER;OTHER
2065364917.tif;1;0;754;1000;77;227;23;7;77;227;100;227;100;234;77;234;SOLD;AAAA;0.34;undefined;OTHER;OTHER
2065364917.tif;1;0;754;1000;103;227;14;7;103;227;117;227;117;234;103;234;TO:;AAS;0.58;undefined;OTHER;OTHER
2065364917.tif;1;0;754;1000;406;227;38;8;406;227;444;227;444;235;406;235;SHIPPED;AAAAAAA;0.44;undefined;OTHER;OTHER
2065364917.tif;1;0;754;1000;447;228;15;7;447;228;462;228;462;235;447;235;"TO;";AAS;0.56;undefined;OTHER;OTHER
2065364917.tif;1;0;754;1000;56;242;57;8;56;242;113;242;113;250;56;250;PHILLIP;AAAAAAA;0.36;undefined;OTHER;OTHER
2065364917.tif;1;0;754;1000;124;242;49;8;124;242;173;242;173;250;124;250;MORRIS;AAAAAA;0.34;undefined;OTHER;OTHER
2065364917.tif;1;0;754;1000;184;242;66;9;184;242;250;242;250;251;184;251;RESEARCH;AAAAAAAA;0.36;undefined;OTHER;OTHER
2065364917.tif;1;0;754;1000;389;242;48;9;389;242;437;242;437;251;389;251;PHILIP;AAAAAA;0.35;undefined;OTHER;OTHER
2065364917.tif;1;0;754;1000;449;242;49;9;449;242;498;242;498;251;449;251;MORRIS;AAAAAA;0.34;undefined;OTHER;OTHER
2065364917.tif;1;0;754;1000;56;256;38;8;56;256;94;256;94;264;56;264;ATTN:;AAAAS;0.42;undefined;OTHER;OTHER
2065364917.tif;1;0;754;1000;107;256;31;8;107;256;138;256;138;264;107;264;MIKE;AAAA;0.43;undefined;OTHER;OTHER
2065364917.tif;1;0;754;1000;150;256;64;9;150;256;214;256;214;265;150;265;CARLOCK.;AAAAAAAS;0.28;undefined;OTHER;OTHER
2065364917.tif;1;0;754;1000;227;256;23;9;227;256;250;256;250;265;227;265;9TH;NAA;0.42;undefined;OTHER;OTHER
2065364917.tif;1;0;754;1000;262;256;38;9;262;256;300;256;300;265;262;265;FLOOR;AAAAA;0.37;undefined;OTHER;OTHER
2065364917.tif;1;0;754;1000;389;256;39;9;389;256;428;256;428;265;389;265;ATTN:;AAAAS;0.62;undefined;OTHER;OTHER
2065364917.tif;1;0;754;1000;440;257;56;9;440;257;496;257;496;266;440;266;C.IUSE.;ASAAAAS;0.74;undefined;OTHER;OTHER
2065364917.tif;1;0;754;1000;510;257;30;9;510;257;540;257;540;266;510;266;LEAD;AAAA;0.35;undefined;OTHER;OTHER
2065364917.tif;1;0;754;1000;552;257;57;9;552;257;609;257;609;266;552;266;ANALYST;AAAAAAA;0.35;undefined;OTHER;OTHER
2065364917.tif;1;0;754;1000;56;270;22;8;56;270;78;270;78;278;56;278;18ft;NNAA;0.39;undefined;OTHER;OTHER
2065364917.tif;1;0;754;1000;90;270;31;8;90;270;121;270;121;278;90;278;PARK;AAAA;0.34;undefined;OTHER;OTHER
2065364917.tif;1;0;754;1000;133;270;22;8;133;270;155;270;155;278;133;278;AVE;AAA;0.44;undefined;OTHER;OTHER
2065364917.tif;1;0;754;1000;389;270;24;9;389;270;413;270;413;279;389;279;100;NNN;0.26;undefined;OTHER;OTHER
2065364917.tif;1;0;754;1000;424;271;31;8;424;271;455;271;455;279;424;279;DARK;AAAA;0.17;undefined;OTHER;OTHER
2065364917.tif;1;0;754;1000;466;271;49;8;466;271;515;271;515;279;466;279;AVENUE;AAAAAA;0.42;undefined;OTHER;OTHER
2065364917.tif;1;0;754;1000;56;284;23;9;56;284;79;284;79;293;56;293;NEW;AAA;0.23;undefined;OTHER;OTHER
2065364917.tif;1;0;754;1000;90;284;38;10;90;284;128;284;128;294;90;294;YORK,;AAAAS;0.4;undefined;OTHER;OTHER
2065364917.tif;1;0;754;1000;141;284;15;8;141;284;156;284;156;292;141;292;NY;AA;0.41;undefined;OTHER;OTHER
2065364917.tif;1;0;754;1000;176;284;39;9;176;284;215;284;215;293;176;293;10017;NNNNN;0.25;undefined;OTHER;OTHER
2065364917.tif;1;0;754;1000;389;285;24;8;389;285;413;285;413;293;389;293;NEW;AAA;0.36;undefined;OTHER;OTHER
2065364917.tif;1;0;754;1000;424;285;38;10;424;285;462;285;462;295;424;295;YORK.;AAAAS;0.32;undefined;OTHER;OTHER
2065364917.tif;1;0;754;1000;475;285;14;8;475;285;489;285;489;293;475;293;NY;AA;0.24;undefined;OTHER;OTHER
2065364917.tif;1;0;754;1000;509;285;39;8;509;285;548;285;548;293;509;293;10017;NNNNN;0.2;undefined;OTHER;OTHER
2065364917.tif;1;0;754;1000;590;317;23;7;590;317;613;317;613;324;590;324;PAGE;AAAA;0.47;undefined;OTHER;OTHER
2065364917.tif;1;0;754;1000;193;355;53;8;193;355;246;355;246;363;193;363;NB6£01_;AANSNN_;0.24;undefined;OTHER;OTHER
2065364917.tif;1;0;754;1000;439;356;33;8;439;356;472;356;472;364;439;364;-NET;SAAA;0.27;undefined;OTHER;OTHER
2065364917.tif;1;0;754;1000;484;356;13;8;484;356;497;356;497;364;484;364;30;NN;0.19;undefined;OTHER;OTHER
2065364917.tif;1;0;754;1000;507;356;34;8;507;356;541;356;541;364;507;364;CAYS;AAAA;0.45;undefined;OTHER;OTHER
2065364917.tif;1;0;754;1000;663;356;14;8;663;356;677;356;677;364;663;364;4-4;NSN;0.36;undefined;OTHER;OTHER
2065364917.tif;1;0;754;1000;680;356;14;9;680;356;694;356;694;365;680;365;8-9;NSN;0.3;undefined;OTHER;OTHER
2065364917.tif;1;0;754;1000;704;356;2;2;704;356;706;356;706;358;704;358;.;S;0.26;undefined;OTHER;OTHER
2065364917.tif;1;0;754;1000;711;356;1;2;711;356;712;356;712;358;711;358;■;S;1.0;undefined;OTHER;OTHER
2065364917.tif;1;0;754;1000;646;357;5;7;646;357;651;357;651;364;646;364;2;N;0.29;undefined;OTHER;OTHER
2065364917.tif;1;0;754;1000;654;357;6;8;654;357;660;357;660;365;654;365;0;N;0.12;undefined;OTHER;OTHER
2065364917.tif;1;0;754;1000;548;358;2;2;548;358;550;358;550;360;548;360;■;S;1.0;undefined;OTHER;OTHER
2065364917.tif;1;0;754;1000;560;358;9;2;560;358;569;358;569;360;560;360;-;S;0.57;undefined;OTHER;OTHER
2065364917.tif;1;0;754;1000;670;370;39;14;670;370;709;370;709;384;670;384;awmml;AAAAA;0.14;undefined;OTHER;OTHER
2065364917.tif;1;0;754;1000;615;375;53;8;615;375;668;375;668;383;615;383;:na7li)a»iy;SAANAASASAA;0.44;undefined;OTHER;OTHER
2065364917.tif;1;0;754;1000;304;413;6;36;304;413;310;413;310;449;304;449;i;A;0.38;undefined;OTHER;OTHER
2065364917.tif;1;0;754;1000;23;424;107;8;23;424;130;424;130;432;23;432;705007-008000;NNNNNNSNNNNNN;0.39;undefined;OTHER;OTHER
2065364917.tif;1;0;754;1000;167;425;23;8;167;425;190;425;190;433;167;433;ACH;AAA;0.48;undefined;OTHER;OTHER
2065364917.tif;1;0;754;1000;346;425;6;8;346;425;352;425;352;433;346;433;O;A;0.15;undefined;OTHER;OTHER
2065364917.tif;1;0;754;1000;363;425;14;8;363;425;377;425;377;433;363;433;00;NN;0.12;undefined;OTHER;OTHER
2065364917.tif;1;0;754;1000;432;425;31;8;432;425;463;425;463;433;432;433;1.00;NSNN;0.38;undefined;OTHER;OTHER
2065364917.tif;1;0;754;1000;509;425;65;9;509;425;574;425;574;434;509;434;1382.000;NNNNSNNN;0.52;undefined;OTHER;OTHER
2065364917.tif;1;0;754;1000;638;426;56;8;638;426;694;426;694;434;638;434;1382.oe;NNNNSAA;0.47;undefined;OTHER;OTHER
2065364917.tif;1;0;754;1000;356;431;2;2;356;431;358;431;358;433;356;433;.;S;0.55;undefined;OTHER;OTHER
2065364917.tif;1;0;754;1000;22;438;31;9;22;438;53;438;53;447;22;447;SPSS;AAAA;0.55;undefined;OTHER;OTHER
2065364917.tif;1;0;754;1000;64;438;66;9;64;438;130;438;130;447;64;447;ADVANCED;AAAAAAAA;0.38;undefined;OTHER;OTHER
2065364917.tif;1;0;754;1000;141;438;79;9;141;438;220;438;220;447;141;447;STATISTIC:;AAAAAAAAAS;0.6;undefined;OTHER;OTHER
2065364917.tif;1;0;754;1000;235;439;57;8;235;439;292;439;292;447;235;447;WINDOWS;AAAAAAA;0.69;undefined;OTHER;OTHER
2065364917.tif;1;0;754;1000;312;439;22;8;312;439;334;439;334;447;312;447;ITE;AAA;0.4;undefined;OTHER;OTHER
2065364917.tif;1;0;754;1000;346;439;49;8;346;439;395;439;395;447;346;447;LICENS;AAAAAA;0.42;undefined;OTHER;OTHER
2065364917.tif;1;0;754;1000;398;439;5;8;398;439;403;439;403;447;398;447;C;A;0.15;undefined;OTHER;OTHER
2065364917.tif;1;0;754;1000;415;439;55;8;415;439;470;439;470;447;415;447;RENEWAL;AAAAAAA;0.39;undefined;OTHER;OTHER
2065364917.tif;1;0;754;1000;158;465;32;10;158;465;190;465;190;475;158;475;Each;AAAA;0.57;undefined;OTHER;OTHER
2065364917.tif;1;0;754;1000;23;466;107;9;23;466;130;466;130;475;23;475;796007-008000;NNNNNNSNNNNNN;0.35;undefined;OTHER;OTHER
2065364917.tif;1;0;754;1000;262;467;30;8;262;467;292;467;292;475;262;475;1.00;NSNN;0.37;undefined;OTHER;OTHER
2065364917.tif;1;0;754;1000;432;467;31;8;432;467;463;467;463;475;432;475;1.00;NSNN;0.41;undefined;OTHER;OTHER
2065364917.tif;1;0;754;1000;509;467;65;9;509;467;574;467;574;476;509;476;1382.000;NNNNSNNN;0.53;undefined;OTHER;OTHER
2065364917.tif;1;0;754;1000;637;468;57;8;637;468;694;468;694;476;637;476;1382.00;NNNNSNN;0.58;undefined;OTHER;OTHER
2065364917.tif;1;0;754;1000;270;479;55;12;270;479;325;479;325;491;270;491;LICENSE;AAAAAAA;0.5;undefined;OTHER;OTHER
2065364917.tif;1;0;754;1000;22;480;31;9;22;480;53;480;53;489;22;489;SPSS;AAAA;0.49;undefined;OTHER;OTHER
2065364917.tif;1;0;754;1000;64;480;83;9;64;480;147;480;147;489;64;489;CATEGORIES;AAAAAAAAAA;0.4;undefined;OTHER;OTHER
2065364917.tif;1;0;754;1000;158;480;57;9;158;480;215;480;215;489;158;489;WINDOWS;AAAAAAA;0.34;undefined;OTHER;OTHER
2065364917.tif;1;0;754;1000;227;480;31;9;227;480;258;480;258;489;227;489;SITE;AAAA;0.6;undefined;OTHER;OTHER
2065364917.tif;1;0;754;1000;337;481;49;8;337;481;386;481;386;489;337;489;RENEWA;AAAAAA;0.31;undefined;OTHER;OTHER
2065364917.tif;1;0;754;1000;56;509;22;8;56;509;78;509;78;517;56;517;07-;NNS;0.16;undefined;OTHER;OTHER
2065364917.tif;1;0;754;1000;167;509;23;8;167;509;190;509;190;517;167;517;ACH;AAA;0.33;undefined;OTHER;OTHER
2065364917.tif;1;0;754;1000;262;510;4;7;262;510;266;510;266;517;262;517;1;N;0.83;undefined;OTHER;OTHER
2065364917.tif;1;0;754;1000;432;510;5;8;432;510;437;510;437;518;432;518;1;N;0.72;undefined;OTHER;OTHER
2065364917.tif;1;0;754;1000;509;510;65;8;509;510;574;510;574;518;509;518;1937.000;NNNNSNNN;0.36;undefined;OTHER;OTHER
2065364917.tif;1;0;754;1000;637;510;57;8;637;510;694;510;694;518;637;518;1937.00;NNNNSNN;0.58;undefined;OTHER;OTHER
2065364917.tif;1;0;754;1000;271;515;3;2;271;515;274;515;274;517;271;517;.;S;1.0;undefined;OTHER;OTHER
2065364917.tif;1;0;754;1000;442;515;3;3;442;515;445;515;445;518;442;518;.;S;0.57;undefined;OTHER;OTHER
2065364917.tif;1;0;754;1000;72;522;58;9;72;522;130;522;130;531;72;531;WINDOWS;AAAAAAA;0.26;undefined;OTHER;OTHER
2065364917.tif;1;0;754;1000;141;522;14;9;141;522;155;522;155;531;141;531;SI;AA;0.47;undefined;OTHER;OTHER
2065364917.tif;1;0;754;1000;56;523;5;8;56;523;61;523;61;531;56;531;0;N;0.24;undefined;OTHER;OTHER
2065364917.tif;1;0;754;1000;167;523;5;8;167;523;172;523;172;531;167;531;E;A;0.43;undefined;OTHER;OTHER
2065364917.tif;1;0;754;1000;184;523;56;8;184;523;240;523;240;531;184;531;LICENSE;AAAAAAA;0.36;undefined;OTHER;OTHER
2065364917.tif;1;0;754;1000;252;523;48;8;252;523;300;523;300;531;252;531;RENEWA;AAAAAA;0.29;undefined;OTHER;OTHER
2065364917.tif;1;0;754;1000;22;550;108;9;22;550;130;550;130;559;22;559;703007-003000;NNNNNNSNNNNNN;0.26;undefined;OTHER;OTHER
2065364917.tif;1;0;754;1000;167;551;23;8;167;551;190;551;190;559;167;559;ACH;AAA;0.23;undefined;OTHER;OTHER
2065364917.tif;1;0;754;1000;261;551;31;8;261;551;292;551;292;559;261;559;1.00;NSNN;0.17;undefined;OTHER;OTHER
2065364917.tif;1;0;754;1000;432;551;31;8;432;551;463;551;463;559;432;559;1.08;NSNN;0.31;undefined;OTHER;OTHER
2065364917.tif;1;0;754;1000;509;551;65;9;509;551;574;551;574;560;509;560;1382.000;NNNNSNNN;0.35;undefined;OTHER;OTHER
2065364917.tif;1;0;754;1000;637;552;57;8;637;552;694;552;694;560;637;560;1382.ee;NNNNSAA;0.46;undefined;OTHER;OTHER
2065364917.tif;1;0;754;1000;22;564;31;8;22;564;53;564;53;572;22;572;SPSS;AAAA;0.42;undefined;OTHER;OTHER
2065364917.tif;1;0;754;1000;64;564;91;8;64;564;155;564;155;572;64;572;PROFESSIONA;AAAAAAAAAAA;0.53;undefined;OTHER;OTHER
2065364917.tif;1;0;754;1000;176;564;39;8;176;564;215;564;215;572;176;572;STATI;AAAAA;0.24;undefined;OTHER;OTHER
2065364917.tif;1;0;754;1000;227;564;31;9;227;564;258;564;258;573;227;573;TICS;AAAA;0.81;undefined;OTHER;OTHER
2065364917.tif;1;0;754;1000;269;565;32;8;269;565;301;565;301;573;269;573;WIND;AAAA;0.19;undefined;OTHER;OTHER
2065364917.tif;1;0;754;1000;311;565;15;8;311;565;326;565;326;573;311;573;WS;AA;0.14;undefined;OTHER;OTHER
2065364917.tif;1;0;754;1000;337;565;32;8;337;565;369;565;369;573;337;573;SITE;AAAA;0.6;undefined;OTHER;OTHER
2065364917.tif;1;0;754;1000;381;565;5;8;381;565;386;565;386;573;381;573;L;A;1.0;undefined;OTHER;OTHER
2065364917.tif;1;0;754;1000;398;565;39;8;398;565;437;565;437;573;398;573;CENSE;AAAAA;0.36;undefined;OTHER;OTHER
2065364917.tif;1;0;754;1000;449;565;23;8;449;565;472;565;472;573;449;573;REN;AAA;0.71;undefined;OTHER;OTHER
2065364917.tif;1;0;754;1000;482;565;23;8;482;565;505;565;505;573;482;573;WAL;AAA;0.33;undefined;OTHER;OTHER
2065364917.tif;1;0;754;1000;23;592;107;8;23;592;130;592;130;600;23;600;'C1007-008000;SANNNNSNNNNNN;0.33;undefined;OTHER;OTHER
2065364917.tif;1;0;754;1000;167;592;23;9;167;592;190;592;190;601;167;601;ACH;AAA;0.42;undefined;OTHER;OTHER
2065364917.tif;1;0;754;1000;262;593;4;8;262;593;266;593;266;601;262;601;1;N;0.63;undefined;OTHER;OTHER
2065364917.tif;1;0;754;1000;346;593;5;7;346;593;351;593;351;600;346;600;0;N;0.0;undefined;OTHER;OTHER
2065364917.tif;1;0;754;1000;363;593;9;7;363;593;372;593;372;600;363;600;P';AS;0.41;undefined;OTHER;OTHER
2065364917.tif;1;0;754;1000;432;593;4;8;432;593;436;593;436;601;432;601;1;N;0.15;undefined;OTHER;OTHER
2065364917.tif;1;0;754;1000;509;593;65;8;509;593;574;593;574;601;509;601;1937.000;NNNNSNNN;0.39;undefined;OTHER;OTHER
2065364917.tif;1;0;754;1000;637;594;56;8;637;594;693;594;693;602;637;602;1937.ee;NNNNSAA;0.5;undefined;OTHER;OTHER
2065364917.tif;1;0;754;1000;271;598;3;2;271;598;274;598;274;600;271;600;.;S;0.55;undefined;OTHER;OTHER
2065364917.tif;1;0;754;1000;356;599;2;2;356;599;358;599;358;601;356;601;.;S;0.65;undefined;OTHER;OTHER
2065364917.tif;1;0;754;1000;442;599;2;2;442;599;444;599;444;601;442;601;.;S;0.55;undefined;OTHER;OTHER
2065364917.tif;1;0;754;1000;210;605;56;10;210;605;266;605;266;615;210;615;LICENSE;AAAAAAA;0.6;undefined;OTHER;OTHER
2065364917.tif;1;0;754;1000;22;606;31;8;22;606;53;606;53;614;22;614;SPSS;AAAA;0.56;undefined;OTHER;OTHER
2065364917.tif;1;0;754;1000;64;606;23;8;64;606;87;606;87;614;64;614;PC*;AAS;0.67;undefined;OTHER;OTHER
2065364917.tif;1;0;754;1000;97;606;58;8;97;606;155;606;155;614;97;614;WINDOWS;AAAAAAA;0.64;undefined;OTHER;OTHER
2065364917.tif;1;0;754;1000;167;606;31;8;167;606;198;606;198;614;167;614;SITE;AAAA;0.57;undefined;OTHER;OTHER
2065364917.tif;1;0;754;1000;278;606;26;9;278;606;304;606;304;615;278;615;RENI;AAAA;0.4;undefined;OTHER;OTHER
2065364917.tif;1;0;754;1000;311;607;23;8;311;607;334;607;334;615;311;615;WAL;AAA;0.33;undefined;OTHER;OTHER
2065364917.tif;1;0;754;1000;23;633;107;9;23;633;130;633;130;642;23;642;710007-008000;NNNNNNSNNNNNN;0.29;undefined;OTHER;OTHER
2065364917.tif;1;0;754;1000;167;634;23;8;167;634;190;634;190;642;167;642;ACH;AAA;0.19;undefined;OTHER;OTHER
2065364917.tif;1;0;754;1000;262;635;4;7;262;635;266;635;266;642;262;642;1;N;0.38;undefined;OTHER;OTHER
2065364917.tif;1;0;754;1000;509;635;64;8;509;635;573;635;573;643;509;643;1382.008;NNNNSNNN;0.54;undefined;OTHER;OTHER
2065364917.tif;1;0;754;1000;637;635;52;8;637;635;689;635;689;643;637;643;1382.0';NNNNSNS;0.48;undefined;OTHER;OTHER
2065364917.tif;1;0;754;1000;271;640;2;2;271;640;273;640;273;642;271;642;.;S;1.0;undefined;OTHER;OTHER
2065364917.tif;1;0;754;1000;193;646;29;10;193;646;222;646;222;656;193;656;SJTil;AAAAA;0.51;undefined;OTHER;OTHER
2065364917.tif;1;0;754;1000;22;647;30;9;22;647;52;647;52;656;22;656;SPSS;AAAA;0.63;undefined;OTHER;OTHER
2065364917.tif;1;0;754;1000;64;647;48;9;64;647;112;647;112;656;64;656;TABLES;AAAAAA;0.5;undefined;OTHER;OTHER
2065364917.tif;1;0;754;1000;123;647;58;9;123;647;181;647;181;656;123;656;WINDOWS;AAAAAAA;0.6;undefined;OTHER;OTHER
2065364917.tif;1;0;754;1000;236;648;55;9;236;648;291;648;291;657;236;657;LICENSE;AAAAAAA;0.45;undefined;OTHER;OTHER
2065364917.tif;1;0;754;1000;312;648;48;9;312;648;360;648;360;657;312;657;ENEWAL;AAAAAA;0.32;undefined;OTHER;OTHER
2065364917.tif;1;0;754;1000;23;676;46;8;23;676;69;676;69;684;23;684;768007;NNNNNN;0.27;undefined;OTHER;OTHER
2065364917.tif;1;0;754;1000;81;676;32;8;81;676;113;676;113;684;81;684;0080;NNNN;0.22;undefined;OTHER;OTHER
2065364917.tif;1;0;754;1000;115;676;15;8;115;676;130;676;130;684;115;684;0.0;NSN;0.56;undefined;OTHER;OTHER
2065364917.tif;1;0;754;1000;167;676;23;8;167;676;190;676;190;684;167;684;ACH;AAA;0.38;undefined;OTHER;OTHER
2065364917.tif;1;0;754;1000;262;677;4;8;262;677;266;677;266;685;262;685;1;N;0.1;undefined;OTHER;OTHER
2065364917.tif;1;0;754;1000;432;677;12;8;432;677;444;677;444;685;432;685;1.;NS;0.41;undefined;OTHER;OTHER
2065364917.tif;1;0;754;1000;509;677;60;8;509;677;569;677;569;685;509;685;1382.00';NNNNSNNS;0.39;undefined;OTHER;OTHER
2065364917.tif;1;0;754;1000;632;677;61;9;632;677;693;677;693;686;632;686;*1382.00;SNNNNSNN;0.41;undefined;OTHER;OTHER
2065364917.tif;1;0;754;1000;72;680;7;1;72;680;79;680;79;681;72;681;—;S;1.0;undefined;OTHER;OTHER
2065364917.tif;1;0;754;1000;271;682;3;2;271;682;274;682;274;684;271;684;-;S;0.55;undefined;OTHER;OTHER
2065364917.tif;1;0;754;1000;22;690;31;8;22;690;53;690;53;698;22;698;SPSS;AAAA;0.38;undefined;OTHER;OTHER
2065364917.tif;1;0;754;1000;63;690;49;8;63;690;112;690;112;698;63;698;TRENDS;AAAAAA;0.56;undefined;OTHER;OTHER
2065364917.tif;1;0;754;1000;123;690;58;8;123;690;181;690;181;698;123;698;WINDOWS;AAAAAAA;0.24;undefined;OTHER;OTHER
2065364917.tif;1;0;754;1000;192;690;30;9;192;690;222;690;222;699;192;699;SIT8;AAAN;0.68;undefined;OTHER;OTHER
2065364917.tif;1;0;754;1000;236;691;55;8;236;691;291;691;291;699;236;699;LICENSE;AAAAAAA;0.51;undefined;OTHER;OTHER
2065364917.tif;1;0;754;1000;312;691;48;8;312;691;360;691;360;699;312;699;ENEWAL;AAAAAA;0.21;undefined;OTHER;OTHER
2065364917.tif;1;0;754;1000;158;703;62;12;158;703;220;703;220;715;158;715;^4/01/9!;SNSNNSNS;0.34;undefined;OTHER;OTHER
2065364917.tif;1;0;754;1000;23;704;21;9;23;704;44;704;44;713;23;713;FOR;AAA;0.25;undefined;OTHER;OTHER
2065364917.tif;1;0;754;1000;56;704;22;9;56;704;78;704;78;713;56;713;THE;AAA;0.37;undefined;OTHER;OTHER
2065364917.tif;1;0;754;1000;90;704;55;9;90;704;145;704;145;713;90;713;PERIOD:;AAAAAAS;0.48;undefined;OTHER;OTHER
2065364917.tif;1;0;754;1000;252;704;48;11;252;704;300;704;300;715;252;715;03/31/;NNSNNS;0.5;undefined;OTHER;OTHER
2065364917.tif;1;0;754;1000;312;705;5;8;312;705;317;705;317;713;312;713;8;N;0.26;undefined;OTHER;OTHER
2065364917.tif;1;0;754;1000;330;705;22;10;330;705;352;705;352;715;330;715;(1?;SNS;0.28;undefined;OTHER;OTHER
2065364917.tif;1;0;754;1000;363;705;56;10;363;705;419;705;419;715;363;715;MONTHS);AAAAAAS;0.42;undefined;OTHER;OTHER
2065364917.tif;1;0;754;1000;234;708;7;3;234;708;241;708;241;711;234;711;-;S;0.55;undefined;OTHER;OTHER
2065364917.tif;1;0;754;1000;484;723;6;17;484;723;490;723;490;740;484;740;1;N;0.12;undefined;OTHER;OTHER
2065364917.tif;1;0;754;1000;524;725;5;13;524;725;529;725;529;738;524;738;»;S;1.0;undefined;OTHER;OTHER
2065364917.tif;1;0;754;1000;338;747;29;14;338;747;367;747;367;761;338;761;Mill;AAAA;0.28;undefined;OTHER;OTHER
2065364917.tif;1;0;754;1000;399;749;31;12;399;749;430;749;430;761;399;761;tJ«lo;AASAA;0.38;undefined;OTHER;OTHER
2065364917.tif;1;0;754;1000;365;774;43;14;365;774;408;774;408;788;365;788;sr-n;AASA;0.13;undefined;OTHER;OTHER
2065364917.tif;1;0;754;1000;349;777;7;11;349;777;356;777;356;788;349;788;y;A;0.4;undefined;OTHER;OTHER
2065364917.tif;1;0;754;1000;606;816;10;8;606;816;616;816;616;824;606;824;po;AA;0.12;undefined;OTHER;OTHER
2065364917.tif;1;0;754;1000;637;817;2;2;637;817;639;817;639;819;637;819;•;S;0.69;undefined;OTHER;OTHER
2065364917.tif;1;0;754;1000;606;825;9;7;606;825;615;825;615;832;606;832;o;A;0.26;undefined;OTHER;OTHER
2065364917.tif;1;0;754;1000;621;830;10;3;621;830;631;830;631;833;621;833;...;SSS;0.71;undefined;OTHER;OTHER
2065364917.tif;1;0;754;1000;606;833;10;7;606;833;616;833;616;840;606;840;o;A;0.12;undefined;OTHER;OTHER
2065364917.tif;1;0;754;1000;622;839;1;2;622;839;623;839;623;841;622;841;.;S;0.97;undefined;OTHER;OTHER
2065364917.tif;1;0;754;1000;606;842;9;7;606;842;615;842;615;849;606;849;cn;AA;0.19;undefined;OTHER;OTHER
2065364917.tif;1;0;754;1000;605;850;10;7;605;850;615;850;615;857;605;857;co;AA;0.14;undefined;OTHER;OTHER
2065364917.tif;1;0;754;1000;605;858;10;8;605;858;615;858;615;866;605;866;O';AS;0.76;undefined;OTHER;OTHER
2065364917.tif;1;0;754;1000;621;858;4;2;621;858;625;858;625;860;621;860;■;S;0.25;undefined;OTHER;OTHER
2065364917.tif;1;0;754;1000;605;867;9;15;605;867;614;867;614;882;605;882;5;N;0.24;undefined;OTHER;OTHER
2065364917.tif;1;0;754;1000;507;873;40;9;507;873;547;873;547;882;507;882;Total;AAAAA;0.35;undefined;OTHER;OTHER
2065364917.tif;1;0;754;1000;457;874;5;8;457;874;462;874;462;882;457;882;S;A;0.76;undefined;OTHER;OTHER
2065364917.tif;1;0;754;1000;627;874;39;9;627;874;666;874;666;883;627;883;10784;NNNNN;0.35;undefined;OTHER;OTHER
2065364917.tif;1;0;754;1000;465;876;5;6;465;876;470;876;470;882;465;882;a;A;0.14;undefined;OTHER;OTHER
2065364917.tif;1;0;754;1000;482;876;14;6;482;876;496;876;496;882;482;882;es;AA;0.3;undefined;OTHER;OTHER
2065364917.tif;1;0;754;1000;370;887;54;13;370;887;424;887;424;900;370;900;CREDIT,;AAAAAAS;0.93;undefined;OTHER;OTHER
2065364917.tif;1;0;754;1000;457;887;3;8;457;887;460;887;460;895;457;895;T;A;0.25;undefined;OTHER;OTHER
2065364917.tif;1;0;754;1000;482;887;14;9;482;887;496;887;496;896;482;896;de;AA;0.64;undefined;OTHER;OTHER
2065364917.tif;1;0;754;1000;507;887;66;9;507;887;573;887;573;896;507;896;Discount;AAAAAAAA;0.42;undefined;OTHER;OTHER
2065364917.tif;1;0;754;1000;219;888;19;11;219;888;238;888;238;899;219;899;TO;AA;1.0;undefined;OTHER;OTHER
2065364917.tif;1;0;754;1000;244;888;57;11;244;888;301;888;301;899;244;899;ENSURE;AAAAAA;0.96;undefined;OTHER;OTHER
2065364917.tif;1;0;754;1000;306;888;59;11;306;888;365;888;365;899;306;899;PROPER;AAAAAA;0.99;undefined;OTHER;OTHER
2065364917.tif;1;0;754;1000;465;889;5;6;465;889;470;889;470;895;465;895;r;A;0.48;undefined;OTHER;OTHER
2065364917.tif;1;0;754;1000;77;895;30;10;77;895;107;895;107;905;77;905;FEIN;AAAA;0.9;undefined;OTHER;OTHER
2065364917.tif;1;0;754;1000;482;901;23;11;482;901;505;901;505;912;482;912;ifjh;AAAA;0.44;undefined;OTHER;OTHER
2065364917.tif;1;0;754;1000;457;902;13;8;457;902;470;902;470;910;457;910;Fr;AA;0.53;undefined;OTHER;OTHER
2065364917.tif;1;0;754;1000;508;902;6;8;508;902;514;902;514;910;508;910;t;A;0.32;undefined;OTHER;OTHER
2065364917.tif;1;0;754;1000;678;902;14;9;678;902;692;902;692;911;678;911;00;NN;0.22;undefined;OTHER;OTHER
2065364917.tif;1;0;754;1000;322;904;40;12;322;904;362;904;362;916;322;916;YOUR;AAAA;0.73;undefined;OTHER;OTHER
2065364917.tif;1;0;754;1000;367;904;80;12;367;904;447;904;447;916;367;916;CUSTOMER;AAAAAAAA;0.64;undefined;OTHER;OTHER
2065364917.tif;1;0;754;1000;197;905;54;11;197;905;251;905;251;916;197;916;PLEASE;AAAAAA;0.52;undefined;OTHER;OTHER
2065364917.tif;1;0;754;1000;257;905;60;11;257;905;317;905;317;916;257;916;INCLUDE;AAAAAAA;0.46;undefined;OTHER;OTHER
2065364917.tif;1;0;754;1000;55;912;74;11;55;912;129;912;129;923;55;923;36-2815480;NNSNNNNNNN;0.57;undefined;OTHER;OTHER
2065364917.tif;1;0;754;1000;507;917;23;8;507;917;530;917;530;925;507;925;Cha;AAA;0.33;undefined;OTHER;OTHER
2065364917.tif;1;0;754;1000;534;918;3;5;534;918;537;918;537;923;534;923;';S;1.0;undefined;OTHER;OTHER
2065364917.tif;1;0;754;1000;542;918;22;9;542;918;564;918;564;927;542;927;Qes;AAA;0.5;undefined;OTHER;OTHER
2065364917.tif;1;0;754;1000;229;922;59;11;229;922;288;922;288;933;229;933;NUMBER;AAAAAA;1.0;undefined;OTHER;OTHER
2065364917.tif;1;0;754;1000;293;922;20;11;293;922;313;922;313;933;293;933;ON;AA;0.98;undefined;OTHER;OTHER
2065364917.tif;1;0;754;1000;319;922;39;11;319;922;358;922;358;933;319;933;YOUR;AAAA;0.92;undefined;OTHER;OTHER
2065364917.tif;1;0;754;1000;364;922;52;11;364;922;416;922;416;933;364;933;CHECK.;AAAAAS;0.75;undefined;OTHER;OTHER
2065364917.tif;1;0;754;1000;474;926;1;2;474;926;475;926;475;928;474;928;';S;0.61;undefined;OTHER;OTHER
2065364917.tif;1;0;754;1000;490;930;40;9;490;930;530;930;530;939;490;939;Total;AAAAA;0.47;undefined;OTHER;OTHER
2065364917.tif;1;0;754;1000;456;931;23;8;456;931;479;931;479;939;456;939;TflK;AAAA;0.34;undefined;OTHER;OTHER
2065364917.tif;1;0;754;1000;175;958;41;14;175;958;216;958;216;972;175;972;'m&k;SASA;0.44;undefined;OTHER;OTHER
2065364917.tif;1;0;754;1000;500;959;36;8;500;959;536;959;536;967;500;967;TOTAL;AAAAA;0.64;undefined;OTHER;OTHER
2065364917.tif;1;0;754;1000;627;959;65;8;627;959;692;959;692;967;627;967;10784.00;NNNNNSNN;0.23;undefined;OTHER;OTHER
