src;num_pages;page_id;page_width;page_height;col;row;width;height;x1;y1;x2;y2;x3;y3;x4;y4;contents;contents_masked;confidence;correctclass;tag;description
2065239368.tif;1;0;754;1000;635;66;9;10;635;66;644;66;644;76;635;76;[£;SS;0.26;undefined;OTHER;OTHER
2065239368.tif;1;0;754;1000;647;67;45;8;647;67;692;67;692;75;647;75;002/002;NNNSNNN;0.33;undefined;OTHER;OTHER
2065239368.tif;1;0;754;1000;375;71;72;8;375;71;447;71;447;79;375;79;DESTINATION;AAAAAAAAAAA;0.51;undefined;OTHER;OTHER
2065239368.tif;1;0;754;1000;454;71;25;8;454;71;479;71;479;79;454;79;SVCS;AAAA;1.0;undefined;OTHER;OTHER
2065239368.tif;1;0;754;1000;211;73;32;10;211;73;243;73;243;83;211;83;©802;SNNN;0.38;undefined;OTHER;OTHER
2065239368.tif;1;0;754;1000;277;74;24;8;277;74;301;74;301;82;277;82;2532;NNNN;0.35;undefined;OTHER;OTHER
2065239368.tif;1;0;754;1000;251;75;18;7;251;75;269;75;269;82;251;82;423;NNN;0.57;undefined;OTHER;OTHER
2065239368.tif;1;0;754;1000;152;76;31;8;152;76;183;76;183;84;152;84;11:12;NNSNN;0.41;undefined;OTHER;OTHER
2065239368.tif;1;0;754;1000;78;77;52;8;78;77;130;77;130;85;78;85;08/12/98;NNSNNSNN;0.29;undefined;OTHER;OTHER
2065239368.tif;1;0;754;1000;346;99;21;9;346;99;367;99;367;108;346;108;BIT;AAA;0.5;undefined;OTHER;OTHER
2065239368.tif;1;0;754;1000;374;99;7;9;374;99;381;99;381;108;374;108;B;A;1.0;undefined;OTHER;OTHER
2065239368.tif;1;0;754;1000;321;101;20;6;321;101;341;101;341;107;321;107;">;t:i";SSASA;0.22;undefined;OTHER;OTHER
2065239368.tif;1;0;754;1000;114;120;61;13;114;120;175;120;175;133;114;133;Approved;AAAAAAAA;0.58;undefined;OTHER;OTHER
2065239368.tif;1;0;754;1000;180;120;19;13;180;120;199;120;199;133;180;133;By:;AAS;0.55;undefined;OTHER;OTHER
2065239368.tif;1;0;754;1000;115;153;44;11;115;153;159;153;159;164;115;164;Invoice;AAAAAAA;0.62;undefined;OTHER;OTHER
2065239368.tif;1;0;754;1000;164;153;32;11;164;153;196;153;196;164;164;164;Date:;AAAAS;0.88;undefined;OTHER;OTHER
2065239368.tif;1;0;754;1000;242;153;44;14;242;153;286;153;286;167;242;167;August;AAAAAA;0.77;undefined;OTHER;OTHER
2065239368.tif;1;0;754;1000;291;153;52;13;291;153;343;153;343;166;291;166;12,1998;NNSNNNN;0.72;undefined;OTHER;OTHER
2065239368.tif;1;0;754;1000;115;169;44;12;115;169;159;169;159;181;115;181;Invoice;AAAAAAA;0.35;undefined;OTHER;OTHER
2065239368.tif;1;0;754;1000;162;169;12;12;162;169;174;169;174;181;162;181;#:;SS;0.32;undefined;OTHER;OTHER
2065239368.tif;1;0;754;1000;244;169;29;12;244;169;273;169;273;181;244;181;1483;NNNN;0.55;undefined;OTHER;OTHER
2065239368.tif;1;0;754;1000;115;186;42;11;115;186;157;186;157;197;115;197;Master;AAAAAA;0.81;undefined;OTHER;OTHER
2065239368.tif;1;0;754;1000;160;186;55;11;160;186;215;186;215;197;160;197;Account-;AAAAAAAS;0.54;undefined;OTHER;OTHER
2065239368.tif;1;0;754;1000;114;202;22;10;114;202;136;202;136;212;114;212;Job;AAA;0.5;undefined;OTHER;OTHER
2065239368.tif;1;0;754;1000;140;202;11;10;140;202;151;202;151;212;140;212;#:;SS;0.64;undefined;OTHER;OTHER
2065239368.tif;1;0;754;1000;242;202;54;11;242;202;296;202;296;213;242;213;DS-1483;AASNNNN;0.55;undefined;OTHER;OTHER
2065239368.tif;1;0;754;1000;247;250;112;14;247;250;359;250;359;264;247;264;DESTINATION;AAAAAAAAAAA;0.6;undefined;OTHER;OTHER
2065239368.tif;1;0;754;1000;365;251;84;13;365;251;449;251;449;264;365;264;SERVICES;AAAAAAAA;0.75;undefined;OTHER;OTHER
2065239368.tif;1;0;754;1000;455;251;68;13;455;251;523;251;523;264;455;264;INVOICE;AAAAAAA;0.8;undefined;OTHER;OTHER
2065239368.tif;1;0;754;1000;367;271;35;12;367;271;402;271;402;283;367;283;FOR;AAA;0.75;undefined;OTHER;OTHER
2065239368.tif;1;0;754;1000;252;290;53;13;252;290;305;290;305;303;252;303;PHILIP;AAAAAA;0.79;undefined;OTHER;OTHER
2065239368.tif;1;0;754;1000;310;290;66;13;310;290;376;290;376;303;310;303;MORRIS;AAAAAA;0.58;undefined;OTHER;OTHER
2065239368.tif;1;0;754;1000;382;290;135;13;382;290;517;290;517;303;382;303;INCORPORATED;AAAAAAAAAAAA;0.88;undefined;OTHER;OTHER
2065239368.tif;1;0;754;1000;281;309;13;7;281;309;294;309;294;316;281;316;**;SS;0.58;undefined;OTHER;OTHER
2065239368.tif;1;0;754;1000;299;309;95;13;299;309;394;309;394;322;299;322;ESTIMATED;AAAAAAAAA;0.6;undefined;OTHER;OTHER
2065239368.tif;1;0;754;1000;400;310;69;12;400;310;469;310;469;322;400;322;INVOICE;AAAAAAA;0.74;undefined;OTHER;OTHER
2065239368.tif;1;0;754;1000;474;310;12;6;474;310;486;310;486;316;474;316;**;SS;0.47;undefined;OTHER;OTHER
2065239368.tif;1;0;754;1000;258;361;44;10;258;361;302;361;302;371;258;371;24,1858;NNSNNNN;0.32;undefined;OTHER;OTHER
2065239368.tif;1;0;754;1000;135;386;39;9;135;386;174;386;174;395;135;395;Sedans;AAAAAA;0.61;undefined;OTHER;OTHER
2065239368.tif;1;0;754;1000;178;386;12;11;178;386;190;386;190;397;178;397;@;S;0.28;undefined;OTHER;OTHER
2065239368.tif;1;0;754;1000;193;386;35;10;193;386;228;386;228;396;193;396;$35.00;SNNSNN;0.66;undefined;OTHER;OTHER
2065239368.tif;1;0;754;1000;346;386;22;10;346;386;368;386;368;396;346;396;20%;NNS;0.79;undefined;OTHER;OTHER
2065239368.tif;1;0;754;1000;111;387;20;11;111;387;131;387;131;398;111;398;(85);SNNS;0.55;undefined;OTHER;OTHER
2065239368.tif;1;0;754;1000;251;387;24;9;251;387;275;387;275;396;251;396;hour;AAAA;0.41;undefined;OTHER;OTHER
2065239368.tif;1;0;754;1000;297;387;36;9;297;387;333;387;333;396;297;396;vehicle;AAAAAAA;0.41;undefined;OTHER;OTHER
2065239368.tif;1;0;754;1000;372;387;37;11;372;387;409;387;409;398;372;398;gratuity;AAAAAAAA;0.56;undefined;OTHER;OTHER
2065239368.tif;1;0;754;1000;412;387;4;9;412;387;416;387;416;396;412;396;/;S;0.39;undefined;OTHER;OTHER
2065239368.tif;1;0;754;1000;419;387;22;9;419;387;441;387;441;396;419;396;total;AAAAA;0.37;undefined;OTHER;OTHER
2065239368.tif;1;0;754;1000;444;387;27;11;444;387;471;387;471;398;444;398;(170);SNNNS;0.72;undefined;OTHER;OTHER
2065239368.tif;1;0;754;1000;474;387;29;9;474;387;503;387;503;396;474;396;hours;AAAAA;0.31;undefined;OTHER;OTHER
2065239368.tif;1;0;754;1000;603;387;52;10;603;387;655;387;655;397;603;397;$7,140.00;SNSNNNSNN;0.57;undefined;OTHER;OTHER
2065239368.tif;1;0;754;1000;232;388;16;9;232;388;248;388;248;397;232;397;per;AAA;0.44;undefined;OTHER;OTHER
2065239368.tif;1;0;754;1000;278;388;17;10;278;388;295;388;295;398;278;398;per;AAA;0.66;undefined;OTHER;OTHER
2065239368.tif;1;0;754;1000;336;388;7;6;336;388;343;388;343;394;336;394;+;S;0.28;undefined;OTHER;OTHER
2065239368.tif;1;0;754;1000;111;400;27;11;111;400;138;400;138;411;111;411;(170);SNNNS;0.55;undefined;OTHER;OTHER
2065239368.tif;1;0;754;1000;141;400;39;12;141;400;180;400;180;412;141;412;Skycap;AAAAAA;0.69;undefined;OTHER;OTHER
2065239368.tif;1;0;754;1000;183;400;47;11;183;400;230;400;230;411;183;411;gratuities;AAAAAAAAAA;0.47;undefined;OTHER;OTHER
2065239368.tif;1;0;754;1000;233;400;12;12;233;400;245;400;245;412;233;412;@;S;0.29;undefined;OTHER;OTHER
2065239368.tif;1;0;754;1000;248;400;29;10;248;400;277;400;277;410;248;410;$3.50;SNSNN;0.5;undefined;OTHER;OTHER
2065239368.tif;1;0;754;1000;613;401;42;10;613;401;655;401;655;411;613;411;$595.00;SNNNSNN;0.76;undefined;OTHER;OTHER
2065239368.tif;1;0;754;1000;280;402;17;10;280;402;297;402;297;412;280;412;per;AAA;0.3;undefined;OTHER;OTHER
2065239368.tif;1;0;754;1000;300;402;34;10;300;402;334;402;334;412;300;412;person;AAAAAA;0.4;undefined;OTHER;OTHER
2065239368.tif;1;0;754;1000;110;454;183;12;110;454;293;454;293;466;110;466;SRAtjD-CMY.QtimGhrrSEEiNQ;AAAAAASAAASAAAAAAAAAAAAAA;0.32;undefined;OTHER;OTHER
2065239368.tif;1;0;754;1000;110;468;20;12;110;468;130;468;130;480;110;480;(50);SNNS;0.46;undefined;OTHER;OTHER
2065239368.tif;1;0;754;1000;134;468;37;9;134;468;171;468;171;477;134;477;Guests;AAAAAA;0.45;undefined;OTHER;OTHER
2065239368.tif;1;0;754;1000;174;468;12;11;174;468;186;468;186;479;174;479;@;S;0.26;undefined;OTHER;OTHER
2065239368.tif;1;0;754;1000;189;468;42;10;189;468;231;468;231;478;189;478;$371.00;SNNNSNN;0.74;undefined;OTHER;OTHER
2065239368.tif;1;0;754;1000;595;469;59;10;595;469;654;469;654;479;595;479;$18.550.00;SNNSNNNSNN;0.45;undefined;OTHER;OTHER
2065239368.tif;1;0;754;1000;234;470;17;9;234;470;251;470;251;479;234;479;per;AAA;0.41;undefined;OTHER;OTHER
2065239368.tif;1;0;754;1000;254;470;35;9;254;470;289;470;289;479;254;479;person;AAAAAA;0.33;undefined;OTHER;OTHER
2065239368.tif;1;0;754;1000;110;495;107;12;110;495;217;495;217;507;110;507;PHOENlCiANXQIE;AAAAAAAAAAAAAA;0.3;undefined;OTHER;OTHER
2065239368.tif;1;0;754;1000;220;495;31;11;220;495;251;495;251;506;220;506;BAGS;AAAA;0.42;undefined;OTHER;OTHER
2065239368.tif;1;0;754;1000;109;509;27;11;109;509;136;509;136;520;109;520;(100);SNNNS;0.64;undefined;OTHER;OTHER
2065239368.tif;1;0;754;1000;139;509;24;9;139;509;163;509;163;518;139;518;Tote;AAAA;0.54;undefined;OTHER;OTHER
2065239368.tif;1;0;754;1000;167;509;25;11;167;509;192;509;192;520;167;520;bags;AAAA;0.35;undefined;OTHER;OTHER
2065239368.tif;1;0;754;1000;195;509;12;11;195;509;207;509;207;520;195;520;@;S;0.29;undefined;OTHER;OTHER
2065239368.tif;1;0;754;1000;210;509;35;10;210;509;245;509;245;519;210;519;$20.00;SNNSNN;0.47;undefined;OTHER;OTHER
2065239368.tif;1;0;754;1000;303;509;26;9;303;509;329;509;329;518;303;518;0.9%;NSNS;0.62;undefined;OTHER;OTHER
2065239368.tif;1;0;754;1000;601;509;53;11;601;509;654;509;654;520;601;520;$2,138.00;SNSNNNSNN;0.52;undefined;OTHER;OTHER
2065239368.tif;1;0;754;1000;248;510;28;10;248;510;276;510;276;520;248;520;each,;AAAAS;0.53;undefined;OTHER;OTHER
2065239368.tif;1;0;754;1000;280;510;21;10;280;510;301;510;301;520;280;520;plus;AAAA;0.25;undefined;OTHER;OTHER
2065239368.tif;1;0;754;1000;333;510;15;8;333;510;348;510;348;518;333;518;tax;AAA;0.63;undefined;OTHER;OTHER
2065239368.tif;1;0;754;1000;136;535;35;11;136;535;171;535;171;546;136;546;TOWN;AAAA;0.31;undefined;OTHER;OTHER
2065239368.tif;1;0;754;1000;176;535;60;11;176;535;236;535;236;546;176;546;SHQP-EINfi;AAAASAAAAA;0.31;undefined;OTHER;OTHER
2065239368.tif;1;0;754;1000;109;536;24;10;109;536;133;536;133;546;109;546;OLD;AAA;0.23;undefined;OTHER;OTHER
2065239368.tif;1;0;754;1000;239;536;25;10;239;536;264;536;264;546;239;546;AND;AAA;0.32;undefined;OTHER;OTHER
2065239368.tif;1;0;754;1000;267;536;94;11;267;536;361;536;361;547;267;547;LUNCiiAU.QB.'5;AAAAAAAASAASSN;0.27;undefined;OTHER;OTHER
2065239368.tif;1;0;754;1000;109;549;20;12;109;549;129;549;129;561;109;561;(30);SNNS;0.89;undefined;OTHER;OTHER
2065239368.tif;1;0;754;1000;133;549;37;10;133;549;170;549;170;559;133;559;Guests;AAAAAA;0.65;undefined;OTHER;OTHER
2065239368.tif;1;0;754;1000;173;549;12;12;173;549;185;549;185;561;173;561;@;S;0.31;undefined;OTHER;OTHER
2065239368.tif;1;0;754;1000;188;549;35;11;188;549;223;549;223;560;188;560;$82.00;SNNSNN;0.6;undefined;OTHER;OTHER
2065239368.tif;1;0;754;1000;601;549;51;11;601;549;652;549;652;560;601;560;$2,460.00;SNSNNNSNN;0.49;undefined;OTHER;OTHER
2065239368.tif;1;0;754;1000;227;551;17;9;227;551;244;551;244;560;227;560;per;AAA;0.8;undefined;OTHER;OTHER
2065239368.tif;1;0;754;1000;247;551;34;10;247;551;281;551;281;561;247;561;person;AAAAAA;0.75;undefined;OTHER;OTHER
2065239368.tif;1;0;754;1000;109;563;51;9;109;563;160;563;160;572;109;572;Estimated;AAAAAAAAA;0.47;undefined;OTHER;OTHER
2065239368.tif;1;0;754;1000;163;563;20;9;163;563;183;563;183;572;163;572;Win;AAA;0.48;undefined;OTHER;OTHER
2065239368.tif;1;0;754;1000;193;563;20;9;193;563;213;563;213;572;193;572;with;AAAA;0.34;undefined;OTHER;OTHER
2065239368.tif;1;0;754;1000;217;563;27;9;217;563;244;563;244;572;217;572;lunch;AAAAA;0.31;undefined;OTHER;OTHER
2065239368.tif;1;0;754;1000;248;563;31;9;248;563;279;563;279;572;248;572;based;AAAAA;0.41;undefined;OTHER;OTHER
2065239368.tif;1;0;754;1000;298;563;65;11;298;563;363;563;363;574;298;574;consumption;AAAAAAAAAAA;0.55;undefined;OTHER;OTHER
2065239368.tif;1;0;754;1000;376;563;22;9;376;563;398;563;398;572;376;572;20%;NNS;0.79;undefined;OTHER;OTHER
2065239368.tif;1;0;754;1000;402;563;57;9;402;563;459;563;459;572;402;572;Destination;AAAAAAAAAAA;0.68;undefined;OTHER;OTHER
2065239368.tif;1;0;754;1000;463;563;44;9;463;563;507;563;507;572;463;572;Services;AAAAAAAA;0.46;undefined;OTHER;OTHER
2065239368.tif;1;0;754;1000;511;563;67;11;511;563;578;563;578;574;511;574;Management;AAAAAAAAAA;0.59;undefined;OTHER;OTHER
2065239368.tif;1;0;754;1000;582;563;19;9;582;563;601;563;601;572;582;572;Fee;AAA;0.54;undefined;OTHER;OTHER
2065239368.tif;1;0;754;1000;610;563;42;10;610;563;652;563;652;573;610;573;$285.00;SNNNSNN;0.55;undefined;OTHER;OTHER
2065239368.tif;1;0;754;1000;184;565;6;7;184;565;190;565;190;572;184;572;a;A;0.34;undefined;OTHER;OTHER
2065239368.tif;1;0;754;1000;366;565;7;6;366;565;373;565;373;571;366;571;+;S;0.55;undefined;OTHER;OTHER
2065239368.tif;1;0;754;1000;282;566;13;6;282;566;295;566;295;572;282;572;on;AA;0.41;undefined;OTHER;OTHER
2065239368.tif;1;0;754;1000;108;617;108;11;108;617;216;617;216;628;108;628;R1VEB.RAUXW1IH;ANAAASAAAAANAA;0.36;undefined;OTHER;OTHER
2065239368.tif;1;0;754;1000;220;617;39;11;220;617;259;617;259;628;220;628;LUNCH;AAAAA;0.2;undefined;OTHER;OTHER
2065239368.tif;1;0;754;1000;262;617;15;11;262;617;277;617;277;628;262;628;AT;AA;0.73;undefined;OTHER;OTHER
2065239368.tif;1;0;754;1000;281;617;56;11;281;617;337;617;337;628;281;628;SAGUARD;AAAAAAA;0.26;undefined;OTHER;OTHER
2065239368.tif;1;0;754;1000;341;617;30;11;341;617;371;617;371;628;341;628;LAKE;AAAA;0.29;undefined;OTHER;OTHER
2065239368.tif;1;0;754;1000;373;617;41;11;373;617;414;617;414;628;373;628;RANCH;AAAAA;0.26;undefined;OTHER;OTHER
2065239368.tif;1;0;754;1000;108;630;20;12;108;630;128;630;128;642;108;642;(60);SNNS;0.52;undefined;OTHER;OTHER
2065239368.tif;1;0;754;1000;131;630;37;10;131;630;168;630;168;640;131;640;Guests;AAAAAA;0.3;undefined;OTHER;OTHER
2065239368.tif;1;0;754;1000;172;630;12;12;172;630;184;630;184;642;172;642;@;S;0.29;undefined;OTHER;OTHER
2065239368.tif;1;0;754;1000;187;630;42;10;187;630;229;630;229;640;187;640;$154.00;SNNNSNN;0.48;undefined;OTHER;OTHER
2065239368.tif;1;0;754;1000;600;630;52;11;600;630;652;630;652;641;600;641;$9,240.00;SNSNNNSNN;0.44;undefined;OTHER;OTHER
2065239368.tif;1;0;754;1000;232;632;17;9;232;632;249;632;249;641;232;641;per;AAA;0.4;undefined;OTHER;OTHER
2065239368.tif;1;0;754;1000;252;633;35;9;252;633;287;633;287;642;252;642;person;AAAAAA;0.44;undefined;OTHER;OTHER
2065239368.tif;1;0;754;1000;107;644;20;11;107;644;127;644;127;655;107;655;(60);SNNS;0.64;undefined;OTHER;OTHER
2065239368.tif;1;0;754;1000;131;644;31;11;131;644;162;644;162;655;131;655;Squirt;AAAAAA;0.52;undefined;OTHER;OTHER
2065239368.tif;1;0;754;1000;165;644;28;9;165;644;193;644;193;653;165;653;Guns;AAAA;0.46;undefined;OTHER;OTHER
2065239368.tif;1;0;754;1000;196;644;12;11;196;644;208;644;208;655;196;655;<®;SS;0.26;undefined;OTHER;OTHER
2065239368.tif;1;0;754;1000;211;644;29;9;211;644;240;644;240;653;211;653;S2.25;ANSNN;0.7;undefined;OTHER;OTHER
2065239368.tif;1;0;754;1000;299;644;25;10;299;644;324;644;324;654;299;654;8.9%;NSNS;0.4;undefined;OTHER;OTHER
2065239368.tif;1;0;754;1000;610;644;41;10;610;644;651;644;651;654;610;654;$144.32;SNNNSNN;0.61;undefined;OTHER;OTHER
2065239368.tif;1;0;754;1000;243;645;27;10;243;645;270;645;270;655;243;655;each,;AAAAS;0.67;undefined;OTHER;OTHER
2065239368.tif;1;0;754;1000;275;645;20;11;275;645;295;645;295;656;275;656;plus;AAAA;0.69;undefined;OTHER;OTHER
2065239368.tif;1;0;754;1000;328;645;15;9;328;645;343;645;343;654;328;654;tax;AAA;0.4;undefined;OTHER;OTHER
2065239368.tif;1;0;754;1000;107;658;13;11;107;658;120;658;120;669;107;669;(8);SNS;0.62;undefined;OTHER;OTHER
2065239368.tif;1;0;754;1000;124;658;41;9;124;658;165;658;165;667;124;667;"""Master";SAAAAAA;0.68;undefined;OTHER;OTHER
2065239368.tif;1;0;754;1000;168;658;40;9;168;658;208;658;208;667;168;667;"Blaster""";AAAAAAAS;0.7;undefined;OTHER;OTHER
2065239368.tif;1;0;754;1000;211;658;29;8;211;658;240;658;240;666;211;666;Team;AAAA;0.63;undefined;OTHER;OTHER
2065239368.tif;1;0;754;1000;244;658;31;9;244;658;275;658;275;667;244;667;Water;AAAAA;0.55;undefined;OTHER;OTHER
2065239368.tif;1;0;754;1000;278;658;27;9;278;658;305;658;305;667;278;667;Guns;AAAA;0.28;undefined;OTHER;OTHER
2065239368.tif;1;0;754;1000;309;658;10;10;309;658;319;658;319;668;309;668;@;S;0.32;undefined;OTHER;OTHER
2065239368.tif;1;0;754;1000;323;658;35;9;323;658;358;658;358;667;323;667;$36.00;SNNSNN;0.56;undefined;OTHER;OTHER
2065239368.tif;1;0;754;1000;393;658;20;11;393;658;413;658;413;669;393;669;plus;AAAA;0.65;undefined;OTHER;OTHER
2065239368.tif;1;0;754;1000;416;658;27;9;416;658;443;658;443;667;416;667;6.9%;NSNS;0.5;undefined;OTHER;OTHER
2065239368.tif;1;0;754;1000;609;658;42;9;609;658;651;658;651;667;609;667;$307.87;SNNNSNN;0.66;undefined;OTHER;OTHER
2065239368.tif;1;0;754;1000;361;659;27;9;361;659;388;659;388;668;361;668;each,;AAAAS;0.6;undefined;OTHER;OTHER
2065239368.tif;1;0;754;1000;446;659;15;8;446;659;461;659;461;667;446;667;tax;AAA;0.55;undefined;OTHER;OTHER
2065239368.tif;1;0;754;1000;107;684;40;11;107;684;147;684;147;695;107;695;HEARD;AAAAA;0.39;undefined;OTHER;OTHER
2065239368.tif;1;0;754;1000;151;684;51;11;151;684;202;684;202;695;151;695;MUSEUM;AAAAAA;0.32;undefined;OTHER;OTHER
2065239368.tif;1;0;754;1000;206;684;32;11;206;684;238;684;238;695;206;695;TOUR;AAAA;0.35;undefined;OTHER;OTHER
2065239368.tif;1;0;754;1000;241;684;29;11;241;684;270;684;270;695;241;695;WITH;AAAA;0.51;undefined;OTHER;OTHER
2065239368.tif;1;0;754;1000;275;684;128;11;275;684;403;684;403;695;275;695;LUNCKAT..S&MS.CAFE;AAAAAAASSASAASAAAA;0.38;undefined;OTHER;OTHER
2065239368.tif;1;0;754;1000;131;697;37;10;131;697;168;697;168;707;131;707;Guests;AAAAAA;0.55;undefined;OTHER;OTHER
2065239368.tif;1;0;754;1000;186;697;35;10;186;697;221;697;221;707;186;707;$82.00;SNNSNN;0.52;undefined;OTHER;OTHER
2065239368.tif;1;0;754;1000;106;698;21;11;106;698;127;698;127;709;106;709;(30);SNNS;0.85;undefined;OTHER;OTHER
2065239368.tif;1;0;754;1000;599;698;52;10;599;698;651;698;651;708;599;708;$2,460.00;SNSNNNSNN;0.55;undefined;OTHER;OTHER
2065239368.tif;1;0;754;1000;225;699;17;9;225;699;242;699;242;708;225;708;per;AAA;0.54;undefined;OTHER;OTHER
2065239368.tif;1;0;754;1000;244;700;35;9;244;700;279;700;279;709;244;709;person;AAAAAA;0.46;undefined;OTHER;OTHER
2065239368.tif;1;0;754;1000;162;710;54;12;162;710;216;710;216;722;162;722;beverages;AAAAAAAAA;0.44;undefined;OTHER;OTHER
2065239368.tif;1;0;754;1000;107;711;51;9;107;711;158;711;158;720;107;720;Estimated;AAAAAAAAA;0.64;undefined;OTHER;OTHER
2065239368.tif;1;0;754;1000;219;711;31;9;219;711;250;711;250;720;219;720;based;AAAAA;0.13;undefined;OTHER;OTHER
2065239368.tif;1;0;754;1000;270;711;64;11;270;711;334;711;334;722;270;722;consumption;AAAAAAAAAAA;0.57;undefined;OTHER;OTHER
2065239368.tif;1;0;754;1000;348;711;22;9;348;711;370;711;370;720;348;720;20%;NNS;0.59;undefined;OTHER;OTHER
2065239368.tif;1;0;754;1000;374;711;57;9;374;711;431;711;431;720;374;720;Destination;AAAAAAAAAAA;0.42;undefined;OTHER;OTHER
2065239368.tif;1;0;754;1000;434;711;44;9;434;711;478;711;478;720;434;720;Services;AAAAAAAA;0.46;undefined;OTHER;OTHER
2065239368.tif;1;0;754;1000;482;711;67;11;482;711;549;711;549;722;482;722;Management;AAAAAAAAAA;0.47;undefined;OTHER;OTHER
2065239368.tif;1;0;754;1000;553;711;19;9;553;711;572;711;572;720;553;720;Fee;AAA;0.78;undefined;OTHER;OTHER
2065239368.tif;1;0;754;1000;609;711;42;9;609;711;651;711;651;720;609;720;$285.00;SNNNSNN;0.63;undefined;OTHER;OTHER
2065239368.tif;1;0;754;1000;254;713;12;7;254;713;266;713;266;720;254;720;on;AA;0.47;undefined;OTHER;OTHER
2065239368.tif;1;0;754;1000;338;713;6;6;338;713;344;713;344;719;338;719;+;S;0.55;undefined;OTHER;OTHER
2065239368.tif;1;0;754;1000;106;738;127;11;106;738;233;738;233;749;106;749;DEPABIUBE-hlQIICES;AAAAAAAAASAAAAAAAA;0.21;undefined;OTHER;OTHER
2065239368.tif;1;0;754;1000;106;751;26;11;106;751;132;751;132;762;106;762;(170);SNNNS;0.85;undefined;OTHER;OTHER
2065239368.tif;1;0;754;1000;136;751;39;9;136;751;175;751;175;760;136;760;Notices;AAAAAAA;0.51;undefined;OTHER;OTHER
2065239368.tif;1;0;754;1000;179;751;11;11;179;751;190;751;190;762;179;762;@;S;0.36;undefined;OTHER;OTHER
2065239368.tif;1;0;754;1000;194;751;28;9;194;751;222;751;222;760;194;760;$3.00;SNSNN;0.55;undefined;OTHER;OTHER
2065239368.tif;1;0;754;1000;226;751;24;9;226;751;250;751;250;760;226;760;each;AAAA;0.5;undefined;OTHER;OTHER
2065239368.tif;1;0;754;1000;608;751;42;9;608;751;650;751;650;760;608;760;$510.00;SNNNSNN;0.46;undefined;OTHER;OTHER
2065239368.tif;1;0;754;1000;380;792;8;8;380;792;388;792;388;800;380;800;R;A;1.0;undefined;OTHER;OTHER
2065239368.tif;1;0;754;1000;392;792;15;8;392;792;407;792;407;800;392;800;28.;NNS;0.58;undefined;OTHER;OTHER
2065239368.tif;1;0;754;1000;411;792;25;8;411;792;436;792;436;800;411;800;1998;NNNN;0.3;undefined;OTHER;OTHER
2065239368.tif;1;0;754;1000;106;805;181;11;106;805;287;805;287;816;106;816;DEPART.UREJHANSP.QRTATIQN;AAAAAASAAAAAAAAASAAAAAAAA;0.28;undefined;OTHER;OTHER
2065239368.tif;1;0;754;1000;608;818;42;9;608;818;650;818;650;827;608;827;$352.00;SNNNSNN;0.62;undefined;OTHER;OTHER
2065239368.tif;1;0;754;1000;105;819;14;11;105;819;119;819;119;830;105;830;(1);SNS;0.47;undefined;OTHER;OTHER
2065239368.tif;1;0;754;1000;123;819;26;9;123;819;149;819;149;828;123;828;Hotel;AAAAA;0.63;undefined;OTHER;OTHER
2065239368.tif;1;0;754;1000;153;819;61;9;153;819;214;819;214;828;153;828;Coordinator;AAAAAAAAAAA;0.57;undefined;OTHER;OTHER
2065239368.tif;1;0;754;1000;217;819;11;10;217;819;228;819;228;829;217;829;@;S;0.26;undefined;OTHER;OTHER
2065239368.tif;1;0;754;1000;232;819;35;9;232;819;267;819;267;828;232;828;$22.00;SNNSNN;0.52;undefined;OTHER;OTHER
2065239368.tif;1;0;754;1000;290;819;54;9;290;819;344;819;344;828;290;828;hour/total;AAAASAAAAA;0.51;undefined;OTHER;OTHER
2065239368.tif;1;0;754;1000;347;819;20;10;347;819;367;819;367;829;347;829;(16);SNNS;0.61;undefined;OTHER;OTHER
2065239368.tif;1;0;754;1000;371;819;29;9;371;819;400;819;400;828;371;828;hours;AAAAA;0.56;undefined;OTHER;OTHER
2065239368.tif;1;0;754;1000;271;821;16;8;271;821;287;821;287;829;271;829;per;AAA;0.75;undefined;OTHER;OTHER
2065239368.tif;1;0;754;1000;668;824;12;80;668;824;680;824;680;904;668;904;89E6EES902;NNANAAANNN;0.5;undefined;OTHER;OTHER
2065239368.tif;1;0;754;1000;438;831;27;12;438;831;465;831;465;843;438;843;(170);SNNNS;0.69;undefined;OTHER;OTHER
2065239368.tif;1;0;754;1000;598;831;51;10;598;831;649;831;649;841;598;841;$7,140.00;SNSNNNSNN;0.78;undefined;OTHER;OTHER
2065239368.tif;1;0;754;1000;105;832;20;11;105;832;125;832;125;843;105;843;(85);SNNS;0.61;undefined;OTHER;OTHER
2065239368.tif;1;0;754;1000;129;832;39;9;129;832;168;832;168;841;129;841;Sedans;AAAAAA;0.74;undefined;OTHER;OTHER
2065239368.tif;1;0;754;1000;172;832;12;11;172;832;184;832;184;843;172;843;@;S;0.27;undefined;OTHER;OTHER
2065239368.tif;1;0;754;1000;187;832;35;10;187;832;222;832;222;842;187;842;$35.00;SNNSNN;0.7;undefined;OTHER;OTHER
2065239368.tif;1;0;754;1000;246;832;23;9;246;832;269;832;269;841;246;841;hour;AAAA;0.46;undefined;OTHER;OTHER
2065239368.tif;1;0;754;1000;291;832;36;9;291;832;327;832;327;841;291;841;vehicle;AAAAAAA;0.66;undefined;OTHER;OTHER
2065239368.tif;1;0;754;1000;340;832;23;9;340;832;363;832;363;841;340;841;20%;NNS;0.63;undefined;OTHER;OTHER
2065239368.tif;1;0;754;1000;366;832;38;11;366;832;404;832;404;843;366;843;gratuity;AAAAAAAA;0.42;undefined;OTHER;OTHER
2065239368.tif;1;0;754;1000;407;832;3;9;407;832;410;832;410;841;407;841;/;S;0.26;undefined;OTHER;OTHER
2065239368.tif;1;0;754;1000;413;832;22;9;413;832;435;832;435;841;413;841;total;AAAAA;0.57;undefined;OTHER;OTHER
2065239368.tif;1;0;754;1000;469;832;28;8;469;832;497;832;497;840;469;840;hours;AAAAA;0.61;undefined;OTHER;OTHER
2065239368.tif;1;0;754;1000;226;834;17;8;226;834;243;834;243;842;226;842;per;AAA;0.73;undefined;OTHER;OTHER
2065239368.tif;1;0;754;1000;272;834;16;9;272;834;288;834;288;843;272;843;per;AAA;0.67;undefined;OTHER;OTHER
2065239368.tif;1;0;754;1000;607;844;42;10;607;844;649;844;649;854;607;854;$595.00;SNNNSNN;0.68;undefined;OTHER;OTHER
2065239368.tif;1;0;754;1000;177;845;47;11;177;845;224;845;224;856;177;856;gratuities;AAAAAAAAAA;0.6;undefined;OTHER;OTHER
2065239368.tif;1;0;754;1000;227;845;11;11;227;845;238;845;238;856;227;856;@2;SN;0.45;undefined;OTHER;OTHER
2065239368.tif;1;0;754;1000;242;845;28;10;242;845;270;845;270;855;242;855;$3.50;SNSNN;0.71;undefined;OTHER;OTHER
2065239368.tif;1;0;754;1000;105;846;26;11;105;846;131;846;131;857;105;857;(170);SNNNS;0.71;undefined;OTHER;OTHER
2065239368.tif;1;0;754;1000;135;846;39;10;135;846;174;846;174;856;135;856;Skycap;AAAAAA;0.6;undefined;OTHER;OTHER
2065239368.tif;1;0;754;1000;274;847;17;9;274;847;291;847;291;856;274;856;per;AAA;0.34;undefined;OTHER;OTHER
2065239368.tif;1;0;754;1000;294;847;34;9;294;847;328;847;328;856;294;856;person;AAAAAA;0.82;undefined;OTHER;OTHER
2065239368.tif;1;0;754;1000;104;884;67;12;104;884;171;884;171;896;104;896;ESTIMATED;AAAAAAAAA;0.34;undefined;OTHER;OTHER
2065239368.tif;1;0;754;1000;175;884;66;11;175;884;241;884;241;895;175;895;TOTAL,DUE;AAAAASAAA;0.5;undefined;OTHER;OTHER
2065239368.tif;1;0;754;1000;587;884;59;10;587;884;646;884;646;894;587;894;$52,202.19;SNNSNNNSNN;0.45;undefined;OTHER;OTHER
2065239368.tif;1;0;754;1000;103;925;56;10;103;925;159;925;159;935;103;935;Authorized;AAAAAAAAAA;0.49;undefined;OTHER;OTHER
2065239368.tif;1;0;754;1000;163;925;49;11;163;925;212;925;212;936;163;936;Signature;AAAAAAAAA;0.65;undefined;OTHER;OTHER
