src;num_pages;page_id;page_width;page_height;col;row;width;height;x1;y1;x2;y2;x3;y3;x4;y4;contents;contents_masked;confidence;correctclass;tag;description
502329893.tif;1;0;766;1000;240;4;4;7;240;4;244;4;244;11;240;11;f;A;0.36;undefined;OTHER;OTHER
502329893.tif;1;0;766;1000;248;6;6;5;248;6;254;6;254;11;248;11;r*;AS;0.22;undefined;OTHER;OTHER
502329893.tif;1;0;766;1000;194;11;2;7;194;11;196;11;196;18;194;18;i;A;0.79;undefined;OTHER;OTHER
502329893.tif;1;0;766;1000;11;18;61;10;11;18;72;18;72;28;11;28;PURCHASE;AAAAAAAA;0.26;undefined;OTHER;OTHER
502329893.tif;1;0;766;1000;79;19;40;9;79;19;119;19;119;28;79;28;ORDER;AAAAA;0.31;undefined;OTHER;OTHER
502329893.tif;1;0;766;1000;671;32;28;8;671;32;699;32;699;40;671;40;O/der;ASAAA;0.26;undefined;OTHER;OTHER
502329893.tif;1;0;766;1000;624;33;14;7;624;33;638;33;638;40;624;40;Put;AAA;0.35;undefined;OTHER;OTHER
502329893.tif;1;0;766;1000;641;33;26;7;641;33;667;33;667;40;641;40;chase;AAAAA;0.31;undefined;OTHER;OTHER
502329893.tif;1;0;766;1000;299;34;85;20;299;34;384;34;384;54;299;54;Reynolds;AAAAAAAA;0.64;undefined;OTHER;OTHER
502329893.tif;1;0;766;1000;393;35;76;14;393;35;469;35;469;49;393;49;Tobocco;AAAAAAA;0.64;undefined;OTHER;OTHER
502329893.tif;1;0;766;1000;479;35;87;18;479;35;566;35;566;53;479;53;Company;AAAAAAA;0.74;undefined;OTHER;OTHER
502329893.tif;1;0;766;1000;256;36;32;14;256;36;288;36;288;50;256;50;R.J.;ASAS;0.74;undefined;OTHER;OTHER
502329893.tif;1;0;766;1000;13;37;59;9;13;37;72;37;72;46;13;46;VENDOR'S;AAAAAASA;0.63;undefined;OTHER;OTHER
502329893.tif;1;0;766;1000;78;37;33;9;78;37;111;37;111;46;78;46;COPY;AAAA;0.53;undefined;OTHER;OTHER
502329893.tif;1;0;766;1000;624;47;16;9;624;47;640;47;640;56;624;56;No.;AAS;0.49;undefined;OTHER;OTHER
502329893.tif;1;0;766;1000;670;49;47;9;670;49;717;49;717;58;670;58;82-02441,;NNSNNNNNS;0.35;undefined;OTHER;OTHER
502329893.tif;1;0;766;1000;256;55;62;13;256;55;318;55;318;68;256;68;Purchasing;AAAAAAAAAA;0.52;undefined;OTHER;OTHER
502329893.tif;1;0;766;1000;324;55;69;12;324;55;393;55;393;67;324;67;Department;AAAAAAAAAA;0.53;undefined;OTHER;OTHER
502329893.tif;1;0;766;1000;25;63;26;9;25;63;51;63;51;72;25;72;Sheet;AAAAA;0.49;undefined;OTHER;OTHER
502329893.tif;1;0;766;1000;56;63;17;9;56;63;73;63;73;72;56;72;No.;AAS;0.94;undefined;OTHER;OTHER
502329893.tif;1;0;766;1000;78;63;19;10;78;63;97;63;97;73;78;73;Iiot;AAAA;0.22;undefined;OTHER;OTHER
502329893.tif;1;0;766;1000;624;63;21;9;624;63;645;63;645;72;624;72;Date;AAAA;0.44;undefined;OTHER;OTHER
502329893.tif;1;0;766;1000;664;64;41;9;664;64;705;64;705;73;664;73;1/25/82;NSNNSNN;0.31;undefined;OTHER;OTHER
502329893.tif;1;0;766;1000;119;65;8;8;119;65;127;65;127;73;119;73;n;A;0.14;undefined;OTHER;OTHER
502329893.tif;1;0;766;1000;471;65;29;8;471;65;500;65;500;73;471;73;WK/EH;AASAA;0.2;undefined;OTHER;OTHER
502329893.tif;1;0;766;1000;256;72;47;10;256;72;303;72;303;82;256;82;Winston;AAAAAAA;0.54;undefined;OTHER;OTHER
502329893.tif;1;0;766;1000;309;72;37;11;309;72;346;72;346;83;309;83;Salem,;AAAAAS;0.5;undefined;OTHER;OTHER
502329893.tif;1;0;766;1000;352;72;12;10;352;72;364;72;364;82;352;82;N.;AS;0.63;undefined;OTHER;OTHER
502329893.tif;1;0;766;1000;369;72;12;10;369;72;381;72;381;82;369;82;C.;AS;0.82;undefined;OTHER;OTHER
502329893.tif;1;0;766;1000;386;72;37;10;386;72;423;72;423;82;386;82;27102;NNNNN;0.38;undefined;OTHER;OTHER
502329893.tif;1;0;766;1000;24;93;17;9;24;93;41;93;41;102;24;102;File;AAAA;0.42;undefined;OTHER;OTHER
502329893.tif;1;0;766;1000;47;93;19;9;47;93;66;93;66;102;47;102;Ref.;AAAS;0.63;undefined;OTHER;OTHER
502329893.tif;1;0;766;1000;124;93;47;8;124;93;171;93;171;101;124;101;ADVOO-O5;AAAAASAN;0.35;undefined;OTHER;OTHER
502329893.tif;1;0;766;1000;613;104;63;6;613;104;676;104;676;110;613;110;IMPOMTANTI;AAAAAAAAAA;0.35;undefined;OTHER;OTHER
502329893.tif;1;0;766;1000;613;127;19;3;613;127;632;127;632;130;613;130;noev;AAAA;0.14;undefined;OTHER;OTHER
502329893.tif;1;0;766;1000;67;137;3;16;67;137;70;137;70;153;67;153;[;S;0.4;undefined;OTHER;OTHER
502329893.tif;1;0;766;1000;494;138;18;9;494;138;512;138;512;147;494;147;N/A;ASA;0.52;undefined;OTHER;OTHER
502329893.tif;1;0;766;1000;405;140;31;8;405;140;436;140;436;148;405;148;F.O.B.;ASASAS;0.75;undefined;OTHER;OTHER
502329893.tif;1;0;766;1000;25;141;19;10;25;141;44;141;44;151;25;151;To:;AAS;0.74;undefined;OTHER;OTHER
502329893.tif;1;0;766;1000;123;155;16;8;123;155;139;155;139;163;123;163;Mar;AAA;0.48;undefined;OTHER;OTHER
502329893.tif;1;0;766;1000;141;155;16;9;141;155;157;155;157;164;141;164;kot;AAA;0.22;undefined;OTHER;OTHER
502329893.tif;1;0;766;1000;161;155;14;11;161;155;175;155;175;166;161;166;103;NNN;0.23;undefined;OTHER;OTHER
502329893.tif;1;0;766;1000;183;155;11;8;183;155;194;155;194;163;183;163;Ou;AA;0.21;undefined;OTHER;OTHER
502329893.tif;1;0;766;1000;225;155;10;10;225;155;235;155;235;165;225;165;h,;AS;0.8;undefined;OTHER;OTHER
502329893.tif;1;0;766;1000;245;155;21;8;245;155;266;155;266;163;245;163;Inc.;AAAS;0.6;undefined;OTHER;OTHER
502329893.tif;1;0;766;1000;196;156;2;7;196;156;198;156;198;163;196;163;1;N;0.18;undefined;OTHER;OTHER
502329893.tif;1;0;766;1000;200;157;5;6;200;157;205;157;205;163;200;163;r;A;0.27;undefined;OTHER;OTHER
502329893.tif;1;0;766;1000;207;157;16;6;207;157;223;157;223;163;207;163;<>ac;SSAA;0.59;undefined;OTHER;OTHER
502329893.tif;1;0;766;1000;623;169;56;11;623;169;679;169;679;180;623;180;Confirming;AAAAAAAAAA;0.68;undefined;OTHER;OTHER
502329893.tif;1;0;766;1000;124;170;20;9;124;170;144;170;144;179;124;179;461*1;NNNSN;0.54;undefined;OTHER;OTHER
502329893.tif;1;0;766;1000;232;170;29;9;232;170;261;170;261;179;232;179;Sullo;AAAAA;0.3;undefined;OTHER;OTHER
502329893.tif;1;0;766;1000;270;170;28;8;270;170;298;170;298;178;270;178;1-804;NSNNN;0.64;undefined;OTHER;OTHER
502329893.tif;1;0;766;1000;404;170;31;9;404;170;435;170;435;179;404;179;Terms;AAAAA;0.38;undefined;OTHER;OTHER
502329893.tif;1;0;766;1000;494;170;17;8;494;170;511;170;511;178;494;178;Strc;AAAA;0.17;undefined;OTHER;OTHER
502329893.tif;1;0;766;1000;518;170;11;8;518;170;529;170;529;178;518;178;Ho;AA;0.4;undefined;OTHER;OTHER
502329893.tif;1;0;766;1000;531;170;16;8;531;170;547;170;547;178;531;178;low;AAA;0.49;undefined;OTHER;OTHER
502329893.tif;1;0;766;1000;153;171;33;8;153;171;186;171;186;179;153;179;Roswol;AAAAAA;0.33;undefined;OTHER;OTHER
502329893.tif;1;0;766;1000;190;171;2;7;190;171;192;171;192;178;190;178;I;A;0.5;undefined;OTHER;OTHER
502329893.tif;1;0;766;1000;201;171;22;9;201;171;223;171;223;180;201;180;Rd.,;AASS;0.64;undefined;OTHER;OTHER
502329893.tif;1;0;766;1000;201;185;29;8;201;185;230;185;230;193;201;193;30342;NNNNN;0.23;undefined;OTHER;OTHER
502329893.tif;1;0;766;1000;623;185;13;8;623;185;636;185;636;193;623;193;On;AA;0.5;undefined;OTHER;OTHER
502329893.tif;1;0;766;1000;123;186;10;7;123;186;133;186;133;193;123;193;At;AA;0.19;undefined;OTHER;OTHER
502329893.tif;1;0;766;1000;137;186;1;7;137;186;138;186;138;193;137;193;I;A;1.0;undefined;OTHER;OTHER
502329893.tif;1;0;766;1000;154;186;14;9;154;186;168;186;168;195;154;195;1<t,;NSAS;0.64;undefined;OTHER;OTHER
502329893.tif;1;0;766;1000;176;186;12;7;176;186;188;186;188;193;176;193;GA;AA;0.29;undefined;OTHER;OTHER
502329893.tif;1;0;766;1000;141;188;11;5;141;188;152;188;152;193;141;193;art;AAA;0.24;undefined;OTHER;OTHER
502329893.tif;1;0;766;1000;623;201;23;9;623;201;646;201;646;210;623;210;With;AAAA;0.47;undefined;OTHER;OTHER
502329893.tif;1;0;766;1000;66;214;14;17;66;214;80;214;80;231;66;231;L;A;0.75;undefined;OTHER;OTHER
502329893.tif;1;0;766;1000;403;216;44;11;403;216;447;216;447;227;403;227;Shipping;AAAAAAAA;0.42;undefined;OTHER;OTHER
502329893.tif;1;0;766;1000;452;216;22;9;452;216;474;216;474;225;452;225;Date;AAAA;0.46;undefined;OTHER;OTHER
502329893.tif;1;0;766;1000;123;217;28;9;123;217;151;217;151;226;123;226;Alin:;AAAAS;0.33;undefined;OTHER;OTHER
502329893.tif;1;0;766;1000;164;218;16;8;164;218;180;218;180;226;164;226;Ms.;AAS;0.34;undefined;OTHER;OTHER
502329893.tif;1;0;766;1000;188;218;24;10;188;218;212;218;212;228;188;228;Mary;AAAA;0.31;undefined;OTHER;OTHER
502329893.tif;1;0;766;1000;219;218;23;8;219;218;242;218;242;226;219;226;Fv_-1h;AA_SNA;0.28;undefined;OTHER;OTHER
502329893.tif;1;0;766;1000;249;218;12;8;249;218;261;218;261;226;249;226;Wp;AA;0.2;undefined;OTHER;OTHER
502329893.tif;1;0;766;1000;263;218;2;7;263;218;265;218;265;225;263;225;I;A;0.9;undefined;OTHER;OTHER
502329893.tif;1;0;766;1000;268;218;29;8;268;218;297;218;297;226;268;226;shear;AAAAA;0.46;undefined;OTHER;OTHER
502329893.tif;1;0;766;1000;493;218;48;10;493;218;541;218;541;228;493;228;February;AAAAAAAA;0.3;undefined;OTHER;OTHER
502329893.tif;1;0;766;1000;547;218;10;10;547;218;557;218;557;228;547;228;6,;NS;0.48;undefined;OTHER;OTHER
502329893.tif;1;0;766;1000;567;218;21;8;567;218;588;218;588;226;567;226;198?;NNNS;0.43;undefined;OTHER;OTHER
502329893.tif;1;0;766;1000;522;232;72;11;522;232;594;232;594;243;522;243;Hay.rl6.:i.982;AAASAANSSASNNN;0.19;undefined;OTHER;OTHER
502329893.tif;1;0;766;1000;493;233;23;8;493;233;516;233;516;241;493;241;Jhr.u;AAASA;0.19;undefined;OTHER;OTHER
502329893.tif;1;0;766;1000;266;243;23;11;266;243;289;243;289;254;266;254;Ship;AAAA;0.41;undefined;OTHER;OTHER
502329893.tif;1;0;766;1000;479;243;35;11;479;243;514;243;514;254;479;254;Inquiry;AAAAAAA;0.42;undefined;OTHER;OTHER
502329893.tif;1;0;766;1000;519;243;17;9;519;243;536;243;536;252;519;252;No.;AAS;0.75;undefined;OTHER;OTHER
502329893.tif;1;0;766;1000;643;243;57;10;643;243;700;243;700;253;643;253;Requisition;AAAAAAAAAAA;0.33;undefined;OTHER;OTHER
502329893.tif;1;0;766;1000;705;243;17;8;705;243;722;243;722;251;705;251;No.;AAS;0.32;undefined;OTHER;OTHER
502329893.tif;1;0;766;1000;293;244;16;8;293;244;309;244;309;252;293;252;Via;AAA;0.62;undefined;OTHER;OTHER
502329893.tif;1;0;766;1000;6;246;5;7;6;246;11;246;11;253;6;253;s;A;1.0;undefined;OTHER;OTHER
502329893.tif;1;0;766;1000;5;255;6;7;5;255;11;255;11;262;5;262;M;A;0.42;undefined;OTHER;OTHER
502329893.tif;1;0;766;1000;7;264;2;7;7;264;9;264;9;271;7;271;I;A;0.3;undefined;OTHER;OTHER
502329893.tif;1;0;766;1000;494;264;52;9;494;264;546;264;546;273;494;273;003B4-HNH;NNNANSAAA;0.22;undefined;OTHER;OTHER
502329893.tif;1;0;766;1000;656;264;53;8;656;264;709;264;709;272;656;272;BLM-1198?;AAASNNNNS;0.39;undefined;OTHER;OTHER
502329893.tif;1;0;766;1000;6;273;5;7;6;273;11;273;11;280;6;280;P;A;0.24;undefined;OTHER;OTHER
502329893.tif;1;0;766;1000;566;278;2;11;566;278;568;278;568;289;566;289;I;A;0.72;undefined;OTHER;OTHER
502329893.tif;1;0;766;1000;36;279;19;8;36;279;55;279;55;287;36;287;N/A;ASA;0.49;undefined;OTHER;OTHER
502329893.tif;1;0;766;1000;667;280;27;9;667;280;694;280;694;289;667;289;Order;AAAAA;0.66;undefined;OTHER;OTHER
502329893.tif;1;0;766;1000;573;281;28;10;573;281;601;281;601;291;573;291;Buyer;AAAAA;0.24;undefined;OTHER;OTHER
502329893.tif;1;0;766;1000;606;281;17;8;606;281;623;281;623;289;606;289;No.;AAS;0.6;undefined;OTHER;OTHER
502329893.tif;1;0;766;1000;644;281;19;8;644;281;663;281;663;289;644;289;Job;AAA;0.64;undefined;OTHER;OTHER
502329893.tif;1;0;766;1000;699;281;17;8;699;281;716;281;716;289;699;289;No.;AAS;0.67;undefined;OTHER;OTHER
502329893.tif;1;0;766;1000;267;282;42;8;267;282;309;282;309;290;267;290;Account;AAAAAAA;0.52;undefined;OTHER;OTHER
502329893.tif;1;0;766;1000;314;282;25;8;314;282;339;282;339;290;314;290;Code;AAAA;0.58;undefined;OTHER;OTHER
502329893.tif;1;0;766;1000;480;282;36;8;480;282;516;282;516;290;480;290;Vendor;AAAAAA;0.44;undefined;OTHER;OTHER
502329893.tif;1;0;766;1000;521;282;17;8;521;282;538;282;538;290;521;290;No.;AAS;0.74;undefined;OTHER;OTHER
502329893.tif;1;0;766;1000;566;290;2;13;566;290;568;290;568;303;566;303;I;A;1.0;undefined;OTHER;OTHER
502329893.tif;1;0;766;1000;286;295;144;8;286;295;430;295;430;303;286;303;04-73-3203-8621-855(241>;NNSNNSNNNNSNNNNSNNNSNNNS;0.3;undefined;OTHER;OTHER
502329893.tif;1;0;766;1000;493;295;46;8;493;295;539;295;539;303;493;303;59894844;NNNNNNNN;0.48;undefined;OTHER;OTHER
502329893.tif;1;0;766;1000;589;295;18;8;589;295;607;295;607;303;589;303;990;NNN;0.89;undefined;OTHER;OTHER
502329893.tif;1;0;766;1000;646;316;23;9;646;316;669;316;669;325;646;325;Price;AAAAA;0.48;undefined;OTHER;OTHER
502329893.tif;1;0;766;1000;115;317;2;10;115;317;117;317;117;327;115;327;I;A;1.0;undefined;OTHER;OTHER
502329893.tif;1;0;766;1000;48;318;45;11;48;318;93;318;93;329;48;329;Quantity;AAAAAAAA;0.51;undefined;OTHER;OTHER
502329893.tif;1;0;766;1000;120;318;59;10;120;318;179;318;179;328;120;328;Commodity;AAAAAAAAA;0.27;undefined;OTHER;OTHER
502329893.tif;1;0;766;1000;183;318;40;9;183;318;223;318;223;327;183;327;Number;AAAAAA;0.46;undefined;OTHER;OTHER
502329893.tif;1;0;766;1000;266;318;60;10;266;318;326;318;326;328;266;328;Commodity;AAAAAAAAA;0.45;undefined;OTHER;OTHER
502329893.tif;1;0;766;1000;331;318;57;9;331;318;388;318;388;327;331;327;Description;AAAAAAAAAAA;0.46;undefined;OTHER;OTHER
502329893.tif;1;0;766;1000;570;354;41;9;570;354;611;354;611;363;570;363;hercln-;AAAAAAS;0.37;undefined;OTHER;OTHER
502329893.tif;1;0;766;1000;662;354;66;10;662;354;728;354;728;364;662;364;5438,390.00;NNNNSNNNSNN;0.38;undefined;OTHER;OTHER
502329893.tif;1;0;766;1000;134;355;23;8;134;355;157;355;157;363;134;363;This;AAAA;0.25;undefined;OTHER;OTHER
502329893.tif;1;0;766;1000;164;355;45;8;164;355;209;355;209;363;164;363;Contract;AAAAAAAA;0.25;undefined;OTHER;OTHER
502329893.tif;1;0;766;1000;219;355;34;9;219;355;253;355;253;364;219;364;Issued;AAAAAA;0.26;undefined;OTHER;OTHER
502329893.tif;1;0;766;1000;292;355;28;8;292;355;320;355;320;363;292;363;basic;AAAAA;0.21;undefined;OTHER;OTHER
502329893.tif;1;0;766;1000;328;355;53;10;328;355;381;355;381;365;328;365;agreement;AAAAAAAAA;0.23;undefined;OTHER;OTHER
502329893.tif;1;0;766;1000;390;355;15;8;390;355;405;355;405;363;390;363;for;AAA;0.4;undefined;OTHER;OTHER
502329893.tif;1;0;766;1000;413;355;53;10;413;355;466;355;466;365;413;365;Marketing;AAAAAAAAA;0.31;undefined;OTHER;OTHER
502329893.tif;1;0;766;1000;474;355;52;10;474;355;526;355;526;365;474;365;Outreach,;AAAAAAAAS;0.5;undefined;OTHER;OTHER
502329893.tif;1;0;766;1000;536;355;26;10;536;355;562;355;562;365;536;365;Inc.,;AAASS;0.46;undefined;OTHER;OTHER
502329893.tif;1;0;766;1000;262;357;10;6;262;357;272;357;272;363;262;363;as;AA;0.54;undefined;OTHER;OTHER
502329893.tif;1;0;766;1000;279;357;5;6;279;357;284;357;284;363;279;363;a;A;0.22;undefined;OTHER;OTHER
502329893.tif;1;0;766;1000;134;370;28;8;134;370;162;370;162;378;134;378;aflor;AAAAA;0.21;undefined;OTHER;OTHER
502329893.tif;1;0;766;1000;264;370;32;10;264;370;296;370;296;380;264;380;"'1401"",";SNNNNSS;0.67;undefined;OTHER;OTHER
502329893.tif;1;0;766;1000;334;370;52;11;334;370;386;370;386;381;334;381;principal;AAAAAAAAA;0.35;undefined;OTHER;OTHER
502329893.tif;1;0;766;1000;395;370;41;9;395;370;436;370;436;379;395;379;offices;AAAAAAA;0.55;undefined;OTHER;OTHER
502329893.tif;1;0;766;1000;516;370;46;11;516;370;562;370;562;381;516;381;Georgia,;AAAAAAAS;0.57;undefined;OTHER;OTHER
502329893.tif;1;0;766;1000;588;370;42;9;588;370;630;370;630;379;588;379;conduct;AAAAAAA;0.39;undefined;OTHER;OTHER
502329893.tif;1;0;766;1000;170;371;46;7;170;371;216;371;216;378;170;378;referred;AAAAAAAA;0.3;undefined;OTHER;OTHER
502329893.tif;1;0;766;1000;224;371;11;7;224;371;235;371;235;378;224;378;to;AA;0.56;undefined;OTHER;OTHER
502329893.tif;1;0;766;1000;304;371;23;7;304;371;327;371;327;378;304;378;with;AAAA;0.31;undefined;OTHER;OTHER
502329893.tif;1;0;766;1000;445;371;10;7;445;371;455;371;455;378;445;378;In;AA;0.31;undefined;OTHER;OTHER
502329893.tif;1;0;766;1000;462;371;46;9;462;371;508;371;508;380;462;380;Atlanta,;AAAAAAAS;0.38;undefined;OTHER;OTHER
502329893.tif;1;0;766;1000;571;371;11;7;571;371;582;371;582;378;571;378;to;AA;0.4;undefined;OTHER;OTHER
502329893.tif;1;0;766;1000;243;373;10;5;243;373;253;373;253;378;243;378;as;AA;0.25;undefined;OTHER;OTHER
502329893.tif;1;0;766;1000;425;386;48;9;425;386;473;386;473;395;425;395;referred;AAAAAAAA;0.41;undefined;OTHER;OTHER
502329893.tif;1;0;766;1000;516;386;34;10;516;386;550;386;550;396;516;396;"""RJR"",";SAAASS;0.55;undefined;OTHER;OTHER
502329893.tif;1;0;766;1000;559;386;16;8;559;386;575;386;575;394;559;394;the;AAA;0.42;undefined;OTHER;OTHER
502329893.tif;1;0;766;1000;583;386;47;10;583;386;630;386;630;396;583;396;snnpllng;AAAAAAAA;0.22;undefined;OTHER;OTHER
502329893.tif;1;0;766;1000;135;387;14;8;135;387;149;387;149;395;135;395;for;AAA;0.27;undefined;OTHER;OTHER
502329893.tif;1;0;766;1000;157;387;10;7;157;387;167;387;167;394;157;394;R.;AS;0.48;undefined;OTHER;OTHER
502329893.tif;1;0;766;1000;176;387;9;8;176;387;185;387;185;395;176;395;J.;AS;0.66;undefined;OTHER;OTHER
502329893.tif;1;0;766;1000;193;387;47;10;193;387;240;387;240;397;193;397;Reynolds;AAAAAAAA;0.32;undefined;OTHER;OTHER
502329893.tif;1;0;766;1000;248;387;5;7;248;387;253;387;253;394;248;394;T;A;0.25;undefined;OTHER;OTHER
502329893.tif;1;0;766;1000;297;387;47;10;297;387;344;387;344;397;297;397;Company,;AAAAAAAS;0.58;undefined;OTHER;OTHER
502329893.tif;1;0;766;1000;352;387;65;8;352;387;417;387;417;395;352;395;herolnaflor;AAAAAAAAAAA;0.42;undefined;OTHER;OTHER
502329893.tif;1;0;766;1000;480;387;11;7;480;387;491;387;491;394;480;394;to;AA;0.23;undefined;OTHER;OTHER
502329893.tif;1;0;766;1000;498;388;11;6;498;388;509;388;509;394;498;394;as;AA;0.68;undefined;OTHER;OTHER
502329893.tif;1;0;766;1000;262;389;28;6;262;389;290;389;290;395;262;395;>acco;SAAAA;0.33;undefined;OTHER;OTHER
502329893.tif;1;0;766;1000;181;402;47;8;181;402;228;402;228;410;181;410;outlined;AAAAAAAA;0.27;undefined;OTHER;OTHER
502329893.tif;1;0;766;1000;236;402;23;8;236;402;259;402;259;410;236;410;belo;AAAA;0.46;undefined;OTHER;OTHER
502329893.tif;1;0;766;1000;275;402;9;8;275;402;284;402;284;410;275;410;In;AA;0.63;undefined;OTHER;OTHER
502329893.tif;1;0;766;1000;292;402;41;8;292;402;333;402;333;410;292;410;Section;AAAAAAA;0.38;undefined;OTHER;OTHER
502329893.tif;1;0;766;1000;342;402;7;8;342;402;349;402;349;410;342;410;I.;AS;0.77;undefined;OTHER;OTHER
502329893.tif;1;0;766;1000;134;404;41;9;134;404;175;404;175;413;134;413;program;AAAAAAA;0.22;undefined;OTHER;OTHER
502329893.tif;1;0;766;1000;261;404;5;5;261;404;266;404;266;409;261;409;w;A;0.0;undefined;OTHER;OTHER
502329893.tif;1;0;766;1000;153;433;8;8;153;433;161;433;161;441;153;441;I.;AS;0.76;undefined;OTHER;OTHER
502329893.tif;1;0;766;1000;175;433;29;10;175;433;204;433;204;443;175;443;Scope;AAAAA;0.21;undefined;OTHER;OTHER
502329893.tif;1;0;766;1000;211;433;11;8;211;433;222;433;222;441;211;441;of;AA;0.5;undefined;OTHER;OTHER
502329893.tif;1;0;766;1000;229;433;60;10;229;433;289;433;289;443;229;443;Assignment;AAAAAAAAAA;0.46;undefined;OTHER;OTHER
502329893.tif;1;0;766;1000;523;463;51;11;523;463;574;463;574;474;523;474;Implement;AAAAAAAAA;0.18;undefined;OTHER;OTHER
502329893.tif;1;0;766;1000;175;464;17;8;175;464;192;464;192;472;175;472;RJR;AAA;0.42;undefined;OTHER;OTHER
502329893.tif;1;0;766;1000;248;464;9;8;248;464;257;464;257;472;248;472;m:;AS;0.17;undefined;OTHER;OTHER
502329893.tif;1;0;766;1000;262;464;2;8;262;464;264;464;264;472;262;472;I;A;0.93;undefined;OTHER;OTHER
502329893.tif;1;0;766;1000;311;464;63;11;311;464;374;464;374;475;311;475;Independent;AAAAAAAAAAA;0.32;undefined;OTHER;OTHER
502329893.tif;1;0;766;1000;382;464;59;8;382;464;441;464;441;472;382;472;contractor;AAAAAAAAAA;0.36;undefined;OTHER;OTHER
502329893.tif;1;0;766;1000;450;464;11;8;450;464;461;464;461;472;450;472;to;AA;0.42;undefined;OTHER;OTHER
502329893.tif;1;0;766;1000;468;464;46;10;468;464;514;464;514;474;468;474;develop.;AAAAAAAS;0.46;undefined;OTHER;OTHER
502329893.tif;1;0;766;1000;582;464;17;8;582;464;599;464;599;472;582;472;and;AAA;0.09;undefined;OTHER;OTHER
502329893.tif;1;0;766;1000;198;466;42;9;198;466;240;466;240;475;198;475;ongages;AAAAAAA;0.37;undefined;OTHER;OTHER
502329893.tif;1;0;766;1000;272;466;11;6;272;466;283;466;283;472;272;472;as;AA;0.64;undefined;OTHER;OTHER
502329893.tif;1;0;766;1000;291;466;11;6;291;466;302;466;302;472;291;472;an;AA;0.22;undefined;OTHER;OTHER
502329893.tif;1;0;766;1000;431;480;53;11;431;480;484;480;484;491;431;491;utilizing;AAAAAAAAA;0.57;undefined;OTHER;OTHER
502329893.tif;1;0;766;1000;491;480;35;11;491;480;526;480;526;491;491;491;gratis;AAAAAA;0.44;undefined;OTHER;OTHER
502329893.tif;1;0;766;1000;534;480;22;8;534;480;556;480;556;488;534;488;12*s;NNSA;0.5;undefined;OTHER;OTHER
502329893.tif;1;0;766;1000;565;480;9;8;565;480;574;480;574;488;565;488;In;AA;0.37;undefined;OTHER;OTHER
502329893.tif;1;0;766;1000;583;480;40;8;583;480;623;480;623;488;583;488;flflocn;AAAAAAA;0.29;undefined;OTHER;OTHER
502329893.tif;1;0;766;1000;228;481;43;8;228;481;271;481;271;489;228;489;WINST3N;AAAAANA;0.42;undefined;OTHER;OTHER
502329893.tif;1;0;766;1000;278;481;42;11;278;481;320;481;320;492;278;492;fowling;AAAAAAA;0.25;undefined;OTHER;OTHER
502329893.tif;1;0;766;1000;328;481;46;10;328;481;374;481;374;491;328;491;Sar.pllrg;AAASAAAAA;0.35;undefined;OTHER;OTHER
502329893.tif;1;0;766;1000;382;481;41;10;382;481;423;481;423;491;382;491;Program;AAAAAAA;0.5;undefined;OTHER;OTHER
502329893.tif;1;0;766;1000;174;483;36;9;174;483;210;483;210;492;174;492;manage;AAAAAA;0.47;undefined;OTHER;OTHER
502329893.tif;1;0;766;1000;217;484;5;5;217;484;222;484;222;489;217;489;a;A;1.0;undefined;OTHER;OTHER
502329893.tif;1;0;766;1000;176;496;21;9;176;496;197;496;197;505;176;505;(15);SNNS;0.23;undefined;OTHER;OTHER
502329893.tif;1;0;766;1000;204;496;42;9;204;496;246;496;246;505;204;505;markets;AAAAAAA;0.48;undefined;OTHER;OTHER
502329893.tif;1;0;766;1000;254;496;35;11;254;496;289;496;289;507;254;507;curing;AAAAAA;0.43;undefined;OTHER;OTHER
502329893.tif;1;0;766;1000;297;496;17;8;297;496;314;496;314;504;297;504;Ihe;AAA;0.26;undefined;OTHER;OTHER
502329893.tif;1;0;766;1000;321;496;35;11;321;496;356;496;356;507;321;507;period;AAAAAA;0.74;undefined;OTHER;OTHER
502329893.tif;1;0;766;1000;363;496;49;10;363;496;412;496;412;506;363;506;February;AAAAAAAA;0.53;undefined;OTHER;OTHER
502329893.tif;1;0;766;1000;419;496;9;10;419;496;428;496;428;506;419;506;6,;NS;0.69;undefined;OTHER;OTHER
502329893.tif;1;0;766;1000;438;496;22;8;438;496;460;496;460;504;438;504;1982;NNNN;0.38;undefined;OTHER;OTHER
502329893.tif;1;0;766;1000;467;496;24;8;467;496;491;496;491;504;467;504;thru;AAAA;0.41;undefined;OTHER;OTHER
502329893.tif;1;0;766;1000;497;496;18;10;497;496;515;496;515;506;497;506;May;AAA;0.49;undefined;OTHER;OTHER
502329893.tif;1;0;766;1000;523;496;14;10;523;496;537;496;537;506;523;506;16,;NNS;0.48;undefined;OTHER;OTHER
502329893.tif;1;0;766;1000;547;496;26;8;547;496;573;496;573;504;547;504;1982.;NNNNS;0.65;undefined;OTHER;OTHER
502329893.tif;1;0;766;1000;588;526;23;7;588;526;611;526;611;533;588;533;with;AAAA;0.5;undefined;OTHER;OTHER
502329893.tif;1;0;766;1000;278;527;23;9;278;527;301;527;301;536;278;536;Ihls;AAAA;0.25;undefined;OTHER;OTHER
502329893.tif;1;0;766;1000;358;527;10;9;358;527;368;527;368;536;358;536;Is;AA;0.23;undefined;OTHER;OTHER
502329893.tif;1;0;766;1000;395;527;46;10;395;527;441;527;441;537;395;537;Identify;AAAAAAAA;0.41;undefined;OTHER;OTHER
502329893.tif;1;0;766;1000;449;527;17;8;449;527;466;527;466;535;449;535;Iho;AAA;0.27;undefined;OTHER;OTHER
502329893.tif;1;0;766;1000;472;527;43;8;472;527;515;527;515;535;472;535;KINSTON;AAAAAAA;0.54;undefined;OTHER;OTHER
502329893.tif;1;0;766;1000;521;527;29;8;521;527;550;527;550;535;521;535;Brand;AAAAA;0.31;undefined;OTHER;OTHER
502329893.tif;1;0;766;1000;175;528;16;8;175;528;191;528;191;536;175;536;The;AAA;0.17;undefined;OTHER;OTHER
502329893.tif;1;0;766;1000;198;528;54;10;198;528;252;528;252;538;198;538;objective;AAAAAAAAA;0.32;undefined;OTHER;OTHER
502329893.tif;1;0;766;1000;261;528;9;8;261;528;270;528;270;536;261;536;)f;SA;0.24;undefined;OTHER;OTHER
502329893.tif;1;0;766;1000;376;528;11;7;376;528;387;528;387;535;376;535;to;AA;0.19;undefined;OTHER;OTHER
502329893.tif;1;0;766;1000;558;528;23;6;558;528;581;528;581;534;558;534;nano;AAAA;0.23;undefined;OTHER;OTHER
502329893.tif;1;0;766;1000;309;529;41;9;309;529;350;529;350;538;309;538;progron;AAAAAAA;0.39;undefined;OTHER;OTHER
502329893.tif;1;0;766;1000;174;543;41;11;174;543;215;543;215;554;174;554;bowling;AAAAAAA;0.26;undefined;OTHER;OTHER
502329893.tif;1;0;766;1000;223;543;16;8;223;543;239;543;239;551;223;551;and;AAA;0.66;undefined;OTHER;OTHER
502329893.tif;1;0;766;1000;261;543;1;8;261;543;262;543;262;551;261;551;I;A;0.32;undefined;OTHER;OTHER
502329893.tif;1;0;766;1000;265;543;36;8;265;543;301;543;301;551;265;551;nforce;AAAAAA;0.38;undefined;OTHER;OTHER
502329893.tif;1;0;766;1000;308;543;29;8;308;543;337;543;337;551;308;551;brand;AAAAA;0.67;undefined;OTHER;OTHER
502329893.tif;1;0;766;1000;346;543;41;11;346;543;387;543;387;554;346;554;Imagery;AAAAAAA;0.5;undefined;OTHER;OTHER
502329893.tif;1;0;766;1000;394;543;41;11;394;543;435;543;435;554;394;554;Ihrough;AAAAAAA;0.23;undefined;OTHER;OTHER
502329893.tif;1;0;766;1000;444;543;50;10;444;543;494;543;494;553;444;553;Impactful;AAAAAAAAA;0.45;undefined;OTHER;OTHER
502329893.tif;1;0;766;1000;503;543;29;8;503;543;532;543;532;551;503;551;Field;AAAAA;0.46;undefined;OTHER;OTHER
502329893.tif;1;0;766;1000;539;543;53;10;539;543;592;543;592;553;539;553;Marketing;AAAAAAAAA;0.46;undefined;OTHER;OTHER
502329893.tif;1;0;766;1000;247;545;9;6;247;545;256;545;256;551;247;551;re;AA;0.23;undefined;OTHER;OTHER
502329893.tif;1;0;766;1000;582;557;34;10;582;557;616;557;616;567;582;567;25-34,;NNSNNS;0.64;undefined;OTHER;OTHER
502329893.tif;1;0;766;1000;310;558;27;11;310;558;337;558;337;569;310;569;Image;AAAAA;0.36;undefined;OTHER;OTHER
502329893.tif;1;0;766;1000;346;558;52;8;346;558;398;558;398;566;346;566;Intensive;AAAAAAAAA;0.44;undefined;OTHER;OTHER
502329893.tif;1;0;766;1000;406;558;47;11;406;558;453;558;453;569;406;569;targeted;AAAAAAAA;0.81;undefined;OTHER;OTHER
502329893.tif;1;0;766;1000;461;558;27;8;461;558;488;558;488;566;461;566;trial;AAAAA;0.33;undefined;OTHER;OTHER
502329893.tif;1;0;766;1000;497;558;40;10;497;558;537;558;537;568;497;568;against;AAAAAAA;0.31;undefined;OTHER;OTHER
502329893.tif;1;0;766;1000;544;558;30;8;544;558;574;558;574;566;544;566;males;AAAAA;0.32;undefined;OTHER;OTHER
502329893.tif;1;0;766;1000;228;559;17;7;228;559;245;559;245;566;228;566;and;AAA;0.19;undefined;OTHER;OTHER
502329893.tif;1;0;766;1000;260;559;41;7;260;559;301;559;301;566;260;566;jnerato;AAAAAAA;0.59;undefined;OTHER;OTHER
502329893.tif;1;0;766;1000;174;561;47;8;174;561;221;561;221;569;174;569;prograns;AAAAAAAA;0.29;undefined;OTHER;OTHER
502329893.tif;1;0;766;1000;252;561;3;5;252;561;255;561;255;566;252;566;e;A;0.14;undefined;OTHER;OTHER
502329893.tif;1;0;766;1000;174;574;65;10;174;574;239;574;239;584;174;584;non-college;AAASAAAAAAA;0.43;undefined;OTHER;OTHER
502329893.tif;1;0;766;1000;260;574;46;8;260;574;306;574;306;582;260;582;oduates.;AAAAAAAS;0.49;undefined;OTHER;OTHER
502329893.tif;1;0;766;1000;246;576;9;9;246;576;255;576;255;585;246;585;gr;AA;0.14;undefined;OTHER;OTHER
502329893.tif;1;0;766;1000;331;604;60;11;331;604;391;604;391;615;331;615;objectives;AAAAAAAAAA;0.42;undefined;OTHER;OTHER
502329893.tif;1;0;766;1000;175;605;55;8;175;605;230;605;230;613;175;613;Individual;AAAAAAAAAA;0.4;undefined;OTHER;OTHER
502329893.tif;1;0;766;1000;261;605;13;8;261;605;274;605;274;613;261;613;";ot";SAA;0.15;undefined;OTHER;OTHER
502329893.tif;1;0;766;1000;399;606;22;6;399;606;421;606;421;612;399;612;are:;AAAS;0.54;undefined;OTHER;OTHER
502329893.tif;1;0;766;1000;239;607;17;6;239;607;256;607;256;613;239;613;mar;AAA;0.28;undefined;OTHER;OTHER
502329893.tif;1;0;766;1000;283;607;41;8;283;607;324;607;324;615;283;615;progran;AAAAAAA;0.36;undefined;OTHER;OTHER
502329893.tif;1;0;766;1000;172;635;10;8;172;635;182;635;182;643;172;643;A.;AS;0.32;undefined;OTHER;OTHER
502329893.tif;1;0;766;1000;196;635;41;9;196;635;237;635;237;644;196;644;Ctollvor;AAAAAAAA;0.63;undefined;OTHER;OTHER
502329893.tif;1;0;766;1000;245;636;30;8;245;636;275;636;275;644;245;644;br>ad;AASAA;0.38;undefined;OTHER;OTHER
502329893.tif;1;0;766;1000;282;636;35;8;282;636;317;636;317;644;282;644;market;AAAAAA;0.37;undefined;OTHER;OTHER
502329893.tif;1;0;766;1000;380;636;17;8;380;636;397;636;397;644;380;644;and;AAA;0.19;undefined;OTHER;OTHER
502329893.tif;1;0;766;1000;405;636;65;10;405;636;470;636;470;646;405;646;penetration;AAAAAAAAAAA;0.44;undefined;OTHER;OTHER
502329893.tif;1;0;766;1000;477;636;11;8;477;636;488;636;488;644;477;644;of;AA;0.53;undefined;OTHER;OTHER
502329893.tif;1;0;766;1000;496;636;29;10;496;636;525;636;525;646;496;646;prime;AAAAA;0.2;undefined;OTHER;OTHER
502329893.tif;1;0;766;1000;532;636;53;10;532;636;585;636;585;646;532;646;prospects;AAAAAAAAA;0.42;undefined;OTHER;OTHER
502329893.tif;1;0;766;1000;593;636;23;7;593;636;616;636;616;643;593;643;with;AAAA;0.62;undefined;OTHER;OTHER
502329893.tif;1;0;766;1000;325;638;48;8;325;638;373;638;373;646;325;646;coverage;AAAAAAAA;0.22;undefined;OTHER;OTHER
502329893.tif;1;0;766;1000;623;638;5;5;623;638;628;638;628;643;623;643;a;A;0.0;undefined;OTHER;OTHER
502329893.tif;1;0;766;1000;195;651;43;8;195;651;238;651;238;659;195;659;minimum;AAAAAAA;0.41;undefined;OTHER;OTHER
502329893.tif;1;0;766;1000;244;651;11;8;244;651;255;651;255;659;244;659;of;AA;0.26;undefined;OTHER;OTHER
502329893.tif;1;0;766;1000;263;651;55;10;263;651;318;651;318;661;263;661;duplicate;AAAAAAAAA;0.42;undefined;OTHER;OTHER
502329893.tif;1;0;766;1000;325;651;47;10;325;651;372;651;372;661;325;661;sampling;AAAAAAAA;0.28;undefined;OTHER;OTHER
502329893.tif;1;0;766;1000;417;651;41;8;417;651;458;651;458;659;417;659;smokers;AAAAAAA;0.39;undefined;OTHER;OTHER
502329893.tif;1;0;766;1000;465;651;59;8;465;651;524;651;524;659;465;659;contacted-;AAAAAAAAAS;0.38;undefined;OTHER;OTHER
502329893.tif;1;0;766;1000;380;653;29;8;380;653;409;653;409;661;380;661;anong;AAAAA;0.29;undefined;OTHER;OTHER
502329893.tif;1;0;766;1000;557;760;78;16;557;760;635;760;635;776;557;776;Tobacco;AAAAAAA;0.9;undefined;OTHER;OTHER
502329893.tif;1;0;766;1000;644;760;90;19;644;760;734;760;734;779;644;779;Company;AAAAAAA;0.91;undefined;OTHER;OTHER
502329893.tif;1;0;766;1000;414;761;36;16;414;761;450;761;450;777;414;777;R.J.;ASAS;0.93;undefined;OTHER;OTHER
502329893.tif;1;0;766;1000;463;761;85;19;463;761;548;761;548;780;463;780;Reynolds;AAAAAAAA;0.84;undefined;OTHER;OTHER
502329893.tif;1;0;766;1000;308;792;40;12;308;792;348;792;348;804;308;804;subject;AAAAAAA;0.48;undefined;OTHER;OTHER
502329893.tif;1;0;766;1000;39;793;21;10;39;793;60;793;60;803;39;803;The;AAA;0.58;undefined;OTHER;OTHER
502329893.tif;1;0;766;1000;68;793;47;10;68;793;115;793;115;803;68;803;material;AAAAAAAA;0.45;undefined;OTHER;OTHER
502329893.tif;1;0;766;1000;142;793;37;10;142;793;179;793;179;803;142;803;service;AAAAAAA;0.57;undefined;OTHER;OTHER
502329893.tif;1;0;766;1000;187;793;23;9;187;793;210;793;210;802;187;802;that;AAAA;0.24;undefined;OTHER;OTHER
502329893.tif;1;0;766;1000;246;793;39;11;246;793;285;793;285;804;246;804;supply;AAAAAA;0.35;undefined;OTHER;OTHER
502329893.tif;1;0;766;1000;293;793;7;9;293;793;300;793;300;802;293;802;is;AA;0.25;undefined;OTHER;OTHER
502329893.tif;1;0;766;1000;356;794;12;8;356;794;368;794;368;802;356;802;to;AA;1.0;undefined;OTHER;OTHER
502329893.tif;1;0;766;1000;123;796;11;6;123;796;134;796;134;802;123;802;or;AA;0.77;undefined;OTHER;OTHER
502329893.tif;1;0;766;1000;217;796;21;8;217;796;238;796;238;804;217;804;you;AAA;0.32;undefined;OTHER;OTHER
502329893.tif;1;0;766;1000;259;812;27;10;259;812;286;812;286;822;259;822;both;AAAA;0.31;undefined;OTHER;OTHER
502329893.tif;1;0;766;1000;294;812;27;10;294;812;321;812;321;822;294;822;sides;AAAAA;0.62;undefined;OTHER;OTHER
502329893.tif;1;0;766;1000;328;812;12;10;328;812;340;812;340;822;328;822;of;AA;0.94;undefined;OTHER;OTHER
502329893.tif;1;0;766;1000;347;812;21;10;347;812;368;812;368;822;347;822;this;AAAA;0.57;undefined;OTHER;OTHER
502329893.tif;1;0;766;1000;78;813;20;10;78;813;98;813;98;823;78;823;and;AAA;0.1;undefined;OTHER;OTHER
502329893.tif;1;0;766;1000;106;813;61;10;106;813;167;813;167;823;106;823;conditions;AAAAAAAAAA;0.64;undefined;OTHER;OTHER
502329893.tif;1;0;766;1000;174;813;56;12;174;813;230;813;230;825;174;825;appearing;AAAAAAAAA;0.62;undefined;OTHER;OTHER
502329893.tif;1;0;766;1000;38;815;32;8;38;815;70;815;70;823;38;823;terms;AAAAA;0.58;undefined;OTHER;OTHER
502329893.tif;1;0;766;1000;237;816;14;6;237;816;251;816;251;822;237;822;on;AA;0.63;undefined;OTHER;OTHER
502329893.tif;1;0;766;1000;743;821;10;42;743;821;753;821;753;863;743;863;cfZOS;AAAAA;0.14;undefined;OTHER;OTHER
502329893.tif;1;0;766;1000;323;832;30;10;323;832;353;832;353;842;323;842;order;AAAAA;0.8;undefined;OTHER;OTHER
502329893.tif;1;0;766;1000;360;832;7;10;360;832;367;832;367;842;360;842;is;AA;1.0;undefined;OTHER;OTHER
502329893.tif;1;0;766;1000;139;833;21;10;139;833;160;833;160;843;139;843;Our;AAA;0.68;undefined;OTHER;OTHER
502329893.tif;1;0;766;1000;168;833;46;10;168;833;214;833;214;843;168;843;issuance;AAAAAAAA;0.45;undefined;OTHER;OTHER
502329893.tif;1;0;766;1000;220;833;12;9;220;833;232;833;232;842;220;842;of;AA;0.48;undefined;OTHER;OTHER
502329893.tif;1;0;766;1000;238;833;21;9;238;833;259;833;259;842;238;842;this;AAAA;0.49;undefined;OTHER;OTHER
502329893.tif;1;0;766;1000;265;833;52;11;265;833;317;833;317;844;265;844;purchase;AAAAAAAA;0.52;undefined;OTHER;OTHER
502329893.tif;1;0;766;1000;38;834;52;11;38;834;90;834;90;845;38;845;purchase;AAAAAAAA;0.51;undefined;OTHER;OTHER
502329893.tif;1;0;766;1000;97;834;34;9;97;834;131;834;131;843;97;843;order.;AAAAAS;0.83;undefined;OTHER;OTHER
502329893.tif;1;0;766;1000;290;852;11;10;290;852;301;852;301;862;290;862;of;AA;0.67;undefined;OTHER;OTHER
502329893.tif;1;0;766;1000;97;853;69;10;97;853;166;853;166;863;97;863;conditioned;AAAAAAAAAAA;0.62;undefined;OTHER;OTHER
502329893.tif;1;0;766;1000;306;853;25;9;306;853;331;853;331;862;306;862;such;AAAA;0.38;undefined;OTHER;OTHER
502329893.tif;1;0;766;1000;38;854;54;12;38;854;92;854;92;866;38;866;expressly;AAAAAAAAA;0.67;undefined;OTHER;OTHER
502329893.tif;1;0;766;1000;220;854;65;11;220;854;285;854;285;865;220;865;acceptance;AAAAAAAAAA;0.45;undefined;OTHER;OTHER
502329893.tif;1;0;766;1000;337;854;31;8;337;854;368;854;368;862;337;862;terms;AAAAA;0.7;undefined;OTHER;OTHER
502329893.tif;1;0;766;1000;170;856;14;7;170;856;184;856;184;863;170;863;on;AA;0.31;undefined;OTHER;OTHER
502329893.tif;1;0;766;1000;189;856;26;9;189;856;215;856;215;865;189;865;your;AAAA;0.56;undefined;OTHER;OTHER
502329893.tif;1;0;766;1000;258;873;62;10;258;873;320;873;320;883;258;883;conditions;AAAAAAAAAA;0.69;undefined;OTHER;OTHER
502329893.tif;1;0;766;1000;64;874;57;10;64;874;121;874;121;884;64;884;condition;AAAAAAAAA;0.81;undefined;OTHER;OTHER
502329893.tif;1;0;766;1000;144;874;17;9;144;874;161;874;161;883;144;883;the;AAA;0.43;undefined;OTHER;OTHER
502329893.tif;1;0;766;1000;167;874;21;9;167;874;188;874;188;883;167;883;sole;AAAA;0.35;undefined;OTHER;OTHER
502329893.tif;1;0;766;1000;233;874;20;9;233;874;253;874;253;883;233;883;and;AAA;0.42;undefined;OTHER;OTHER
502329893.tif;1;0;766;1000;38;875;20;9;38;875;58;875;58;884;38;884;and;AAA;0.55;undefined;OTHER;OTHER
502329893.tif;1;0;766;1000;195;875;32;8;195;875;227;875;227;883;195;883;terms;AAAAA;0.37;undefined;OTHER;OTHER
502329893.tif;1;0;766;1000;325;876;38;9;325;876;363;876;363;885;325;885;govern;AAAAAA;0.61;undefined;OTHER;OTHER
502329893.tif;1;0;766;1000;743;876;9;33;743;876;752;876;752;909;743;909;C6S6;ANAN;0.22;undefined;OTHER;OTHER
502329893.tif;1;0;766;1000;127;877;10;7;127;877;137;877;137;884;127;884;as;AA;0.23;undefined;OTHER;OTHER
502329893.tif;1;0;766;1000;38;894;16;12;38;894;54;894;54;906;38;906;ing;AAA;0.88;undefined;OTHER;OTHER
502329893.tif;1;0;766;1000;83;894;40;10;83;894;123;894;123;904;83;904;orders.;AAAAAAS;0.64;undefined;OTHER;OTHER
502329893.tif;1;0;766;1000;59;897;19;7;59;897;78;897;78;904;59;904;our;AAA;0.7;undefined;OTHER;OTHER
502329893.tif;1;0;766;1000;669;941;2;2;669;941;671;941;671;943;669;943;’;S;1.0;undefined;OTHER;OTHER
502329893.tif;1;0;766;1000;579;943;17;8;579;943;596;943;596;951;579;951;B/C;ASA;0.8;undefined;OTHER;OTHER
502329893.tif;1;0;766;1000;0;991;18;7;0;991;18;991;18;998;0;998;JUT;AAA;0.56;undefined;OTHER;OTHER
502329893.tif;1;0;766;1000;22;991;5;6;22;991;27;991;27;997;22;997;f;A;0.44;undefined;OTHER;OTHER
502329893.tif;1;0;766;1000;28;991;23;7;28;991;51;991;51;998;28;998;OHM;AAA;0.58;undefined;OTHER;OTHER
502329893.tif;1;0;766;1000;56;991;20;6;56;991;76;991;76;997;56;997;2034;NNNN;0.21;undefined;OTHER;OTHER
502329893.tif;1;0;766;1000;86;991;23;6;86;991;109;991;109;997;86;997;RCV.;AAAS;0.34;undefined;OTHER;OTHER
502329893.tif;1;0;766;1000;112;991;18;7;112;991;130;991;130;998;112;998;C/8);ASNS;0.22;undefined;OTHER;OTHER
502329893.tif;1;0;766;1000;80;994;1;1;80;994;81;994;81;995;80;995;.;S;0.55;undefined;OTHER;OTHER
