src;num_pages;page_id;page_width;page_height;col;row;width;height;x1;y1;x2;y2;x3;y3;x4;y4;contents;contents_masked;confidence;correctclass;tag;description
507484246.tif;1;0;777;1000;543;25;68;10;543;25;611;25;611;35;543;35;AFFIDAVIT;AAAAAAAAA;0.73;undefined;OTHER;OTHER
507484246.tif;1;0;777;1000;616;25;18;11;616;25;634;25;634;36;616;36;OF;AA;0.71;undefined;OTHER;OTHER
507484246.tif;1;0;777;1000;639;26;55;10;639;26;694;26;694;36;639;36;SERVICE;AAAAAAA;0.69;undefined;OTHER;OTHER
507484246.tif;1;0;777;1000;700;26;72;10;700;26;772;26;772;36;700;36;RENDERED;AAAAAAAA;0.73;undefined;OTHER;OTHER
507484246.tif;1;0;777;1000;657;51;25;29;657;51;682;51;682;80;657;80;I-;AS;0.23;undefined;OTHER;OTHER
507484246.tif;1;0;777;1000;316;52;24;11;316;52;340;52;340;63;316;63;P.O.;ASAS;0.64;undefined;OTHER;OTHER
507484246.tif;1;0;777;1000;346;53;59;10;346;53;405;53;405;63;346;63;DRAWER;AAAAAA;0.96;undefined;OTHER;OTHER
507484246.tif;1;0;777;1000;411;53;20;11;411;53;431;53;431;64;411;64;"""J""";SAS;0.87;undefined;OTHER;OTHER
507484246.tif;1;0;777;1000;537;54;22;7;537;54;559;54;559;61;537;61;State;AAAAA;0.55;undefined;OTHER;OTHER
507484246.tif;1;0;777;1000;563;54;9;7;563;54;572;54;572;61;563;61;of;AA;0.38;undefined;OTHER;OTHER
507484246.tif;1;0;777;1000;575;54;13;7;575;54;588;54;588;61;575;61;FL;AA;0.47;undefined;OTHER;OTHER
507484246.tif;1;0;777;1000;316;66;45;11;316;66;361;66;361;77;316;77;PLANT;AAAAA;0.76;undefined;OTHER;OTHER
507484246.tif;1;0;777;1000;366;67;35;12;366;67;401;67;401;79;366;79;CITY,;AAAAS;0.94;undefined;OTHER;OTHER
507484246.tif;1;0;777;1000;407;68;16;9;407;68;423;68;423;77;407;77;FL;AA;0.82;undefined;OTHER;OTHER
507484246.tif;1;0;777;1000;428;68;72;11;428;68;500;68;500;79;428;79;34289-9005;NNNNNSNNNN;0.75;undefined;OTHER;OTHER
507484246.tif;1;0;777;1000;536;72;32;7;536;72;568;72;568;79;536;79;County;AAAAAA;0.52;undefined;OTHER;OTHER
507484246.tif;1;0;777;1000;572;73;9;6;572;73;581;73;581;79;572;79;of;AA;0.25;undefined;OTHER;OTHER
507484246.tif;1;0;777;1000;585;73;56;7;585;73;641;73;641;80;585;80;HllUboxough;AAAAAAAAAAA;0.45;undefined;OTHER;OTHER
507484246.tif;1;0;777;1000;316;80;81;11;316;80;397;80;397;91;316;91;813-754-9191;NNNSNNNSNNNN;0.78;undefined;OTHER;OTHER
507484246.tif;1;0;777;1000;703;85;32;15;703;85;735;85;735;100;703;100;tss;AAA;0.14;undefined;OTHER;OTHER
507484246.tif;1;0;777;1000;641;99;6;6;641;99;647;99;647;105;641;105;R;A;0.45;undefined;OTHER;OTHER
507484246.tif;1;0;777;1000;722;99;6;9;722;99;728;99;728;108;722;108;.*-;SSS;0.58;undefined;OTHER;OTHER
507484246.tif;1;0;777;1000;132;100;73;11;132;100;205;100;205;111;132;111;WPLA9I0;AAAANAN;0.64;undefined;OTHER;OTHER
507484246.tif;1;0;777;1000;676;100;26;6;676;100;702;100;702;106;676;106;Ullon;AAAAA;0.46;undefined;OTHER;OTHER
507484246.tif;1;0;777;1000;708;100;13;6;708;100;721;100;721;106;708;106;WP;AA;0.45;undefined;OTHER;OTHER
507484246.tif;1;0;777;1000;210;101;24;10;210;101;234;101;234;111;210;111;AM;AA;0.96;undefined;OTHER;OTHER
507484246.tif;1;0;777;1000;555;101;53;11;555;101;608;101;608;112;555;112;Accoidance*;AAAAAAAAAAS;0.3;undefined;OTHER;OTHER
507484246.tif;1;0;777;1000;609;101;4;4;609;101;613;101;613;105;609;105;,;S;0.62;undefined;OTHER;OTHER
507484246.tif;1;0;777;1000;613;101;24;12;613;101;637;101;637;113;613;113;*\Vit£;SSAAAS;0.26;undefined;OTHER;OTHER
507484246.tif;1;0;777;1000;662;101;5;5;662;101;667;101;667;106;662;106;°;S;0.56;undefined;OTHER;OTHER
507484246.tif;1;0;777;1000;729;101;6;6;729;101;735;101;735;107;729;107;A;A;0.26;undefined;OTHER;OTHER
507484246.tif;1;0;777;1000;537;105;8;6;537;105;545;105;545;111;537;111;In;AA;0.3;undefined;OTHER;OTHER
507484246.tif;1;0;777;1000;646;106;13;7;646;106;659;106;659;113;646;113;the;AAA;0.13;undefined;OTHER;OTHER
507484246.tif;1;0;777;1000;671;107;2;1;671;107;673;107;673;108;671;108;•;S;0.42;undefined;OTHER;OTHER
507484246.tif;1;0;777;1000;676;107;59;8;676;107;735;107;735;115;676;115;ccompanylng;AAAAAAAAAAA;0.55;undefined;OTHER;OTHER
507484246.tif;1;0;777;1000;655;108;4;5;655;108;659;108;659;113;655;113;*;S;1.0;undefined;OTHER;OTHER
507484246.tif;1;0;777;1000;537;112;48;8;537;112;585;112;585;120;537;120;Statement:;AAAAAAAAAS;0.68;undefined;OTHER;OTHER
507484246.tif;1;0;777;1000;537;126;14;7;537;126;551;126;551;133;537;133;By.;AAS;0.58;undefined;OTHER;OTHER
507484246.tif;1;0;777;1000;186;132;56;11;186;132;242;132;242;143;186;143;INVOICE;AAAAAAA;0.87;undefined;OTHER;OTHER
507484246.tif;1;0;777;1000;247;133;30;10;247;133;277;133;277;143;247;143;AND;AAA;0.86;undefined;OTHER;OTHER
507484246.tif;1;0;777;1000;282;133;83;11;282;133;365;133;365;144;282;144;STATEMENT;AAAAAAAAA;0.83;undefined;OTHER;OTHER
507484246.tif;1;0;777;1000;565;134;63;10;565;134;628;134;628;144;565;144;DORETHA;AAAAAAA;0.4;undefined;OTHER;OTHER
507484246.tif;1;0;777;1000;638;135;15;9;638;135;653;135;653;144;638;144;Y.;AS;0.52;undefined;OTHER;OTHER
507484246.tif;1;0;777;1000;665;135;45;9;665;135;710;135;710;144;665;144;ADAMS;AAAAA;0.33;undefined;OTHER;OTHER
507484246.tif;1;0;777;1000;79;145;97;10;79;145;176;145;176;155;79;155;Advertiser:;AAAAAAAAAAS;0.37;undefined;OTHER;OTHER
507484246.tif;1;0;777;1000;188;146;45;10;188;146;233;146;233;156;188;156;WORLD;AAAAA;0.4;undefined;OTHER;OTHER
507484246.tif;1;0;777;1000;244;146;16;10;244;146;260;146;260;156;244;156;OF;AA;0.28;undefined;OTHER;OTHER
507484246.tif;1;0;777;1000;271;146;57;11;271;146;328;146;328;157;271;157;WHEELS';AAAAAAS;0.44;undefined;OTHER;OTHER
507484246.tif;1;0;777;1000;536;152;48;7;536;152;584;152;584;159;536;159;Subicribcd;AAAAAAAAAA;0.66;undefined;OTHER;OTHER
507484246.tif;1;0;777;1000;587;152;16;7;587;152;603;152;603;159;587;159;and;AAA;0.77;undefined;OTHER;OTHER
507484246.tif;1;0;777;1000;606;152;29;7;606;152;635;152;635;159;606;159;Sworn;AAAAA;0.48;undefined;OTHER;OTHER
507484246.tif;1;0;777;1000;638;153;9;7;638;153;647;153;647;160;638;160;to;AA;0.39;undefined;OTHER;OTHER
507484246.tif;1;0;777;1000;651;153;28;7;651;153;679;153;679;160;651;160;Before;AAAAAA;0.33;undefined;OTHER;OTHER
507484246.tif;1;0;777;1000;552;165;65;15;552;165;617;165;617;180;552;180;thta.3L..day;AAAASNASSAAA;0.62;undefined;OTHER;OTHER
507484246.tif;1;0;777;1000;636;166;68;14;636;166;704;166;704;180;636;180;M*rch_ig;ASAAA_AA;0.31;undefined;OTHER;OTHER
507484246.tif;1;0;777;1000;709;167;17;9;709;167;726;167;726;176;709;176;89;NN;0.22;undefined;OTHER;OTHER
507484246.tif;1;0;777;1000;536;171;13;7;536;171;549;171;549;178;536;178;Me;AA;0.77;undefined;OTHER;OTHER
507484246.tif;1;0;777;1000;621;172;9;8;621;172;630;172;630;180;621;180;of;AA;0.22;undefined;OTHER;OTHER
507484246.tif;1;0;777;1000;77;176;18;15;77;176;95;176;95;191;77;191;r;A;0.21;undefined;OTHER;OTHER
507484246.tif;1;0;777;1000;704;178;2;2;704;178;706;178;706;180;704;180;>;S;0.64;undefined;OTHER;OTHER
507484246.tif;1;0;777;1000;32;191;36;9;32;191;68;191;68;200;32;200;AGIO;AAAA;0.29;undefined;OTHER;OTHER
507484246.tif;1;0;777;1000;99;191;79;11;99;191;178;191;178;202;99;202;rURNSTYLE;AAAAAAAAA;0.57;undefined;OTHER;OTHER
507484246.tif;1;0;777;1000;188;192;100;11;188;192;288;192;288;203;188;203;ADVERTISING;AAAAAAAAAAA;0.33;undefined;OTHER;OTHER
507484246.tif;1;0;777;1000;650;201;44;8;650;201;694;201;694;209;650;209;NOTARY;AAAAAA;0.4;undefined;OTHER;OTHER
507484246.tif;1;0;777;1000;698;201;36;7;698;201;734;201;734;208;698;208;PUBLIC;AAAAAA;0.42;undefined;OTHER;OTHER
507484246.tif;1;0;777;1000;97;206;32;11;97;206;129;206;129;217;97;217;1101;NNNN;0.35;undefined;OTHER;OTHER
507484246.tif;1;0;777;1000;141;207;25;10;141;207;166;207;166;217;141;217;97H;NNA;0.32;undefined;OTHER;OTHER
507484246.tif;1;0;777;1000;177;207;53;10;177;207;230;207;230;217;177;217;AVENUE;AAAAAA;0.36;undefined;OTHER;OTHER
507484246.tif;1;0;777;1000;241;208;45;10;241;208;286;208;286;218;241;218;NORTH;AAAAA;0.41;undefined;OTHER;OTHER
507484246.tif;1;0;777;1000;544;211;44;10;544;211;588;211;588;221;544;221;SUSAN;AAAAA;0.42;undefined;OTHER;OTHER
507484246.tif;1;0;777;1000;599;212;35;9;599;212;634;212;634;221;599;221;ANNE;AAAA;0.26;undefined;OTHER;OTHER
507484246.tif;1;0;777;1000;645;212;53;10;645;212;698;212;698;222;645;222;HARMON;AAAAAA;0.31;undefined;OTHER;OTHER
507484246.tif;1;0;777;1000;97;222;124;11;97;222;221;222;221;233;97;233;ST.PETERSBURG,;AASAAAAAAAAAAS;0.56;undefined;OTHER;OTHER
507484246.tif;1;0;777;1000;234;223;17;9;234;223;251;223;251;232;234;232;FL;AA;0.68;undefined;OTHER;OTHER
507484246.tif;1;0;777;1000;271;223;44;10;271;223;315;223;315;233;271;233;33705;NNNNN;0.39;undefined;OTHER;OTHER
507484246.tif;1;0;777;1000;536;233;13;7;536;233;549;233;549;240;536;240;My;AA;0.62;undefined;OTHER;OTHER
507484246.tif;1;0;777;1000;552;233;54;7;552;233;606;233;606;240;552;240;CommlHlon;AAAAAAAAA;0.49;undefined;OTHER;OTHER
507484246.tif;1;0;777;1000;610;234;34;7;610;234;644;234;644;241;610;241;Expire*.;AAAAAASS;0.54;undefined;OTHER;OTHER
507484246.tif;1;0;777;1000;77;250;17;17;77;250;94;250;94;267;77;267;L;A;0.67;undefined;OTHER;OTHER
507484246.tif;1;0;777;1000;451;252;16;19;451;252;467;252;467;271;451;271;J;A;0.83;undefined;OTHER;OTHER
507484246.tif;1;0;777;1000;599;256;62;9;599;256;661;256;661;265;599;265;3/31/89;NSNNSNN;0.42;undefined;OTHER;OTHER
507484246.tif;1;0;777;1000;503;261;36;8;503;261;539;261;539;269;503;269;BILLING;AAAAAAA;0.58;undefined;OTHER;OTHER
507484246.tif;1;0;777;1000;543;262;24;7;543;262;567;262;567;269;543;269;OATE;AAAA;0.48;undefined;OTHER;OTHER
507484246.tif;1;0;777;1000;21;282;38;31;21;282;59;282;59;313;21;313;|}ATE;SSAAA;0.51;undefined;OTHER;OTHER
507484246.tif;1;0;777;1000;213;293;67;10;213;293;280;293;280;303;213;303;ACCOUNT;AAAAAAA;0.88;undefined;OTHER;OTHER
507484246.tif;1;0;777;1000;295;294;27;10;295;294;322;294;322;304;295;304;RUN;AAA;1.0;undefined;OTHER;OTHER
507484246.tif;1;0;777;1000;285;295;4;9;285;295;289;295;289;304;285;304;/;S;0.29;undefined;OTHER;OTHER
507484246.tif;1;0;777;1000;328;295;46;9;328;295;374;295;374;304;328;304;DETAIL;AAAAAA;0.87;undefined;OTHER;OTHER
507484246.tif;1;0;777;1000;506;297;36;7;506;297;542;297;542;304;506;304;LENGTH;AAAAAA;0.54;undefined;OTHER;OTHER
507484246.tif;1;0;777;1000;551;297;13;7;551;297;564;297;564;304;551;304;NO;AA;0.75;undefined;OTHER;OTHER
507484246.tif;1;0;777;1000;570;297;19;7;570;297;589;297;589;304;570;304;RUN;AAA;0.23;undefined;OTHER;OTHER
507484246.tif;1;0;777;1000;621;297;34;10;621;297;655;297;655;307;621;307;RATE;AAAA;0.77;undefined;OTHER;OTHER
507484246.tif;1;0;777;1000;706;297;58;10;706;297;764;297;764;307;706;307;AMOUNT;AAAAAA;0.81;undefined;OTHER;OTHER
507484246.tif;1;0;777;1000;190;301;1;2;190;301;191;301;191;303;190;303;.;S;0.73;undefined;OTHER;OTHER
507484246.tif;1;0;777;1000;198;302;1;2;198;302;199;302;199;304;198;304;.;S;1.0;undefined;OTHER;OTHER
507484246.tif;1;0;777;1000;96;328;62;10;96;328;158;328;158;338;96;338;BALANCE;AAAAAAA;0.37;undefined;OTHER;OTHER
507484246.tif;1;0;777;1000;169;328;36;11;169;328;205;328;205;339;169;339;FROM;AAAA;0.42;undefined;OTHER;OTHER
507484246.tif;1;0;777;1000;215;329;35;10;215;329;250;329;250;339;215;339;LAST;AAAA;0.67;undefined;OTHER;OTHER
507484246.tif;1;0;777;1000;261;329;78;10;261;329;339;329;339;339;261;339;STATEMENT;AAAAAAAAA;0.46;undefined;OTHER;OTHER
507484246.tif;1;0;777;1000;341;330;1;2;341;330;342;330;342;332;341;332;•;S;0.24;undefined;OTHER;OTHER
507484246.tif;1;0;777;1000;729;333;43;10;729;333;772;333;772;343;729;343;48.00;NNSNN;0.21;undefined;OTHER;OTHER
507484246.tif;1;0;777;1000;27;358;56;10;27;358;83;358;83;368;27;368;••/84/89;SSSNNSNN;0.41;undefined;OTHER;OTHER
507484246.tif;1;0;777;1000;94;359;90;10;94;359;184;359;184;369;94;369;PROMOTIONS;AAAAAAAAAA;0.4;undefined;OTHER;OTHER
507484246.tif;1;0;777;1000;726;364;45;10;726;364;771;364;771;374;726;374;48.00;NNSNN;0.27;undefined;OTHER;OTHER
507484246.tif;1;0;777;1000;26;374;12;9;26;374;38;374;38;383;26;383;•V;SA;0.25;undefined;OTHER;OTHER
507484246.tif;1;0;777;1000;40;374;44;9;40;374;84;374;84;383;40;383;24/8S;NNSNA;0.22;undefined;OTHER;OTHER
507484246.tif;1;0;777;1000;95;374;91;10;95;374;186;374;186;384;95;384;PROMOTIONS;AAAAAAAAAA;0.44;undefined;OTHER;OTHER
507484246.tif;1;0;777;1000;702;378;74;12;702;378;776;378;776;390;702;390;1,180.00-;NSNNNSNNS;0.49;undefined;OTHER;OTHER
507484246.tif;1;0;777;1000;103;404;71;10;103;404;174;404;174;414;103;414;CONTRACT;AAAAAAAA;0.44;undefined;OTHER;OTHER
507484246.tif;1;0;777;1000;194;404;36;11;194;404;230;404;230;415;194;415;8550;NNNN;0.2;undefined;OTHER;OTHER
507484246.tif;1;0;777;1000;241;405;6;9;241;405;247;405;247;414;241;414;/;S;1.0;undefined;OTHER;OTHER
507484246.tif;1;0;777;1000;260;405;34;10;260;405;294;405;294;415;260;415;18TH;NNAA;0.34;undefined;OTHER;OTHER
507484246.tif;1;0;777;1000;305;405;53;10;305;405;358;405;358;415;305;415;MILLER;AAAAAA;0.49;undefined;OTHER;OTHER
507484246.tif;1;0;777;1000;368;406;35;9;368;406;403;406;403;415;368;415;HIGH;AAAA;0.32;undefined;OTHER;OTHER
507484246.tif;1;0;777;1000;404;406;1;9;404;406;405;406;405;415;404;415;I;A;0.17;undefined;OTHER;OTHER
507484246.tif;1;0;777;1000;414;406;36;10;414;406;450;406;450;416;414;416;LIFE;AAAA;0.55;undefined;OTHER;OTHER
507484246.tif;1;0;777;1000;27;419;11;10;27;419;38;419;38;429;27;429;)/;SS;0.2;undefined;OTHER;OTHER
507484246.tif;1;0;777;1000;51;419;32;10;51;419;83;419;83;429;51;429;1/89;NSNN;0.35;undefined;OTHER;OTHER
507484246.tif;1;0;777;1000;105;419;25;12;105;419;130;419;130;431;105;431;Spo;AAA;0.55;undefined;OTHER;OTHER
507484246.tif;1;0;777;1000;134;420;5;9;134;420;139;420;139;429;134;429;t;A;0.39;undefined;OTHER;OTHER
507484246.tif;1;0;777;1000;160;420;44;12;160;420;204;420;204;432;160;432;2:38p;NSNNA;0.22;undefined;OTHER;OTHER
507484246.tif;1;0;777;1000;224;421;25;9;224;421;249;421;249;430;224;430;4:4;NSN;0.09;undefined;OTHER;OTHER
507484246.tif;1;0;777;1000;253;421;15;11;253;421;268;421;268;432;253;432;lp;AA;0.46;undefined;OTHER;OTHER
507484246.tif;1;0;777;1000;288;421;15;10;288;421;303;421;303;431;288;431;5*;NS;0.29;undefined;OTHER;OTHER
507484246.tif;1;0;777;1000;308;421;24;12;308;421;332;421;332;433;308;433;Up;AA;0.29;undefined;OTHER;OTHER
507484246.tif;1;0;777;1000;372;421;24;12;372;421;396;421;396;433;372;433;Up;AA;1.0;undefined;OTHER;OTHER
507484246.tif;1;0;777;1000;353;422;14;9;353;422;367;422;367;431;353;431;6:;NS;0.28;undefined;OTHER;OTHER
507484246.tif;1;0;777;1000;527;422;17;10;527;422;544;422;544;432;527;432;60;NN;0.25;undefined;OTHER;OTHER
507484246.tif;1;0;777;1000;582;423;7;9;582;423;589;423;589;432;582;432;4;N;0.0;undefined;OTHER;OTHER
507484246.tif;1;0;777;1000;629;423;43;9;629;423;672;423;672;432;629;432;16.00;NNSNN;0.33;undefined;OTHER;OTHER
507484246.tif;1;0;777;1000;728;424;45;9;728;424;773;424;773;433;728;433;64.00;NNSNN;0.23;undefined;OTHER;OTHER
507484246.tif;1;0;777;1000;47;434;36;10;47;434;83;434;83;444;47;444;2/89;NSNN;0.4;undefined;OTHER;OTHER
507484246.tif;1;0;777;1000;26;435;10;9;26;435;36;435;36;444;26;444;i/;AS;0.57;undefined;OTHER;OTHER
507484246.tif;1;0;777;1000;103;435;35;10;103;435;138;435;138;445;103;445;Spot;AAAA;0.25;undefined;OTHER;OTHER
507484246.tif;1;0;777;1000;158;435;44;10;158;435;202;435;202;445;158;445;7:26a;NSNNA;0.22;undefined;OTHER;OTHER
507484246.tif;1;0;777;1000;222;435;15;11;222;435;237;435;237;446;222;446;3:;NS;0.81;undefined;OTHER;OTHER
507484246.tif;1;0;777;1000;242;436;24;12;242;436;266;436;266;448;242;448;Up;AA;0.64;undefined;OTHER;OTHER
507484246.tif;1;0;777;1000;286;436;44;12;286;436;330;436;330;448;286;448;'7:26p;SNSNNA;0.37;undefined;OTHER;OTHER
507484246.tif;1;0;777;1000;343;436;51;13;343;436;394;436;394;449;343;449;11:26p;NNSNNA;0.36;undefined;OTHER;OTHER
507484246.tif;1;0;777;1000;525;437;17;10;525;437;542;437;542;447;525;447;60;NN;0.26;undefined;OTHER;OTHER
507484246.tif;1;0;777;1000;580;438;7;9;580;438;587;438;587;447;580;447;4;N;0.0;undefined;OTHER;OTHER
507484246.tif;1;0;777;1000;627;438;43;10;627;438;670;438;670;448;627;448;16.00;NNSNN;0.37;undefined;OTHER;OTHER
507484246.tif;1;0;777;1000;726;439;45;10;726;439;771;439;771;449;726;449;64.00;NNSNN;0.35;undefined;OTHER;OTHER
507484246.tif;1;0;777;1000;26;450;12;10;26;450;38;450;38;460;26;460;3/;NS;0.2;undefined;OTHER;OTHER
507484246.tif;1;0;777;1000;49;450;34;11;49;450;83;450;83;461;49;461;3/89;NSNN;0.16;undefined;OTHER;OTHER
507484246.tif;1;0;777;1000;104;451;35;12;104;451;139;451;139;463;104;463;Spot;AAAA;0.36;undefined;OTHER;OTHER
507484246.tif;1;0;777;1000;160;451;44;11;160;451;204;451;204;462;160;462;6:26a;NSNNA;0.13;undefined;OTHER;OTHER
507484246.tif;1;0;777;1000;216;451;52;13;216;451;268;451;268;464;216;464;12:34p;NNSNNA;0.52;undefined;OTHER;OTHER
507484246.tif;1;0;777;1000;288;452;44;13;288;452;332;452;332;465;288;465;8:56p;NSNNA;0.34;undefined;OTHER;OTHER
507484246.tif;1;0;777;1000;352;452;44;13;352;452;396;452;396;465;352;465;9:26p;NSNNA;0.35;undefined;OTHER;OTHER
507484246.tif;1;0;777;1000;526;454;17;10;526;454;543;454;543;464;526;464;60;NN;0.12;undefined;OTHER;OTHER
507484246.tif;1;0;777;1000;581;454;8;10;581;454;589;454;589;464;581;464;4;N;0.0;undefined;OTHER;OTHER
507484246.tif;1;0;777;1000;629;454;43;10;629;454;672;454;672;464;629;464;16.00;NNSNN;0.48;undefined;OTHER;OTHER
507484246.tif;1;0;777;1000;728;455;44;10;728;455;772;455;772;465;728;465;64.00;NNSNN;0.22;undefined;OTHER;OTHER
507484246.tif;1;0;777;1000;26;467;15;9;26;467;41;467;41;476;26;476;i4;AN;0.62;undefined;OTHER;OTHER
507484246.tif;1;0;777;1000;47;467;36;9;47;467;83;467;83;476;47;476;4/89;NSNN;0.32;undefined;OTHER;OTHER
507484246.tif;1;0;777;1000;102;467;35;12;102;467;137;467;137;479;102;479;Spot;AAAA;0.25;undefined;OTHER;OTHER
507484246.tif;1;0;777;1000;158;467;44;10;158;467;202;467;202;477;158;477;6:32a;NSNNA;0.43;undefined;OTHER;OTHER
507484246.tif;1;0;777;1000;222;468;45;10;222;468;267;468;267;478;222;478;9:02a;NSNNA;0.74;undefined;OTHER;OTHER
507484246.tif;1;0;777;1000;279;468;51;10;279;468;330;468;330;478;279;478;10:02a;NNSNNA;0.2;undefined;OTHER;OTHER
507484246.tif;1;0;777;1000;343;469;51;12;343;469;394;469;394;481;343;481;10:26p;NNSNNA;0.31;undefined;OTHER;OTHER
507484246.tif;1;0;777;1000;525;470;17;9;525;470;542;470;542;479;525;479;60;NN;0.0;undefined;OTHER;OTHER
507484246.tif;1;0;777;1000;579;470;8;9;579;470;587;470;587;479;579;479;4;N;0.0;undefined;OTHER;OTHER
507484246.tif;1;0;777;1000;627;470;43;10;627;470;670;470;670;480;627;480;16.00;NNSNN;0.39;undefined;OTHER;OTHER
507484246.tif;1;0;777;1000;726;471;45;10;726;471;771;471;771;481;726;481;64.00;NNSNN;0.36;undefined;OTHER;OTHER
507484246.tif;1;0;777;1000;46;480;37;12;46;480;83;480;83;492;46;492;'5/39;SNSNN;0.27;undefined;OTHER;OTHER
507484246.tif;1;0;777;1000;104;482;35;12;104;482;139;482;139;494;104;494;Spot;AAAA;0.23;undefined;OTHER;OTHER
507484246.tif;1;0;777;1000;161;483;42;12;161;483;203;483;203;495;161;495;1:02p;NSNNA;0.43;undefined;OTHER;OTHER
507484246.tif;1;0;777;1000;223;483;45;12;223;483;268;483;268;495;223;495;9:26p;NSNNA;0.07;undefined;OTHER;OTHER
507484246.tif;1;0;777;1000;281;484;50;11;281;484;331;484;331;495;281;495;11:26p;NNSNNA;0.47;undefined;OTHER;OTHER
507484246.tif;1;0;777;1000;527;485;16;9;527;485;543;485;543;494;527;494;60;NN;0.64;undefined;OTHER;OTHER
507484246.tif;1;0;777;1000;581;485;8;9;581;485;589;485;589;494;581;494;3;N;0.27;undefined;OTHER;OTHER
507484246.tif;1;0;777;1000;629;485;43;9;629;485;672;485;672;494;629;494;16.00;NNSNN;0.29;undefined;OTHER;OTHER
507484246.tif;1;0;777;1000;728;485;44;10;728;485;772;485;772;495;728;495;48.00;NNSNN;0.33;undefined;OTHER;OTHER
507484246.tif;1;0;777;1000;29;491;10;2;29;491;39;491;39;493;29;493;_;_;0.51;undefined;OTHER;OTHER
507484246.tif;1;0;777;1000;158;513;72;10;158;513;230;513;230;523;158;523;SUBTOTAL;AAAAAAAA;0.4;undefined;OTHER;OTHER
507484246.tif;1;0;777;1000;305;515;32;9;305;515;337;515;337;524;305;524;304.;NNNS;0.37;undefined;OTHER;OTHER
507484246.tif;1;0;777;1000;341;515;17;9;341;515;358;515;358;524;341;524;00;NN;0.64;undefined;OTHER;OTHER
507484246.tif;1;0;777;1000;104;544;72;9;104;544;176;544;176;553;104;553;CONTRACT;AAAAAAAA;0.37;undefined;OTHER;OTHER
507484246.tif;1;0;777;1000;196;544;36;9;196;544;232;544;232;553;196;553;2282;NNNN;0.22;undefined;OTHER;OTHER
507484246.tif;1;0;777;1000;260;544;82;10;260;544;342;544;342;554;260;554;SUPERBOWL.;AAAAAAAAAS;0.45;undefined;OTHER;OTHER
507484246.tif;1;0;777;1000;243;545;6;8;243;545;249;545;249;553;243;553;/;S;1.0;undefined;OTHER;OTHER
507484246.tif;1;0;777;1000;352;545;16;9;352;545;368;545;368;554;352;554;OF;AA;0.35;undefined;OTHER;OTHER
507484246.tif;1;0;777;1000;380;545;90;9;380;545;470;545;470;554;380;554;SUPERCROSS;AAAAAAAAAA;0.33;undefined;OTHER;OTHER
507484246.tif;1;0;777;1000;26;559;57;9;26;559;83;559;83;568;26;568;3/13/89;NSNNSNN;0.33;undefined;OTHER;OTHER
507484246.tif;1;0;777;1000;103;559;35;11;103;559;138;559;138;570;103;570;Spot;AAAA;0.29;undefined;OTHER;OTHER
507484246.tif;1;0;777;1000;158;559;15;10;158;559;173;559;173;569;158;569;6:;NS;0.58;undefined;OTHER;OTHER
507484246.tif;1;0;777;1000;178;559;24;10;178;559;202;559;202;569;178;569;18a;NNA;0.23;undefined;OTHER;OTHER
507484246.tif;1;0;777;1000;222;559;45;10;222;559;267;559;267;569;222;569;8:38a;NSNNA;0.51;undefined;OTHER;OTHER
507484246.tif;1;0;777;1000;279;559;51;12;279;559;330;559;330;571;279;571;12:39p;NNSNNA;0.31;undefined;OTHER;OTHER
507484246.tif;1;0;777;1000;415;559;44;13;415;559;459;559;459;572;415;572;5:32p;NSNNA;0.3;undefined;OTHER;OTHER
507484246.tif;1;0;777;1000;351;560;43;12;351;560;394;560;394;572;351;572;4:19p;NSNNA;0.27;undefined;OTHER;OTHER
507484246.tif;1;0;777;1000;525;560;17;10;525;560;542;560;542;570;525;570;60;NN;0.28;undefined;OTHER;OTHER
507484246.tif;1;0;777;1000;580;560;8;10;580;560;588;560;588;570;580;570;5;N;0.28;undefined;OTHER;OTHER
507484246.tif;1;0;777;1000;627;560;43;10;627;560;670;560;670;570;627;570;16.00;NNSNN;0.35;undefined;OTHER;OTHER
507484246.tif;1;0;777;1000;726;560;45;11;726;560;771;560;771;571;726;571;80.00;NNSNN;0.34;undefined;OTHER;OTHER
507484246.tif;1;0;777;1000;26;574;58;9;26;574;84;574;84;583;26;583;3/13/89;NSNNSNN;0.46;undefined;OTHER;OTHER
507484246.tif;1;0;777;1000;105;574;34;12;105;574;139;574;139;586;105;586;Spot;AAAA;0.37;undefined;OTHER;OTHER
507484246.tif;1;0;777;1000;160;574;44;12;160;574;204;574;204;586;160;586;8:56p;NSNNA;0.42;undefined;OTHER;OTHER
507484246.tif;1;0;777;1000;527;576;17;9;527;576;544;576;544;585;527;585;60;NN;0.01;undefined;OTHER;OTHER
507484246.tif;1;0;777;1000;583;576;5;9;583;576;588;576;588;585;583;585;1;N;0.45;undefined;OTHER;OTHER
507484246.tif;1;0;777;1000;629;576;43;9;629;576;672;576;672;585;629;585;16.00;NNSNN;0.39;undefined;OTHER;OTHER
507484246.tif;1;0;777;1000;730;576;43;10;730;576;773;576;773;586;730;586;16.00;NNSNN;0.3;undefined;OTHER;OTHER
507484246.tif;1;0;777;1000;26;589;58;11;26;589;84;589;84;600;26;600;";/14/89";SSNNSNN;0.37;undefined;OTHER;OTHER
507484246.tif;1;0;777;1000;103;589;35;12;103;589;138;589;138;601;103;601;Spot;AAAA;0.18;undefined;OTHER;OTHER
507484246.tif;1;0;777;1000;158;589;45;10;158;589;203;589;203;599;158;599;7:26a;NSNNA;0.39;undefined;OTHER;OTHER
507484246.tif;1;0;777;1000;215;589;52;11;215;589;267;589;267;600;215;600;11:32a;NNSNNA;0.31;undefined;OTHER;OTHER
507484246.tif;1;0;777;1000;289;589;41;13;289;589;330;589;330;602;289;602;1:32p;NSNNA;0.33;undefined;OTHER;OTHER
507484246.tif;1;0;777;1000;351;590;43;12;351;590;394;590;394;602;351;602;2:32p;NSNNA;0.7;undefined;OTHER;OTHER
507484246.tif;1;0;777;1000;415;590;14;10;415;590;429;590;429;600;415;600;6:;NS;0.5;undefined;OTHER;OTHER
507484246.tif;1;0;777;1000;435;590;24;12;435;590;459;590;459;602;435;602;Up;AA;0.65;undefined;OTHER;OTHER
507484246.tif;1;0;777;1000;525;590;17;10;525;590;542;590;542;600;525;600;60;NN;0.0;undefined;OTHER;OTHER
507484246.tif;1;0;777;1000;580;590;8;10;580;590;588;590;588;600;580;600;5;N;0.26;undefined;OTHER;OTHER
507484246.tif;1;0;777;1000;627;591;43;10;627;591;670;591;670;601;627;601;16.00;NNSNN;0.33;undefined;OTHER;OTHER
507484246.tif;1;0;777;1000;726;591;45;10;726;591;771;591;771;601;726;601;80.00;NNSNN;0.34;undefined;OTHER;OTHER
507484246.tif;1;0;777;1000;26;605;57;10;26;605;83;605;83;615;26;615;3/14/8^;NSNNSNS;0.45;undefined;OTHER;OTHER
507484246.tif;1;0;777;1000;105;605;34;11;105;605;139;605;139;616;105;616;Spot;AAAA;0.16;undefined;OTHER;OTHER
507484246.tif;1;0;777;1000;160;605;44;12;160;605;204;605;204;617;160;617;9:26p;NSNNA;0.24;undefined;OTHER;OTHER
507484246.tif;1;0;777;1000;217;605;51;12;217;605;268;605;268;617;217;617;11:26p;NNSNNA;0.19;undefined;OTHER;OTHER
507484246.tif;1;0;777;1000;527;606;17;9;527;606;544;606;544;615;527;615;60;NN;0.15;undefined;OTHER;OTHER
507484246.tif;1;0;777;1000;582;606;8;10;582;606;590;606;590;616;582;616;2;N;0.24;undefined;OTHER;OTHER
507484246.tif;1;0;777;1000;630;606;42;10;630;606;672;606;672;616;630;616;16.00;NNSNN;0.25;undefined;OTHER;OTHER
507484246.tif;1;0;777;1000;728;606;45;10;728;606;773;606;773;616;728;616;32.00;NNSNN;0.34;undefined;OTHER;OTHER
507484246.tif;1;0;777;1000;31;620;53;10;31;620;84;620;84;630;31;630;/15/89;SNNSNN;0.2;undefined;OTHER;OTHER
507484246.tif;1;0;777;1000;103;620;34;12;103;620;137;620;137;632;103;632;Spot;AAAA;0.26;undefined;OTHER;OTHER
507484246.tif;1;0;777;1000;151;620;4;9;151;620;155;620;155;629;151;629;1;N;0.64;undefined;OTHER;OTHER
507484246.tif;1;0;777;1000;159;620;14;9;159;620;173;620;173;629;159;629;J.:;ASS;0.39;undefined;OTHER;OTHER
507484246.tif;1;0;777;1000;176;620;26;9;176;620;202;620;202;629;176;629;32a;NNA;0.24;undefined;OTHER;OTHER
507484246.tif;1;0;777;1000;222;620;15;9;222;620;237;620;237;629;222;629;3:;NS;0.57;undefined;OTHER;OTHER
507484246.tif;1;0;777;1000;243;620;23;12;243;620;266;620;266;632;243;632;Up;AA;0.39;undefined;OTHER;OTHER
507484246.tif;1;0;777;1000;287;620;43;12;287;620;330;620;330;632;287;632;7:26p;NSNNA;0.25;undefined;OTHER;OTHER
507484246.tif;1;0;777;1000;351;620;43;12;351;620;394;620;394;632;351;632;7:56p;NSNNA;0.25;undefined;OTHER;OTHER
507484246.tif;1;0;777;1000;408;620;51;12;408;620;459;620;459;632;408;632;I0:26p;ANSNNA;0.51;undefined;OTHER;OTHER
507484246.tif;1;0;777;1000;525;621;17;9;525;621;542;621;542;630;525;630;60;NN;0.14;undefined;OTHER;OTHER
507484246.tif;1;0;777;1000;580;621;8;10;580;621;588;621;588;631;580;631;5;N;0.36;undefined;OTHER;OTHER
507484246.tif;1;0;777;1000;628;621;42;10;628;621;670;621;670;631;628;631;16.00;NNSNN;0.3;undefined;OTHER;OTHER
507484246.tif;1;0;777;1000;726;622;45;9;726;622;771;622;771;631;726;631;80.00;NNSNN;0.6;undefined;OTHER;OTHER
507484246.tif;1;0;777;1000;26;635;55;9;26;635;81;635;81;644;26;644;3/15/8';NSNNSNS;0.62;undefined;OTHER;OTHER
507484246.tif;1;0;777;1000;105;635;34;11;105;635;139;635;139;646;105;646;Spot;AAAA;0.27;undefined;OTHER;OTHER
507484246.tif;1;0;777;1000;152;635;52;11;152;635;204;635;204;646;152;646;10:56p;NNSNNA;0.4;undefined;OTHER;OTHER
507484246.tif;1;0;777;1000;527;636;17;9;527;636;544;636;544;645;527;645;60;NN;0.14;undefined;OTHER;OTHER
507484246.tif;1;0;777;1000;584;636;4;9;584;636;588;636;588;645;584;645;1;N;0.62;undefined;OTHER;OTHER
507484246.tif;1;0;777;1000;630;636;42;9;630;636;672;636;672;645;630;645;16.00;NNSNN;0.32;undefined;OTHER;OTHER
507484246.tif;1;0;777;1000;730;637;43;9;730;637;773;637;773;646;730;646;16.00;NNSNN;0.42;undefined;OTHER;OTHER
507484246.tif;1;0;777;1000;26;648;56;11;26;648;82;648;82;659;26;659;1/16/85;NSNNSNN;0.53;undefined;OTHER;OTHER
507484246.tif;1;0;777;1000;103;649;35;11;103;649;138;649;138;660;103;660;Spot;AAAA;0.29;undefined;OTHER;OTHER
507484246.tif;1;0;777;1000;159;649;43;10;159;649;202;649;202;659;159;659;6:26a;NSNNA;0.33;undefined;OTHER;OTHER
507484246.tif;1;0;777;1000;223;649;44;10;223;649;267;649;267;659;223;659;7:26a;NSNNA;0.28;undefined;OTHER;OTHER
507484246.tif;1;0;777;1000;287;649;44;10;287;649;331;649;331;659;287;659;8:26a;NSNNA;0.39;undefined;OTHER;OTHER
507484246.tif;1;0;777;1000;351;649;43;13;351;649;394;649;394;662;351;662;2:32p;NSNNA;0.41;undefined;OTHER;OTHER
507484246.tif;1;0;777;1000;415;650;34;10;415;650;449;650;449;660;415;660;4:11;NSNN;0.4;undefined;OTHER;OTHER
507484246.tif;1;0;777;1000;525;650;17;10;525;650;542;650;542;660;525;660;60;NN;0.26;undefined;OTHER;OTHER
507484246.tif;1;0;777;1000;580;650;8;10;580;650;588;650;588;660;580;660;5;N;0.24;undefined;OTHER;OTHER
507484246.tif;1;0;777;1000;627;650;43;10;627;650;670;650;670;660;627;660;16.00;NNSNN;0.37;undefined;OTHER;OTHER
507484246.tif;1;0;777;1000;726;651;45;10;726;651;771;651;771;661;726;661;80.00;NNSNN;0.4;undefined;OTHER;OTHER
507484246.tif;1;0;777;1000;452;652;7;10;452;652;459;652;459;662;452;662;p;A;0.05;undefined;OTHER;OTHER
507484246.tif;1;0;777;1000;26;664;50;9;26;664;76;664;76;673;26;673;3/.t6/8;NSSANSN;0.42;undefined;OTHER;OTHER
507484246.tif;1;0;777;1000;78;664;5;5;78;664;83;664;83;669;78;669;c;A;0.24;undefined;OTHER;OTHER
507484246.tif;1;0;777;1000;105;664;35;11;105;664;140;664;140;675;105;675;Spot;AAAA;0.31;undefined;OTHER;OTHER
507484246.tif;1;0;777;1000;160;664;24;9;160;664;184;664;184;673;160;673;6:1;NSN;0.39;undefined;OTHER;OTHER
507484246.tif;1;0;777;1000;189;664;15;12;189;664;204;664;204;676;189;676;lp;AA;0.37;undefined;OTHER;OTHER
507484246.tif;1;0;777;1000;224;664;8;9;224;664;232;664;232;673;224;673;9;N;0.3;undefined;OTHER;OTHER
507484246.tif;1;0;777;1000;243;664;25;12;243;664;268;664;268;676;243;676;26p;NNA;0.6;undefined;OTHER;OTHER
507484246.tif;1;0;777;1000;527;665;17;9;527;665;544;665;544;674;527;674;60;NN;0.12;undefined;OTHER;OTHER
507484246.tif;1;0;777;1000;582;665;8;9;582;665;590;665;590;674;582;674;2;N;0.16;undefined;OTHER;OTHER
507484246.tif;1;0;777;1000;629;665;43;10;629;665;672;665;672;675;629;675;16.00;NNSNN;0.3;undefined;OTHER;OTHER
507484246.tif;1;0;777;1000;728;665;45;10;728;665;773;665;773;675;728;675;32.00;NNSNN;0.37;undefined;OTHER;OTHER
507484246.tif;1;0;777;1000;236;667;3;6;236;667;239;667;239;673;236;673;z;A;0.26;undefined;OTHER;OTHER
507484246.tif;1;0;777;1000;620;671;2;2;620;671;622;671;622;673;620;673;.;S;0.55;undefined;OTHER;OTHER
507484246.tif;1;0;777;1000;26;677;58;10;26;677;84;677;84;687;26;687;S/17/89;ASNNSNN;0.53;undefined;OTHER;OTHER
507484246.tif;1;0;777;1000;103;678;35;12;103;678;138;678;138;690;103;690;Spot;AAAA;0.23;undefined;OTHER;OTHER
507484246.tif;1;0;777;1000;151;678;51;12;151;678;202;678;202;690;151;690;12:39p;NNSNNA;0.37;undefined;OTHER;OTHER
507484246.tif;1;0;777;1000;224;678;43;13;224;678;267;678;267;691;224;691;1:38p;NSNNA;0.54;undefined;OTHER;OTHER
507484246.tif;1;0;777;1000;287;678;15;10;287;678;302;678;302;688;287;688;3:;NS;0.55;undefined;OTHER;OTHER
507484246.tif;1;0;777;1000;307;678;24;13;307;678;331;678;331;691;307;691;Up;AA;0.5;undefined;OTHER;OTHER
507484246.tif;1;0;777;1000;351;679;44;12;351;679;395;679;395;691;351;691;5:50p;NSNNA;0.44;undefined;OTHER;OTHER
507484246.tif;1;0;777;1000;416;679;43;12;416;679;459;679;459;691;416;691;8:26p;NSNNA;0.2;undefined;OTHER;OTHER
507484246.tif;1;0;777;1000;525;680;17;10;525;680;542;680;542;690;525;690;60;NN;0.32;undefined;OTHER;OTHER
507484246.tif;1;0;777;1000;580;680;8;10;580;680;588;680;588;690;580;690;5;N;0.33;undefined;OTHER;OTHER
507484246.tif;1;0;777;1000;628;680;42;10;628;680;670;680;670;690;628;690;16.00;NNSNN;0.23;undefined;OTHER;OTHER
507484246.tif;1;0;777;1000;726;681;46;10;726;681;772;681;772;691;726;691;80.00;NNSNN;0.36;undefined;OTHER;OTHER
507484246.tif;1;0;777;1000;26;693;13;10;26;693;39;693;39;703;26;703;1/;NS;0.2;undefined;OTHER;OTHER
507484246.tif;1;0;777;1000;42;693;35;10;42;693;77;693;77;703;42;703;17/8;NNSN;0.38;undefined;OTHER;OTHER
507484246.tif;1;0;777;1000;78;693;4;6;78;693;82;693;82;699;78;699;C;A;0.24;undefined;OTHER;OTHER
507484246.tif;1;0;777;1000;105;693;26;12;105;693;131;693;131;705;105;705;Spo;AAA;0.32;undefined;OTHER;OTHER
507484246.tif;1;0;777;1000;134;693;6;10;134;693;140;693;140;703;134;703;t;A;0.0;undefined;OTHER;OTHER
507484246.tif;1;0;777;1000;153;693;51;12;153;693;204;693;204;705;153;705;11:26p;NNSNNA;0.34;undefined;OTHER;OTHER
507484246.tif;1;0;777;1000;527;695;17;9;527;695;544;695;544;704;527;704;60;NN;0.2;undefined;OTHER;OTHER
507484246.tif;1;0;777;1000;629;695;44;10;629;695;673;695;673;705;629;705;16.00;NNSNN;0.19;undefined;OTHER;OTHER
507484246.tif;1;0;777;1000;584;696;5;9;584;696;589;696;589;705;584;705;1;N;0.29;undefined;OTHER;OTHER
507484246.tif;1;0;777;1000;730;696;43;9;730;696;773;696;773;705;730;705;16.00;NNSNN;0.37;undefined;OTHER;OTHER
507484246.tif;1;0;777;1000;26;708;56;10;26;708;82;708;82;718;26;718;1/18/89;NSNNSNN;0.38;undefined;OTHER;OTHER
507484246.tif;1;0;777;1000;103;709;35;11;103;709;138;709;138;720;103;720;Spot;AAAA;0.38;undefined;OTHER;OTHER
507484246.tif;1;0;777;1000;159;709;44;10;159;709;203;709;203;719;159;719;8:02a;NSNNA;0.4;undefined;OTHER;OTHER
507484246.tif;1;0;777;1000;223;709;44;10;223;709;267;709;267;719;223;719;9:02a;NSNNA;0.24;undefined;OTHER;OTHER
507484246.tif;1;0;777;1000;279;709;52;10;279;709;331;709;331;719;279;719;10:02a;NNSNNA;0.34;undefined;OTHER;OTHER
507484246.tif;1;0;777;1000;343;709;52;13;343;709;395;709;395;722;343;722;12:32p;NNSNNA;0.35;undefined;OTHER;OTHER
507484246.tif;1;0;777;1000;415;710;45;12;415;710;460;710;460;722;415;722;5:3Sp;NSNAA;0.41;undefined;OTHER;OTHER
507484246.tif;1;0;777;1000;525;711;17;9;525;711;542;711;542;720;525;720;60;NN;0.27;undefined;OTHER;OTHER
507484246.tif;1;0;777;1000;580;711;8;9;580;711;588;711;588;720;580;720;5;N;0.26;undefined;OTHER;OTHER
507484246.tif;1;0;777;1000;628;711;43;10;628;711;671;711;671;721;628;721;16.00;NNSNN;0.32;undefined;OTHER;OTHER
507484246.tif;1;0;777;1000;727;711;24;10;727;711;751;711;751;721;727;721;eo.;AAS;0.5;undefined;OTHER;OTHER
507484246.tif;1;0;777;1000;754;712;17;9;754;712;771;712;771;721;754;721;oo;AA;0.12;undefined;OTHER;OTHER
507484246.tif;1;0;777;1000;27;724;49;9;27;724;76;724;76;733;27;733;J/18/8;ASNNSN;0.55;undefined;OTHER;OTHER
507484246.tif;1;0;777;1000;78;724;3;5;78;724;81;724;81;729;78;729;(;S;0.25;undefined;OTHER;OTHER
507484246.tif;1;0;777;1000;105;724;35;11;105;724;140;724;140;735;105;735;Spot;AAAA;0.28;undefined;OTHER;OTHER
507484246.tif;1;0;777;1000;160;724;44;12;160;724;204;724;204;736;160;736;7:26p;NSNNA;0.36;undefined;OTHER;OTHER
507484246.tif;1;0;777;1000;224;725;44;11;224;725;268;725;268;736;224;736;8:26p;NSNNA;0.25;undefined;OTHER;OTHER
507484246.tif;1;0;777;1000;527;726;17;9;527;726;544;726;544;735;527;735;60;NN;0.13;undefined;OTHER;OTHER
507484246.tif;1;0;777;1000;582;726;8;9;582;726;590;726;590;735;582;735;2;N;0.15;undefined;OTHER;OTHER
507484246.tif;1;0;777;1000;630;726;43;9;630;726;673;726;673;735;630;735;16.00;NNSNN;0.33;undefined;OTHER;OTHER
507484246.tif;1;0;777;1000;729;726;44;10;729;726;773;726;773;736;729;736;32.00;NNSNN;0.5;undefined;OTHER;OTHER
507484246.tif;1;0;777;1000;26;739;56;11;26;739;82;739;82;750;26;750;J/19/89;ASNNSNN;0.41;undefined;OTHER;OTHER
507484246.tif;1;0;777;1000;103;740;35;12;103;740;138;740;138;752;103;752;Spot;AAAA;0.19;undefined;OTHER;OTHER
507484246.tif;1;0;777;1000;158;740;45;10;158;740;203;740;203;750;158;750;9:35a;NSNNA;0.19;undefined;OTHER;OTHER
507484246.tif;1;0;777;1000;215;740;52;10;215;740;267;740;267;750;215;750;10:20a;NNSNNA;0.41;undefined;OTHER;OTHER
507484246.tif;1;0;777;1000;287;740;44;13;287;740;331;740;331;753;287;753;4:32p;NSNNA;0.14;undefined;OTHER;OTHER
507484246.tif;1;0;777;1000;351;741;44;12;351;741;395;741;395;753;351;753;9:26p;NSNNA;0.16;undefined;OTHER;OTHER
507484246.tif;1;0;777;1000;408;741;51;12;408;741;459;741;459;753;408;753;10:26p;NNSNNA;0.28;undefined;OTHER;OTHER
507484246.tif;1;0;777;1000;525;741;17;10;525;741;542;741;542;751;525;751;60;NN;0.14;undefined;OTHER;OTHER
507484246.tif;1;0;777;1000;580;742;8;9;580;742;588;742;588;751;580;751;5;N;0.51;undefined;OTHER;OTHER
507484246.tif;1;0;777;1000;628;742;43;10;628;742;671;742;671;752;628;752;16.00;NNSNN;0.27;undefined;OTHER;OTHER
507484246.tif;1;0;777;1000;727;742;45;10;727;742;772;742;772;752;727;752;80.00;NNSNN;0.43;undefined;OTHER;OTHER
507484246.tif;1;0;777;1000;26;755;4;9;26;755;30;755;30;764;26;764;3;N;0.92;undefined;OTHER;OTHER
507484246.tif;1;0;777;1000;32;755;6;9;32;755;38;755;38;764;32;764;/;S;0.29;undefined;OTHER;OTHER
507484246.tif;1;0;777;1000;42;755;35;9;42;755;77;755;77;764;42;764;19/8;NNSN;0.41;undefined;OTHER;OTHER
507484246.tif;1;0;777;1000;78;755;4;5;78;755;82;755;82;760;78;760;C;A;0.24;undefined;OTHER;OTHER
507484246.tif;1;0;777;1000;105;755;35;11;105;755;140;755;140;766;105;766;Spot;AAAA;0.32;undefined;OTHER;OTHER
507484246.tif;1;0;777;1000;153;755;51;12;153;755;204;755;204;767;153;767;11:26p;NNSNNA;0.35;undefined;OTHER;OTHER
507484246.tif;1;0;777;1000;527;756;17;10;527;756;544;756;544;766;527;766;60;NN;0.17;undefined;OTHER;OTHER
507484246.tif;1;0;777;1000;630;756;43;10;630;756;673;756;673;766;630;766;16.00;NNSNN;0.34;undefined;OTHER;OTHER
507484246.tif;1;0;777;1000;584;757;4;9;584;757;588;757;588;766;584;766;1;N;0.17;undefined;OTHER;OTHER
507484246.tif;1;0;777;1000;731;757;42;9;731;757;773;757;773;766;731;766;16,00;NNSNN;0.22;undefined;OTHER;OTHER
507484246.tif;1;0;777;1000;159;785;72;10;159;785;231;785;231;795;159;795;SUBTOTAL;AAAAAAAA;0.64;undefined;OTHER;OTHER
507484246.tif;1;0;777;1000;306;785;32;10;306;785;338;785;338;795;306;795;720.;NNNS;0.89;undefined;OTHER;OTHER
507484246.tif;1;0;777;1000;342;786;17;9;342;786;359;786;359;795;342;795;00;NN;0.5;undefined;OTHER;OTHER
507484246.tif;1;0;777;1000;753;792;17;4;753;792;770;792;770;796;753;796;—;S;1.0;undefined;OTHER;OTHER
507484246.tif;1;0;777;1000;753;813;10;8;753;813;763;813;763;821;753;821;Ol;AA;0.21;undefined;OTHER;OTHER
507484246.tif;1;0;777;1000;97;815;16;8;97;815;113;815;113;823;97;823;To;AA;0.44;undefined;OTHER;OTHER
507484246.tif;1;0;777;1000;116;815;5;7;116;815;121;815;121;822;116;822;f;A;0.24;undefined;OTHER;OTHER
507484246.tif;1;0;777;1000;124;815;14;8;124;815;138;815;138;823;124;823;a1;AN;0.44;undefined;OTHER;OTHER
507484246.tif;1;0;777;1000;152;815;22;6;152;815;174;815;174;821;152;821;OI;AA;0.34;undefined;OTHER;OTHER
507484246.tif;1;0;777;1000;316;815;22;8;316;815;338;815;338;823;316;823;C\P(;ASAS;0.33;undefined;OTHER;OTHER
507484246.tif;1;0;777;1000;353;815;17;8;353;815;370;815;370;823;353;823;on;AA;0.07;undefined;OTHER;OTHER
507484246.tif;1;0;777;1000;300;816;3;7;300;816;303;816;303;823;300;823;1;N;0.58;undefined;OTHER;OTHER
507484246.tif;1;0;777;1000;574;816;14;5;574;816;588;816;588;821;574;821;C/m;ASA;0.13;undefined;OTHER;OTHER
507484246.tif;1;0;777;1000;179;817;16;4;179;817;195;817;195;821;179;821;«<-;SSS;0.47;undefined;OTHER;OTHER
507484246.tif;1;0;777;1000;341;818;1;3;341;818;342;818;342;821;341;821;t;A;1.0;undefined;OTHER;OTHER
507484246.tif;1;0;777;1000;99;819;2;5;99;819;101;819;101;824;99;824;I;A;0.29;undefined;OTHER;OTHER
507484246.tif;1;0;777;1000;105;819;8;6;105;819;113;819;113;825;105;825;Q;A;0.0;undefined;OTHER;OTHER
507484246.tif;1;0;777;1000;117;819;22;6;117;819;139;819;139;825;117;825;VcU;AAA;0.13;undefined;OTHER;OTHER
507484246.tif;1;0;777;1000;275;819;3;2;275;819;278;819;278;821;275;821;-;S;1.0;undefined;OTHER;OTHER
507484246.tif;1;0;777;1000;300;819;4;6;300;819;304;819;304;825;300;825;X;A;0.0;undefined;OTHER;OTHER
507484246.tif;1;0;777;1000;316;819;17;6;316;819;333;819;333;825;316;825;vC;AA;0.27;undefined;OTHER;OTHER
507484246.tif;1;0;777;1000;335;819;2;3;335;819;337;819;337;822;335;822;(;S;0.23;undefined;OTHER;OTHER
507484246.tif;1;0;777;1000;353;819;17;6;353;819;370;819;370;825;353;825;w;A;0.66;undefined;OTHER;OTHER
507484246.tif;1;0;777;1000;573;819;17;6;573;819;590;819;590;825;573;825;OH;AA;0.25;undefined;OTHER;OTHER
507484246.tif;1;0;777;1000;337;821;2;1;337;821;339;821;339;822;337;822;*;S;0.78;undefined;OTHER;OTHER
507484246.tif;1;0;777;1000;340;821;2;4;340;821;342;821;342;825;340;825;T;A;0.17;undefined;OTHER;OTHER
507484246.tif;1;0;777;1000;346;821;3;4;346;821;349;821;349;825;346;825;m;A;0.38;undefined;OTHER;OTHER
507484246.tif;1;0;777;1000;310;822;3;4;310;822;313;822;313;826;310;826;«;S;0.43;undefined;OTHER;OTHER
507484246.tif;1;0;777;1000;736;822;2;5;736;822;738;822;738;827;736;827;';S;0.81;undefined;OTHER;OTHER
507484246.tif;1;0;777;1000;753;822;9;8;753;822;762;822;762;830;753;830;o;A;0.48;undefined;OTHER;OTHER
507484246.tif;1;0;777;1000;95;831;54;9;95;831;149;831;149;840;95;840;LISTEN;AAAAAA;0.54;undefined;OTHER;OTHER
507484246.tif;1;0;777;1000;159;831;17;9;159;831;176;831;176;840;159;840;TO;AA;0.52;undefined;OTHER;OTHER
507484246.tif;1;0;777;1000;186;831;26;9;186;831;212;831;212;840;186;840;THE;AAA;0.59;undefined;OTHER;OTHER
507484246.tif;1;0;777;1000;223;831;35;9;223;831;258;831;258;840;223;840;BEST;AAAA;0.47;undefined;OTHER;OTHER
507484246.tif;1;0;777;1000;269;831;25;9;269;831;294;831;294;840;269;840;MIX;AAA;0.34;undefined;OTHER;OTHER
507484246.tif;1;0;777;1000;305;831;18;9;305;831;323;831;323;840;305;840;OF;AA;0.25;undefined;OTHER;OTHER
507484246.tif;1;0;777;1000;333;831;99;9;333;831;432;831;432;840;333;840;60—70—AMD;NNSNNSAAA;0.64;undefined;OTHER;OTHER
507484246.tif;1;0;777;1000;443;831;17;10;443;831;460;831;460;841;443;841;80;NN;0.28;undefined;OTHER;OTHER
507484246.tif;1;0;777;1000;752;832;10;7;752;832;762;832;762;839;752;839;"""J";SA;0.6;undefined;OTHER;OTHER
507484246.tif;1;0;777;1000;752;840;9;8;752;840;761;840;761;848;752;848;A;A;0.23;undefined;OTHER;OTHER
507484246.tif;1;0;777;1000;161;845;15;11;161;845;176;845;176;856;161;856;91;NN;0.26;undefined;OTHER;OTHER
507484246.tif;1;0;777;1000;188;845;35;10;188;845;223;845;223;855;188;855;YOUR;AAAA;0.64;undefined;OTHER;OTHER
507484246.tif;1;0;777;1000;115;846;35;9;115;846;150;846;150;855;115;855;PLAY;AAAA;0.51;undefined;OTHER;OTHER
507484246.tif;1;0;777;1000;234;846;62;10;234;846;296;846;296;856;234;856;CLASSIC;AAAAAAA;0.42;undefined;OTHER;OTHER
507484246.tif;1;0;777;1000;307;846;91;10;307;846;398;846;398;856;307;856;CONNECTION;AAAAAAAAAA;0.55;undefined;OTHER;OTHER
507484246.tif;1;0;777;1000;500;846;44;10;500;846;544;846;544;856;500;856;Sales;AAAAA;0.28;undefined;OTHER;OTHER
507484246.tif;1;0;777;1000;555;846;33;12;555;846;588;846;588;858;555;858;Rep:;AAAS;0.41;undefined;OTHER;OTHER
507484246.tif;1;0;777;1000;601;846;53;10;601;846;654;846;654;856;601;856;ALFRED;AAAAAA;0.39;undefined;OTHER;OTHER
507484246.tif;1;0;777;1000;665;846;14;10;665;846;679;846;679;856;665;856;E.;AS;0.4;undefined;OTHER;OTHER
507484246.tif;1;0;777;1000;693;846;43;10;693;846;736;846;736;856;693;856;BERRY;AAAAA;0.46;undefined;OTHER;OTHER
507484246.tif;1;0;777;1000;751;849;10;8;751;849;761;849;761;857;751;857;CD;AA;0.38;undefined;OTHER;OTHER
507484246.tif;1;0;777;1000;733;866;2;8;733;866;735;866;735;874;733;874;J;A;0.21;undefined;OTHER;OTHER
507484246.tif;1;0;777;1000;750;868;10;7;750;868;760;868;760;875;750;875;A;A;0.0;undefined;OTHER;OTHER
507484246.tif;1;0;777;1000;385;872;25;11;385;872;410;872;410;883;385;883;PER;AAA;0.85;undefined;OTHER;OTHER
507484246.tif;1;0;777;1000;66;873;47;12;66;873;113;873;113;885;66;885;Charge,;AAAAAAS;0.58;undefined;OTHER;OTHER
507484246.tif;1;0;777;1000;118;873;8;9;118;873;126;873;126;882;118;882;is;AA;0.38;undefined;OTHER;OTHER
507484246.tif;1;0;777;1000;131;873;59;11;131;873;190;873;190;884;131;884;computed;AAAAAAAA;0.53;undefined;OTHER;OTHER
507484246.tif;1;0;777;1000;196;873;13;11;196;873;209;873;209;884;196;884;by;AA;0.57;undefined;OTHER;OTHER
507484246.tif;1;0;777;1000;225;873;64;9;225;873;289;873;289;882;225;882;PERIODIC;AAAAAAAA;0.67;undefined;OTHER;OTHER
507484246.tif;1;0;777;1000;293;873;35;9;293;873;328;873;328;882;293;882;RATE;AAAA;0.69;undefined;OTHER;OTHER
507484246.tif;1;0;777;1000;333;873;17;10;333;873;350;873;350;883;333;883;OF;AA;0.43;undefined;OTHER;OTHER
507484246.tif;1;0;777;1000;355;873;26;10;355;873;381;873;381;883;355;883;172%;NNNS;0.38;undefined;OTHER;OTHER
507484246.tif;1;0;777;1000;415;873;52;12;415;873;467;873;467;885;415;885;MONTH,;AAAAAS;0.92;undefined;OTHER;OTHER
507484246.tif;1;0;777;1000;472;873;34;10;472;873;506;873;506;883;472;883;which;AAAAA;0.53;undefined;OTHER;OTHER
507484246.tif;1;0;777;1000;541;873;55;10;541;873;596;873;596;883;541;883;ANNUAL;AAAAAA;0.83;undefined;OTHER;OTHER
507484246.tif;1;0;777;1000;600;873;90;11;600;873;690;873;690;884;600;884;PERCENTAGE;AAAAAAAAAA;0.84;undefined;OTHER;OTHER
507484246.tif;1;0;777;1000;43;874;18;12;43;874;61;874;61;886;43;886;P09;ANN;0.22;undefined;OTHER;OTHER
507484246.tif;1;0;777;1000;511;874;8;9;511;874;519;874;519;883;511;883;is;AA;0.77;undefined;OTHER;OTHER
507484246.tif;1;0;777;1000;214;875;6;7;214;875;220;875;220;882;214;882;a;A;0.37;undefined;OTHER;OTHER
507484246.tif;1;0;777;1000;523;876;14;7;523;876;537;876;537;883;523;883;an;AA;0.61;undefined;OTHER;OTHER
507484246.tif;1;0;777;1000;733;876;1;9;733;876;734;876;734;885;733;885;!;S;0.29;undefined;OTHER;OTHER
507484246.tif;1;0;777;1000;749;876;10;8;749;876;759;876;759;884;749;884;ro;AA;0.24;undefined;OTHER;OTHER
507484246.tif;1;0;777;1000;52;886;7;10;52;886;59;886;59;896;52;896;F;A;0.18;undefined;OTHER;OTHER
507484246.tif;1;0;777;1000;64;886;27;12;64;886;91;886;91;898;64;898;18%,;NNSS;0.46;undefined;OTHER;OTHER
507484246.tif;1;0;777;1000;96;886;37;10;96;886;133;886;133;896;96;896;added;AAAAA;0.53;undefined;OTHER;OTHER
507484246.tif;1;0;777;1000;138;886;11;10;138;886;149;886;149;896;138;896;to;AA;0.77;undefined;OTHER;OTHER
507484246.tif;1;0;777;1000;178;886;41;12;178;886;219;886;219;898;178;898;unpaid;AAAAAA;0.64;undefined;OTHER;OTHER
507484246.tif;1;0;777;1000;224;886;46;10;224;886;270;886;270;896;224;896;balance;AAAAAAA;0.77;undefined;OTHER;OTHER
507484246.tif;1;0;777;1000;749;886;10;7;749;886;759;886;759;893;749;893;-A;SA;0.51;undefined;OTHER;OTHER
507484246.tif;1;0;777;1000;154;887;19;9;154;887;173;887;173;896;154;896;the;AAA;0.52;undefined;OTHER;OTHER
507484246.tif;1;0;777;1000;276;887;10;9;276;887;286;887;286;896;276;896;at;AA;0.73;undefined;OTHER;OTHER
507484246.tif;1;0;777;1000;291;887;18;10;291;887;309;887;309;897;291;897;the;AAA;0.74;undefined;OTHER;OTHER
507484246.tif;1;0;777;1000;315;887;21;10;315;887;336;887;336;897;315;897;end;AAA;0.46;undefined;OTHER;OTHER
507484246.tif;1;0;777;1000;342;887;11;10;342;887;353;887;353;897;342;897;of;AA;0.96;undefined;OTHER;OTHER
507484246.tif;1;0;777;1000;358;887;18;10;358;887;376;887;376;897;358;897;the;AAA;0.79;undefined;OTHER;OTHER
507484246.tif;1;0;777;1000;381;887;25;10;381;887;406;887;406;897;381;897;next;AAAA;0.47;undefined;OTHER;OTHER
507484246.tif;1;0;777;1000;412;887;37;10;412;887;449;887;449;897;412;897;month;AAAAA;0.83;undefined;OTHER;OTHER
507484246.tif;1;0;777;1000;455;887;54;12;455;887;509;887;509;899;455;899;following;AAAAAAAAA;0.6;undefined;OTHER;OTHER
507484246.tif;1;0;777;1000;545;887;11;10;545;887;556;887;556;897;545;897;of;AA;0.83;undefined;OTHER;OTHER
507484246.tif;1;0;777;1000;726;887;14;8;726;887;740;887;740;895;726;895;"""i.";SAS;0.49;undefined;OTHER;OTHER
507484246.tif;1;0;777;1000;515;888;25;9;515;888;540;888;540;897;515;897;date;AAAA;0.58;undefined;OTHER;OTHER
507484246.tif;1;0;777;1000;562;888;58;11;562;888;620;888;620;899;562;899;purchase.;AAAAAAAAS;0.91;undefined;OTHER;OTHER
507484246.tif;1;0;777;1000;55;919;63;8;55;919;118;919;118;927;55;927;CURRENT;AAAAAAA;0.89;undefined;OTHER;OTHER
507484246.tif;1;0;777;1000;231;919;14;9;231;919;245;919;245;928;231;928;30;NN;0.75;undefined;OTHER;OTHER
507484246.tif;1;0;777;1000;250;919;35;9;250;919;285;919;285;928;250;928;DAYS;AAAA;0.85;undefined;OTHER;OTHER
507484246.tif;1;0;777;1000;190;920;1;2;190;920;191;920;191;922;190;922;•;S;0.89;undefined;OTHER;OTHER
507484246.tif;1;0;777;1000;374;920;3;2;374;920;377;920;377;922;374;922;';S;0.67;undefined;OTHER;OTHER
507484246.tif;1;0;777;1000;404;920;14;8;404;920;418;920;418;928;404;928;60;NN;0.7;undefined;OTHER;OTHER
507484246.tif;1;0;777;1000;423;920;35;8;423;920;458;920;458;928;423;928;DAYS;AAAA;0.83;undefined;OTHER;OTHER
507484246.tif;1;0;777;1000;575;920;27;9;575;920;602;920;602;929;575;929;AND;AAA;0.81;undefined;OTHER;OTHER
507484246.tif;1;0;777;1000;608;920;35;9;608;920;643;920;643;929;608;929;OVER;AAAA;0.65;undefined;OTHER;OTHER
507484246.tif;1;0;777;1000;346;921;2;8;346;921;348;921;348;929;346;929;";";S;0.39;undefined;OTHER;OTHER
507484246.tif;1;0;777;1000;556;921;14;8;556;921;570;921;570;929;556;929;90;NN;0.57;undefined;OTHER;OTHER
507484246.tif;1;0;777;1000;354;928;1;2;354;928;355;928;355;930;354;930;.;S;0.93;undefined;OTHER;OTHER
507484246.tif;1;0;777;1000;131;949;36;9;131;949;167;949;167;958;131;958;0.00;NSNN;0.53;undefined;OTHER;OTHER
507484246.tif;1;0;777;1000;297;949;35;10;297;949;332;949;332;959;297;959;0.00;NSNN;0.32;undefined;OTHER;OTHER
507484246.tif;1;0;777;1000;462;949;35;10;462;949;497;949;497;959;462;959;0.00;NSNN;0.36;undefined;OTHER;OTHER
507484246.tif;1;0;777;1000;627;950;35;9;627;950;662;950;662;959;627;959;0.00;NSNN;0.35;undefined;OTHER;OTHER
507484246.tif;1;0;777;1000;755;950;17;10;755;950;772;950;772;960;755;960;00;NN;0.32;undefined;OTHER;OTHER
507484246.tif;1;0;777;1000;737;951;14;9;737;951;751;951;751;960;737;960;o.;AS;0.47;undefined;OTHER;OTHER
507484246.tif;1;0;777;1000;191;971;17;6;191;971;208;971;208;977;191;977;THIS;AAAA;0.5;undefined;OTHER;OTHER
507484246.tif;1;0;777;1000;211;971;33;6;211;971;244;971;244;977;211;977;INVOICE;AAAAAAA;0.44;undefined;OTHER;OTHER
507484246.tif;1;0;777;1000;247;971;17;6;247;971;264;971;264;977;247;977;WAS;AAA;0.6;undefined;OTHER;OTHER
507484246.tif;1;0;777;1000;266;971;43;6;266;971;309;971;309;977;266;977;PREPAnEO;AAAAAAAA;0.31;undefined;OTHER;OTHER
507484246.tif;1;0;777;1000;311;971;23;6;311;971;334;971;334;977;311;977;fftOU;AAAAA;0.44;undefined;OTHER;OTHER
507484246.tif;1;0;777;1000;337;971;35;6;337;971;372;971;372;977;337;977;OfEICIAL;AAAAAAAA;0.53;undefined;OTHER;OTHER
507484246.tif;1;0;777;1000;375;971;35;6;375;971;410;971;410;977;375;977;STATION;AAAAAAA;0.41;undefined;OTHER;OTHER
507484246.tif;1;0;777;1000;413;971;40;6;413;971;453;971;453;977;413;977;PflOCRAM;AAAAAAAA;0.35;undefined;OTHER;OTHER
507484246.tif;1;0;777;1000;456;971;22;6;456;971;478;971;478;977;456;977;IOCS;AAAA;0.41;undefined;OTHER;OTHER
507484246.tif;1;0;777;1000;738;973;7;12;738;973;745;973;745;985;738;985;J;A;0.25;undefined;OTHER;OTHER
507484246.tif;1;0;777;1000;504;977;49;10;504;977;553;977;553;987;504;987;PLEASE;AAAAAA;0.71;undefined;OTHER;OTHER
507484246.tif;1;0;777;1000;559;978;25;9;559;978;584;978;584;987;559;987;PAY;AAA;0.95;undefined;OTHER;OTHER
507484246.tif;1;0;777;1000;589;978;30;9;589;978;619;978;619;987;589;987;THIS;AAAA;0.54;undefined;OTHER;OTHER
507484246.tif;1;0;777;1000;624;978;63;10;624;978;687;978;687;988;624;988;AMOUNT-;AAAAAAS;0.68;undefined;OTHER;OTHER
507484246.tif;1;0;777;1000;190;979;24;6;190;979;214;979;214;985;190;985;TIMES;AAAAA;0.49;undefined;OTHER;OTHER
507484246.tif;1;0;777;1000;217;979;29;6;217;979;246;979;246;985;217;985;SHOWN;AAAAA;0.32;undefined;OTHER;OTHER
507484246.tif;1;0;777;1000;249;979;27;6;249;979;276;979;276;985;249;985;ABOVE;AAAAA;0.55;undefined;OTHER;OTHER
507484246.tif;1;0;777;1000;279;979;15;6;279;979;294;979;294;985;279;985;AWE;AAA;0.51;undefined;OTHER;OTHER
507484246.tif;1;0;777;1000;297;979;43;6;297;979;340;979;340;985;297;985;ACCURATE;AAAAAAAA;0.4;undefined;OTHER;OTHER
507484246.tif;1;0;777;1000;344;979;20;6;344;979;364;979;364;985;344;985;PIUS;AAAA;0.48;undefined;OTHER;OTHER
507484246.tif;1;0;777;1000;367;979;11;6;367;979;378;979;378;985;367;985;OO;AA;0.31;undefined;OTHER;OTHER
507484246.tif;1;0;777;1000;381;979;25;6;381;979;406;979;406;985;381;985;MINUS;AAAAA;0.52;undefined;OTHER;OTHER
507484246.tif;1;0;777;1000;409;979;4;6;409;979;413;979;413;985;409;985;•;S;1.0;undefined;OTHER;OTHER
507484246.tif;1;0;777;1000;416;980;15;5;416;980;431;980;431;985;416;985;MIN;AAA;0.62;undefined;OTHER;OTHER
