src;num_pages;page_id;page_width;page_height;col;row;width;height;x1;y1;x2;y2;x3;y3;x4;y4;contents;contents_masked;confidence;correctclass;tag;description
518029843_518029864.tif;1;0;790;1000;202;23;47;19;202;23;249;23;249;42;202;42;5“/v3;NSSAN;0.44;undefined;OTHER;OTHER
518029843_518029864.tif;1;0;790;1000;258;25;45;15;258;25;303;25;303;40;258;40;KM*';AASS;0.16;undefined;OTHER;OTHER
518029843_518029864.tif;1;0;790;1000;534;26;24;8;534;26;558;26;558;34;534;34;"*v""0»CC";SASNSAA;0.27;undefined;OTHER;OTHER
518029843_518029864.tif;1;0;790;1000;449;28;32;6;449;28;481;28;481;34;449;34;ACCOUNT;AAAAAAA;0.29;undefined;OTHER;OTHER
518029843_518029864.tif;1;0;790;1000;487;28;9;6;487;28;496;28;496;34;487;34;HO;AA;0.25;undefined;OTHER;OTHER
518029843_518029864.tif;1;0;790;1000;621;28;26;6;621;28;647;28;647;34;621;34;\N*OKt;SASAAA;0.21;undefined;OTHER;OTHER
518029843_518029864.tif;1;0;790;1000;653;28;10;6;653;28;663;28;663;34;653;34;HO;AA;0.3;undefined;OTHER;OTHER
518029843_518029864.tif;1;0;790;1000;698;28;16;6;698;28;714;28;714;34;698;34;HAt;AAA;0.17;undefined;OTHER;OTHER
518029843_518029864.tif;1;0;790;1000;527;39;51;8;527;39;578;39;578;47;527;47;01/18/96;NNSNNSNN;0.39;undefined;OTHER;OTHER
518029843_518029864.tif;1;0;790;1000;612;39;51;8;612;39;663;39;663;47;612;47;018-0047;NNNSNNNN;0.64;undefined;OTHER;OTHER
518029843_518029864.tif;1;0;790;1000;686;39;30;7;686;39;716;39;716;46;686;46;10-69;NNSNN;0.5;undefined;OTHER;OTHER
518029843_518029864.tif;1;0;790;1000;329;40;32;7;329;40;361;40;361;47;329;47;SALES;AAAAA;0.45;undefined;OTHER;OTHER
518029843_518029864.tif;1;0;790;1000;369;40;26;7;369;40;395;40;395;47;369;47;COPY;AAAA;0.36;undefined;OTHER;OTHER
518029843_518029864.tif;1;0;790;1000;449;40;46;7;449;40;495;40;495;47;449;47;7631000;NNNNNNN;0.72;undefined;OTHER;OTHER
518029843_518029864.tif;1;0;790;1000;337;57;50;10;337;57;387;57;387;67;337;67;INVOICE;AAAAAAA;0.69;undefined;OTHER;OTHER
518029843_518029864.tif;1;0;790;1000;482;58;35;8;482;58;517;58;517;66;482;66;WA>.tHOV;AASSAAAA;0.31;undefined;OTHER;OTHER
518029843_518029864.tif;1;0;790;1000;89;59;29;9;89;59;118;59;118;68;89;68;2959.;NNNNS;0.54;undefined;OTHER;OTHER
518029843_518029864.tif;1;0;790;1000;125;59;80;9;125;59;205;59;205;68;125;68;Winston-Salem.;AAAAAAASAAAAAS;0.53;undefined;OTHER;OTHER
518029843_518029864.tif;1;0;790;1000;212;59;16;8;212;59;228;59;228;67;212;67;N.C;ASA;1.0;undefined;OTHER;OTHER
518029843_518029864.tif;1;0;790;1000;241;59;34;8;241;59;275;59;275;67;241;67;2710?;NNNNS;0.34;undefined;OTHER;OTHER
518029843_518029864.tif;1;0;790;1000;38;60;17;8;38;60;55;60;55;68;38;68;P.O.;ASAS;0.78;undefined;OTHER;OTHER
518029843_518029864.tif;1;0;790;1000;62;60;19;8;62;60;81;60;81;68;62;68;Box;AAA;0.49;undefined;OTHER;OTHER
518029843_518029864.tif;1;0;790;1000;519;60;6;6;519;60;525;60;525;66;519;66;H;A;1.0;undefined;OTHER;OTHER
518029843_518029864.tif;1;0;790;1000;625;60;43;8;625;60;668;60;668;68;625;68;—S*5*S*;SASNSAS;0.38;undefined;OTHER;OTHER
518029843_518029864.tif;1;0;790;1000;600;66;10;2;600;66;610;66;610;68;600;68;—;S;1.0;undefined;OTHER;OTHER
518029843_518029864.tif;1;0;790;1000;73;70;27;8;73;70;100;70;100;78;73;78;<800);SNNNS;0.56;undefined;OTHER;OTHER
518029843_518029864.tif;1;0;790;1000;107;70;57;8;107;70;164;70;164;78;107;78;862-4338;NNNSNNNN;0.54;undefined;OTHER;OTHER
518029843_518029864.tif;1;0;790;1000;38;71;29;8;38;71;67;71;67;79;38;79;Phone;AAAAA;0.46;undefined;OTHER;OTHER
518029843_518029864.tif;1;0;790;1000;435;72;19;7;435;72;454;72;454;79;435;79;034;NNN;0.74;undefined;OTHER;OTHER
518029843_518029864.tif;1;0;790;1000;462;72;19;7;462;72;481;72;481;79;462;79;SAN;AAA;0.29;undefined;OTHER;OTHER
518029843_518029864.tif;1;0;790;1000;489;72;63;7;489;72;552;72;552;79;489;79;BERNARDINO;AAAAAAAAAA;0.47;undefined;OTHER;OTHER
518029843_518029864.tif;1;0;790;1000;136;80;20;8;136;80;156;80;156;88;136;88;UPC;AAA;0.6;undefined;OTHER;OTHER
518029843_518029864.tif;1;0;790;1000;236;80;25;9;236;80;261;80;261;89;236;89;Price;AAAAA;0.75;undefined;OTHER;OTHER
518029843_518029864.tif;1;0;790;1000;267;80;17;8;267;80;284;80;284;88;267;88;List;AAAA;0.51;undefined;OTHER;OTHER
518029843_518029864.tif;1;0;790;1000;38;81;14;8;38;81;52;81;52;89;38;89;For;AAA;0.41;undefined;OTHER;OTHER
518029843_518029864.tif;1;0;790;1000;59;81;71;8;59;81;130;81;130;89;59;89;Manufacturer's;AAAAAAAAAAAASA;0.37;undefined;OTHER;OTHER
518029843_518029864.tif;1;0;790;1000;162;81;18;8;162;81;180;81;180;89;162;89;No..;AASS;0.7;undefined;OTHER;OTHER
518029843_518029864.tif;1;0;790;1000;187;81;26;8;187;81;213;81;213;89;187;89;Refer;AAAAA;0.39;undefined;OTHER;OTHER
518029843_518029864.tif;1;0;790;1000;221;82;9;6;221;82;230;82;230;88;221;88;to;AA;0.75;undefined;OTHER;OTHER
518029843_518029864.tif;1;0;790;1000;520;110;22;11;520;110;542;110;542;121;520;121;TO/;AAS;0.89;undefined;OTHER;OTHER
518029843_518029864.tif;1;0;790;1000;484;111;28;10;484;111;512;111;512;121;484;121;SOLD;AAAA;0.91;undefined;OTHER;OTHER
518029843_518029864.tif;1;0;790;1000;77;112;50;10;77;112;127;112;127;122;77;122;BILLING;AAAAAAA;0.66;undefined;OTHER;OTHER
518029843_518029864.tif;1;0;790;1000;625;124;93;11;625;124;718;124;718;135;625;135;DISTRIBUTORS,;AAAAAAAAAAAAS;0.81;undefined;OTHER;OTHER
518029843_518029864.tif;1;0;790;1000;484;125;28;10;484;125;512;125;512;135;484;135;SHIP;AAAA;0.75;undefined;OTHER;OTHER
518029843_518029864.tif;1;0;790;1000;520;125;14;10;520;125;534;125;534;135;520;135;TO;AA;1.0;undefined;OTHER;OTHER
518029843_518029864.tif;1;0;790;1000;550;125;65;10;550;125;615;125;615;135;550;135;CORE-MARK;AAAASAAAA;0.74;undefined;OTHER;OTHER
518029843_518029864.tif;1;0;790;1000;731;125;25;9;731;125;756;125;756;134;731;134;INC.;AAAS;0.32;undefined;OTHER;OTHER
518029843_518029864.tif;1;0;790;1000;76;126;51;10;76;126;127;126;127;136;76;136;ADDRESS;AAAAAAA;0.66;undefined;OTHER;OTHER
518029843_518029864.tif;1;0;790;1000;159;126;66;10;159;126;225;126;225;136;159;136;CORE-MARK;AAAASAAAA;0.69;undefined;OTHER;OTHER
518029843_518029864.tif;1;0;790;1000;234;126;96;10;234;126;330;126;330;136;234;136;DISTRIBUTORS,;AAAAAAAAAAAAS;0.8;undefined;OTHER;OTHER
518029843_518029864.tif;1;0;790;1000;342;126;26;9;342;126;368;126;368;135;342;135;INC.;AAAS;0.94;undefined;OTHER;OTHER
518029843_518029864.tif;1;0;790;1000;624;138;28;11;624;138;652;138;652;149;624;149;1»8TH;NSNAA;0.61;undefined;OTHER;OTHER
518029843_518029864.tif;1;0;790;1000;226;139;36;13;226;139;262;139;262;152;226;152;58833;NNNNN;0.41;undefined;OTHER;OTHER
518029843_518029864.tif;1;0;790;1000;550;139;26;12;550;139;576;139;576;151;550;151;2311;NNNN;0.68;undefined;OTHER;OTHER
518029843_518029864.tif;1;0;790;1000;587;139;29;10;587;139;616;139;616;149;587;149;EAST;AAAA;0.62;undefined;OTHER;OTHER
518029843_518029864.tif;1;0;790;1000;661;139;44;10;661;139;705;139;705;149;661;149;STREET;AAAAAA;0.77;undefined;OTHER;OTHER
518029843_518029864.tif;1;0;790;1000;158;140;28;10;158;140;186;140;186;150;158;150;P.O.;ASAS;0.55;undefined;OTHER;OTHER
518029843_518029864.tif;1;0;790;1000;196;140;21;10;196;140;217;140;217;150;196;150;BOX;AAA;0.79;undefined;OTHER;OTHER
518029843_518029864.tif;1;0;790;1000;661;152;74;13;661;152;735;152;735;165;661;165;90058-2093;NNNNNSNNNN;0.57;undefined;OTHER;OTHER
518029843_518029864.tif;1;0;790;1000;271;153;75;13;271;153;346;153;346;166;271;166;90058-0833;NNNNNSNNNN;0.65;undefined;OTHER;OTHER
518029843_518029864.tif;1;0;790;1000;579;153;51;11;579;153;630;153;630;164;579;164;ANGELES;AAAAAAA;0.8;undefined;OTHER;OTHER
518029843_518029864.tif;1;0;790;1000;550;154;20;10;550;154;570;154;570;164;550;164;LOS;AAA;1.0;undefined;OTHER;OTHER
518029843_518029864.tif;1;0;790;1000;639;154;13;9;639;154;652;154;652;163;639;163;CA;AA;0.97;undefined;OTHER;OTHER
518029843_518029864.tif;1;0;790;1000;159;155;21;10;159;155;180;155;180;165;159;165;LOS;AAA;0.92;undefined;OTHER;OTHER
518029843_518029864.tif;1;0;790;1000;188;155;51;10;188;155;239;155;239;165;188;165;ANGELES;AAAAAAA;0.63;undefined;OTHER;OTHER
518029843_518029864.tif;1;0;790;1000;248;155;14;9;248;155;262;155;262;164;248;164;CA;AA;0.95;undefined;OTHER;OTHER
518029843_518029864.tif;1;0;790;1000;267;231;46;8;267;231;313;231;313;239;267;239;B1G1F-3;ANANASN;0.52;undefined;OTHER;OTHER
518029843_518029864.tif;1;0;790;1000;168;232;38;7;168;232;206;232;206;239;168;239;600023;NNNNNN;0.37;undefined;OTHER;OTHER
518029843_518029864.tif;1;0;790;1000;227;232;32;7;227;232;259;232;259;239;227;239;CAMEL;AAAAA;0.57;undefined;OTHER;OTHER
518029843_518029864.tif;1;0;790;1000;37;233;41;9;37;233;78;233;78;242;37;242;SPECIAL;AAAAAAA;0.86;undefined;OTHER;OTHER
518029843_518029864.tif;1;0;790;1000;85;233;75;9;85;233;160;233;160;242;85;242;INSTRUCTIONS:;AAAAAAAAAAAAS;0.6;undefined;OTHER;OTHER
518029843_518029864.tif;1;0;790;1000;215;234;4;3;215;234;219;234;219;237;215;237;-;S;0.57;undefined;OTHER;OTHER
518029843_518029864.tif;1;0;790;1000;37;297;44;8;37;297;81;297;81;305;37;305;LICENSE;AAAAAAA;0.47;undefined;OTHER;OTHER
518029843_518029864.tif;1;0;790;1000;88;297;17;10;88;297;105;297;105;307;88;307;N0_.;AN_S;0.63;undefined;OTHER;OTHER
518029843_518029864.tif;1;0;790;1000;135;297;77;8;135;297;212;297;212;305;135;305;CRAH02000788;AAAANNNNNNNN;0.56;undefined;OTHER;OTHER
518029843_518029864.tif;1;0;790;1000;41;306;20;8;41;306;61;306;61;314;41;314;•RST;SAAA;0.23;undefined;OTHER;OTHER
518029843_518029864.tif;1;0;790;1000;117;306;22;8;117;306;139;306;139;314;117;314;OAlt~;AAAAS;0.58;undefined;OTHER;OTHER
518029843_518029864.tif;1;0;790;1000;451;307;23;6;451;307;474;307;474;313;451;313;0*0(4;NSNSN;0.21;undefined;OTHER;OTHER
518029843_518029864.tif;1;0;790;1000;479;307;28;6;479;307;507;307;507;313;479;313;SOU*CC;AAASAA;0.22;undefined;OTHER;OTHER
518029843_518029864.tif;1;0;790;1000;527;307;24;6;527;307;551;307;551;313;527;313;MNR;AAA;0.67;undefined;OTHER;OTHER
518029843_518029864.tif;1;0;790;1000;555;307;18;5;555;307;573;307;573;312;555;312;OATI;AAAA;0.44;undefined;OTHER;OTHER
518029843_518029864.tif;1;0;790;1000;583;307;3;5;583;307;586;307;586;312;583;312;C;A;0.26;undefined;OTHER;OTHER
518029843_518029864.tif;1;0;790;1000;604;307;9;5;604;307;613;307;613;312;604;312;ON;AA;0.25;undefined;OTHER;OTHER
518029843_518029864.tif;1;0;790;1000;631;307;13;5;631;307;644;307;644;312;631;312;COR;AAA;0.33;undefined;OTHER;OTHER
518029843_518029864.tif;1;0;790;1000;648;307;8;5;648;307;656;307;656;312;648;312;(S;SA;0.29;undefined;OTHER;OTHER
518029843_518029864.tif;1;0;790;1000;672;307;38;5;672;307;710;307;710;312;672;312;ORfRATO*;AAAAAAAS;0.31;undefined;OTHER;OTHER
518029843_518029864.tif;1;0;790;1000;65;308;18;6;65;308;83;308;83;314;65;314;OATI;AAAA;0.17;undefined;OTHER;OTHER
518029843_518029864.tif;1;0;790;1000;229;308;37;6;229;308;266;308;266;314;229;314;AuOCMASt;AAAAAAAA;0.28;undefined;OTHER;OTHER
518029843_518029864.tif;1;0;790;1000;271;308;24;5;271;308;295;308;295;313;271;313;OAOCB;AAAAA;0.3;undefined;OTHER;OTHER
518029843_518029864.tif;1;0;790;1000;300;308;10;5;300;308;310;308;310;313;300;313;OH;AA;0.59;undefined;OTHER;OTHER
518029843_518029864.tif;1;0;790;1000;315;308;38;5;315;308;353;308;353;313;315;313;COH'BACr;AAASAAAA;0.52;undefined;OTHER;OTHER
518029843_518029864.tif;1;0;790;1000;357;308;12;5;357;308;369;308;369;313;357;313;AO.;AAS;0.47;undefined;OTHER;OTHER
518029843_518029864.tif;1;0;790;1000;399;309;27;6;399;309;426;309;426;315;399;315;-M9X.;SANAS;0.22;undefined;OTHER;OTHER
518029843_518029864.tif;1;0;790;1000;589;309;11;3;589;309;600;309;600;312;589;312;vi;AA;0.14;undefined;OTHER;OTHER
518029843_518029864.tif;1;0;790;1000;539;317;30;9;539;317;569;317;569;326;539;326;12/28;NNSNN;0.48;undefined;OTHER;OTHER
518029843_518029864.tif;1;0;790;1000;590;317;26;8;590;317;616;317;616;325;590;325;6425;NNNN;0.52;undefined;OTHER;OTHER
518029843_518029864.tif;1;0;790;1000;675;317;32;8;675;317;707;317;707;325;675;325;WGECF;AAAAA;0.88;undefined;OTHER;OTHER
518029843_518029864.tif;1;0;790;1000;101;318;33;9;101;318;134;318;134;327;101;327;01/18;NNSNN;0.81;undefined;OTHER;OTHER
518029843_518029864.tif;1;0;790;1000;154;318;51;8;154;318;205;318;205;326;154;326;018-0047;NNNSNNNN;0.64;undefined;OTHER;OTHER
518029843_518029864.tif;1;0;790;1000;235;318;37;8;235;318;272;318;272;326;235;326;122895;NNNNNN;0.39;undefined;OTHER;OTHER
518029843_518029864.tif;1;0;790;1000;401;318;17;8;401;318;418;318;418;326;401;326;EDI;AAA;0.87;undefined;OTHER;OTHER
518029843_518029864.tif;1;0;790;1000;454;318;51;7;454;318;505;318;505;325;454;325;CUSTOMER;AAAAAAAA;0.87;undefined;OTHER;OTHER
518029843_518029864.tif;1;0;790;1000;630;318;5;5;630;318;635;318;635;323;630;323;*;S;0.38;undefined;OTHER;OTHER
518029843_518029864.tif;1;0;790;1000;637;318;10;5;637;318;647;318;647;323;637;323;••;SS;0.22;undefined;OTHER;OTHER
518029843_518029864.tif;1;0;790;1000;650;318;4;5;650;318;654;318;654;323;650;323;A;A;0.23;undefined;OTHER;OTHER
518029843_518029864.tif;1;0;790;1000;43;319;32;8;43;319;75;319;75;327;43;327;01/16;NNSNN;0.43;undefined;OTHER;OTHER
518029843_518029864.tif;1;0;790;1000;44;338;34;8;44;338;78;338;78;346;44;346;^UAHllTr;SAAAAAAA;0.43;undefined;OTHER;OTHER
518029843_518029864.tif;1;0;790;1000;277;338;19;7;277;338;296;338;296;345;277;345;-ITgy;SAAAA;0.19;undefined;OTHER;OTHER
518029843_518029864.tif;1;0;790;1000;301;338;28;6;301;338;329;338;329;344;301;344;hAW£-;AAASS;0.21;undefined;OTHER;OTHER
518029843_518029864.tif;1;0;790;1000;100;339;42;6;100;339;142;339;142;345;100;345;.lIESiJlO_;SAAAAAAAA_;0.43;undefined;OTHER;OTHER
518029843_518029864.tif;1;0;790;1000;152;339;44;6;152;339;196;339;196;345;152;345;■Sizi.cias.;SAAAASAAAAS;0.43;undefined;OTHER;OTHER
518029843_518029864.tif;1;0;790;1000;649;349;59;9;649;349;708;349;708;358;649;358;36.638.20;NNSNNNSNN;0.65;undefined;OTHER;OTHER
518029843_518029864.tif;1;0;790;1000;506;350;45;8;506;350;551;350;551;358;506;358;036,000;NNNSNNN;0.58;undefined;OTHER;OTHER
518029843_518029864.tif;1;0;790;1000;571;350;52;7;571;350;623;350;623;357;571;357;344.7000;NNNSNNNN;0.68;undefined;OTHER;OTHER
518029843_518029864.tif;1;0;790;1000;57;351;17;8;57;351;74;351;74;359;57;359;106;NNN;0.31;undefined;OTHER;OTHER
518029843_518029864.tif;1;0;790;1000;102;351;31;8;102;351;133;351;133;359;102;359;23084;NNNNN;0.62;undefined;OTHER;OTHER
518029843_518029864.tif;1;0;790;1000;167;351;13;7;167;351;180;351;180;358;167;358;6M;NA;0.48;undefined;OTHER;OTHER
518029843_518029864.tif;1;0;790;1000;187;351;12;7;187;351;199;351;199;358;187;358;30;NN;0.9;undefined;OTHER;OTHER
518029843_518029864.tif;1;0;790;1000;213;351;32;7;213;351;245;351;245;358;213;358;CAMEL;AAAAA;0.85;undefined;OTHER;OTHER
518029843_518029864.tif;1;0;790;1000;253;351;39;7;253;351;292;351;292;358;253;358;FILTER;AAAAAA;0.58;undefined;OTHER;OTHER
518029843_518029864.tif;1;0;790;1000;300;351;32;7;300;351;332;351;332;358;300;358;B1G1F;ANANA;0.77;undefined;OTHER;OTHER
518029843_518029864.tif;1;0;790;1000;570;360;53;8;570;360;623;360;623;368;570;368;344.7000;NNNSNNNN;0.83;undefined;OTHER;OTHER
518029843_518029864.tif;1;0;790;1000;649;360;59;9;649;360;708;360;708;369;649;369;36.538.20;NNSNNNSNN;0.68;undefined;OTHER;OTHER
518029843_518029864.tif;1;0;790;1000;167;361;13;8;167;361;180;361;180;369;167;369;6M;NA;0.46;undefined;OTHER;OTHER
518029843_518029864.tif;1;0;790;1000;187;361;12;8;187;361;199;361;199;369;187;369;30;NN;0.54;undefined;OTHER;OTHER
518029843_518029864.tif;1;0;790;1000;213;361;32;8;213;361;245;361;245;369;213;369;CAMEL;AAAAA;0.86;undefined;OTHER;OTHER
518029843_518029864.tif;1;0;790;1000;253;361;39;8;253;361;292;361;292;369;253;369;FILTER;AAAAAA;0.66;undefined;OTHER;OTHER
518029843_518029864.tif;1;0;790;1000;300;361;19;8;300;361;319;361;319;369;300;369;BOX;AAA;0.64;undefined;OTHER;OTHER
518029843_518029864.tif;1;0;790;1000;327;361;32;7;327;361;359;361;359;368;327;368;B1G1F;ANANA;0.95;undefined;OTHER;OTHER
518029843_518029864.tif;1;0;790;1000;506;361;44;8;506;361;550;361;550;369;506;369;636,000;NNNSNNN;0.45;undefined;OTHER;OTHER
518029843_518029864.tif;1;0;790;1000;57;362;17;7;57;362;74;362;74;369;57;369;106;NNN;0.66;undefined;OTHER;OTHER
518029843_518029864.tif;1;0;790;1000;101;362;33;7;101;362;134;362;134;369;101;369;23085;NNNNN;0.54;undefined;OTHER;OTHER
518029843_518029864.tif;1;0;790;1000;649;370;59;10;649;370;708;370;708;380;649;380;36,538.20;NNSNNNSNN;0.76;undefined;OTHER;OTHER
518029843_518029864.tif;1;0;790;1000;506;371;44;9;506;371;550;371;550;380;506;380;636.000;NNNSNNN;0.62;undefined;OTHER;OTHER
518029843_518029864.tif;1;0;790;1000;570;371;53;8;570;371;623;371;623;379;570;379;344.7000;NNNSNNNN;0.6;undefined;OTHER;OTHER
518029843_518029864.tif;1;0;790;1000;57;372;17;8;57;372;74;372;74;380;57;380;106;NNN;0.59;undefined;OTHER;OTHER
518029843_518029864.tif;1;0;790;1000;101;372;33;8;101;372;134;372;134;380;101;380;23086;NNNNN;0.45;undefined;OTHER;OTHER
518029843_518029864.tif;1;0;790;1000;167;372;13;8;167;372;180;372;180;380;167;380;6M;NA;0.43;undefined;OTHER;OTHER
518029843_518029864.tif;1;0;790;1000;187;372;12;8;187;372;199;372;199;380;187;380;30;NN;0.62;undefined;OTHER;OTHER
518029843_518029864.tif;1;0;790;1000;213;372;32;8;213;372;245;372;245;380;213;380;CAMEL;AAAAA;0.89;undefined;OTHER;OTHER
518029843_518029864.tif;1;0;790;1000;253;372;39;8;253;372;292;372;292;380;253;380;LIGHTS;AAAAAA;0.56;undefined;OTHER;OTHER
518029843_518029864.tif;1;0;790;1000;300;372;32;7;300;372;332;372;332;379;300;379;B1G1F;ANANA;0.66;undefined;OTHER;OTHER
518029843_518029864.tif;1;0;790;1000;649;381;58;10;649;381;707;381;707;391;649;391;36,538.20;NNSNNNSNN;0.71;undefined;OTHER;OTHER
518029843_518029864.tif;1;0;790;1000;506;382;44;9;506;382;550;382;550;391;506;391;636.000;NNNSNNN;0.52;undefined;OTHER;OTHER
518029843_518029864.tif;1;0;790;1000;570;382;53;8;570;382;623;382;623;390;570;390;344.7000;NNNSNNNN;0.73;undefined;OTHER;OTHER
518029843_518029864.tif;1;0;790;1000;57;383;17;8;57;383;74;383;74;391;57;391;106;NNN;0.56;undefined;OTHER;OTHER
518029843_518029864.tif;1;0;790;1000;101;383;32;8;101;383;133;383;133;391;101;391;23087;NNNNN;0.48;undefined;OTHER;OTHER
518029843_518029864.tif;1;0;790;1000;167;383;13;8;167;383;180;383;180;391;167;391;6M;NA;0.42;undefined;OTHER;OTHER
518029843_518029864.tif;1;0;790;1000;187;383;12;8;187;383;199;383;199;391;187;391;30;NN;0.51;undefined;OTHER;OTHER
518029843_518029864.tif;1;0;790;1000;213;383;32;8;213;383;245;383;245;391;213;391;CAMEL;AAAAA;0.98;undefined;OTHER;OTHER
518029843_518029864.tif;1;0;790;1000;253;383;39;8;253;383;292;383;292;391;253;391;LIGHTS;AAAAAA;0.6;undefined;OTHER;OTHER
518029843_518029864.tif;1;0;790;1000;299;383;21;8;299;383;320;383;320;391;299;391;BOX;AAA;0.78;undefined;OTHER;OTHER
518029843_518029864.tif;1;0;790;1000;327;383;32;7;327;383;359;383;359;390;327;390;B1G1F;ANANA;0.91;undefined;OTHER;OTHER
518029843_518029864.tif;1;0;790;1000;649;414;64;9;649;414;713;414;713;423;649;423;73.076.40-;NNSNNNSNNS;0.66;undefined;OTHER;OTHER
518029843_518029864.tif;1;0;790;1000;213;415;25;8;213;415;238;415;238;423;213;423;LESS;AAAA;0.58;undefined;OTHER;OTHER
518029843_518029864.tif;1;0;790;1000;246;415;39;8;246;415;285;415;285;423;246;423;CREDIT;AAAAAA;0.76;undefined;OTHER;OTHER
518029843_518029864.tif;1;0;790;1000;293;415;19;8;293;415;312;415;312;423;293;423;FOR;AAA;0.84;undefined;OTHER;OTHER
518029843_518029864.tif;1;0;790;1000;320;415;25;8;320;415;345;415;345;423;320;423;FREE;AAAA;0.84;undefined;OTHER;OTHER
518029843_518029864.tif;1;0;790;1000;353;415;46;8;353;415;399;415;399;423;353;423;PRODUCT;AAAAAAA;0.63;undefined;OTHER;OTHER
518029843_518029864.tif;1;0;790;1000;649;425;58;9;649;425;707;425;707;434;649;434;73,076.40;NNSNNNSNN;0.63;undefined;OTHER;OTHER
518029843_518029864.tif;1;0;790;1000;213;426;78;8;213;426;291;426;291;434;213;434;DISCOUNTABLE;AAAAAAAAAAAA;0.74;undefined;OTHER;OTHER
518029843_518029864.tif;1;0;790;1000;299;426;33;8;299;426;332;426;332;434;299;434;GROSS;AAAAA;0.67;undefined;OTHER;OTHER
518029843_518029864.tif;1;0;790;1000;360;436;33;8;360;436;393;436;393;444;360;444;3.25%;NSNNS;0.43;undefined;OTHER;OTHER
518029843_518029864.tif;1;0;790;1000;655;436;58;9;655;436;713;436;713;445;655;445;2,374.98-;NSNNNSNNS;0.6;undefined;OTHER;OTHER
518029843_518029864.tif;1;0;790;1000;213;437;19;8;213;437;232;437;232;445;213;445;STD;AAA;0.65;undefined;OTHER;OTHER
518029843_518029864.tif;1;0;790;1000;239;437;33;8;239;437;272;437;272;445;239;445;TERMS;AAAAA;0.55;undefined;OTHER;OTHER
518029843_518029864.tif;1;0;790;1000;279;437;53;8;279;437;332;437;332;445;279;445;DISCOUNT;AAAAAAAA;0.62;undefined;OTHER;OTHER
518029843_518029864.tif;1;0;790;1000;339;437;13;8;339;437;352;437;352;445;339;445;OF;AA;0.25;undefined;OTHER;OTHER
518029843_518029864.tif;1;0;790;1000;655;447;58;9;655;447;713;447;713;456;655;456;2,375.00-;NSNNNSNNS;0.59;undefined;OTHER;OTHER
518029843_518029864.tif;1;0;790;1000;213;448;25;8;213;448;238;448;238;456;213;456;LESS;AAAA;0.56;undefined;OTHER;OTHER
518029843_518029864.tif;1;0;790;1000;245;448;53;7;245;448;298;448;298;455;245;455;HANDLING;AAAAAAAA;0.69;undefined;OTHER;OTHER
518029843_518029864.tif;1;0;790;1000;306;448;59;8;306;448;365;448;365;456;306;456;ALLOWANCE;AAAAAAAAA;0.88;undefined;OTHER;OTHER
518029843_518029864.tif;1;0;790;1000;648;457;58;9;648;457;706;457;706;466;648;466;68,326.42;NNSNNNSNN;0.64;undefined;OTHER;OTHER
518029843_518029864.tif;1;0;790;1000;213;459;18;7;213;459;231;459;231;466;213;466;EFT;AAA;0.73;undefined;OTHER;OTHER
518029843_518029864.tif;1;0;790;1000;239;459;79;7;239;459;318;459;318;466;239;466;DISCOUNTABLE;AAAAAAAAAAAA;0.72;undefined;OTHER;OTHER
518029843_518029864.tif;1;0;790;1000;326;459;19;7;326;459;345;459;345;466;326;466;AMT;AAA;1.0;undefined;OTHER;OTHER
518029843_518029864.tif;1;0;790;1000;668;468;45;8;668;468;713;468;713;476;668;476;958.57-;NNNSNNS;0.42;undefined;OTHER;OTHER
518029843_518029864.tif;1;0;790;1000;213;469;18;8;213;469;231;469;231;477;213;477;EFT;AAA;0.77;undefined;OTHER;OTHER
518029843_518029864.tif;1;0;790;1000;239;469;32;8;239;469;271;469;271;477;239;477;TERMS;AAAAA;0.72;undefined;OTHER;OTHER
518029843_518029864.tif;1;0;790;1000;279;469;53;8;279;469;332;469;332;477;279;477;DISCOUNT;AAAAAAAA;0.59;undefined;OTHER;OTHER
518029843_518029864.tif;1;0;790;1000;339;469;12;8;339;469;351;469;351;477;339;477;OF;AA;0.73;undefined;OTHER;OTHER
518029843_518029864.tif;1;0;790;1000;361;469;32;8;361;469;393;469;393;477;361;477;1.40%;NSNNS;0.49;undefined;OTHER;OTHER
518029843_518029864.tif;1;0;790;1000;648;479;64;9;648;479;712;479;712;488;648;488;23.532.00-;NNSNNNSNNS;0.61;undefined;OTHER;OTHER
518029843_518029864.tif;1;0;790;1000;213;480;25;8;213;480;238;480;238;488;213;488;LESS;AAAA;0.85;undefined;OTHER;OTHER
518029843_518029864.tif;1;0;790;1000;246;480;32;8;246;480;278;480;278;488;246;488;STATE;AAAAA;0.77;undefined;OTHER;OTHER
518029843_518029864.tif;1;0;790;1000;285;480;20;8;285;480;305;480;305;488;285;488;TAX;AAA;1.0;undefined;OTHER;OTHER
518029843_518029864.tif;1;0;790;1000;313;480;19;8;313;480;332;480;332;488;313;488;FOR;AAA;0.79;undefined;OTHER;OTHER
518029843_518029864.tif;1;0;790;1000;340;480;25;8;340;480;365;480;365;488;340;488;FREE;AAAA;0.38;undefined;OTHER;OTHER
518029843_518029864.tif;1;0;790;1000;373;480;45;8;373;480;418;480;418;488;373;488;PRODUCT;AAAAAAA;0.72;undefined;OTHER;OTHER
518029843_518029864.tif;1;0;790;1000;739;804;10;40;739;804;749;804;749;844;739;844;51802;NNNNN;0.57;undefined;OTHER;OTHER
518029843_518029864.tif;1;0;790;1000;102;847;6;10;102;847;108;847;108;857;102;857;]~;SS;0.3;undefined;OTHER;OTHER
518029843_518029864.tif;1;0;790;1000;504;848;17;8;504;848;521;848;521;856;504;856;DUE;AAA;0.24;undefined;OTHER;OTHER
518029843_518029864.tif;1;0;790;1000;540;848;23;6;540;848;563;848;563;854;540;854;«ams;SAAA;0.48;undefined;OTHER;OTHER
518029843_518029864.tif;1;0;790;1000;567;848;45;6;567;848;612;848;612;854;567;854;otsc<*»rr<s»;AAAASSSAASAS;0.27;undefined;OTHER;OTHER
518029843_518029864.tif;1;0;790;1000;640;848;28;6;640;848;668;848;668;854;640;854;<woice;SAAAAA;0.29;undefined;OTHER;OTHER
518029843_518029864.tif;1;0;790;1000;672;848;30;6;672;848;702;848;702;854;672;854;Avouxr;AAAAAA;0.25;undefined;OTHER;OTHER
518029843_518029864.tif;1;0;790;1000;39;849;21;6;39;849;60;849;60;855;39;855;TOTAL;AAAAA;0.36;undefined;OTHER;OTHER
518029843_518029864.tif;1;0;790;1000;65;849;34;6;65;849;99;849;99;855;65;855;OUAHTiTY;AAAAAAAA;0.25;undefined;OTHER;OTHER
518029843_518029864.tif;1;0;790;1000;240;849;16;6;240;849;256;849;256;855;240;855;CKiT;AAAA;0.38;undefined;OTHER;OTHER
518029843_518029864.tif;1;0;790;1000;277;849;33;8;277;849;310;849;310;857;277;857;TERMS;AAAAA;0.79;undefined;OTHER;OTHER
518029843_518029864.tif;1;0;790;1000;118;850;14;5;118;850;132;850;132;855;118;855;SHIP;AAAA;0.19;undefined;OTHER;OTHER
518029843_518029864.tif;1;0;790;1000;137;850;10;5;137;850;147;850;147;855;137;855;WE;AA;0.28;undefined;OTHER;OTHER
518029843_518029864.tif;1;0;790;1000;149;850;15;6;149;850;164;850;164;856;149;856;*XT;SAA;0.21;undefined;OTHER;OTHER
518029843_518029864.tif;1;0;790;1000;196;850;38;5;196;850;234;850;234;855;196;855;THOUSAND;AAAAAAAA;0.16;undefined;OTHER;OTHER
518029843_518029864.tif;1;0;790;1000;365;850;16;6;365;850;381;850;381;856;365;856;Sum;AAA;0.24;undefined;OTHER;OTHER
518029843_518029864.tif;1;0;790;1000;398;850;51;6;398;850;449;850;449;856;398;856;—».,c«/Se«.o;SSSSASSAASSA;0.37;undefined;OTHER;OTHER
518029843_518029864.tif;1;0;790;1000;486;850;14;6;486;850;500;850;500;856;486;856;On.;AAS;0.58;undefined;OTHER;OTHER
518029843_518029864.tif;1;0;790;1000;313;851;22;5;313;851;335;851;335;856;313;856;C«.«<i;ASSSSA;0.51;undefined;OTHER;OTHER
518029843_518029864.tif;1;0;790;1000;339;851;21;5;339;851;360;851;360;856;339;856;r«*m«;ASSAS;0.36;undefined;OTHER;OTHER
518029843_518029864.tif;1;0;790;1000;386;852;8;4;386;852;394;852;394;856;386;856;o«;AS;0.31;undefined;OTHER;OTHER
518029843_518029864.tif;1;0;790;1000;740;856;9;33;740;856;749;856;749;889;740;889;9843;NNNN;0.33;undefined;OTHER;OTHER
518029843_518029864.tif;1;0;790;1000;693;858;12;8;693;858;705;858;705;866;693;866;nr.;AAS;0.35;undefined;OTHER;OTHER
518029843_518029864.tif;1;0;790;1000;497;859;31;8;497;859;528;859;528;867;497;867;01/18;NNSNN;0.66;undefined;OTHER;OTHER
518029843_518029864.tif;1;0;790;1000;549;859;57;9;549;859;606;859;606;868;549;868;3,331.55-;NSNNNSNNS;0.64;undefined;OTHER;OTHER
518029843_518029864.tif;1;0;790;1000;647;859;43;9;647;859;690;859;690;868;647;868;*3.037.;SNSNNNS;0.42;undefined;OTHER;OTHER
518029843_518029864.tif;1;0;790;1000;132;860;32;9;132;860;164;860;164;869;132;869;7,819;NSNNN;0.82;undefined;OTHER;OTHER
518029843_518029864.tif;1;0;790;1000;231;860;32;9;231;860;263;860;263;869;231;869;2.544;NSNNN;0.6;undefined;OTHER;OTHER
518029843_518029864.tif;1;0;790;1000;291;860;46;8;291;860;337;860;337;868;291;868;PAYMENT;AAAAAAA;0.79;undefined;OTHER;OTHER
518029843_518029864.tif;1;0;790;1000;345;860;12;8;345;860;357;860;357;868;345;868;BY;AA;0.55;undefined;OTHER;OTHER
518029843_518029864.tif;1;0;790;1000;365;860;19;8;365;860;384;860;384;868;365;868;EFT;AAA;0.76;undefined;OTHER;OTHER
518029843_518029864.tif;1;0;790;1000;80;861;18;7;80;861;98;861;98;868;80;868;424;NNN;1.0;undefined;OTHER;OTHER
518029843_518029864.tif;1;0;790;1000;647;869;59;10;647;869;706;869;706;879;647;879;47.iee.flo;NNSAAASAAA;0.51;undefined;OTHER;OTHER
518029843_518029864.tif;1;0;790;1000;290;871;60;8;290;871;350;871;350;879;290;879;OTHERWISE;AAAAAAAAA;0.76;undefined;OTHER;OTHER
518029843_518029864.tif;1;0;790;1000;358;871;26;8;358;871;384;871;384;879;358;879;PAST;AAAA;0.91;undefined;OTHER;OTHER
518029843_518029864.tif;1;0;790;1000;392;871;18;7;392;871;410;871;410;878;392;878;DUE;AAA;0.65;undefined;OTHER;OTHER
518029843_518029864.tif;1;0;790;1000;185;882;25;8;185;882;210;882;210;890;185;890;20'S;NNSA;0.54;undefined;OTHER;OTHER
518029843_518029864.tif;1;0;790;1000;231;882;32;9;231;882;263;882;263;891;231;891;2,544;NSNNN;0.73;undefined;OTHER;OTHER
518029843_518029864.tif;1;0;790;1000;311;914;32;9;311;914;343;914;343;923;311;923;01/18;NNSNN;0.61;undefined;OTHER;OTHER
518029843_518029864.tif;1;0;790;1000;66;915;58;8;66;915;124;915;124;923;66;923;•••EFT;SSSAAA;0.53;undefined;OTHER;OTHER
518029843_518029864.tif;1;0;790;1000;133;915;44;8;133;915;177;915;177;923;133;923;INVOICE;AAAAAAA;0.51;undefined;OTHER;OTHER
518029843_518029864.tif;1;0;790;1000;217;915;26;8;217;915;243;915;243;923;217;923;WILL;AAAA;0.84;undefined;OTHER;OTHER
518029843_518029864.tif;1;0;790;1000;251;915;32;8;251;915;283;915;283;923;251;923;DRAFT;AAAAA;0.86;undefined;OTHER;OTHER
518029843_518029864.tif;1;0;790;1000;290;915;14;8;290;915;304;915;304;923;290;923;ON;AA;0.81;undefined;OTHER;OTHER
518029843_518029864.tif;1;0;790;1000;185;916;17;5;185;916;202;916;202;921;185;921;•••;SSS;0.61;undefined;OTHER;OTHER
518029843_518029864.tif;1;0;790;1000;66;937;71;8;66;937;137;937;137;945;66;945;01-0003-004;NNSNNNNSNNN;0.75;undefined;OTHER;OTHER
518029843_518029864.tif;1;0;790;1000;146;937;130;8;146;937;276;937;276;945;146;945;-763100O-A1EA0OXA14E;SNNNNNNASANAANAAANNA;0.86;undefined;OTHER;OTHER
518029843_518029864.tif;1;0;790;1000;366;947;51;8;366;947;417;947;417;955;366;955;10000073;NNNNNNNN;0.74;undefined;OTHER;OTHER
518029843_518029864.tif;1;0;790;1000;25;969;17;6;25;969;42;969;42;975;25;975;Axr;AAA;0.14;undefined;OTHER;OTHER
518029843_518029864.tif;1;0;790;1000;47;969;15;6;47;969;62;969;62;975;47;975;Ivm;AAA;0.41;undefined;OTHER;OTHER
518029843_518029864.tif;1;0;790;1000;68;969;26;6;68;969;94;969;94;975;68;975;tojjos;AAAAAA;0.29;undefined;OTHER;OTHER
