src;num_pages;page_id;page_width;page_height;col;row;width;height;x1;y1;x2;y2;x3;y3;x4;y4;contents;contents_masked;confidence;correctclass;tag;description
518253689+-3695.tif;1;0;754;1000;505;52;2;10;505;52;507;52;507;62;505;62;1;N;1.0;undefined;OTHER;OTHER
518253689+-3695.tif;1;0;754;1000;366;54;20;8;366;54;386;54;386;62;366;62;Date;AAAA;0.79;undefined;OTHER;OTHER
518253689+-3695.tif;1;0;754;1000;389;54;39;10;389;54;428;54;428;64;389;64;Prepared;AAAAAAAA;0.55;undefined;OTHER;OTHER
518253689+-3695.tif;1;0;754;1000;449;54;21;11;449;54;470;54;470;65;449;65;Page;AAAA;0.62;undefined;OTHER;OTHER
518253689+-3695.tif;1;0;754;1000;510;54;64;8;510;54;574;54;574;62;510;62;Disbursement;AAAAAAAAAAAA;0.51;undefined;OTHER;OTHER
518253689+-3695.tif;1;0;754;1000;577;54;53;11;577;54;630;54;630;65;577;65;Accounting;AAAAAAAAAA;0.45;undefined;OTHER;OTHER
518253689+-3695.tif;1;0;754;1000;634;54;17;8;634;54;651;54;651;62;634;62;Use;AAA;0.3;undefined;OTHER;OTHER
518253689+-3695.tif;1;0;754;1000;654;54;26;8;654;54;680;54;680;62;654;62;ONLY;AAAA;0.44;undefined;OTHER;OTHER
518253689+-3695.tif;1;0;754;1000;38;62;86;13;38;62;124;62;124;75;38;75;BUSINESS;AAAAAAAA;0.87;undefined;OTHER;OTHER
518253689+-3695.tif;1;0;754;1000;130;62;79;13;130;62;209;62;209;75;130;75;EXPENSE;AAAAAAA;0.94;undefined;OTHER;OTHER
518253689+-3695.tif;1;0;754;1000;214;62;84;13;214;62;298;62;298;75;214;75;VOUCHER;AAAAAAA;0.87;undefined;OTHER;OTHER
518253689+-3695.tif;1;0;754;1000;496;62;11;18;496;62;507;62;507;80;496;80;11;NN;0.87;undefined;OTHER;OTHER
518253689+-3695.tif;1;0;754;1000;628;67;35;11;628;67;663;67;663;78;628;78;96.62;NNSNN;0.93;undefined;OTHER;OTHER
518253689+-3695.tif;1;0;754;1000;367;68;46;9;367;68;413;68;413;77;367;77;03/11/97;NNSNNSNN;0.75;undefined;OTHER;OTHER
518253689+-3695.tif;1;0;754;1000;461;68;4;9;461;68;465;68;465;77;461;77;1;N;0.3;undefined;OTHER;OTHER
518253689+-3695.tif;1;0;754;1000;472;71;8;8;472;71;480;71;480;79;472;79;of;AA;0.37;undefined;OTHER;OTHER
518253689+-3695.tif;1;0;754;1000;366;84;29;7;366;84;395;84;395;91;366;91;Return;AAAAAA;0.22;undefined;OTHER;OTHER
518253689+-3695.tif;1;0;754;1000;39;85;43;10;39;85;82;85;82;95;39;95;Employee;AAAAAAAA;0.44;undefined;OTHER;OTHER
518253689+-3695.tif;1;0;754;1000;85;85;25;8;85;85;110;85;110;93;85;93;Name;AAAA;0.79;undefined;OTHER;OTHER
518253689+-3695.tif;1;0;754;1000;222;85;35;7;222;85;257;85;257;92;222;92;Accounl;AAAAAAA;0.33;undefined;OTHER;OTHER
518253689+-3695.tif;1;0;754;1000;260;85;34;7;260;85;294;85;294;92;260;92;Number;AAAAAA;0.44;undefined;OTHER;OTHER
518253689+-3695.tif;1;0;754;1000;397;85;11;6;397;85;408;85;408;91;397;91;to:;AAS;0.54;undefined;OTHER;OTHER
518253689+-3695.tif;1;0;754;1000;557;92;11;11;557;92;568;92;568;103;557;103;V<;AS;0.31;undefined;OTHER;OTHER
518253689+-3695.tif;1;0;754;1000;517;97;27;20;517;97;544;97;544;117;517;117;â€žL:;SAS;0.21;undefined;OTHER;OTHER
518253689+-3695.tif;1;0;754;1000;43;98;33;13;43;98;76;98;76;111;43;111;Roger;AAAAA;0.55;undefined;OTHER;OTHER
518253689+-3695.tif;1;0;754;1000;80;98;8;10;80;98;88;98;88;108;80;108;L.;AS;0.88;undefined;OTHER;OTHER
518253689+-3695.tif;1;0;754;1000;93;98;45;12;93;98;138;98;138;110;93;110;Mozingo;AAAAAAA;0.71;undefined;OTHER;OTHER
518253689+-3695.tif;1;0;754;1000;228;98;33;10;228;98;261;98;261;108;228;108;75586;NNNNN;0.58;undefined;OTHER;OTHER
518253689+-3695.tif;1;0;754;1000;548;101;4;8;548;101;552;101;552;109;548;109;<;S;1.0;undefined;OTHER;OTHER
518253689+-3695.tif;1;0;754;1000;460;106;28;32;460;106;488;106;488;138;460;138;l*l;ASA;0.32;undefined;OTHER;OTHER
518253689+-3695.tif;1;0;754;1000;485;108;2;4;485;108;487;108;487;112;485;112;t;A;0.2;undefined;OTHER;OTHER
518253689+-3695.tif;1;0;754;1000;39;114;30;10;39;114;69;114;69;124;39;124;Mailing;AAAAAAA;0.56;undefined;OTHER;OTHER
518253689+-3695.tif;1;0;754;1000;111;114;8;10;111;114;119;114;119;124;111;124;(If;SAA;0.32;undefined;OTHER;OTHER
518253689+-3695.tif;1;0;754;1000;122;114;47;10;122;114;169;114;169;124;122;124;applicable);AAAAAAAAAAS;0.63;undefined;OTHER;OTHER
518253689+-3695.tif;1;0;754;1000;223;114;41;8;223;114;264;114;264;122;223;122;Extension;AAAAAAAAA;0.5;undefined;OTHER;OTHER
518253689+-3695.tif;1;0;754;1000;267;114;34;7;267;114;301;114;301;121;267;121;Number;AAAAAA;0.27;undefined;OTHER;OTHER
518253689+-3695.tif;1;0;754;1000;72;115;36;7;72;115;108;115;108;122;72;122;Address;AAAAAAA;0.41;undefined;OTHER;OTHER
518253689+-3695.tif;1;0;754;1000;43;128;19;11;43;128;62;128;62;139;43;139;VP,;AAS;0.71;undefined;OTHER;OTHER
518253689+-3695.tif;1;0;754;1000;67;128;27;10;67;128;94;128;94;138;67;138;State;AAAAA;0.65;undefined;OTHER;OTHER
518253689+-3695.tif;1;0;754;1000;98;128;67;10;98;128;165;128;165;138;98;138;Government;AAAAAAAAAA;0.72;undefined;OTHER;OTHER
518253689+-3695.tif;1;0;754;1000;169;128;49;10;169;128;218;128;218;138;169;138;Relations;AAAAAAAAA;0.72;undefined;OTHER;OTHER
518253689+-3695.tif;1;0;754;1000;228;128;27;12;228;128;255;128;255;140;228;140;(910);SNNNS;0.68;undefined;OTHER;OTHER
518253689+-3695.tif;1;0;754;1000;260;128;49;9;260;128;309;128;309;137;260;137;741-7665;NNNSNNNN;0.69;undefined;OTHER;OTHER
518253689+-3695.tif;1;0;754;1000;44;143;50;12;44;143;94;143;94;155;44;155;Reynolds;AAAAAAAA;0.72;undefined;OTHER;OTHER
518253689+-3695.tif;1;0;754;1000;185;143;22;9;185;143;207;143;207;152;185;152;11th;NNAA;0.69;undefined;OTHER;OTHER
518253689+-3695.tif;1;0;754;1000;44;158;66;10;44;158;110;158;110;168;44;168;Government;AAAAAAAAAA;0.46;undefined;OTHER;OTHER
518253689+-3695.tif;1;0;754;1000;114;158;50;9;114;158;164;158;164;167;114;167;Relations;AAAAAAAAA;0.63;undefined;OTHER;OTHER
518253689+-3695.tif;1;0;754;1000;318;185;52;14;318;185;370;185;370;199;318;199;IRETURN;AAAAAAA;0.88;undefined;OTHER;OTHER
518253689+-3695.tif;1;0;754;1000;375;185;36;14;375;185;411;185;411;199;375;199;DATEl;AAAAA;0.73;undefined;OTHER;OTHER
518253689+-3695.tif;1;0;754;1000;577;188;27;10;577;188;604;188;604;198;577;198;TRIP;AAAA;0.91;undefined;OTHER;OTHER
518253689+-3695.tif;1;0;754;1000;175;189;96;11;175;189;271;189;271;200;175;200;DESTINATIONS);AAAAAAAAAAAAS;0.84;undefined;OTHER;OTHER
518253689+-3695.tif;1;0;754;1000;494;189;58;9;494;189;552;189;552;198;494;198;PURPOSE;AAAAAAA;0.92;undefined;OTHER;OTHER
518253689+-3695.tif;1;0;754;1000;557;189;16;9;557;189;573;189;573;198;557;198;OF;AA;0.66;undefined;OTHER;OTHER
518253689+-3695.tif;1;0;754;1000;39;190;49;9;39;190;88;190;88;199;39;199;DEPART;AAAAAA;0.97;undefined;OTHER;OTHER
518253689+-3695.tif;1;0;754;1000;92;190;32;9;92;190;124;190;124;199;92;199;DATE;AAAA;0.7;undefined;OTHER;OTHER
518253689+-3695.tif;1;0;754;1000;327;200;46;11;327;200;373;200;373;211;327;211;03/10/97;NNSNNSNN;0.59;undefined;OTHER;OTHER
518253689+-3695.tif;1;0;754;1000;415;200;17;11;415;200;432;200;432;211;415;211;RG;AA;0.14;undefined;OTHER;OTHER
518253689+-3695.tif;1;0;754;1000;432;200;8;11;432;200;440;200;440;211;432;211;*;S;0.24;undefined;OTHER;OTHER
518253689+-3695.tif;1;0;754;1000;440;200;62;11;440;200;502;200;502;211;440;211;"""Governors'";SAAAAAAAAAS;0.63;undefined;OTHER;OTHER
518253689+-3695.tif;1;0;754;1000;60;201;46;12;60;201;106;201;106;213;60;213;53705757;NNNNNNNN;0.33;undefined;OTHER;OTHER
518253689+-3695.tif;1;0;754;1000;507;202;34;9;507;202;541;202;541;211;507;211;Forum;AAAAA;0.74;undefined;OTHER;OTHER
518253689+-3695.tif;1;0;754;1000;132;203;27;9;132;203;159;203;159;212;132;212;West;AAAA;0.52;undefined;OTHER;OTHER
518253689+-3695.tif;1;0;754;1000;163;203;27;9;163;203;190;203;190;212;163;212;Palm;AAAA;0.72;undefined;OTHER;OTHER
518253689+-3695.tif;1;0;754;1000;194;203;36;10;194;203;230;203;230;213;194;213;Beach,;AAAAAS;0.67;undefined;OTHER;OTHER
518253689+-3695.tif;1;0;754;1000;234;203;13;9;234;203;247;203;247;212;234;212;FL;AA;0.69;undefined;OTHER;OTHER
518253689+-3695.tif;1;0;754;1000;369;241;16;10;369;241;385;241;385;251;369;251;BY;AA;1.0;undefined;OTHER;OTHER
518253689+-3695.tif;1;0;754;1000;390;241;65;10;390;241;455;241;455;251;390;251;EMPLOYEE;AAAAAAAA;0.68;undefined;OTHER;OTHER
518253689+-3695.tif;1;0;754;1000;269;242;63;9;269;242;332;242;332;251;269;251;EXPENSES;AAAAAAAA;0.85;undefined;OTHER;OTHER
518253689+-3695.tif;1;0;754;1000;337;242;27;9;337;242;364;242;364;251;337;251;PAID;AAAA;1.0;undefined;OTHER;OTHER
518253689+-3695.tif;1;0;754;1000;442;255;40;10;442;255;482;255;482;265;442;265;Thursday;AAAAAAAA;0.75;undefined;OTHER;OTHER
518253689+-3695.tif;1;0;754;1000;497;255;27;10;497;255;524;255;524;265;497;265;Friday;AAAAAA;0.67;undefined;OTHER;OTHER
518253689+-3695.tif;1;0;754;1000;553;255;2;8;553;255;555;255;555;263;553;263;I;A;1.0;undefined;OTHER;OTHER
518253689+-3695.tif;1;0;754;1000;565;255;39;10;565;255;604;255;604;265;565;265;Saturday;AAAAAAAA;0.61;undefined;OTHER;OTHER
518253689+-3695.tif;1;0;754;1000;97;256;92;12;97;256;189;256;189;268;97;268;DAYOFTHEWEEKl;AAAAAAAAAAAAA;0.46;undefined;OTHER;OTHER
518253689+-3695.tif;1;0;754;1000;203;256;32;10;203;256;235;256;235;266;203;266;Sunday;AAAAAA;0.37;undefined;OTHER;OTHER
518253689+-3695.tif;1;0;754;1000;263;256;33;10;263;256;296;256;296;266;263;266;Monday;AAAAAA;0.44;undefined;OTHER;OTHER
518253689+-3695.tif;1;0;754;1000;321;256;38;9;321;256;359;256;359;265;321;265;Tuosday;AAAAAAA;0.43;undefined;OTHER;OTHER
518253689+-3695.tif;1;0;754;1000;375;256;51;9;375;256;426;256;426;265;375;265;Wednesday;AAAAAAAAA;0.4;undefined;OTHER;OTHER
518253689+-3695.tif;1;0;754;1000;627;258;50;8;627;258;677;258;677;266;627;266;SUMMARY;AAAAAAA;0.61;undefined;OTHER;OTHER
518253689+-3695.tif;1;0;754;1000;376;266;111;15;376;266;487;266;487;281;376;281;12-Mar-97113-Mar-97;NNSAAASNNNNNSAAASNN;0.72;undefined;OTHER;OTHER
518253689+-3695.tif;1;0;754;1000;193;270;51;9;193;270;244;270;244;279;193;279;09-Mar-97;NNSAAASNN;0.63;undefined;OTHER;OTHER
518253689+-3695.tif;1;0;754;1000;255;270;50;9;255;270;305;270;305;279;255;279;IO-Mar-97;AASAAASNN;0.66;undefined;OTHER;OTHER
518253689+-3695.tif;1;0;754;1000;315;270;50;9;315;270;365;270;365;279;315;279;11-Mar-97;NNSAAASNN;0.8;undefined;OTHER;OTHER
518253689+-3695.tif;1;0;754;1000;498;270;51;8;498;270;549;270;549;278;498;278;14-Mar-97;NNSAAASNN;0.82;undefined;OTHER;OTHER
518253689+-3695.tif;1;0;754;1000;559;270;51;8;559;270;610;270;610;278;559;278;15-Mar-97;NNSAAASNN;0.67;undefined;OTHER;OTHER
518253689+-3695.tif;1;0;754;1000;631;270;42;7;631;270;673;270;673;277;631;277;AMOUNT;AAAAAA;0.76;undefined;OTHER;OTHER
518253689+-3695.tif;1;0;754;1000;161;273;25;7;161;273;186;273;186;280;161;280;date;AAAA;0.85;undefined;OTHER;OTHER
518253689+-3695.tif;1;0;754;1000;649;282;35;11;649;282;684;282;684;293;649;293;218.54;NNNSNN;0.52;undefined;OTHER;OTHER
518253689+-3695.tif;1;0;754;1000;209;284;35;11;209;284;244;284;244;295;209;295;218.54;NNNSNN;0.38;undefined;OTHER;OTHER
518253689+-3695.tif;1;0;754;1000;38;289;33;10;38;289;71;289;71;299;38;299;Lodging;AAAAAAA;0.6;undefined;OTHER;OTHER
518253689+-3695.tif;1;0;754;1000;75;289;30;9;75;289;105;289;105;298;75;298;(Attach;SAAAAAA;0.42;undefined;OTHER;OTHER
518253689+-3695.tif;1;0;754;1000;108;289;36;9;108;289;144;289;144;298;108;298;Rece'pt);AAAASAAS;0.69;undefined;OTHER;OTHER
518253689+-3695.tif;1;0;754;1000;40;304;39;8;40;304;79;304;79;312;40;312;Breakfast;AAAAAAAAA;0.49;undefined;OTHER;OTHER
518253689+-3695.tif;1;0;754;1000;82;304;28;9;82;304;110;304;110;313;82;313;(Yours;SAAAAA;0.38;undefined;OTHER;OTHER
518253689+-3695.tif;1;0;754;1000;113;304;29;9;113;304;142;304;142;313;113;313;ONLY);AAAAS;0.53;undefined;OTHER;OTHER
518253689+-3695.tif;1;0;754;1000;40;319;24;8;40;319;64;319;64;327;40;327;.unch;SAAAA;0.42;undefined;OTHER;OTHER
518253689+-3695.tif;1;0;754;1000;67;319;28;9;67;319;95;319;95;328;67;328;(Yours;SAAAAA;0.63;undefined;OTHER;OTHER
518253689+-3695.tif;1;0;754;1000;98;319;29;9;98;319;127;319;127;328;98;328;ONLY);AAAAS;0.75;undefined;OTHER;OTHER
518253689+-3695.tif;1;0;754;1000;69;333;28;10;69;333;97;333;97;343;69;343;(Yours;SAAAAA;0.39;undefined;OTHER;OTHER
518253689+-3695.tif;1;0;754;1000;100;333;30;10;100;333;130;333;130;343;100;343;ONLY);AAAAS;0.58;undefined;OTHER;OTHER
518253689+-3695.tif;1;0;754;1000;38;334;28;8;38;334;66;334;66;342;38;342;Dinnor;AAAAAA;0.35;undefined;OTHER;OTHER
518253689+-3695.tif;1;0;754;1000;37;349;62;8;37;349;99;349;99;357;37;357;Cab/Bus/Umo;AAASAAASAAA;0.33;undefined;OTHER;OTHER
518253689+-3695.tif;1;0;754;1000;655;358;29;10;655;358;684;358;684;368;655;368;24748;NNNNN;0.36;undefined;OTHER;OTHER
518253689+-3695.tif;1;0;754;1000;222;360;22;10;222;360;244;360;244;370;222;370;8.48;NSNN;0.63;undefined;OTHER;OTHER
518253689+-3695.tif;1;0;754;1000;277;361;28;9;277;361;305;361;305;370;277;370;16.00;NNSNN;0.64;undefined;OTHER;OTHER
518253689+-3695.tif;1;0;754;1000;38;364;32;10;38;364;70;364;70;374;38;374;Parking;AAAAAAA;0.41;undefined;OTHER;OTHER
518253689+-3695.tif;1;0;754;1000;73;364;21;8;73;364;94;364;94;372;73;372;Fees;AAAA;0.55;undefined;OTHER;OTHER
518253689+-3695.tif;1;0;754;1000;657;372;29;11;657;372;686;372;686;383;657;383;X05;ANN;0.29;undefined;OTHER;OTHER
518253689+-3695.tif;1;0;754;1000;282;373;27;12;282;373;309;373;309;385;282;385;"2755""";NNNNS;0.33;undefined;OTHER;OTHER
518253689+-3695.tif;1;0;754;1000;222;374;22;11;222;374;244;374;244;385;222;385;2.00;NSNN;0.38;undefined;OTHER;OTHER
518253689+-3695.tif;1;0;754;1000;37;379;18;9;37;379;55;379;55;388;37;388;Tips;AAAA;0.38;undefined;OTHER;OTHER
518253689+-3695.tif;1;0;754;1000;58;379;19;9;58;379;77;379;77;388;58;388;(Not;SAAA;0.5;undefined;OTHER;OTHER
518253689+-3695.tif;1;0;754;1000;80;379;36;8;80;379;116;379;116;387;80;387;Included;AAAAAAAA;0.4;undefined;OTHER;OTHER
518253689+-3695.tif;1;0;754;1000;120;379;48;9;120;379;168;379;168;388;120;388;Elsewhere);AAAAAAAAAS;0.36;undefined;OTHER;OTHER
518253689+-3695.tif;1;0;754;1000;283;388;26;12;283;388;309;388;309;400;283;400;17(T;NNSA;0.58;undefined;OTHER;OTHER
518253689+-3695.tif;1;0;754;1000;222;389;24;11;222;389;246;389;246;400;222;400;MS;AA;0.16;undefined;OTHER;OTHER
518253689+-3695.tif;1;0;754;1000;661;389;23;10;661;389;684;389;684;399;661;399;2.55;NSNN;0.88;undefined;OTHER;OTHER
518253689+-3695.tif;1;0;754;1000;37;394;46;11;37;394;83;394;83;405;37;405;Telephone;AAAAAAAAA;0.66;undefined;OTHER;OTHER
518253689+-3695.tif;1;0;754;1000;86;394;6;8;86;394;92;394;92;402;86;402;&;S;0.65;undefined;OTHER;OTHER
518253689+-3695.tif;1;0;754;1000;95;394;44;11;95;394;139;394;139;405;95;405;Telegraph;AAAAAAAAA;0.62;undefined;OTHER;OTHER
518253689+-3695.tif;1;0;754;1000;649;403;37;11;649;403;686;403;686;414;649;414;TTM;AAA;0.24;undefined;OTHER;OTHER
518253689+-3695.tif;1;0;754;1000;56;404;2;2;56;404;58;404;58;406;56;406;â– ;S;0.85;undefined;OTHER;OTHER
518253689+-3695.tif;1;0;754;1000;148;404;1;2;148;404;149;404;149;406;148;406;';S;0.38;undefined;OTHER;OTHER
518253689+-3695.tif;1;0;754;1000;270;404;35;11;270;404;305;404;305;415;270;415;112.89;NNNSNN;0.41;undefined;OTHER;OTHER
518253689+-3695.tif;1;0;754;1000;91;409;30;10;91;409;121;409;121;419;91;419;(Attach;SAAAAAA;0.61;undefined;OTHER;OTHER
518253689+-3695.tif;1;0;754;1000;124;409;51;11;124;409;175;409;175;420;124;420;Agreement);AAAAAAAAAS;0.57;undefined;OTHER;OTHER
518253689+-3695.tif;1;0;754;1000;37;410;20;7;37;410;57;410;57;417;37;417;Auto;AAAA;0.45;undefined;OTHER;OTHER
518253689+-3695.tif;1;0;754;1000;60;410;28;7;60;410;88;410;88;417;60;417;Rental;AAAAAA;0.61;undefined;OTHER;OTHER
518253689+-3695.tif;1;0;754;1000;135;419;5;2;135;419;140;419;140;421;135;421;â– â– ;SS;0.89;undefined;OTHER;OTHER
518253689+-3695.tif;1;0;754;1000;145;419;1;2;145;419;146;419;146;421;145;421;';S;0.52;undefined;OTHER;OTHER
518253689+-3695.tif;1;0;754;1000;172;419;1;2;172;419;173;419;173;421;172;421;â– ;S;0.72;undefined;OTHER;OTHER
518253689+-3695.tif;1;0;754;1000;41;420;12;1;41;420;53;420;53;421;41;421;...;SSS;0.77;undefined;OTHER;OTHER
518253689+-3695.tif;1;0;754;1000;57;420;1;1;57;420;58;420;58;421;57;421;-;S;1.0;undefined;OTHER;OTHER
518253689+-3695.tif;1;0;754;1000;38;424;38;8;38;424;76;424;76;432;38;432;Personal;AAAAAAAA;0.51;undefined;OTHER;OTHER
518253689+-3695.tif;1;0;754;1000;78;424;20;8;78;424;98;424;98;432;78;432;Auto;AAAA;0.48;undefined;OTHER;OTHER
518253689+-3695.tif;1;0;754;1000;102;424;2;10;102;424;104;424;104;434;102;434;(;S;0.46;undefined;OTHER;OTHER
518253689+-3695.tif;1;0;754;1000;189;424;21;8;189;424;210;424;210;432;189;432;miles;AAAAA;0.22;undefined;OTHER;OTHER
518253689+-3695.tif;1;0;754;1000;213;424;6;8;213;424;219;424;219;432;213;432;X;A;0.69;undefined;OTHER;OTHER
518253689+-3695.tif;1;0;754;1000;223;424;32;9;223;424;255;424;255;433;223;433;$0,315);SNSNNNS;0.49;undefined;OTHER;OTHER
518253689+-3695.tif;1;0;754;1000;63;439;23;10;63;439;86;439;86;449;63;449;(Give;SAAAA;0.65;undefined;OTHER;OTHER
518253689+-3695.tif;1;0;754;1000;89;439;52;10;89;439;141;439;141;449;89;449;explanation);AAAAAAAAAAAS;0.39;undefined;OTHER;OTHER
518253689+-3695.tif;1;0;754;1000;38;440;21;8;38;440;59;440;59;448;38;448;Misc.;AAAAS;0.54;undefined;OTHER;OTHER
518253689+-3695.tif;1;0;754;1000;648;448;36;11;648;448;684;448;684;459;648;459;230.00;NNNSNN;0.49;undefined;OTHER;OTHER
518253689+-3695.tif;1;0;754;1000;44;452;39;12;44;452;83;452;83;464;44;464;Forsyth;AAAAAAA;0.66;undefined;OTHER;OTHER
518253689+-3695.tif;1;0;754;1000;88;452;21;12;88;452;109;452;109;464;88;464;Ctry;AAAA;0.49;undefined;OTHER;OTHER
518253689+-3695.tif;1;0;754;1000;113;452;25;9;113;452;138;452;138;461;113;461;Club;AAAA;0.48;undefined;OTHER;OTHER
518253689+-3695.tif;1;0;754;1000;143;452;26;9;143;452;169;452;169;461;143;461;Dues;AAAA;0.85;undefined;OTHER;OTHER
518253689+-3695.tif;1;0;754;1000;648;508;36;11;648;508;684;508;684;519;648;519;592.46;NNNSNN;0.62;undefined;OTHER;OTHER
518253689+-3695.tif;1;0;754;1000;270;511;35;10;270;511;305;511;305;521;270;521;132.59;NNNSNN;0.5;undefined;OTHER;OTHER
518253689+-3695.tif;1;0;754;1000;208;512;36;9;208;512;244;512;244;521;208;521;459.87;NNNSNN;0.76;undefined;OTHER;OTHER
518253689+-3695.tif;1;0;754;1000;145;514;39;9;145;514;184;514;184;523;145;523;TOTALS;AAAAAA;0.78;undefined;OTHER;OTHER
518253689+-3695.tif;1;0;754;1000;114;515;28;8;114;515;142;515;142;523;114;523;DAILY;AAAAA;0.75;undefined;OTHER;OTHER
518253689+-3695.tif;1;0;754;1000;319;529;37;8;319;529;356;529;356;537;319;537;Affiliated;AAAAAAAAAA;0.31;undefined;OTHER;OTHER
518253689+-3695.tif;1;0;754;1000;359;529;19;8;359;529;378;529;378;537;359;537;With;AAAA;0.44;undefined;OTHER;OTHER
518253689+-3695.tif;1;0;754;1000;400;529;39;8;400;529;439;529;439;537;400;537;Business;AAAAAAAA;0.31;undefined;OTHER;OTHER
518253689+-3695.tif;1;0;754;1000;442;529;89;9;442;529;531;529;531;538;442;538;Purpose/Discusskm);AAAAAAASAAAAAAAAAS;0.34;undefined;OTHER;OTHER
518253689+-3695.tif;1;0;754;1000;129;530;60;8;129;530;189;530;189;538;129;538;Entertainment;AAAAAAAAAAAAA;0.54;undefined;OTHER;OTHER
518253689+-3695.tif;1;0;754;1000;191;530;33;9;191;530;224;530;224;539;191;539;-(Show;SSAAAA;0.65;undefined;OTHER;OTHER
518253689+-3695.tif;1;0;754;1000;227;530;22;9;227;530;249;530;249;539;227;539;Date,;AAAAS;0.59;undefined;OTHER;OTHER
518253689+-3695.tif;1;0;754;1000;252;530;26;9;252;530;278;530;278;539;252;539;Place,;AAAAAS;0.43;undefined;OTHER;OTHER
518253689+-3695.tif;1;0;754;1000;282;530;35;7;282;530;317;530;317;537;282;537;Persons;AAAAAAA;0.47;undefined;OTHER;OTHER
518253689+-3695.tif;1;0;754;1000;381;530;16;7;381;530;397;530;397;537;381;537;and;AAA;0.22;undefined;OTHER;OTHER
518253689+-3695.tif;1;0;754;1000;38;531;39;8;38;531;77;531;77;539;38;539;Businoss;AAAAAAAA;0.3;undefined;OTHER;OTHER
518253689+-3695.tif;1;0;754;1000;80;531;34;10;80;531;114;531;114;541;80;541;Meeting;AAAAAAA;0.21;undefined;OTHER;OTHER
518253689+-3695.tif;1;0;754;1000;117;532;9;6;117;532;126;532;126;538;117;538;or;AA;0.66;undefined;OTHER;OTHER
518253689+-3695.tif;1;0;754;1000;655;541;28;8;655;541;683;541;683;549;655;549;80.11;NNSNN;0.54;undefined;OTHER;OTHER
518253689+-3695.tif;1;0;754;1000;149;542;39;10;149;542;188;542;188;552;149;552;Adam's;AAAASA;0.61;undefined;OTHER;OTHER
518253689+-3695.tif;1;0;754;1000;192;542;26;9;192;542;218;542;218;551;192;551;Mark;AAAA;0.79;undefined;OTHER;OTHER
518253689+-3695.tif;1;0;754;1000;222;542;21;9;222;542;243;542;243;551;222;551;with;AAAA;0.8;undefined;OTHER;OTHER
518253689+-3695.tif;1;0;754;1000;247;542;30;9;247;542;277;542;277;551;247;551;Bruce;AAAAA;0.62;undefined;OTHER;OTHER
518253689+-3695.tif;1;0;754;1000;282;542;44;9;282;542;326;542;326;551;282;551;Bereano;AAAAAAA;0.59;undefined;OTHER;OTHER
518253689+-3695.tif;1;0;754;1000;330;542;45;11;330;542;375;542;375;553;330;553;(industry;SAAAAAAAA;0.53;undefined;OTHER;OTHER
518253689+-3695.tif;1;0;754;1000;380;542;40;11;380;542;420;542;420;553;380;553;lobbyist;AAAAAAAA;0.64;undefined;OTHER;OTHER
518253689+-3695.tif;1;0;754;1000;423;542;24;8;423;542;447;542;447;550;423;550;from;AAAA;0.44;undefined;OTHER;OTHER
518253689+-3695.tif;1;0;754;1000;451;542;56;11;451;542;507;542;507;553;451;553;Maryland),;AAAAAAAASS;0.61;undefined;OTHER;OTHER
518253689+-3695.tif;1;0;754;1000;512;542;27;8;512;542;539;542;539;550;512;550;State;AAAAA;0.6;undefined;OTHER;OTHER
518253689+-3695.tif;1;0;754;1000;44;543;32;9;44;543;76;543;76;552;44;552;3/7/97;NSNSNN;0.62;undefined;OTHER;OTHER
518253689+-3695.tif;1;0;754;1000;81;543;51;9;81;543;132;543;132;552;81;552;Breakfast;AAAAAAAAA;0.75;undefined;OTHER;OTHER
518253689+-3695.tif;1;0;754;1000;136;543;9;9;136;543;145;543;145;552;136;552;at;AA;0.75;undefined;OTHER;OTHER
518253689+-3695.tif;1;0;754;1000;43;558;35;9;43;558;78;558;78;567;43;567;Activiti;AAAAAAAA;0.53;undefined;OTHER;OTHER
518253689+-3695.tif;1;0;754;1000;95;558;25;9;95;558;120;558;120;567;95;567;Staff;AAAAA;0.74;undefined;OTHER;OTHER
518253689+-3695.tif;1;0;754;1000;141;558;18;9;141;558;159;558;159;567;141;567;MD;AA;0.5;undefined;OTHER;OTHER
518253689+-3695.tif;1;0;754;1000;163;558;16;9;163;558;179;558;179;567;163;567;tax;AAA;0.51;undefined;OTHER;OTHER
518253689+-3695.tif;1;0;754;1000;183;558;26;9;183;558;209;558;209;567;183;567;issue;AAAAA;0.91;undefined;OTHER;OTHER
518253689+-3695.tif;1;0;754;1000;123;559;13;8;123;559;136;559;136;567;123;567;re:;AAS;0.57;undefined;OTHER;OTHER
518253689+-3695.tif;1;0;754;1000;80;560;11;7;80;560;91;560;91;567;80;567;es;AA;0.5;undefined;OTHER;OTHER
518253689+-3695.tif;1;0;754;1000;656;568;27;12;656;568;683;568;683;580;656;580;16.51;NNSNN;0.65;undefined;OTHER;OTHER
518253689+-3695.tif;1;0;754;1000;272;572;24;9;272;572;296;572;296;581;272;581;Club;AAAA;0.55;undefined;OTHER;OTHER
518253689+-3695.tif;1;0;754;1000;299;572;21;9;299;572;320;572;320;581;299;581;with;AAAA;0.75;undefined;OTHER;OTHER
518253689+-3695.tif;1;0;754;1000;325;572;29;9;325;572;354;572;354;581;325;581;David;AAAAA;0.7;undefined;OTHER;OTHER
518253689+-3695.tif;1;0;754;1000;359;572;39;9;359;572;398;572;398;581;359;581;Powers;AAAAAA;0.66;undefined;OTHER;OTHER
518253689+-3695.tif;1;0;754;1000;402;572;47;11;402;572;449;572;449;583;402;583;(RJRTC);SAAAAAS;0.52;undefined;OTHER;OTHER
518253689+-3695.tif;1;0;754;1000;453;572;19;9;453;572;472;572;472;581;453;581;and;AAA;0.59;undefined;OTHER;OTHER
518253689+-3695.tif;1;0;754;1000;476;572;42;9;476;572;518;572;518;581;476;581;Johnnie;AAAAAAA;0.71;undefined;OTHER;OTHER
518253689+-3695.tif;1;0;754;1000;522;572;27;11;522;572;549;572;549;583;522;583;Rany;AAAA;0.79;undefined;OTHER;OTHER
518253689+-3695.tif;1;0;754;1000;44;573;32;9;44;573;76;573;76;582;44;582;3/9/97;NSNSNN;0.82;undefined;OTHER;OTHER
518253689+-3695.tif;1;0;754;1000;81;573;57;11;81;573;138;573;138;584;81;584;Beverages;AAAAAAAAA;0.71;undefined;OTHER;OTHER
518253689+-3695.tif;1;0;754;1000;142;573;10;9;142;573;152;573;152;582;142;582;at;AA;0.7;undefined;OTHER;OTHER
518253689+-3695.tif;1;0;754;1000;156;573;26;9;156;573;182;573;182;582;156;582;Boca;AAAA;0.53;undefined;OTHER;OTHER
518253689+-3695.tif;1;0;754;1000;187;573;30;9;187;573;217;573;217;582;187;582;Raton;AAAAA;0.67;undefined;OTHER;OTHER
518253689+-3695.tif;1;0;754;1000;222;573;35;9;222;573;257;573;257;582;222;582;Resort;AAAAAA;0.77;undefined;OTHER;OTHER
518253689+-3695.tif;1;0;754;1000;261;573;7;8;261;573;268;573;268;581;261;581;&;S;1.0;undefined;OTHER;OTHER
518253689+-3695.tif;1;0;754;1000;98;586;56;14;98;586;154;586;154;600;98;600;Legislative;AAAAAAAAAAA;0.54;undefined;OTHER;OTHER
518253689+-3695.tif;1;0;754;1000;44;588;32;12;44;588;76;588;76;600;44;600;(UST);SAAAS;0.88;undefined;OTHER;OTHER
518253689+-3695.tif;1;0;754;1000;158;588;36;9;158;588;194;588;194;597;158;597;issues.;AAAAAAS;0.6;undefined;OTHER;OTHER
518253689+-3695.tif;1;0;754;1000;80;590;12;7;80;590;92;590;92;597;80;597;re:;AAS;0.88;undefined;OTHER;OTHER
518253689+-3695.tif;1;0;754;1000;426;617;2;20;426;617;428;617;428;637;426;637;|;S;1.0;undefined;OTHER;OTHER
518253689+-3695.tif;1;0;754;1000;304;618;2;14;304;618;306;618;306;632;304;632;1;N;0.49;undefined;OTHER;OTHER
518253689+-3695.tif;1;0;754;1000;267;623;34;9;267;623;301;623;301;632;267;632;CODES;AAAAA;0.69;undefined;OTHER;OTHER
518253689+-3695.tif;1;0;754;1000;370;623;16;9;370;623;386;623;386;632;370;632;G/L;ASA;0.2;undefined;OTHER;OTHER
518253689+-3695.tif;1;0;754;1000;388;623;34;8;388;623;422;623;422;631;388;631;CODES;AAAAA;0.67;undefined;OTHER;OTHER
518253689+-3695.tif;1;0;754;1000;539;623;26;11;539;623;565;623;565;634;539;634;9070;NNNN;0.81;undefined;OTHER;OTHER
518253689+-3695.tif;1;0;754;1000;648;623;36;10;648;623;684;623;684;633;648;633;689.08;NNNSNN;0.94;undefined;OTHER;OTHER
518253689+-3695.tif;1;0;754;1000;73;624;53;9;73;624;126;624;126;633;73;633;EXPENSES;AAAAAAAA;0.6;undefined;OTHER;OTHER
518253689+-3695.tif;1;0;754;1000;129;624;22;8;129;624;151;624;151;632;129;632;PAID;AAAA;0.34;undefined;OTHER;OTHER
518253689+-3695.tif;1;0;754;1000;155;624;13;8;155;624;168;624;168;632;155;632;BY;AA;0.44;undefined;OTHER;OTHER
518253689+-3695.tif;1;0;754;1000;171;624;53;8;171;624;224;624;224;632;171;632;EMPLOYEE;AAAAAAAA;0.59;undefined;OTHER;OTHER
518253689+-3695.tif;1;0;754;1000;231;624;33;8;231;624;264;624;264;632;231;632;OTHER;AAAAA;0.43;undefined;OTHER;OTHER
518253689+-3695.tif;1;0;754;1000;475;624;13;10;475;624;488;624;488;634;475;634;04;NN;0.74;undefined;OTHER;OTHER
518253689+-3695.tif;1;0;754;1000;492;624;12;10;492;624;504;624;504;634;492;634;88;NN;1.0;undefined;OTHER;OTHER
518253689+-3695.tif;1;0;754;1000;509;624;26;10;509;624;535;624;535;634;509;634;0000;NNNN;0.57;undefined;OTHER;OTHER
518253689+-3695.tif;1;0;754;1000;569;624;19;10;569;624;588;624;588;634;569;634;867;NNN;0.85;undefined;OTHER;OTHER
518253689+-3695.tif;1;0;754;1000;38;625;32;8;38;625;70;625;70;633;38;633;TOTAL;AAAAA;0.89;undefined;OTHER;OTHER
518253689+-3695.tif;1;0;754;1000;683;641;3;9;683;641;686;641;686;650;683;650;>;S;0.32;undefined;OTHER;OTHER
518253689+-3695.tif;1;0;754;1000;617;642;2;9;617;642;619;642;619;651;617;651;(;S;0.41;undefined;OTHER;OTHER
518253689+-3695.tif;1;0;754;1000;229;643;25;8;229;643;254;643;254;651;229;651;Dated;AAAAA;0.28;undefined;OTHER;OTHER
518253689+-3695.tif;1;0;754;1000;38;644;20;8;38;644;58;644;58;652;38;652;Less;AAAA;0.59;undefined;OTHER;OTHER
518253689+-3695.tif;1;0;754;1000;60;644;27;8;60;644;87;644;87;652;60;652;Travel;AAAAAA;0.76;undefined;OTHER;OTHER
518253689+-3695.tif;1;0;754;1000;90;644;38;8;90;644;128;644;128;652;90;652;Advance;AAAAAAA;0.41;undefined;OTHER;OTHER
518253689+-3695.tif;1;0;754;1000;636;658;43;11;636;658;679;658;679;669;636;669;689.08;NNNSNN;0.69;undefined;OTHER;OTHER
518253689+-3695.tif;1;0;754;1000;37;662;42;8;37;662;79;662;79;670;37;670;AMOUNT;AAAAAA;0.55;undefined;OTHER;OTHER
518253689+-3695.tif;1;0;754;1000;82;662;20;8;82;662;102;662;102;670;82;670;DUE;AAA;0.72;undefined;OTHER;OTHER
518253689+-3695.tif;1;0;754;1000;105;662;54;8;105;662;159;662;159;670;105;670;EMPLOYEE;AAAAAAAA;0.59;undefined;OTHER;OTHER
518253689+-3695.tif;1;0;754;1000;37;685;42;8;37;685;79;685;79;693;37;693;AMOUNT;AAAAAA;0.7;undefined;OTHER;OTHER
518253689+-3695.tif;1;0;754;1000;82;685;20;8;82;685;102;685;102;693;82;693;DUE;AAA;0.71;undefined;OTHER;OTHER
518253689+-3695.tif;1;0;754;1000;105;685;50;8;105;685;155;685;155;693;105;693;COMPANY;AAAAAAA;0.53;undefined;OTHER;OTHER
518253689+-3695.tif;1;0;754;1000;480;701;12;10;480;701;492;701;492;711;480;711;of;AA;0.59;undefined;OTHER;OTHER
518253689+-3695.tif;1;0;754;1000;495;701;38;10;495;701;533;701;533;711;495;711;tickets;AAAAAAA;0.69;undefined;OTHER;OTHER
518253689+-3695.tif;1;0;754;1000;553;701;52;11;553;701;605;701;605;712;553;712;Invoices);AAAAAAAAS;0.59;undefined;OTHER;OTHER
518253689+-3695.tif;1;0;754;1000;244;702;60;10;244;702;304;702;304;712;244;712;CHARGED;AAAAAAA;0.84;undefined;OTHER;OTHER
518253689+-3695.tif;1;0;754;1000;308;702;16;10;308;702;324;702;324;712;308;712;TO;AA;0.96;undefined;OTHER;OTHER
518253689+-3695.tif;1;0;754;1000;328;702;61;10;328;702;389;702;389;712;328;712;COMPANY;AAAAAAA;0.79;undefined;OTHER;OTHER
518253689+-3695.tif;1;0;754;1000;393;702;41;10;393;702;434;702;434;712;393;712;(Attach;SAAAAAA;0.58;undefined;OTHER;OTHER
518253689+-3695.tif;1;0;754;1000;439;702;37;10;439;702;476;702;476;712;439;712;copies;AAAAAA;0.6;undefined;OTHER;OTHER
518253689+-3695.tif;1;0;754;1000;176;703;63;9;176;703;239;703;239;712;176;712;EXPENSES;AAAAAAAA;0.97;undefined;OTHER;OTHER
518253689+-3695.tif;1;0;754;1000;537;703;12;8;537;703;549;703;549;711;537;711;or;AA;0.51;undefined;OTHER;OTHER
518253689+-3695.tif;1;0;754;1000;549;717;5;8;549;717;554;717;554;725;549;725;If;AA;0.5;undefined;OTHER;OTHER
518253689+-3695.tif;1;0;754;1000;557;717;44;10;557;717;601;717;601;727;557;727;Company;AAAAAAA;0.78;undefined;OTHER;OTHER
518253689+-3695.tif;1;0;754;1000;604;717;36;10;604;717;640;717;640;727;604;727;aircraft);AAAAAAAAS;0.61;undefined;OTHER;OTHER
518253689+-3695.tif;1;0;754;1000;226;718;28;10;226;718;254;718;254;728;226;728;Origin;AAAAAA;0.43;undefined;OTHER;OTHER
518253689+-3695.tif;1;0;754;1000;349;718;52;8;349;718;401;718;401;726;349;726;Destination;AAAAAAAAAAA;0.49;undefined;OTHER;OTHER
518253689+-3695.tif;1;0;754;1000;471;718;74;9;471;718;545;718;545;727;471;727;Comments(Noto;AAAAAAAASAAAA;0.33;undefined;OTHER;OTHER
518253689+-3695.tif;1;0;754;1000;90;719;46;11;90;719;136;719;136;730;90;730;Doparturo;AAAAAAAAA;0.35;undefined;OTHER;OTHER
518253689+-3695.tif;1;0;754;1000;139;719;21;8;139;719;160;719;160;727;139;727;Dato;AAAA;0.4;undefined;OTHER;OTHER
518253689+-3695.tif;1;0;754;1000;60;722;6;8;60;722;66;722;66;730;60;730;c;A;1.0;undefined;OTHER;OTHER
518253689+-3695.tif;1;0;754;1000;42;723;6;7;42;723;48;723;48;730;42;730;A;A;1.0;undefined;OTHER;OTHER
518253689+-3695.tif;1;0;754;1000;376;728;36;13;376;728;412;728;412;741;376;741;Beach,;AAAAAS;0.65;undefined;OTHER;OTHER
518253689+-3695.tif;1;0;754;1000;103;729;47;12;103;729;150;729;150;741;103;741;03/09/97;NNSNNSNN;0.36;undefined;OTHER;OTHER
518253689+-3695.tif;1;0;754;1000;165;729;3;2;165;729;168;729;168;731;165;731;"""";S;0.24;undefined;OTHER;OTHER
518253689+-3695.tif;1;0;754;1000;246;729;16;11;246;729;262;729;262;740;246;740;hJC;AAA;0.2;undefined;OTHER;OTHER
518253689+-3695.tif;1;0;754;1000;314;730;27;10;314;730;341;730;341;740;314;740;West;AAAA;0.66;undefined;OTHER;OTHER
518253689+-3695.tif;1;0;754;1000;345;730;27;10;345;730;372;730;372;740;345;740;Palm;AAAA;0.77;undefined;OTHER;OTHER
518253689+-3695.tif;1;0;754;1000;417;730;13;9;417;730;430;730;430;739;417;739;FL;AA;1.0;undefined;OTHER;OTHER
518253689+-3695.tif;1;0;754;1000;445;730;43;10;445;730;488;730;488;740;445;740;$663.44;SNNNSNN;0.54;undefined;OTHER;OTHER
518253689+-3695.tif;1;0;754;1000;176;731;65;10;176;731;241;731;241;741;176;741;Greensboro,;AAAAAAAAAAS;0.73;undefined;OTHER;OTHER
518253689+-3695.tif;1;0;754;1000;44;734;2;7;44;734;46;734;46;741;44;741;1;N;1.0;undefined;OTHER;OTHER
518253689+-3695.tif;1;0;754;1000;60;734;6;7;60;734;66;734;66;741;60;741;H;A;0.92;undefined;OTHER;OTHER
518253689+-3695.tif;1;0;754;1000;42;745;6;8;42;745;48;745;48;753;42;753;R;A;0.42;undefined;OTHER;OTHER
518253689+-3695.tif;1;0;754;1000;60;745;6;8;60;745;66;745;66;753;60;753;A;A;0.53;undefined;OTHER;OTHER
518253689+-3695.tif;1;0;754;1000;42;756;6;8;42;756;48;756;48;764;42;764;L;A;0.29;undefined;OTHER;OTHER
518253689+-3695.tif;1;0;754;1000;60;756;7;8;60;756;67;756;67;764;60;764;R;A;0.86;undefined;OTHER;OTHER
518253689+-3695.tif;1;0;754;1000;44;768;2;7;44;768;46;768;46;775;44;775;1;N;1.0;undefined;OTHER;OTHER
518253689+-3695.tif;1;0;754;1000;60;768;7;7;60;768;67;768;67;775;60;775;G;A;1.0;undefined;OTHER;OTHER
518253689+-3695.tif;1;0;754;1000;434;775;17;13;434;775;451;775;451;788;434;788;T;A;0.25;undefined;OTHER;OTHER
518253689+-3695.tif;1;0;754;1000;652;775;10;13;652;775;662;775;662;788;652;788;S;A;0.24;undefined;OTHER;OTHER
518253689+-3695.tif;1;0;754;1000;42;779;6;8;42;779;48;779;48;787;42;787;N;A;0.0;undefined;OTHER;OTHER
518253689+-3695.tif;1;0;754;1000;60;779;6;8;60;779;66;779;66;787;60;787;E;A;0.87;undefined;OTHER;OTHER
518253689+-3695.tif;1;0;754;1000;60;790;6;8;60;790;66;790;66;798;60;798;S;A;1.0;undefined;OTHER;OTHER
518253689+-3695.tif;1;0;754;1000;42;791;6;7;42;791;48;791;48;798;42;798;E;A;0.84;undefined;OTHER;OTHER
518253689+-3695.tif;1;0;754;1000;653;791;9;6;653;791;662;791;662;797;653;797;Ol;AA;0.26;undefined;OTHER;OTHER
518253689+-3695.tif;1;0;754;1000;38;816;24;8;38;816;62;816;62;824;38;824;Other;AAAAA;0.37;undefined;OTHER;OTHER
518253689+-3695.tif;1;0;754;1000;71;816;19;8;71;816;90;816;90;824;71;824;Grve;AAAA;0.47;undefined;OTHER;OTHER
518253689+-3695.tif;1;0;754;1000;94;816;29;8;94;816;123;816;123;824;94;824;Details;AAAAAAA;0.33;undefined;OTHER;OTHER
518253689+-3695.tif;1;0;754;1000;654;818;8;6;654;818;662;818;662;824;654;824;O';AS;0.44;undefined;OTHER;OTHER
518253689+-3695.tif;1;0;754;1000;65;820;2;2;65;820;67;820;67;822;65;822;-;S;0.57;undefined;OTHER;OTHER
518253689+-3695.tif;1;0;754;1000;654;827;9;7;654;827;663;827;663;834;654;834;CO;AA;0.16;undefined;OTHER;OTHER
518253689+-3695.tif;1;0;754;1000;654;836;9;6;654;836;663;836;663;842;654;842;â€¢D;SA;0.56;undefined;OTHER;OTHER
518253689+-3695.tif;1;0;754;1000;514;897;38;10;514;897;552;897;552;907;514;907;Authority;AAAAAAAAA;0.6;undefined;OTHER;OTHER
518253689+-3695.tif;1;0;754;1000;555;897;41;10;555;897;596;897;596;907;555;907;Signature;AAAAAAAAA;0.67;undefined;OTHER;OTHER
518253689+-3695.tif;1;0;754;1000;599;897;16;8;599;897;615;897;615;905;599;905;and;AAA;0.82;undefined;OTHER;OTHER
518253689+-3695.tif;1;0;754;1000;618;897;20;8;618;897;638;897;638;905;618;905;Date;AAAA;0.64;undefined;OTHER;OTHER
518253689+-3695.tif;1;0;754;1000;296;898;38;10;296;898;334;898;334;908;296;908;Authority;AAAAAAAAA;0.37;undefined;OTHER;OTHER
518253689+-3695.tif;1;0;754;1000;337;898;25;8;337;898;362;898;362;906;337;906;Name;AAAA;0.43;undefined;OTHER;OTHER
518253689+-3695.tif;1;0;754;1000;365;898;23;10;365;898;388;898;388;908;365;908;(Print;SAAAAA;0.38;undefined;OTHER;OTHER
518253689+-3695.tif;1;0;754;1000;402;898;25;10;402;898;427;898;427;908;402;908;Type);AAAAS;0.7;undefined;OTHER;OTHER
518253689+-3695.tif;1;0;754;1000;473;898;38;9;473;898;511;898;511;907;473;907;Approval;AAAAAAAA;0.34;undefined;OTHER;OTHER
518253689+-3695.tif;1;0;754;1000;84;899;63;10;84;899;147;899;147;909;84;909;Signalure/Title;AAAAAAAAASAAAAA;0.3;undefined;OTHER;OTHER
518253689+-3695.tif;1;0;754;1000;150;899;15;8;150;899;165;899;165;907;150;907;and;AAA;0.39;undefined;OTHER;OTHER
518253689+-3695.tif;1;0;754;1000;168;899;20;8;168;899;188;899;188;907;168;907;Date;AAAA;0.59;undefined;OTHER;OTHER
518253689+-3695.tif;1;0;754;1000;255;899;38;9;255;899;293;899;293;908;255;908;Approval;AAAAAAAA;0.43;undefined;OTHER;OTHER
518253689+-3695.tif;1;0;754;1000;38;900;43;9;38;900;81;900;81;909;38;909;Employee;AAAAAAAA;0.6;undefined;OTHER;OTHER
518253689+-3695.tif;1;0;754;1000;391;900;9;6;391;900;400;900;400;906;391;906;or;AA;0.64;undefined;OTHER;OTHER
518253689+-3695.tif;1;0;754;1000;126;944;10;7;126;944;136;944;136;951;126;951;Iff;AAA;0.24;undefined;OTHER;OTHER
518253689+-3695.tif;1;0;754;1000;136;944;14;7;136;944;150;944;150;951;136;951;7/M;NSA;0.18;undefined;OTHER;OTHER
518253689+-3695.tif;1;0;754;1000;37;945;19;6;37;945;56;945;56;951;37;951;RJRT;AAAA;0.31;undefined;OTHER;OTHER
518253689+-3695.tif;1;0;754;1000;58;945;17;6;58;945;75;945;75;951;58;951;Forai;AAAAA;0.19;undefined;OTHER;OTHER
518253689+-3695.tif;1;0;754;1000;78;945;21;6;78;945;99;945;99;951;78;951;BOOIA;AAAAA;0.15;undefined;OTHER;OTHER
518253689+-3695.tif;1;0;754;1000;105;945;16;8;105;945;121;945;121;953;105;953;JWIl;AAAA;0.54;undefined;OTHER;OTHER
518253689+-3695.tif;1;0;754;1000;101;947;2;2;101;947;103;947;103;949;101;949;â€¢;S;0.26;undefined;OTHER;OTHER
