src;num_pages;page_id;page_width;page_height;col;row;width;height;x1;y1;x2;y2;x3;y3;x4;y4;contents;contents_masked;confidence;correctclass;tag;description
518232874+-2876.tif;1;0;754;1000;383;32;19;8;383;32;402;32;402;40;383;40;Oate;AAAA;0.57;undefined;OTHER;OTHER
518232874+-2876.tif;1;0;754;1000;406;32;39;10;406;32;445;32;445;42;406;42;Prepared;AAAAAAAA;0.26;undefined;OTHER;OTHER
518232874+-2876.tif;1;0;754;1000;465;32;22;10;465;32;487;32;487;42;465;42;Page;AAAA;0.53;undefined;OTHER;OTHER
518232874+-2876.tif;1;0;754;1000;526;32;64;8;526;32;590;32;590;40;526;40;Disbursement;AAAAAAAAAAAA;0.46;undefined;OTHER;OTHER
518232874+-2876.tif;1;0;754;1000;592;32;54;10;592;32;646;32;646;42;592;42;Accounting;AAAAAAAAAA;0.55;undefined;OTHER;OTHER
518232874+-2876.tif;1;0;754;1000;649;32;17;8;649;32;666;32;666;40;649;40;Uso;AAA;0.54;undefined;OTHER;OTHER
518232874+-2876.tif;1;0;754;1000;669;32;27;8;669;32;696;32;696;40;669;40;ONLY;AAAA;0.56;undefined;OTHER;OTHER
518232874+-2876.tif;1;0;754;1000;57;38;85;14;57;38;142;38;142;52;57;52;BUSINESS;AAAAAAAA;0.87;undefined;OTHER;OTHER
518232874+-2876.tif;1;0;754;1000;148;39;78;13;148;39;226;39;226;52;148;52;EXPENSE;AAAAAAA;0.71;undefined;OTHER;OTHER
518232874+-2876.tif;1;0;754;1000;231;39;84;13;231;39;315;39;315;52;231;52;VOUCHER;AAAAAAA;0.7;undefined;OTHER;OTHER
518232874+-2876.tif;1;0;754;1000;643;44;36;12;643;44;679;44;679;56;643;56;89.79;NNSNN;0.55;undefined;OTHER;OTHER
518232874+-2876.tif;1;0;754;1000;384;45;46;11;384;45;430;45;430;56;384;56;10/14/97;NNSNNSNN;0.56;undefined;OTHER;OTHER
518232874+-2876.tif;1;0;754;1000;478;45;18;12;478;45;496;45;496;57;478;57;Ini;AAA;0.44;undefined;OTHER;OTHER
518232874+-2876.tif;1;0;754;1000;513;45;3;10;513;45;516;45;516;55;513;55;1;N;0.46;undefined;OTHER;OTHER
518232874+-2876.tif;1;0;754;1000;57;62;43;9;57;62;100;62;100;71;57;71;Employee;AAAAAAAA;0.22;undefined;OTHER;OTHER
518232874+-2876.tif;1;0;754;1000;103;62;25;8;103;62;128;62;128;70;103;70;Name;AAAA;0.31;undefined;OTHER;OTHER
518232874+-2876.tif;1;0;754;1000;383;62;28;6;383;62;411;62;411;68;383;68;Return;AAAAAA;0.32;undefined;OTHER;OTHER
518232874+-2876.tif;1;0;754;1000;239;63;35;6;239;63;274;63;274;69;239;69;Account;AAAAAAA;0.31;undefined;OTHER;OTHER
518232874+-2876.tif;1;0;754;1000;277;63;33;6;277;63;310;63;310;69;277;69;Number;AAAAAA;0.44;undefined;OTHER;OTHER
518232874+-2876.tif;1;0;754;1000;414;63;10;5;414;63;424;63;424;68;414;68;lo:;AAS;0.45;undefined;OTHER;OTHER
518232874+-2876.tif;1;0;754;1000;62;74;39;10;62;74;101;74;101;84;62;84;Patricia;AAAAAAAA;0.83;undefined;OTHER;OTHER
518232874+-2876.tif;1;0;754;1000;106;75;9;9;106;75;115;75;115;84;106;84;S.;AS;0.92;undefined;OTHER;OTHER
518232874+-2876.tif;1;0;754;1000;120;75;27;9;120;75;147;75;147;84;120;84;Clark;AAAAA;0.84;undefined;OTHER;OTHER
518232874+-2876.tif;1;0;754;1000;245;75;32;9;245;75;277;75;277;84;245;84;71564;NNNNN;0.43;undefined;OTHER;OTHER
518232874+-2876.tif;1;0;754;1000;58;90;30;10;58;90;88;90;88;100;58;100;Mailing;AAAAAAA;0.56;undefined;OTHER;OTHER
518232874+-2876.tif;1;0;754;1000;90;90;36;8;90;90;126;90;126;98;90;98;Address;AAAAAAA;0.54;undefined;OTHER;OTHER
518232874+-2876.tif;1;0;754;1000;239;90;42;8;239;90;281;90;281;98;239;98;Extension;AAAAAAAAA;0.43;undefined;OTHER;OTHER
518232874+-2876.tif;1;0;754;1000;129;91;8;9;129;91;137;91;137;100;129;100;(If;SAA;0.34;undefined;OTHER;OTHER
518232874+-2876.tif;1;0;754;1000;140;91;46;9;140;91;186;91;186;100;140;100;applicable);AAAAAAAAAAS;0.57;undefined;OTHER;OTHER
518232874+-2876.tif;1;0;754;1000;284;91;34;7;284;91;318;91;318;98;284;98;Number;AAAAAA;0.18;undefined;OTHER;OTHER
518232874+-2876.tif;1;0;754;1000;63;104;27;10;63;104;90;104;90;114;63;114;State;AAAAA;0.75;undefined;OTHER;OTHER
518232874+-2876.tif;1;0;754;1000;94;104;66;10;94;104;160;104;160;114;94;114;Government;AAAAAAAAAA;0.49;undefined;OTHER;OTHER
518232874+-2876.tif;1;0;754;1000;164;104;49;10;164;104;213;104;213;114;164;114;Relations;AAAAAAAAA;0.5;undefined;OTHER;OTHER
518232874+-2876.tif;1;0;754;1000;245;104;27;12;245;104;272;104;272;116;245;116;(910);SNNNS;0.74;undefined;OTHER;OTHER
518232874+-2876.tif;1;0;754;1000;277;104;49;10;277;104;326;104;326;114;277;114;741-6375;NNNSNNNN;0.81;undefined;OTHER;OTHER
518232874+-2876.tif;1;0;754;1000;63;119;20;9;63;119;83;119;83;128;63;128;Mail;AAAA;0.66;undefined;OTHER;OTHER
518232874+-2876.tif;1;0;754;1000;88;119;28;9;88;119;116;119;116;128;88;128;Code;AAAA;0.5;undefined;OTHER;OTHER
518232874+-2876.tif;1;0;754;1000;121;119;30;9;121;119;151;119;151;128;121;128;11101;NNNNN;0.87;undefined;OTHER;OTHER
518232874+-2876.tif;1;0;754;1000;110;164;35;12;110;164;145;164;145;176;110;176;DATEl;AAAAA;0.83;undefined;OTHER;OTHER
518232874+-2876.tif;1;0;754;1000;59;165;47;10;59;165;106;165;106;175;59;175;DEPART;AAAAAA;0.8;undefined;OTHER;OTHER
518232874+-2876.tif;1;0;754;1000;192;165;96;11;192;165;288;165;288;176;192;176;DESTINATION(S);AAAAAAAAAAASAS;0.75;undefined;OTHER;OTHER
518232874+-2876.tif;1;0;754;1000;339;165;48;10;339;165;387;165;387;175;339;175;RETURN;AAAAAA;0.83;undefined;OTHER;OTHER
518232874+-2876.tif;1;0;754;1000;392;165;32;10;392;165;424;165;424;175;392;175;DATE;AAAA;1.0;undefined;OTHER;OTHER
518232874+-2876.tif;1;0;754;1000;511;165;57;10;511;165;568;165;568;175;511;175;PURPOSE;AAAAAAA;0.92;undefined;OTHER;OTHER
518232874+-2876.tif;1;0;754;1000;573;165;15;10;573;165;588;165;588;175;573;175;OF;AA;0.95;undefined;OTHER;OTHER
518232874+-2876.tif;1;0;754;1000;593;165;26;10;593;165;619;165;619;175;593;175;TRIP;AAAA;0.81;undefined;OTHER;OTHER
518232874+-2876.tif;1;0;754;1000;79;177;45;11;79;177;124;177;124;188;79;188;10/08/97;NNSNNSNN;0.47;undefined;OTHER;OTHER
518232874+-2876.tif;1;0;754;1000;461;178;61;12;461;178;522;178;522;190;461;190;Trusteeship;AAAAAAAAAAA;0.78;undefined;OTHER;OTHER
518232874+-2876.tif;1;0;754;1000;527;178;61;10;527;178;588;178;588;188;527;188;Conference;AAAAAAAAAA;0.89;undefined;OTHER;OTHER
518232874+-2876.tif;1;0;754;1000;150;179;36;11;150;179;186;179;186;190;150;190;Boone,;AAAAAS;0.69;undefined;OTHER;OTHER
518232874+-2876.tif;1;0;754;1000;191;179;16;9;191;179;207;179;207;188;191;188;NC;AA;0.74;undefined;OTHER;OTHER
518232874+-2876.tif;1;0;754;1000;426;179;1;12;426;179;427;179;427;191;426;191;|;S;1.0;undefined;OTHER;OTHER
518232874+-2876.tif;1;0;754;1000;432;179;25;9;432;179;457;179;457;188;432;188;UNC;AAA;0.58;undefined;OTHER;OTHER
518232874+-2876.tif;1;0;754;1000;426;189;1;17;426;189;427;189;427;206;426;206;1;N;0.69;undefined;OTHER;OTHER
518232874+-2876.tif;1;0;754;1000;512;191;34;12;512;191;546;191;546;203;512;203;Dinner;AAAAAA;0.54;undefined;OTHER;OTHER
518232874+-2876.tif;1;0;754;1000;79;192;45;11;79;192;124;192;124;203;79;203;10/10/97;NNSNNSNN;0.33;undefined;OTHER;OTHER
518232874+-2876.tif;1;0;754;1000;149;192;50;12;149;192;199;192;199;204;149;204;Asheville,;AAAAAAAAAS;0.79;undefined;OTHER;OTHER
518232874+-2876.tif;1;0;754;1000;204;192;16;11;204;192;220;192;220;203;204;203;NC;AA;0.28;undefined;OTHER;OTHER
518232874+-2876.tif;1;0;754;1000;431;193;77;12;431;193;508;193;508;205;431;205;Vance-Aycock;AAAAASAAAAAA;0.71;undefined;OTHER;OTHER
518232874+-2876.tif;1;0;754;1000;345;194;45;9;345;194;390;194;390;203;345;203;10/12/97;NNSNNSNN;0.65;undefined;OTHER;OTHER
518232874+-2876.tif;1;0;754;1000;286;218;63;10;286;218;349;218;349;228;286;228;EXPENSES;AAAAAAAA;0.84;undefined;OTHER;OTHER
518232874+-2876.tif;1;0;754;1000;353;218;28;10;353;218;381;218;381;228;353;228;PAID;AAAA;0.89;undefined;OTHER;OTHER
518232874+-2876.tif;1;0;754;1000;386;218;16;10;386;218;402;218;402;228;386;228;BY;AA;0.88;undefined;OTHER;OTHER
518232874+-2876.tif;1;0;754;1000;407;218;65;9;407;218;472;218;472;227;407;227;EMPLOYEE;AAAAAAAA;0.83;undefined;OTHER;OTHER
518232874+-2876.tif;1;0;754;1000;508;231;2;13;508;231;510;231;510;244;508;244;|;S;1.0;undefined;OTHER;OTHER
518232874+-2876.tif;1;0;754;1000;276;232;40;10;276;232;316;232;316;242;276;242;Thursday;AAAAAAAA;0.34;undefined;OTHER;OTHER
518232874+-2876.tif;1;0;754;1000;398;232;39;10;398;232;437;232;437;242;398;242;Saturday;AAAAAAAA;0.63;undefined;OTHER;OTHER
518232874+-2876.tif;1;0;754;1000;463;232;32;10;463;232;495;232;495;242;463;242;Sunday;AAAAAA;0.56;undefined;OTHER;OTHER
518232874+-2876.tif;1;0;754;1000;210;233;51;9;210;233;261;233;261;242;210;242;Wednesday;AAAAAAAAA;0.52;undefined;OTHER;OTHER
518232874+-2876.tif;1;0;754;1000;344;233;26;9;344;233;370;233;370;242;344;242;Friday;AAAAAA;0.33;undefined;OTHER;OTHER
518232874+-2876.tif;1;0;754;1000;513;233;34;9;513;233;547;233;547;242;513;242;Monday;AAAAAA;0.33;undefined;OTHER;OTHER
518232874+-2876.tif;1;0;754;1000;582;233;36;9;582;233;618;233;618;242;582;242;Tuesday;AAAAAAA;0.71;undefined;OTHER;OTHER
518232874+-2876.tif;1;0;754;1000;115;235;19;8;115;235;134;235;134;243;115;243;DAY;AAA;0.77;undefined;OTHER;OTHER
518232874+-2876.tif;1;0;754;1000;137;235;13;8;137;235;150;235;150;243;137;243;OF;AA;0.45;undefined;OTHER;OTHER
518232874+-2876.tif;1;0;754;1000;153;235;19;8;153;235;172;235;172;243;153;243;THE;AAA;0.45;undefined;OTHER;OTHER
518232874+-2876.tif;1;0;754;1000;175;235;28;8;175;235;203;235;203;243;175;243;WEEK;AAAA;0.64;undefined;OTHER;OTHER
518232874+-2876.tif;1;0;754;1000;642;236;50;8;642;236;692;236;692;244;642;244;SUMMARY;AAAAAAA;0.76;undefined;OTHER;OTHER
518232874+-2876.tif;1;0;754;1000;390;244;57;11;390;244;447;244;447;255;390;255;"TO5ct37""";AANAANNS;0.47;undefined;OTHER;OTHER
518232874+-2876.tif;1;0;754;1000;210;245;51;11;210;245;261;245;261;256;210;256;08-Oc!-97;NNSAASSNN;0.44;undefined;OTHER;OTHER
518232874+-2876.tif;1;0;754;1000;332;245;52;11;332;245;384;245;384;256;332;256;IO-Oct-97';AASAAASNNS;0.56;undefined;OTHER;OTHER
518232874+-2876.tif;1;0;754;1000;271;247;51;9;271;247;322;247;322;256;271;256;09-Oct-97;NNSAAASNN;0.63;undefined;OTHER;OTHER
518232874+-2876.tif;1;0;754;1000;453;247;51;8;453;247;504;247;504;255;453;255;12-OCt-97;NNSAAASNN;0.72;undefined;OTHER;OTHER
518232874+-2876.tif;1;0;754;1000;514;247;51;8;514;247;565;247;565;255;514;255;13-Oct-97;NNSAAASNN;0.56;undefined;OTHER;OTHER
518232874+-2876.tif;1;0;754;1000;575;247;44;9;575;247;619;247;619;256;575;256;14-Oct-9;NNSAAASN;0.62;undefined;OTHER;OTHER
518232874+-2876.tif;1;0;754;1000;620;247;6;8;620;247;626;247;626;255;620;255;7;N;1.0;undefined;OTHER;OTHER
518232874+-2876.tif;1;0;754;1000;646;247;42;8;646;247;688;247;688;255;646;255;AMOUNT;AAAAAA;0.88;undefined;OTHER;OTHER
518232874+-2876.tif;1;0;754;1000;178;249;25;8;178;249;203;249;203;257;178;257;DATE;AAAA;0.76;undefined;OTHER;OTHER
518232874+-2876.tif;1;0;754;1000;312;259;13;9;312;259;325;259;325;268;312;268;TT;AA;1.0;undefined;OTHER;OTHER
518232874+-2876.tif;1;0;754;1000;330;259;5;2;330;259;335;259;335;261;330;261;”;S;1.0;undefined;OTHER;OTHER
518232874+-2876.tif;1;0;754;1000;347;259;35;12;347;259;382;259;382;271;347;271;207.10;NNNSNN;0.62;undefined;OTHER;OTHER
518232874+-2876.tif;1;0;754;1000;664;259;36;11;664;259;700;259;700;270;664;270;414.20;NNNSNN;0.34;undefined;OTHER;OTHER
518232874+-2876.tif;1;0;754;1000;407;261;36;10;407;261;443;261;443;271;407;271;207.10;NNNSNN;0.73;undefined;OTHER;OTHER
518232874+-2876.tif;1;0;754;1000;56;265;34;10;56;265;90;265;90;275;56;275;Lodging;AAAAAAA;0.56;undefined;OTHER;OTHER
518232874+-2876.tif;1;0;754;1000;93;265;30;9;93;265;123;265;123;274;93;274;(Attach;SAAAAAA;0.56;undefined;OTHER;OTHER
518232874+-2876.tif;1;0;754;1000;126;265;36;9;126;265;162;265;162;274;126;274;Receipt);AAAAAAAS;0.65;undefined;OTHER;OTHER
518232874+-2876.tif;1;0;754;1000;421;274;26;12;421;274;447;274;447;286;421;286;6.2JT;NSNAA;0.7;undefined;OTHER;OTHER
518232874+-2876.tif;1;0;754;1000;482;276;22;10;482;276;504;276;504;286;482;286;8.00;NSNN;0.55;undefined;OTHER;OTHER
518232874+-2876.tif;1;0;754;1000;671;276;29;10;671;276;700;276;700;286;671;286;14.25;NNSNN;0.55;undefined;OTHER;OTHER
518232874+-2876.tif;1;0;754;1000;56;280;41;8;56;280;97;280;97;288;56;288;Breakfast;AAAAAAAAA;0.57;undefined;OTHER;OTHER
518232874+-2876.tif;1;0;754;1000;100;280;28;10;100;280;128;280;128;290;100;290;(Yours;SAAAAA;0.48;undefined;OTHER;OTHER
518232874+-2876.tif;1;0;754;1000;130;280;29;9;130;280;159;280;159;289;130;289;ONLY);AAAAS;0.52;undefined;OTHER;OTHER
518232874+-2876.tif;1;0;754;1000;360;290;22;11;360;290;382;290;382;301;360;301;9.25;NSNN;0.64;undefined;OTHER;OTHER
518232874+-2876.tif;1;0;754;1000;415;292;28;9;415;292;443;292;443;301;415;301;11.30;NNSNN;0.52;undefined;OTHER;OTHER
518232874+-2876.tif;1;0;754;1000;670;292;30;9;670;292;700;292;700;301;670;301;20.55;NNSNN;0.73;undefined;OTHER;OTHER
518232874+-2876.tif;1;0;754;1000;85;295;28;9;85;295;113;295;113;304;85;304;(Yours;SAAAAA;0.52;undefined;OTHER;OTHER
518232874+-2876.tif;1;0;754;1000;116;295;29;9;116;295;145;295;145;304;116;304;ONLY);AAAAS;0.46;undefined;OTHER;OTHER
518232874+-2876.tif;1;0;754;1000;56;296;25;7;56;296;81;296;81;303;56;303;Lunch;AAAAA;0.35;undefined;OTHER;OTHER
518232874+-2876.tif;1;0;754;1000;670;305;31;11;670;305;701;305;701;316;670;316;2535;NNNN;0.12;undefined;OTHER;OTHER
518232874+-2876.tif;1;0;754;1000;353;307;29;9;353;307;382;307;382;316;353;316;25.00;NNSNN;0.63;undefined;OTHER;OTHER
518232874+-2876.tif;1;0;754;1000;59;310;25;8;59;310;84;310;84;318;59;318;dinner;AAAAAA;0.42;undefined;OTHER;OTHER
518232874+-2876.tif;1;0;754;1000;87;310;28;9;87;310;115;310;115;319;87;319;(Yours;SAAAAA;0.72;undefined;OTHER;OTHER
518232874+-2876.tif;1;0;754;1000;118;310;29;9;118;310;147;310;147;319;118;319;ONLY);AAAAS;0.68;undefined;OTHER;OTHER
518232874+-2876.tif;1;0;754;1000;56;325;60;8;56;325;116;325;116;333;56;333;Cab/Bus/Limo;AAASAAASAAAA;0.44;undefined;OTHER;OTHER
518232874+-2876.tif;1;0;754;1000;56;340;32;10;56;340;88;340;88;350;56;350;Parting;AAAAAAA;0.57;undefined;OTHER;OTHER
518232874+-2876.tif;1;0;754;1000;91;340;21;8;91;340;112;340;112;348;91;348;Fees;AAAA;0.79;undefined;OTHER;OTHER
518232874+-2876.tif;1;0;754;1000;56;355;17;9;56;355;73;355;73;364;56;364;Tips;AAAA;0.79;undefined;OTHER;OTHER
518232874+-2876.tif;1;0;754;1000;77;355;17;9;77;355;94;355;94;364;77;364;(Not;SAAA;0.38;undefined;OTHER;OTHER
518232874+-2876.tif;1;0;754;1000;98;355;35;8;98;355;133;355;133;363;98;363;Included;AAAAAAAA;0.42;undefined;OTHER;OTHER
518232874+-2876.tif;1;0;754;1000;137;355;47;9;137;355;184;355;184;364;137;364;Elsewhere);AAAAAAAAAS;0.53;undefined;OTHER;OTHER
518232874+-2876.tif;1;0;754;1000;359;367;23;9;359;367;382;367;382;376;359;376;0.50;NSNN;0.5;undefined;OTHER;OTHER
518232874+-2876.tif;1;0;754;1000;677;367;22;9;677;367;699;367;699;376;677;376;0.50;NSNN;0.72;undefined;OTHER;OTHER
518232874+-2876.tif;1;0;754;1000;56;370;45;9;56;370;101;370;101;379;56;379;Telephone;AAAAAAAAA;0.45;undefined;OTHER;OTHER
518232874+-2876.tif;1;0;754;1000;104;370;5;8;104;370;109;370;109;378;104;378;&;S;0.66;undefined;OTHER;OTHER
518232874+-2876.tif;1;0;754;1000;113;370;43;10;113;370;156;370;156;380;113;380;Te'egraph;AASAAAAAA;0.43;undefined;OTHER;OTHER
518232874+-2876.tif;1;0;754;1000;606;371;2;8;606;371;608;371;608;379;606;379;f;A;0.35;undefined;OTHER;OTHER
518232874+-2876.tif;1;0;754;1000;55;385;20;8;55;385;75;385;75;393;55;393;Auto;AAAA;0.51;undefined;OTHER;OTHER
518232874+-2876.tif;1;0;754;1000;78;385;27;8;78;385;105;385;105;393;78;393;Rental;AAAAAA;0.65;undefined;OTHER;OTHER
518232874+-2876.tif;1;0;754;1000;108;385;30;9;108;385;138;385;138;394;108;394;(Attach;SAAAAAA;0.57;undefined;OTHER;OTHER
518232874+-2876.tif;1;0;754;1000;141;385;51;10;141;385;192;385;192;395;141;395;Agreement);AAAAAAAAAS;0.45;undefined;OTHER;OTHER
518232874+-2876.tif;1;0;754;1000;163;397;13;6;163;397;176;397;176;403;163;403;**;SS;0.92;undefined;OTHER;OTHER
518232874+-2876.tif;1;0;754;1000;181;397;19;10;181;397;200;397;200;407;181;407;425;NNN;0.77;undefined;OTHER;OTHER
518232874+-2876.tif;1;0;754;1000;664;397;35;9;664;397;699;397;699;406;664;406;133.88;NNNSNN;0.76;undefined;OTHER;OTHER
518232874+-2876.tif;1;0;754;1000;56;400;37;8;56;400;93;400;93;408;56;408;Personal;AAAAAAAA;0.55;undefined;OTHER;OTHER
518232874+-2876.tif;1;0;754;1000;96;400;20;8;96;400;116;400;116;408;96;408;Auto;AAAA;0.47;undefined;OTHER;OTHER
518232874+-2876.tif;1;0;754;1000;119;400;2;9;119;400;121;400;121;409;119;409;(;S;0.38;undefined;OTHER;OTHER
518232874+-2876.tif;1;0;754;1000;205;400;22;8;205;400;227;400;227;408;205;408;miles;AAAAA;0.44;undefined;OTHER;OTHER
518232874+-2876.tif;1;0;754;1000;230;400;5;8;230;400;235;400;235;408;230;408;X;A;1.0;undefined;OTHER;OTHER
518232874+-2876.tif;1;0;754;1000;239;400;10;8;239;400;249;400;249;408;239;408;SO;AA;0.59;undefined;OTHER;OTHER
518232874+-2876.tif;1;0;754;1000;252;400;19;9;252;400;271;400;271;409;252;409;315);NNNS;0.49;undefined;OTHER;OTHER
518232874+-2876.tif;1;0;754;1000;55;415;22;8;55;415;77;415;77;423;55;423;Misc.;AAAAS;0.71;undefined;OTHER;OTHER
518232874+-2876.tif;1;0;754;1000;81;415;22;10;81;415;103;415;103;425;81;425;(Grve;SAAAA;0.33;undefined;OTHER;OTHER
518232874+-2876.tif;1;0;754;1000;106;415;52;10;106;415;158;415;158;425;106;425;explanation);AAAAAAAAAAAS;0.43;undefined;OTHER;OTHER
518232874+-2876.tif;1;0;754;1000;677;425;20;11;677;425;697;425;697;436;677;436;7.31;NSNN;0.44;undefined;OTHER;OTHER
518232874+-2876.tif;1;0;754;1000;62;428;51;11;62;428;113;428;113;439;62;439;Beverage;AAAAAAAA;0.68;undefined;OTHER;OTHER
518232874+-2876.tif;1;0;754;1000;421;428;20;8;421;428;441;428;441;436;421;436;7.31;NSNN;0.74;undefined;OTHER;OTHER
518232874+-2876.tif;1;0;754;1000;62;440;4;6;62;440;66;440;66;446;62;446;*;S;0.64;undefined;OTHER;OTHER
518232874+-2876.tif;1;0;754;1000;121;440;30;12;121;440;151;440;151;452;121;452;Home;AAAA;0.41;undefined;OTHER;OTHER
518232874+-2876.tif;1;0;754;1000;70;443;46;9;70;443;116;443;116;452;70;452;Personal;AAAAAAAA;0.52;undefined;OTHER;OTHER
518232874+-2876.tif;1;0;754;1000;346;485;36;12;346;485;382;485;382;497;346;497;241.85;NNNSNN;0.47;undefined;OTHER;OTHER
518232874+-2876.tif;1;0;754;1000;407;485;36;12;407;485;443;485;443;497;407;497;231.95;NNNSNN;0.3;undefined;OTHER;OTHER
518232874+-2876.tif;1;0;754;1000;663;485;36;11;663;485;699;485;699;496;663;496;615.68;NNNSNN;0.6;undefined;OTHER;OTHER
518232874+-2876.tif;1;0;754;1000;131;490;28;8;131;490;159;490;159;498;131;498;DAILY;AAAAA;0.83;undefined;OTHER;OTHER
518232874+-2876.tif;1;0;754;1000;162;490;38;8;162;490;200;490;200;498;162;498;TOTALS;AAAAAA;0.79;undefined;OTHER;OTHER
518232874+-2876.tif;1;0;754;1000;336;505;37;9;336;505;373;505;373;514;336;514;AH.tated;AASAAAAA;0.62;undefined;OTHER;OTHER
518232874+-2876.tif;1;0;754;1000;375;505;19;9;375;505;394;505;394;514;375;514;With;AAAA;0.64;undefined;OTHER;OTHER
518232874+-2876.tif;1;0;754;1000;397;505;16;9;397;505;413;505;413;514;397;514;and;AAA;0.38;undefined;OTHER;OTHER
518232874+-2876.tif;1;0;754;1000;416;505;39;9;416;505;455;505;455;514;416;514;Business;AAAAAAAA;0.4;undefined;OTHER;OTHER
518232874+-2876.tif;1;0;754;1000;458;505;88;10;458;505;546;505;546;515;458;515;Purpose/Discussion);AAAAAAASAAAAAAAAAAS;0.56;undefined;OTHER;OTHER
518232874+-2876.tif;1;0;754;1000;55;506;39;8;55;506;94;506;94;514;55;514;Business;AAAAAAAA;0.36;undefined;OTHER;OTHER
518232874+-2876.tif;1;0;754;1000;97;506;34;10;97;506;131;506;131;516;97;516;Meeting;AAAAAAA;0.43;undefined;OTHER;OTHER
518232874+-2876.tif;1;0;754;1000;145;506;60;8;145;506;205;506;205;514;145;514;Entertainment;AAAAAAAAAAAAA;0.47;undefined;OTHER;OTHER
518232874+-2876.tif;1;0;754;1000;213;506;27;9;213;506;240;506;240;515;213;515;(Show;SAAAA;0.52;undefined;OTHER;OTHER
518232874+-2876.tif;1;0;754;1000;243;506;22;9;243;506;265;506;265;515;243;515;Date,;AAAAS;0.68;undefined;OTHER;OTHER
518232874+-2876.tif;1;0;754;1000;269;506;26;9;269;506;295;506;295;515;269;515;Place,;AAAAAS;0.56;undefined;OTHER;OTHER
518232874+-2876.tif;1;0;754;1000;298;506;35;8;298;506;333;506;333;514;298;514;Persons;AAAAAAA;0.72;undefined;OTHER;OTHER
518232874+-2876.tif;1;0;754;1000;134;508;8;6;134;508;142;508;142;514;134;514;or;AA;0.63;undefined;OTHER;OTHER
518232874+-2876.tif;1;0;754;1000;208;510;2;2;208;510;210;510;210;512;208;512;-;S;0.51;undefined;OTHER;OTHER
518232874+-2876.tif;1;0;754;1000;62;516;45;12;62;516;107;516;107;528;62;528;^0711/97;SNNNNSNN;0.46;undefined;OTHER;OTHER
518232874+-2876.tif;1;0;754;1000;667;516;33;10;667;516;700;516;700;526;667;526;■553$;SNNNS;0.18;undefined;OTHER;OTHER
518232874+-2876.tif;1;0;754;1000;266;517;20;10;266;517;286;517;286;527;266;527;with;AAAA;0.68;undefined;OTHER;OTHER
518232874+-2876.tif;1;0;754;1000;372;517;32;10;372;517;404;517;404;527;372;527;Public;AAAAAA;0.6;undefined;OTHER;OTHER
518232874+-2876.tif;1;0;754;1000;408;517;36;10;408;517;444;517;444;527;408;527;School;AAAAAA;0.69;undefined;OTHER;OTHER
518232874+-2876.tif;1;0;754;1000;448;517;37;11;448;517;485;517;485;528;448;528;Forum,;AAAAAS;0.71;undefined;OTHER;OTHER
518232874+-2876.tif;1;0;754;1000;119;518;57;12;119;518;176;518;176;530;119;530;Beverages;AAAAAAAAA;0.74;undefined;OTHER;OTHER
518232874+-2876.tif;1;0;754;1000;187;518;29;10;187;518;216;518;216;528;187;528;Great;AAAAA;0.57;undefined;OTHER;OTHER
518232874+-2876.tif;1;0;754;1000;221;518;16;9;221;518;237;518;237;527;221;527;Hal;AAA;0.87;undefined;OTHER;OTHER
518232874+-2876.tif;1;0;754;1000;245;518;18;9;245;518;263;518;263;527;245;527;Bar;AAA;0.75;undefined;OTHER;OTHER
518232874+-2876.tif;1;0;754;1000;291;518;38;9;291;518;329;518;329;527;291;527;Joanne;AAAAAA;0.54;undefined;OTHER;OTHER
518232874+-2876.tif;1;0;754;1000;334;518;33;11;334;518;367;518;367;529;334;529;Norris,;AAAAAAS;0.43;undefined;OTHER;OTHER
518232874+-2876.tif;1;0;754;1000;489;518;19;9;489;518;508;518;508;527;489;527;and;AAA;0.89;undefined;OTHER;OTHER
518232874+-2876.tif;1;0;754;1000;512;518;19;9;512;518;531;518;531;527;512;527;Jan;AAA;0.95;undefined;OTHER;OTHER
518232874+-2876.tif;1;0;754;1000;535;518;41;10;535;518;576;518;576;528;535;528;Pardue,;AAAAAAS;0.64;undefined;OTHER;OTHER
518232874+-2876.tif;1;0;754;1000;112;523;3;2;112;523;115;523;115;525;112;525;-;S;0.6;undefined;OTHER;OTHER
518232874+-2876.tif;1;0;754;1000;180;523;3;2;180;523;183;523;183;525;180;525;-;S;1.0;undefined;OTHER;OTHER
518232874+-2876.tif;1;0;754;1000;61;533;51;10;61;533;112;533;112;543;61;543;Governor;AAAAAAAA;0.63;undefined;OTHER;OTHER
518232874+-2876.tif;1;0;754;1000;115;533;33;10;115;533;148;533;148;543;115;543;Hunrs;AAAAA;0.36;undefined;OTHER;OTHER
518232874+-2876.tif;1;0;754;1000;152;533;31;10;152;533;183;533;183;543;152;543;office.;AAAAAAS;0.72;undefined;OTHER;OTHER
518232874+-2876.tif;1;0;754;1000;191;533;54;10;191;533;245;533;245;543;191;543;Discussed;AAAAAAAAA;0.79;undefined;OTHER;OTHER
518232874+-2876.tif;1;0;754;1000;249;533;72;12;249;533;321;533;321;545;249;545;governmental;AAAAAAAAAAAA;0.54;undefined;OTHER;OTHER
518232874+-2876.tif;1;0;754;1000;325;533;45;12;325;533;370;533;370;545;325;545;changes;AAAAAAA;0.68;undefined;OTHER;OTHER
518232874+-2876.tif;1;0;754;1000;374;533;8;9;374;533;382;533;382;542;374;542;in;AA;0.57;undefined;OTHER;OTHER
518232874+-2876.tif;1;0;754;1000;387;533;54;11;387;533;441;533;441;544;387;544;personnel.;AAAAAAAAAS;0.66;undefined;OTHER;OTHER
518232874+-2876.tif;1;0;754;1000;283;599;34;9;283;599;317;599;317;608;283;608;CODES;AAAAA;0.86;undefined;OTHER;OTHER
518232874+-2876.tif;1;0;754;1000;386;599;15;8;386;599;401;599;401;607;386;607;G/L;ASA;0.67;undefined;OTHER;OTHER
518232874+-2876.tif;1;0;754;1000;404;599;34;8;404;599;438;599;438;607;404;607;CODES;AAAAA;0.79;undefined;OTHER;OTHER
518232874+-2876.tif;1;0;754;1000;56;600;32;8;56;600;88;600;88;608;56;608;TOTAL;AAAAA;0.69;undefined;OTHER;OTHER
518232874+-2876.tif;1;0;754;1000;91;600;51;8;91;600;142;600;142;608;91;608;EXPENSES;AAAAAAAA;0.8;undefined;OTHER;OTHER
518232874+-2876.tif;1;0;754;1000;146;600;22;8;146;600;168;600;168;608;146;608;PAID;AAAA;0.83;undefined;OTHER;OTHER
518232874+-2876.tif;1;0;754;1000;171;600;13;8;171;600;184;600;184;608;171;608;BY;AA;0.62;undefined;OTHER;OTHER
518232874+-2876.tif;1;0;754;1000;187;600;53;8;187;600;240;600;240;608;187;608;EMPLOYEE;AAAAAAAA;0.65;undefined;OTHER;OTHER
518232874+-2876.tif;1;0;754;1000;248;600;32;8;248;600;280;600;280;608;248;608;OTHER;AAAAA;0.65;undefined;OTHER;OTHER
518232874+-2876.tif;1;0;754;1000;491;600;12;10;491;600;503;600;503;610;491;610;04;NN;0.4;undefined;OTHER;OTHER
518232874+-2876.tif;1;0;754;1000;507;600;13;10;507;600;520;600;520;610;507;610;88;NN;0.41;undefined;OTHER;OTHER
518232874+-2876.tif;1;0;754;1000;524;600;25;10;524;600;549;600;549;610;524;610;0000;NNNN;0.51;undefined;OTHER;OTHER
518232874+-2876.tif;1;0;754;1000;554;600;26;10;554;600;580;600;580;610;554;610;9070;NNNN;0.83;undefined;OTHER;OTHER
518232874+-2876.tif;1;0;754;1000;584;600;19;10;584;600;603;600;603;610;584;610;867;NNN;0.7;undefined;OTHER;OTHER
518232874+-2876.tif;1;0;754;1000;663;600;35;10;663;600;698;600;698;610;663;610;645.67;NNNSNN;0.62;undefined;OTHER;OTHER
518232874+-2876.tif;1;0;754;1000;56;619;19;8;56;619;75;619;75;627;56;627;Less;AAAA;0.38;undefined;OTHER;OTHER
518232874+-2876.tif;1;0;754;1000;78;619;26;8;78;619;104;619;104;627;78;627;Travel;AAAAAA;0.69;undefined;OTHER;OTHER
518232874+-2876.tif;1;0;754;1000;107;619;37;8;107;619;144;619;144;627;107;627;Advance;AAAAAAA;0.41;undefined;OTHER;OTHER
518232874+-2876.tif;1;0;754;1000;245;619;25;8;245;619;270;619;270;627;245;627;Dated;AAAAA;0.56;undefined;OTHER;OTHER
518232874+-2876.tif;1;0;754;1000;650;635;44;11;650;635;694;635;694;646;650;646;645.67;NNNSNN;0.91;undefined;OTHER;OTHER
518232874+-2876.tif;1;0;754;1000;55;638;41;7;55;638;96;638;96;645;55;645;AMOUNT;AAAAAA;0.49;undefined;OTHER;OTHER
518232874+-2876.tif;1;0;754;1000;99;638;20;7;99;638;119;638;119;645;99;645;OUE;AAA;0.45;undefined;OTHER;OTHER
518232874+-2876.tif;1;0;754;1000;122;638;53;7;122;638;175;638;175;645;122;645;EMPLOYEE;AAAAAAAA;0.73;undefined;OTHER;OTHER
518232874+-2876.tif;1;0;754;1000;55;660;41;8;55;660;96;660;96;668;55;668;AMOUNT;AAAAAA;0.38;undefined;OTHER;OTHER
518232874+-2876.tif;1;0;754;1000;100;660;19;8;100;660;119;660;119;668;100;668;DUE;AAA;0.64;undefined;OTHER;OTHER
518232874+-2876.tif;1;0;754;1000;122;660;49;8;122;660;171;660;171;668;122;668;COMPANY;AAAAAAA;0.58;undefined;OTHER;OTHER
518232874+-2876.tif;1;0;754;1000;365;693;51;8;365;693;416;693;416;701;365;701;Destination;AAAAAAAAAAA;0.38;undefined;OTHER;OTHER
518232874+-2876.tif;1;0;754;1000;487;693;73;10;487;693;560;693;560;703;487;703;Commonts(Noto;AAAAAAAASAAAA;0.47;undefined;OTHER;OTHER
518232874+-2876.tif;1;0;754;1000;564;693;5;8;564;693;569;693;569;701;564;701;if;AA;0.78;undefined;OTHER;OTHER
518232874+-2876.tif;1;0;754;1000;572;693;43;10;572;693;615;693;615;703;572;703;Company;AAAAAAA;0.7;undefined;OTHER;OTHER
518232874+-2876.tif;1;0;754;1000;618;693;36;9;618;693;654;693;654;702;618;702;aircraft);AAAAAAAAS;0.48;undefined;OTHER;OTHER
518232874+-2876.tif;1;0;754;1000;242;694;28;9;242;694;270;694;270;703;242;703;Origin;AAAAAA;0.58;undefined;OTHER;OTHER
518232874+-2876.tif;1;0;754;1000;107;695;45;10;107;695;152;695;152;705;107;705;Departure;AAAAAAAAA;0.41;undefined;OTHER;OTHER
518232874+-2876.tif;1;0;754;1000;156;695;19;7;156;695;175;695;175;702;156;702;Date;AAAA;0.5;undefined;OTHER;OTHER
518232874+-2876.tif;1;0;754;1000;77;697;6;8;77;697;83;697;83;705;77;705;C;A;0.53;undefined;OTHER;OTHER
518232874+-2876.tif;1;0;754;1000;78;709;5;7;78;709;83;709;83;716;78;716;H;A;0.31;undefined;OTHER;OTHER
518232874+-2876.tif;1;0;754;1000;77;720;6;8;77;720;83;720;83;728;77;728;A;A;1.0;undefined;OTHER;OTHER
518232874+-2876.tif;1;0;754;1000;78;732;6;6;78;732;84;732;84;738;78;738;R;A;0.34;undefined;OTHER;OTHER
518232874+-2876.tif;1;0;754;1000;77;742;7;9;77;742;84;742;84;751;77;751;G;A;0.46;undefined;OTHER;OTHER
518232874+-2876.tif;1;0;754;1000;79;754;4;7;79;754;83;754;83;761;79;761;E;A;0.63;undefined;OTHER;OTHER
518232874+-2876.tif;1;0;754;1000;55;791;24;8;55;791;79;791;79;799;55;799;Other;AAAAA;0.36;undefined;OTHER;OTHER
518232874+-2876.tif;1;0;754;1000;88;791;19;8;88;791;107;791;107;799;88;799;Give;AAAA;0.63;undefined;OTHER;OTHER
518232874+-2876.tif;1;0;754;1000;110;791;29;8;110;791;139;791;139;799;110;799;Details;AAAAAAA;0.47;undefined;OTHER;OTHER
518232874+-2876.tif;1;0;754;1000;82;795;2;2;82;795;84;795;84;797;82;797;•;S;0.38;undefined;OTHER;OTHER
518232874+-2876.tif;1;0;754;1000;205;802;81;11;205;802;286;802;286;813;205;813;Winston-Salem;AAAAAAASAAAAA;0.74;undefined;OTHER;OTHER
518232874+-2876.tif;1;0;754;1000;304;802;78;13;304;802;382;802;382;815;304;815;Boone/Blowing;AAAAASAAAAAAA;0.62;undefined;OTHER;OTHER
518232874+-2876.tif;1;0;754;1000;387;802;26;10;387;802;413;802;413;812;387;812;Rock;AAAA;0.68;undefined;OTHER;OTHER
518232874+-2876.tif;1;0;754;1000;62;803;8;4;62;803;70;803;70;807;62;807;••;SS;0.27;undefined;OTHER;OTHER
518232874+-2876.tif;1;0;754;1000;74;803;19;10;74;803;93;803;93;813;74;813;425;NNN;0.46;undefined;OTHER;OTHER
518232874+-2876.tif;1;0;754;1000;98;803;40;12;98;803;138;803;138;815;98;815;Mileage;AAAAAAA;0.76;undefined;OTHER;OTHER
518232874+-2876.tif;1;0;754;1000;143;803;40;10;143;803;183;803;183;813;143;813;reflects:;AAAAAAAAS;0.67;undefined;OTHER;OTHER
518232874+-2876.tif;1;0;754;1000;188;803;14;12;188;803;202;803;202;815;188;815;(1);SNS;0.54;undefined;OTHER;OTHER
518232874+-2876.tif;1;0;754;1000;290;803;9;9;290;803;299;803;299;812;290;812;to;AA;0.65;undefined;OTHER;OTHER
518232874+-2876.tif;1;0;754;1000;417;807;4;3;417;807;421;807;421;810;417;810;-;S;0.55;undefined;OTHER;OTHER
518232874+-2876.tif;1;0;754;1000;62;818;21;11;62;818;83;818;83;829;62;829;100,;NNNS;0.36;undefined;OTHER;OTHER
518232874+-2876.tif;1;0;754;1000;88;818;14;12;88;818;102;818;102;830;88;830;(2);SNS;0.64;undefined;OTHER;OTHER
518232874+-2876.tif;1;0;754;1000;106;818;6;10;106;818;112;818;112;828;106;828;2;N;1.0;undefined;OTHER;OTHER
518232874+-2876.tif;1;0;754;1000;116;818;22;12;116;818;138;818;138;830;116;830;trips;AAAAA;0.82;undefined;OTHER;OTHER
518232874+-2876.tif;1;0;754;1000;142;818;23;10;142;818;165;818;165;828;142;828;from;AAAA;0.64;undefined;OTHER;OTHER
518232874+-2876.tif;1;0;754;1000;170;818;40;12;170;818;210;818;210;830;170;830;Blowing;AAAAAAA;0.5;undefined;OTHER;OTHER
518232874+-2876.tif;1;0;754;1000;215;818;26;9;215;818;241;818;241;827;215;827;Rock;AAAA;0.77;undefined;OTHER;OTHER
518232874+-2876.tif;1;0;754;1000;259;818;33;9;259;818;292;818;292;827;259;827;Boone;AAAAA;0.62;undefined;OTHER;OTHER
518232874+-2876.tif;1;0;754;1000;304;818;15;11;304;818;319;818;319;829;304;829;60.;NNS;0.68;undefined;OTHER;OTHER
518232874+-2876.tif;1;0;754;1000;324;818;13;11;324;818;337;818;337;829;324;829;(3);SNS;0.61;undefined;OTHER;OTHER
518232874+-2876.tif;1;0;754;1000;342;818;40;12;342;818;382;818;382;830;342;830;Blowing;AAAAAAA;0.61;undefined;OTHER;OTHER
518232874+-2876.tif;1;0;754;1000;387;818;27;9;387;818;414;818;414;827;387;827;Rock;AAAA;0.82;undefined;OTHER;OTHER
518232874+-2876.tif;1;0;754;1000;417;818;10;9;417;818;427;818;427;827;417;827;to;AA;0.64;undefined;OTHER;OTHER
518232874+-2876.tif;1;0;754;1000;245;819;9;8;245;819;254;819;254;827;245;827;to;AA;0.94;undefined;OTHER;OTHER
518232874+-2876.tif;1;0;754;1000;296;823;4;2;296;823;300;823;300;825;296;825;-;S;0.55;undefined;OTHER;OTHER
518232874+-2876.tif;1;0;754;1000;61;833;48;10;61;833;109;833;109;843;61;843;Asheville;AAAAAAAAA;0.71;undefined;OTHER;OTHER
518232874+-2876.tif;1;0;754;1000;113;833;29;11;113;833;142;833;142;844;113;844;-100.;SNNNS;0.67;undefined;OTHER;OTHER
518232874+-2876.tif;1;0;754;1000;164;833;38;10;164;833;202;833;202;843;164;843;Around;AAAAAA;0.7;undefined;OTHER;OTHER
518232874+-2876.tif;1;0;754;1000;206;833;47;10;206;833;253;833;253;843;206;843;Asheville;AAAAAAAAA;0.78;undefined;OTHER;OTHER
518232874+-2876.tif;1;0;754;1000;265;833;15;11;265;833;280;833;280;844;265;844;21.;NNS;0.76;undefined;OTHER;OTHER
518232874+-2876.tif;1;0;754;1000;285;833;14;12;285;833;299;833;299;845;285;845;(5);SNS;0.68;undefined;OTHER;OTHER
518232874+-2876.tif;1;0;754;1000;302;833;48;9;302;833;350;833;350;842;302;842;Asheville;AAAAAAAAA;0.81;undefined;OTHER;OTHER
518232874+-2876.tif;1;0;754;1000;147;834;13;11;147;834;160;834;160;845;147;845;(4);SNS;0.8;undefined;OTHER;OTHER
518232874+-2876.tif;1;0;754;1000;354;834;9;8;354;834;363;834;363;842;354;842;to;AA;0.58;undefined;OTHER;OTHER
518232874+-2876.tif;1;0;754;1000;257;838;4;2;257;838;261;838;261;840;257;840;-;S;0.73;undefined;OTHER;OTHER
518232874+-2876.tif;1;0;754;1000;695;842;8;5;695;842;703;842;703;847;695;847;U);AS;0.17;undefined;OTHER;OTHER
518232874+-2876.tif;1;0;754;1000;61;848;81;10;61;848;142;848;142;858;61;858;Winston-Salem;AAAAAAASAAAAA;0.61;undefined;OTHER;OTHER
518232874+-2876.tif;1;0;754;1000;145;849;27;9;145;849;172;849;172;858;145;858;-144;SNNN;0.9;undefined;OTHER;OTHER
518232874+-2876.tif;1;0;754;1000;695;850;8;6;695;850;703;850;703;856;695;856;M;A;0.0;undefined;OTHER;OTHER
518232874+-2876.tif;1;0;754;1000;695;859;8;6;695;859;703;859;703;865;695;865;to;AA;1.0;undefined;OTHER;OTHER
518232874+-2876.tif;1;0;754;1000;380;873;23;10;380;873;403;873;403;883;380;883;(Print;SAAAAA;0.47;undefined;OTHER;OTHER
518232874+-2876.tif;1;0;754;1000;417;873;25;10;417;873;442;873;442;883;417;883;Type);AAAAS;0.45;undefined;OTHER;OTHER
518232874+-2876.tif;1;0;754;1000;487;873;38;9;487;873;525;873;525;882;487;882;Approval;AAAAAAAA;0.41;undefined;OTHER;OTHER
518232874+-2876.tif;1;0;754;1000;528;873;38;10;528;873;566;873;566;883;528;883;Authority;AAAAAAAAA;0.43;undefined;OTHER;OTHER
518232874+-2876.tif;1;0;754;1000;569;873;41;10;569;873;610;873;610;883;569;883;Signature;AAAAAAAAA;0.56;undefined;OTHER;OTHER
518232874+-2876.tif;1;0;754;1000;613;873;16;8;613;873;629;873;629;881;613;881;and;AAA;0.22;undefined;OTHER;OTHER
518232874+-2876.tif;1;0;754;1000;632;873;20;8;632;873;652;873;652;881;632;881;Date;AAAA;0.37;undefined;OTHER;OTHER
518232874+-2876.tif;1;0;754;1000;55;874;42;10;55;874;97;874;97;884;55;884;Employee;AAAAAAAA;0.46;undefined;OTHER;OTHER
518232874+-2876.tif;1;0;754;1000;101;874;61;10;101;874;162;874;162;884;101;884;Sgnatcren’itle;AAAAAAAAASAAAA;0.42;undefined;OTHER;OTHER
518232874+-2876.tif;1;0;754;1000;184;874;20;8;184;874;204;874;204;882;184;882;Date;AAAA;0.63;undefined;OTHER;OTHER
518232874+-2876.tif;1;0;754;1000;271;874;38;9;271;874;309;874;309;883;271;883;Approval;AAAAAAAA;0.52;undefined;OTHER;OTHER
518232874+-2876.tif;1;0;754;1000;311;874;38;10;311;874;349;874;349;884;311;884;Authority;AAAAAAAAA;0.55;undefined;OTHER;OTHER
518232874+-2876.tif;1;0;754;1000;352;874;26;8;352;874;378;874;378;882;352;882;Name;AAAA;0.4;undefined;OTHER;OTHER
518232874+-2876.tif;1;0;754;1000;166;875;15;7;166;875;181;875;181;882;166;882;and;AAA;0.2;undefined;OTHER;OTHER
518232874+-2876.tif;1;0;754;1000;406;875;8;7;406;875;414;875;414;882;406;882;or;AA;0.63;undefined;OTHER;OTHER
518232874+-2876.tif;1;0;754;1000;695;877;8;7;695;877;703;877;703;884;695;884;to;AA;0.76;undefined;OTHER;OTHER
518232874+-2876.tif;1;0;754;1000;325;893;11;11;325;893;336;893;336;904;325;904;L.;AS;1.0;undefined;OTHER;OTHER
518232874+-2876.tif;1;0;754;1000;341;893;57;14;341;893;398;893;398;907;341;907;Mozingo;AAAAAAA;0.89;undefined;OTHER;OTHER
518232874+-2876.tif;1;0;754;1000;278;894;41;13;278;894;319;894;319;907;278;907;Roger;AAAAA;0.78;undefined;OTHER;OTHER
518232874+-2876.tif;1;0;754;1000;694;895;9;6;694;895;703;895;703;901;694;901;K);AS;0.28;undefined;OTHER;OTHER
518232874+-2876.tif;1;0;754;1000;694;904;9;7;694;904;703;904;703;911;694;911;CO;AA;0.64;undefined;OTHER;OTHER
518232874+-2876.tif;1;0;754;1000;146;918;19;7;146;918;165;918;165;925;146;925;<27/97;SNNSNN;0.14;undefined;OTHER;OTHER
518232874+-2876.tif;1;0;754;1000;142;919;3;5;142;919;145;919;145;924;142;924;1;N;0.4;undefined;OTHER;OTHER
