src;num_pages;page_id;page_width;page_height;col;row;width;height;x1;y1;x2;y2;x3;y3;x4;y4;contents;contents_masked;confidence;correctclass;tag;description
518284417+-4420.tif;1;0;754;1000;233;48;80;14;233;48;313;48;313;62;233;62;VOUCHER;AAAAAAA;0.59;undefined;OTHER;OTHER
518284417+-4420.tif;1;0;754;1000;62;49;82;15;62;49;144;49;144;64;62;64;BUSINESS;AAAAAAAA;0.54;undefined;OTHER;OTHER
518284417+-4420.tif;1;0;754;1000;150;49;77;14;150;49;227;49;227;63;150;63;EXPENSE;AAAAAAA;0.84;undefined;OTHER;OTHER
518284417+-4420.tif;1;0;754;1000;240;72;33;7;240;72;273;72;273;79;240;79;AccourJ;AAAAAAA;0.23;undefined;OTHER;OTHER
518284417+-4420.tif;1;0;754;1000;68;85;58;10;68;85;126;85;126;95;68;95;BENJAMIN;AAAAAAAA;0.51;undefined;OTHER;OTHER
518284417+-4420.tif;1;0;754;1000;130;85;11;9;130;85;141;85;141;94;130;94;S.;AS;0.94;undefined;OTHER;OTHER
518284417+-4420.tif;1;0;754;1000;144;85;44;9;144;85;188;85;188;94;144;94;RUFFIN;AAAAAA;0.69;undefined;OTHER;OTHER
518284417+-4420.tif;1;0;754;1000;246;85;33;9;246;85;279;85;279;94;246;94;72759;NNNNN;0.64;undefined;OTHER;OTHER
518284417+-4420.tif;1;0;754;1000;96;99;34;8;96;99;130;99;130;107;96;107;AddraM;AAAAAA;0.44;undefined;OTHER;OTHER
518284417+-4420.tif;1;0;754;1000;133;99;9;9;133;99;142;99;142;108;133;108;(If;SAA;0.22;undefined;OTHER;OTHER
518284417+-4420.tif;1;0;754;1000;146;99;44;9;146;99;190;99;190;108;146;108;applet);AAAAAAS;0.53;undefined;OTHER;OTHER
518284417+-4420.tif;1;0;754;1000;64;100;28;9;64;100;92;100;92;109;64;109;M*ng;ASAA;0.25;undefined;OTHER;OTHER
518284417+-4420.tif;1;0;754;1000;69;112;173;14;69;112;242;112;242;126;69;126;\A£Ffe*Btf03*%3WE/fFAP$;SASAAASAAANNSSNAASAAAAS;0.2;undefined;OTHER;OTHER
518284417+-4420.tif;1;0;754;1000;278;113;48;10;278;113;326;113;326;123;278;123;741-3512;NNNSNNNN;0.51;undefined;OTHER;OTHER
518284417+-4420.tif;1;0;754;1000;247;114;26;11;247;114;273;114;273;125;247;125;(910);SNNNS;0.68;undefined;OTHER;OTHER
518284417+-4420.tif;1;0;754;1000;69;129;62;11;69;129;131;129;131;140;69;140;REYNOLDS;AAAAAAAA;0.69;undefined;OTHER;OTHER
518284417+-4420.tif;1;0;754;1000;133;129;53;10;133;129;186;129;186;139;133;139;BUILDING;AAAAAAAA;0.65;undefined;OTHER;OTHER
518284417+-4420.tif;1;0;754;1000;205;129;24;9;205;129;229;129;229;138;205;138;17TH;NNAA;0.72;undefined;OTHER;OTHER
518284417+-4420.tif;1;0;754;1000;69;144;73;11;69;144;142;144;142;155;69;155;CORPORATE;AAAAAAAAA;0.68;undefined;OTHER;OTHER
518284417+-4420.tif;1;0;754;1000;146;144;51;9;146;144;197;144;197;153;146;153;AFFAIRS;AAAAAAA;0.85;undefined;OTHER;OTHER
518284417+-4420.tif;1;0;754;1000;504;171;57;10;504;171;561;171;561;181;504;181;PURPOSE;AAAAAAA;0.66;undefined;OTHER;OTHER
518284417+-4420.tif;1;0;754;1000;565;171;16;10;565;171;581;171;581;181;565;181;OF;AA;0.56;undefined;OTHER;OTHER
518284417+-4420.tif;1;0;754;1000;585;171;26;10;585;171;611;171;611;181;585;181;TRIP;AAAA;0.65;undefined;OTHER;OTHER
518284417+-4420.tif;1;0;754;1000;338;172;47;10;338;172;385;172;385;182;338;182;RETURN;AAAAAA;0.76;undefined;OTHER;OTHER
518284417+-4420.tif;1;0;754;1000;390;172;30;9;390;172;420;172;420;181;390;181;DATE;AAAA;0.85;undefined;OTHER;OTHER
518284417+-4420.tif;1;0;754;1000;64;173;47;11;64;173;111;173;111;184;64;184;DEPART;AAAAAA;0.78;undefined;OTHER;OTHER
518284417+-4420.tif;1;0;754;1000;115;173;31;10;115;173;146;173;146;183;115;183;DATE;AAAA;0.94;undefined;OTHER;OTHER
518284417+-4420.tif;1;0;754;1000;195;173;95;11;195;173;290;173;290;184;195;184;DESTINATION(S);AAAAAAAAAAASAS;0.71;undefined;OTHER;OTHER
518284417+-4420.tif;1;0;754;1000;481;185;30;10;481;185;511;185;511;195;481;195;Robin;AAAAA;0.57;undefined;OTHER;OTHER
518284417+-4420.tif;1;0;754;1000;575;185;34;10;575;185;609;185;609;195;575;195;CARM;AAAA;0.58;undefined;OTHER;OTHER
518284417+-4420.tif;1;0;754;1000;344;186;44;11;344;186;388;186;388;197;344;197;05/13/97;NNSNNSNN;0.54;undefined;OTHER;OTHER
518284417+-4420.tif;1;0;754;1000;428;186;25;9;428;186;453;186;453;195;428;195;Meel;AAAA;0.55;undefined;OTHER;OTHER
518284417+-4420.tif;1;0;754;1000;456;186;20;9;456;186;476;186;476;195;456;195;with;AAAA;0.46;undefined;OTHER;OTHER
518284417+-4420.tif;1;0;754;1000;515;186;56;11;515;186;571;186;571;197;515;197;Broussard,;AAAAAAAAAS;0.64;undefined;OTHER;OTHER
518284417+-4420.tif;1;0;754;1000;204;187;14;10;204;187;218;187;218;197;204;197;TX;AA;0.88;undefined;OTHER;OTHER
518284417+-4420.tif;1;0;754;1000;84;188;45;11;84;188;129;188;129;199;84;199;05/12/97;NNSNNSNN;0.74;undefined;OTHER;OTHER
518284417+-4420.tif;1;0;754;1000;153;188;46;10;153;188;199;188;199;198;153;198;Houston,;AAAAAAAS;0.59;undefined;OTHER;OTHER
518284417+-4420.tif;1;0;754;1000;353;223;27;11;353;223;380;223;380;234;353;234;PAID;AAAA;0.86;undefined;OTHER;OTHER
518284417+-4420.tif;1;0;754;1000;384;223;15;10;384;223;399;223;399;233;384;233;BY;AA;0.74;undefined;OTHER;OTHER
518284417+-4420.tif;1;0;754;1000;403;223;64;10;403;223;467;223;467;233;403;233;EMPLOYEE;AAAAAAAA;0.7;undefined;OTHER;OTHER
518284417+-4420.tif;1;0;754;1000;287;224;62;10;287;224;349;224;349;234;287;234;EXPENSES;AAAAAAAA;0.61;undefined;OTHER;OTHER
518284417+-4420.tif;1;0;754;1000;396;234;49;15;396;234;445;234;445;249;396;249;"Thursday""!";AAAAAAAASS;0.39;undefined;OTHER;OTHER
518284417+-4420.tif;1;0;754;1000;326;235;2;12;326;235;328;235;328;247;326;247;I;A;0.16;undefined;OTHER;OTHER
518284417+-4420.tif;1;0;754;1000;462;235;24;13;462;235;486;235;486;248;462;248;Friday;AAAAAA;0.48;undefined;OTHER;OTHER
518284417+-4420.tif;1;0;754;1000;502;236;2;11;502;236;504;236;504;247;502;247;I;A;0.51;undefined;OTHER;OTHER
518284417+-4420.tif;1;0;754;1000;385;237;1;9;385;237;386;237;386;246;385;246;I;A;1.0;undefined;OTHER;OTHER
518284417+-4420.tif;1;0;754;1000;178;238;32;10;178;238;210;238;210;248;178;248;WEEKl;AAAAA;0.61;undefined;OTHER;OTHER
518284417+-4420.tif;1;0;754;1000;267;238;2;9;267;238;269;238;269;247;267;247;I;A;1.0;undefined;OTHER;OTHER
518284417+-4420.tif;1;0;754;1000;332;238;48;11;332;238;380;238;380;249;332;249;Wadnwday;AAAAAAAA;0.17;undefined;OTHER;OTHER
518284417+-4420.tif;1;0;754;1000;507;238;36;9;507;238;543;238;543;247;507;247;Saturday;AAAAAAAA;0.47;undefined;OTHER;OTHER
518284417+-4420.tif;1;0;754;1000;577;238;30;10;577;238;607;238;607;248;577;248;Sunday;AAAAAA;0.36;undefined;OTHER;OTHER
518284417+-4420.tif;1;0;754;1000;280;239;35;11;280;239;315;239;315;250;280;250;Tuesday;AAAAAAA;0.3;undefined;OTHER;OTHER
518284417+-4420.tif;1;0;754;1000;633;239;48;9;633;239;681;239;681;248;633;248;SUMMARY;AAAAAAA;0.52;undefined;OTHER;OTHER
518284417+-4420.tif;1;0;754;1000;223;240;31;10;223;240;254;240;254;250;223;250;Monday;AAAAAA;0.34;undefined;OTHER;OTHER
518284417+-4420.tif;1;0;754;1000;120;241;19;7;120;241;139;241;139;248;120;248;DAY;AAA;0.56;undefined;OTHER;OTHER
518284417+-4420.tif;1;0;754;1000;141;241;12;7;141;241;153;241;153;248;141;248;OF;AA;0.51;undefined;OTHER;OTHER
518284417+-4420.tif;1;0;754;1000;157;241;18;7;157;241;175;241;175;248;157;248;THE;AAA;0.61;undefined;OTHER;OTHER
518284417+-4420.tif;1;0;754;1000;655;261;39;16;655;261;694;261;694;277;655;277;118.45|;NNNSNNS;0.64;undefined;OTHER;OTHER
518284417+-4420.tif;1;0;754;1000;564;265;58;13;564;265;622;265;622;278;564;278;HI;AA;0.24;undefined;OTHER;OTHER
518284417+-4420.tif;1;0;754;1000;387;266;56;12;387;266;443;266;443;278;387;278;■■i;SSA;0.95;undefined;OTHER;OTHER
518284417+-4420.tif;1;0;754;1000;229;268;34;10;229;268;263;268;263;278;229;278;118.45;NNNSNN;0.68;undefined;OTHER;OTHER
518284417+-4420.tif;1;0;754;1000;98;271;67;10;98;271;165;271;165;281;98;281;(Allachttecelpl);SAAAAAAAAAAAAAAS;0.29;undefined;OTHER;OTHER
518284417+-4420.tif;1;0;754;1000;64;272;32;9;64;272;96;272;96;281;64;281;Lodging;AAAAAAA;0.54;undefined;OTHER;OTHER
518284417+-4420.tif;1;0;754;1000;661;281;27;9;661;281;688;281;688;290;661;290;1354;NNNN;0.71;undefined;OTHER;OTHER
518284417+-4420.tif;1;0;754;1000;294;283;28;9;294;283;322;283;322;292;294;292;13.54;NNSNN;0.63;undefined;OTHER;OTHER
518284417+-4420.tif;1;0;754;1000;66;285;35;9;66;285;101;285;101;294;66;294;Waldaat;AAAAAAA;0.36;undefined;OTHER;OTHER
518284417+-4420.tif;1;0;754;1000;105;285;26;10;105;285;131;285;131;295;105;295;(Yours;SAAAAA;0.19;undefined;OTHER;OTHER
518284417+-4420.tif;1;0;754;1000;135;285;28;9;135;285;163;285;163;294;135;294;ONLY);AAAAS;0.31;undefined;OTHER;OTHER
518284417+-4420.tif;1;0;754;1000;91;300;27;10;91;300;118;300;118;310;91;310;(Yours;SAAAAA;0.24;undefined;OTHER;OTHER
518284417+-4420.tif;1;0;754;1000;122;300;27;9;122;300;149;300;149;309;122;309;ONLY);AAAAS;0.79;undefined;OTHER;OTHER
518284417+-4420.tif;1;0;754;1000;66;301;22;7;66;301;88;301;88;308;66;308;-unch;SAAAA;0.38;undefined;OTHER;OTHER
518284417+-4420.tif;1;0;754;1000;94;314;25;11;94;314;119;314;119;325;94;325;(Yours;SAAAAA;0.21;undefined;OTHER;OTHER
518284417+-4420.tif;1;0;754;1000;124;314;27;10;124;314;151;314;151;324;124;324;ONLY);AAAAS;0.47;undefined;OTHER;OTHER
518284417+-4420.tif;1;0;754;1000;66;315;23;7;66;315;89;315;89;322;66;322;>/vner;SSAAAA;0.12;undefined;OTHER;OTHER
518284417+-4420.tif;1;0;754;1000;98;343;19;9;98;343;117;343;117;352;98;352;Fees;AAAA;0.57;undefined;OTHER;OTHER
518284417+-4420.tif;1;0;754;1000;66;345;29;9;66;345;95;345;95;354;66;354;’arXng;SAAAAA;0.4;undefined;OTHER;OTHER
518284417+-4420.tif;1;0;754;1000;280;345;4;2;280;345;284;345;284;347;280;347;*;S;0.73;undefined;OTHER;OTHER
518284417+-4420.tif;1;0;754;1000;661;354;28;10;661;354;689;354;689;364;661;364;13.00;NNSNN;0.59;undefined;OTHER;OTHER
518284417+-4420.tif;1;0;754;1000;241;356;23;10;241;356;264;356;264;366;241;366;7.00;NSNN;0.77;undefined;OTHER;OTHER
518284417+-4420.tif;1;0;754;1000;300;356;24;10;300;356;324;356;324;366;300;366;600;NNN;0.63;undefined;OTHER;OTHER
518284417+-4420.tif;1;0;754;1000;143;358;46;10;143;358;189;358;189;368;143;368;EK**t*fe);AASSASAAS;0.21;undefined;OTHER;OTHER
518284417+-4420.tif;1;0;754;1000;85;359;17;10;85;359;102;359;102;369;85;369;(Nol;SAAA;0.29;undefined;OTHER;OTHER
518284417+-4420.tif;1;0;754;1000;106;359;34;7;106;359;140;359;140;366;106;366;1ncArded;NAAAAAAA;0.26;undefined;OTHER;OTHER
518284417+-4420.tif;1;0;754;1000;64;360;18;9;64;360;82;360;82;369;64;369;Tip*;AAAS;0.46;undefined;OTHER;OTHER
518284417+-4420.tif;1;0;754;1000;67;373;41;10;67;373;108;373;108;383;67;383;reteohone;AAAAAAAAA;0.34;undefined;OTHER;OTHER
518284417+-4420.tif;1;0;754;1000;110;373;6;8;110;373;116;373;116;381;110;381;A;A;0.13;undefined;OTHER;OTHER
518284417+-4420.tif;1;0;754;1000;119;373;42;9;119;373;161;373;161;382;119;382;Teiogreph;AAAAAAAAA;0.38;undefined;OTHER;OTHER
518284417+-4420.tif;1;0;754;1000;85;387;27;9;85;387;112;387;112;396;85;396;Reneal;AAAAAA;0.49;undefined;OTHER;OTHER
518284417+-4420.tif;1;0;754;1000;114;387;30;10;114;387;144;387;144;397;114;397;(Attach;SAAAAAA;0.4;undefined;OTHER;OTHER
518284417+-4420.tif;1;0;754;1000;147;387;14;7;147;387;161;387;161;394;147;394;Aar;AAA;0.56;undefined;OTHER;OTHER
518284417+-4420.tif;1;0;754;1000;162;388;35;8;162;388;197;388;197;396;162;396;eemeat);AAAAAAS;0.41;undefined;OTHER;OTHER
518284417+-4420.tif;1;0;754;1000;502;388;1;7;502;388;503;388;503;395;502;395;1;N;0.17;undefined;OTHER;OTHER
518284417+-4420.tif;1;0;754;1000;64;389;20;7;64;389;84;389;84;396;64;396;Auto;AAAA;0.21;undefined;OTHER;OTHER
518284417+-4420.tif;1;0;754;1000;61;400;40;14;61;400;101;400;101;414;61;414;|Pertonal;SAAAAAAAA;0.6;undefined;OTHER;OTHER
518284417+-4420.tif;1;0;754;1000;234;401;6;8;234;401;240;401;240;409;234;409;X;A;1.0;undefined;OTHER;OTHER
518284417+-4420.tif;1;0;754;1000;244;401;25;9;244;401;269;401;269;410;244;410;"$031;";SNNNS;0.43;undefined;OTHER;OTHER
518284417+-4420.tif;1;0;754;1000;271;401;3;11;271;401;274;401;274;412;271;412;);S;0.17;undefined;OTHER;OTHER
518284417+-4420.tif;1;0;754;1000;104;402;19;8;104;402;123;402;123;410;104;410;Auto;AAAA;0.5;undefined;OTHER;OTHER
518284417+-4420.tif;1;0;754;1000;125;402;3;9;125;402;128;402;128;411;125;411;(;S;0.27;undefined;OTHER;OTHER
518284417+-4420.tif;1;0;754;1000;209;402;21;7;209;402;230;402;230;409;209;409;miles;AAAAA;0.46;undefined;OTHER;OTHER
518284417+-4420.tif;1;0;754;1000;89;417;21;10;89;417;110;417;110;427;89;427;(Give;SAAAA;0.34;undefined;OTHER;OTHER
518284417+-4420.tif;1;0;754;1000;113;417;51;9;113;417;164;417;164;426;113;426;eiplanafion);AAAAAAAAAAAS;0.37;undefined;OTHER;OTHER
518284417+-4420.tif;1;0;754;1000;64;418;22;8;64;418;86;418;86;426;64;426;Mlsc.;AAAAS;0.45;undefined;OTHER;OTHER
518284417+-4420.tif;1;0;754;1000;693;486;2;17;693;486;695;486;695;503;693;503;[;S;0.26;undefined;OTHER;OTHER
518284417+-4420.tif;1;0;754;1000;503;487;2;13;503;487;505;487;505;500;503;500;1;N;0.64;undefined;OTHER;OTHER
518284417+-4420.tif;1;0;754;1000;554;488;9;12;554;488;563;488;563;500;554;500;J;A;0.26;undefined;OTHER;OTHER
518284417+-4420.tif;1;0;754;1000;656;488;17;9;656;488;673;488;673;497;656;497;144;NNN;0.6;undefined;OTHER;OTHER
518284417+-4420.tif;1;0;754;1000;677;488;12;9;677;488;689;488;689;497;677;497;99;NN;0.94;undefined;OTHER;OTHER
518284417+-4420.tif;1;0;754;1000;295;489;28;10;295;489;323;489;323;499;295;499;19.54;NNSNN;0.56;undefined;OTHER;OTHER
518284417+-4420.tif;1;0;754;1000;229;490;35;9;229;490;264;490;264;499;229;499;125.45;NNNSNN;0.69;undefined;OTHER;OTHER
518284417+-4420.tif;1;0;754;1000;137;491;27;8;137;491;164;491;164;499;137;499;DAILY;AAAAA;0.68;undefined;OTHER;OTHER
518284417+-4420.tif;1;0;754;1000;168;491;37;8;168;491;205;491;205;499;168;499;TOTALS;AAAAAA;0.89;undefined;OTHER;OTHER
518284417+-4420.tif;1;0;754;1000;376;505;19;9;376;505;395;505;395;514;376;514;With;AAAA;0.33;undefined;OTHER;OTHER
518284417+-4420.tif;1;0;754;1000;399;505;14;8;399;505;413;505;413;513;399;513;and;AAA;0.45;undefined;OTHER;OTHER
518284417+-4420.tif;1;0;754;1000;417;505;16;8;417;505;433;505;433;513;417;513;Bat;AAA;0.5;undefined;OTHER;OTHER
518284417+-4420.tif;1;0;754;1000;433;505;21;8;433;505;454;505;454;513;433;513;Iren;AAAA;0.46;undefined;OTHER;OTHER
518284417+-4420.tif;1;0;754;1000;458;505;83;10;458;505;541;505;541;515;458;515;Pu-poseP-'scusslon);AASAAAAASSAAAAAAAAS;0.41;undefined;OTHER;OTHER
518284417+-4420.tif;1;0;754;1000;218;506;26;10;218;506;244;506;244;516;218;516;(Shew;SAAAA;0.23;undefined;OTHER;OTHER
518284417+-4420.tif;1;0;754;1000;248;506;20;9;248;506;268;506;268;515;248;515;Date.;AAAAS;0.42;undefined;OTHER;OTHER
518284417+-4420.tif;1;0;754;1000;273;506;24;9;273;506;297;506;297;515;273;515;Place.;AAAAAS;0.37;undefined;OTHER;OTHER
518284417+-4420.tif;1;0;754;1000;301;506;33;8;301;506;334;506;334;514;301;514;Persons;AAAAAAA;0.34;undefined;OTHER;OTHER
518284417+-4420.tif;1;0;754;1000;338;506;34;8;338;506;372;506;372;514;338;514;Affiliated;AAAAAAAAAA;0.52;undefined;OTHER;OTHER
518284417+-4420.tif;1;0;754;1000;105;507;31;9;105;507;136;507;136;516;105;516;Mooing;AAAAAA;0.4;undefined;OTHER;OTHER
518284417+-4420.tif;1;0;754;1000;152;507;56;7;152;507;208;507;208;514;152;514;Entertainment;AAAAAAAAAAAAA;0.34;undefined;OTHER;OTHER
518284417+-4420.tif;1;0;754;1000;65;508;36;8;65;508;101;508;101;516;65;516;Builne**;AAAAAASS;0.3;undefined;OTHER;OTHER
518284417+-4420.tif;1;0;754;1000;140;509;7;5;140;509;147;509;147;514;140;514;or;AA;0.38;undefined;OTHER;OTHER
518284417+-4420.tif;1;0;754;1000;211;510;3;2;211;510;214;510;214;512;211;512;-;S;0.57;undefined;OTHER;OTHER
518284417+-4420.tif;1;0;754;1000;661;517;28;10;661;517;689;517;689;527;661;527;21.88;NNSNN;0.63;undefined;OTHER;OTHER
518284417+-4420.tif;1;0;754;1000;410;518;51;11;410;518;461;518;461;529;410;529;Corporate;AAAAAAAAA;0.51;undefined;OTHER;OTHER
518284417+-4420.tif;1;0;754;1000;464;518;34;10;464;518;498;518;498;528;464;528;Affairs;AAAAAAA;0.65;undefined;OTHER;OTHER
518284417+-4420.tif;1;0;754;1000;502;518;30;12;502;518;532;518;532;530;502;530;plans,;AAAAAS;0.71;undefined;OTHER;OTHER
518284417+-4420.tif;1;0;754;1000;368;519;38;10;368;519;406;519;406;529;368;529;discuss;AAAAAAA;0.73;undefined;OTHER;OTHER
518284417+-4420.tif;1;0;754;1000;71;520;91;12;71;520;162;520;162;532;71;532;5/12-Pappadeaux;NSNNSAAAAAAAAAA;0.62;undefined;OTHER;OTHER
518284417+-4420.tif;1;0;754;1000;166;520;83;10;166;520;249;520;249;530;166;530;Seafood-Lunch;AAAAAAASAAAAA;0.53;undefined;OTHER;OTHER
518284417+-4420.tif;1;0;754;1000;253;520;42;9;253;520;295;520;295;529;253;529;w/Robln;ASAAAAA;0.54;undefined;OTHER;OTHER
518284417+-4420.tif;1;0;754;1000;299;520;52;9;299;520;351;520;351;529;299;529;Broussard;AAAAAAAAA;0.5;undefined;OTHER;OTHER
518284417+-4420.tif;1;0;754;1000;355;520;9;9;355;520;364;520;364;529;355;529;to;AA;0.67;undefined;OTHER;OTHER
518284417+-4420.tif;1;0;754;1000;537;520;49;10;537;520;586;520;586;530;537;530;programs;AAAAAAAA;0.72;undefined;OTHER;OTHER
518284417+-4420.tif;1;0;754;1000;93;535;54;13;93;535;147;535;147;548;93;548;operations;AAAAAAAAAA;0.45;undefined;OTHER;OTHER
518284417+-4420.tif;1;0;754;1000;71;536;18;9;71;536;89;536;89;545;71;545;and;AAA;0.2;undefined;OTHER;OTHER
518284417+-4420.tif;1;0;754;1000;71;546;78;15;71;546;149;546;149;561;71;561;S/12-Saitflrass;ASNNSAAAAAAAAAA;0.36;undefined;OTHER;OTHER
518284417+-4420.tif;1;0;754;1000;661;546;28;9;661;546;689;546;689;555;661;555;50.90;NNSNN;0.65;undefined;OTHER;OTHER
518284417+-4420.tif;1;0;754;1000;352;547;38;11;352;547;390;547;390;558;352;558;discuss;AAAAAAA;0.44;undefined;OTHER;OTHER
518284417+-4420.tif;1;0;754;1000;394;547;41;11;394;547;435;547;435;558;394;558;possible;AAAAAAAA;0.61;undefined;OTHER;OTHER
518284417+-4420.tif;1;0;754;1000;440;547;62;11;440;547;502;547;502;558;440;558;participation;AAAAAAAAAAAAA;0.6;undefined;OTHER;OTHER
518284417+-4420.tif;1;0;754;1000;505;547;21;10;505;547;526;547;526;557;505;557;with;AAAA;0.59;undefined;OTHER;OTHER
518284417+-4420.tif;1;0;754;1000;530;547;28;11;530;547;558;547;558;558;530;558;youth;AAAAA;0.49;undefined;OTHER;OTHER
518284417+-4420.tif;1;0;754;1000;305;548;30;10;305;548;335;548;335;558;305;558;Lucas;AAAAA;0.62;undefined;OTHER;OTHER
518284417+-4420.tif;1;0;754;1000;153;549;69;9;153;549;222;549;222;558;153;558;Stoakhouse-;AAAAAAAAAAS;0.52;undefined;OTHER;OTHER
518284417+-4420.tif;1;0;754;1000;227;549;34;9;227;549;261;549;261;558;227;558;Dinner;AAAAAA;0.6;undefined;OTHER;OTHER
518284417+-4420.tif;1;0;754;1000;264;549;36;9;264;549;300;549;300;558;264;558;w/John;ASAAAA;0.6;undefined;OTHER;OTHER
518284417+-4420.tif;1;0;754;1000;339;549;9;9;339;549;348;549;348;558;339;558;to;AA;0.5;undefined;OTHER;OTHER
518284417+-4420.tif;1;0;754;1000;71;566;48;10;71;566;119;566;119;576;71;576;programs;AAAAAAAA;0.31;undefined;OTHER;OTHER
518284417+-4420.tif;1;0;754;1000;386;597;14;8;386;597;400;597;400;605;386;605;0/1;NSN;0.39;undefined;OTHER;OTHER
518284417+-4420.tif;1;0;754;1000;404;597;33;8;404;597;437;597;437;605;404;605;COOES;AAAAA;0.34;undefined;OTHER;OTHER
518284417+-4420.tif;1;0;754;1000;252;598;32;8;252;598;284;598;284;606;252;606;OTHER;AAAAA;0.39;undefined;OTHER;OTHER
518284417+-4420.tif;1;0;754;1000;287;598;33;8;287;598;320;598;320;606;287;606;CODES;AAAAA;0.54;undefined;OTHER;OTHER
518284417+-4420.tif;1;0;754;1000;655;598;34;10;655;598;689;598;689;608;655;608;217.77;NNNSNN;0.97;undefined;OTHER;OTHER
518284417+-4420.tif;1;0;754;1000;99;599;49;8;99;599;148;599;148;607;99;607;EXPENSES;AAAAAAAA;0.63;undefined;OTHER;OTHER
518284417+-4420.tif;1;0;754;1000;152;599;21;7;152;599;173;599;173;606;152;606;PAIO;AAAA;0.52;undefined;OTHER;OTHER
518284417+-4420.tif;1;0;754;1000;176;599;13;7;176;599;189;599;189;606;176;606;BY;AA;0.55;undefined;OTHER;OTHER
518284417+-4420.tif;1;0;754;1000;193;599;51;7;193;599;244;599;244;606;193;606;EMPLOYEE;AAAAAAAA;0.47;undefined;OTHER;OTHER
518284417+-4420.tif;1;0;754;1000;549;599;26;10;549;599;575;599;575;609;549;609;9070;NNNN;0.64;undefined;OTHER;OTHER
518284417+-4420.tif;1;0;754;1000;578;599;18;10;578;599;596;599;596;609;578;609;081;NNN;0.65;undefined;OTHER;OTHER
518284417+-4420.tif;1;0;754;1000;65;600;30;7;65;600;95;600;95;607;65;607;TOTAL;AAAAA;0.73;undefined;OTHER;OTHER
518284417+-4420.tif;1;0;754;1000;487;600;12;9;487;600;499;600;499;609;487;609;04;NN;0.69;undefined;OTHER;OTHER
518284417+-4420.tif;1;0;754;1000;503;600;12;9;503;600;515;600;515;609;503;609;88;NN;0.69;undefined;OTHER;OTHER
518284417+-4420.tif;1;0;754;1000;519;600;26;9;519;600;545;600;545;609;519;609;0000;NNNN;0.41;undefined;OTHER;OTHER
518284417+-4420.tif;1;0;754;1000;686;615;6;12;686;615;692;615;692;627;686;627;1;N;0.26;undefined;OTHER;OTHER
518284417+-4420.tif;1;0;754;1000;87;617;25;9;87;617;112;617;112;626;87;626;Travel;AAAAAA;0.53;undefined;OTHER;OTHER
518284417+-4420.tif;1;0;754;1000;115;618;36;7;115;618;151;618;151;625;115;625;Advance;AAAAAAA;0.2;undefined;OTHER;OTHER
518284417+-4420.tif;1;0;754;1000;65;619;19;7;65;619;84;619;84;626;65;626;Lest;AAAA;0.48;undefined;OTHER;OTHER
518284417+-4420.tif;1;0;754;1000;643;633;43;12;643;633;686;633;686;645;643;645;217.77;NNNSNN;0.92;undefined;OTHER;OTHER
518284417+-4420.tif;1;0;754;1000;130;635;51;9;130;635;181;635;181;644;130;644;EMPLOYEE;AAAAAAAA;0.57;undefined;OTHER;OTHER
518284417+-4420.tif;1;0;754;1000;65;636;40;9;65;636;105;636;105;645;65;645;AMOUNT;AAAAAA;0.42;undefined;OTHER;OTHER
518284417+-4420.tif;1;0;754;1000;108;636;19;8;108;636;127;636;127;644;108;644;DUE;AAA;0.39;undefined;OTHER;OTHER
518284417+-4420.tif;1;0;754;1000;108;657;19;9;108;657;127;657;127;666;108;666;DUE;AAA;0.65;undefined;OTHER;OTHER
518284417+-4420.tif;1;0;754;1000;66;658;39;9;66;658;105;658;105;667;66;667;AMOUNT;AAAAAA;0.52;undefined;OTHER;OTHER
518284417+-4420.tif;1;0;754;1000;131;658;47;8;131;658;178;658;178;666;131;666;COMPANY;AAAAAAA;0.56;undefined;OTHER;OTHER
518284417+-4420.tif;1;0;754;1000;454;688;2;10;454;688;456;688;456;698;454;698;1;N;1.0;undefined;OTHER;OTHER
518284417+-4420.tif;1;0;754;1000;367;690;49;9;367;690;416;690;416;699;367;699;Destination;AAAAAAAAAAA;0.33;undefined;OTHER;OTHER
518284417+-4420.tif;1;0;754;1000;484;691;71;10;484;691;555;691;555;701;484;701;Corrment*(Note;AAAAAAAASSAAAA;0.44;undefined;OTHER;OTHER
518284417+-4420.tif;1;0;754;1000;559;691;6;7;559;691;565;691;565;698;559;698;If;AA;0.33;undefined;OTHER;OTHER
518284417+-4420.tif;1;0;754;1000;568;691;42;10;568;691;610;691;610;701;568;701;Company;AAAAAAA;0.33;undefined;OTHER;OTHER
518284417+-4420.tif;1;0;754;1000;614;691;34;10;614;691;648;691;648;701;614;701;aircraft);AAAAAAAAS;0.43;undefined;OTHER;OTHER
518284417+-4420.tif;1;0;754;1000;116;692;42;10;116;692;158;692;158;702;116;702;Departure;AAAAAAAAA;0.4;undefined;OTHER;OTHER
518284417+-4420.tif;1;0;754;1000;163;692;19;8;163;692;182;692;182;700;163;700;Date;AAAA;0.29;undefined;OTHER;OTHER
518284417+-4420.tif;1;0;754;1000;248;692;26;9;248;692;274;692;274;701;248;701;Origin;AAAAAA;0.47;undefined;OTHER;OTHER
518284417+-4420.tif;1;0;754;1000;87;696;6;8;87;696;93;696;93;704;87;704;C;A;0.59;undefined;OTHER;OTHER
518284417+-4420.tif;1;0;754;1000;70;697;6;7;70;697;76;697;76;704;70;704;A;A;1.0;undefined;OTHER;OTHER
518284417+-4420.tif;1;0;754;1000;334;704;45;12;334;704;379;704;379;716;334;716;Houston,;AAAAAAAS;0.59;undefined;OTHER;OTHER
518284417+-4420.tif;1;0;754;1000;383;704;14;9;383;704;397;704;397;713;383;713;TX;AA;0.89;undefined;OTHER;OTHER
518284417+-4420.tif;1;0;754;1000;459;704;56;11;459;704;515;704;515;715;459;715;USAIrways;AAAAAAAAA;0.71;undefined;OTHER;OTHER
518284417+-4420.tif;1;0;754;1000;527;704;42;10;527;704;569;704;569;714;527;714;$970.90;SNNNSNN;0.61;undefined;OTHER;OTHER
518284417+-4420.tif;1;0;754;1000;128;705;45;10;128;705;173;705;173;715;128;715;05/12/97;NNSNNSNN;0.61;undefined;OTHER;OTHER
518284417+-4420.tif;1;0;754;1000;198;705;26;9;198;705;224;705;224;714;198;714;GSO;AAA;0.67;undefined;OTHER;OTHER
518284417+-4420.tif;1;0;754;1000;71;707;3;8;71;707;74;707;74;715;71;715;I;A;0.41;undefined;OTHER;OTHER
518284417+-4420.tif;1;0;754;1000;87;707;6;8;87;707;93;707;93;715;87;715;M;A;0.38;undefined;OTHER;OTHER
518284417+-4420.tif;1;0;754;1000;519;709;3;1;519;709;522;709;522;710;519;710;-;S;0.63;undefined;OTHER;OTHER
518284417+-4420.tif;1;0;754;1000;70;718;6;8;70;718;76;718;76;726;70;726;R;A;0.33;undefined;OTHER;OTHER
518284417+-4420.tif;1;0;754;1000;87;718;6;8;87;718;93;718;93;726;87;726;A;A;0.18;undefined;OTHER;OTHER
518284417+-4420.tif;1;0;754;1000;71;730;5;8;71;730;76;730;76;738;71;738;L;A;0.41;undefined;OTHER;OTHER
518284417+-4420.tif;1;0;754;1000;87;730;7;8;87;730;94;730;94;738;87;738;R;A;0.44;undefined;OTHER;OTHER
518284417+-4420.tif;1;0;754;1000;72;741;2;9;72;741;74;741;74;750;72;750;I;A;0.61;undefined;OTHER;OTHER
518284417+-4420.tif;1;0;754;1000;87;741;7;8;87;741;94;741;94;749;87;749;O;A;0.37;undefined;OTHER;OTHER
518284417+-4420.tif;1;0;754;1000;70;752;6;8;70;752;76;752;76;760;70;760;N;A;0.57;undefined;OTHER;OTHER
518284417+-4420.tif;1;0;754;1000;87;752;6;8;87;752;93;752;93;760;87;760;E;A;0.3;undefined;OTHER;OTHER
518284417+-4420.tif;1;0;754;1000;70;764;5;7;70;764;75;764;75;771;70;771;E;A;0.34;undefined;OTHER;OTHER
518284417+-4420.tif;1;0;754;1000;87;764;6;7;87;764;93;764;93;771;87;771;S;A;0.58;undefined;OTHER;OTHER
518284417+-4420.tif;1;0;754;1000;66;787;50;9;66;787;116;787;116;796;66;796;Other-Give;AAAAASAAAA;0.43;undefined;OTHER;OTHER
518284417+-4420.tif;1;0;754;1000;119;787;28;8;119;787;147;787;147;795;119;795;Details;AAAAAAA;0.27;undefined;OTHER;OTHER
518284417+-4420.tif;1;0;754;1000;698;844;10;42;698;844;708;844;708;886;698;886;8Z8TS;NANAA;0.2;undefined;OTHER;OTHER
518284417+-4420.tif;1;0;754;1000;382;867;23;10;382;867;405;867;405;877;382;877;(Print;SAAAAA;0.47;undefined;OTHER;OTHER
518284417+-4420.tif;1;0;754;1000;356;868;24;9;356;868;380;868;380;877;356;877;Name;AAAA;0.17;undefined;OTHER;OTHER
518284417+-4420.tif;1;0;754;1000;418;868;23;10;418;868;441;868;441;878;418;878;Type);AAAAS;0.33;undefined;OTHER;OTHER
518284417+-4420.tif;1;0;754;1000;486;868;37;9;486;868;523;868;523;877;486;877;Approval;AAAAAAAA;0.19;undefined;OTHER;OTHER
518284417+-4420.tif;1;0;754;1000;525;868;39;10;525;868;564;868;564;878;525;878;AulhorVy;AAAAAAAA;0.64;undefined;OTHER;OTHER
518284417+-4420.tif;1;0;754;1000;566;868;40;10;566;868;606;868;606;878;566;878;Signature;AAAAAAAAA;0.32;undefined;OTHER;OTHER
518284417+-4420.tif;1;0;754;1000;609;868;15;8;609;868;624;868;624;876;609;876;and;AAA;0.29;undefined;OTHER;OTHER
518284417+-4420.tif;1;0;754;1000;627;868;19;8;627;868;646;868;646;876;627;876;Dale;AAAA;0.39;undefined;OTHER;OTHER
518284417+-4420.tif;1;0;754;1000;276;869;37;9;276;869;313;869;313;878;276;878;Approval;AAAAAAAA;0.26;undefined;OTHER;OTHER
518284417+-4420.tif;1;0;754;1000;316;869;37;9;316;869;353;869;353;878;316;878;AiXhotfcy;AAAAAAAAA;0.29;undefined;OTHER;OTHER
518284417+-4420.tif;1;0;754;1000;407;870;8;6;407;870;415;870;415;876;407;876;w;A;0.28;undefined;OTHER;OTHER
518284417+-4420.tif;1;0;754;1000;377;890;49;13;377;890;426;890;426;903;377;903;RUFFIN;AAAAAA;0.71;undefined;OTHER;OTHER
518284417+-4420.tif;1;0;754;1000;284;891;70;12;284;891;354;891;354;903;284;903;BENJAMIN;AAAAAAAA;0.8;undefined;OTHER;OTHER
518284417+-4420.tif;1;0;754;1000;360;891;11;12;360;891;371;891;371;903;360;903;S.;AS;0.81;undefined;OTHER;OTHER
518284417+-4420.tif;1;0;754;1000;700;897;10;15;700;897;710;897;710;912;700;912;fr*;AAS;0.25;undefined;OTHER;OTHER
