src;num_pages;page_id;page_width;page_height;col;row;width;height;x1;y1;x2;y2;x3;y3;x4;y4;contents;contents_masked;confidence;correctclass;tag;description
518253610+-3615.tif;1;0;754;1000;527;34;3;28;527;34;530;34;530;62;527;62;[;S;0.67;undefined;OTHER;OTHER
518253610+-3615.tif;1;0;754;1000;465;36;2;8;465;36;467;36;467;44;465;44;I;A;0.22;undefined;OTHER;OTHER
518253610+-3615.tif;1;0;754;1000;388;37;20;7;388;37;408;37;408;44;388;44;Dale;AAAA;0.27;undefined;OTHER;OTHER
518253610+-3615.tif;1;0;754;1000;411;37;39;9;411;37;450;37;450;46;411;46;Prepared;AAAAAAAA;0.31;undefined;OTHER;OTHER
518253610+-3615.tif;1;0;754;1000;469;37;22;9;469;37;491;37;491;46;469;46;Page;AAAA;0.37;undefined;OTHER;OTHER
518253610+-3615.tif;1;0;754;1000;530;37;64;7;530;37;594;37;594;44;530;44;Disbursement;AAAAAAAAAAAA;0.2;undefined;OTHER;OTHER
518253610+-3615.tif;1;0;754;1000;597;37;53;9;597;37;650;37;650;46;597;46;Accounting;AAAAAAAAAA;0.58;undefined;OTHER;OTHER
518253610+-3615.tif;1;0;754;1000;654;37;17;8;654;37;671;37;671;45;654;45;Use;AAA;0.44;undefined;OTHER;OTHER
518253610+-3615.tif;1;0;754;1000;674;38;26;7;674;38;700;38;700;45;674;45;ONLY;AAAA;0.47;undefined;OTHER;OTHER
518253610+-3615.tif;1;0;754;1000;60;43;85;13;60;43;145;43;145;56;60;56;BUSINESS;AAAAAAAA;0.81;undefined;OTHER;OTHER
518253610+-3615.tif;1;0;754;1000;151;43;79;13;151;43;230;43;230;56;151;56;EXPENSE;AAAAAAA;0.66;undefined;OTHER;OTHER
518253610+-3615.tif;1;0;754;1000;235;43;84;13;235;43;319;43;319;56;235;56;VOUCHER;AAAAAAA;0.76;undefined;OTHER;OTHER
518253610+-3615.tif;1;0;754;1000;465;45;2;15;465;45;467;45;467;60;465;60;I;A;0.98;undefined;OTHER;OTHER
518253610+-3615.tif;1;0;754;1000;648;48;36;12;648;48;684;48;684;60;648;60;36.53;NNSNN;0.59;undefined;OTHER;OTHER
518253610+-3615.tif;1;0;754;1000;388;49;46;10;388;49;434;49;434;59;388;59;07/03/97;NNSNNSNN;0.71;undefined;OTHER;OTHER
518253610+-3615.tif;1;0;754;1000;483;49;3;10;483;49;486;49;486;59;483;59;1;N;0.97;undefined;OTHER;OTHER
518253610+-3615.tif;1;0;754;1000;493;53;8;8;493;53;501;53;501;61;493;61;of;AA;0.5;undefined;OTHER;OTHER
518253610+-3615.tif;1;0;754;1000;389;65;26;8;389;65;415;65;415;73;389;73;Return;AAAAAA;0.31;undefined;OTHER;OTHER
518253610+-3615.tif;1;0;754;1000;61;66;42;9;61;66;103;66;103;75;61;75;Employee;AAAAAAAA;0.26;undefined;OTHER;OTHER
518253610+-3615.tif;1;0;754;1000;106;66;25;7;106;66;131;66;131;73;106;73;Name;AAAA;0.29;undefined;OTHER;OTHER
518253610+-3615.tif;1;0;754;1000;243;66;35;7;243;66;278;66;278;73;243;73;Accounl;AAAAAAA;0.56;undefined;OTHER;OTHER
518253610+-3615.tif;1;0;754;1000;281;66;33;7;281;66;314;66;314;73;281;73;Number;AAAAAA;0.45;undefined;OTHER;OTHER
518253610+-3615.tif;1;0;754;1000;419;66;10;7;419;66;429;66;429;73;419;73;to:;AAS;0.41;undefined;OTHER;OTHER
518253610+-3615.tif;1;0;754;1000;65;78;32;12;65;78;97;78;97;90;65;90;Roger;AAAAA;0.93;undefined;OTHER;OTHER
518253610+-3615.tif;1;0;754;1000;101;79;8;9;101;79;109;79;109;88;101;88;L.;AS;0.92;undefined;OTHER;OTHER
518253610+-3615.tif;1;0;754;1000;114;79;45;11;114;79;159;79;159;90;114;90;Mozingo;AAAAAAA;0.4;undefined;OTHER;OTHER
518253610+-3615.tif;1;0;754;1000;249;79;33;9;249;79;282;79;282;88;249;88;75586;NNNNN;0.43;undefined;OTHER;OTHER
518253610+-3615.tif;1;0;754;1000;444;79;12;18;444;79;456;79;456;97;444;97;1;N;0.24;undefined;OTHER;OTHER
518253610+-3615.tif;1;0;754;1000;479;88;39;24;479;88;518;88;518;112;479;112;ft*;AAS;0.21;undefined;OTHER;OTHER
518253610+-3615.tif;1;0;754;1000;430;91;10;16;430;91;440;91;440;107;430;107;0;N;0.26;undefined;OTHER;OTHER
518253610+-3615.tif;1;0;754;1000;60;94;31;9;60;94;91;94;91;103;60;103;Mating;AAAAAA;0.42;undefined;OTHER;OTHER
518253610+-3615.tif;1;0;754;1000;93;94;35;8;93;94;128;94;128;102;93;102;Address;AAAAAAA;0.33;undefined;OTHER;OTHER
518253610+-3615.tif;1;0;754;1000;132;94;8;9;132;94;140;94;140;103;132;103;(If;SAA;0.58;undefined;OTHER;OTHER
518253610+-3615.tif;1;0;754;1000;143;94;47;9;143;94;190;94;190;103;143;103;applicable);AAAAAAAAAAS;0.31;undefined;OTHER;OTHER
518253610+-3615.tif;1;0;754;1000;243;94;42;8;243;94;285;94;285;102;243;102;Extension;AAAAAAAAA;0.4;undefined;OTHER;OTHER
518253610+-3615.tif;1;0;754;1000;288;95;34;7;288;95;322;95;322;102;288;102;Numbor;AAAAAA;0.2;undefined;OTHER;OTHER
518253610+-3615.tif;1;0;754;1000;469;96;3;14;469;96;472;96;472;110;469;110;1;N;0.95;undefined;OTHER;OTHER
518253610+-3615.tif;1;0;754;1000;65;107;19;11;65;107;84;107;84;118;65;118;VP,;AAS;0.84;undefined;OTHER;OTHER
518253610+-3615.tif;1;0;754;1000;88;107;27;10;88;107;115;107;115;117;88;117;State;AAAAA;0.46;undefined;OTHER;OTHER
518253610+-3615.tif;1;0;754;1000;120;108;66;10;120;108;186;108;186;118;120;118;Government;AAAAAAAAAA;0.54;undefined;OTHER;OTHER
518253610+-3615.tif;1;0;754;1000;190;108;49;10;190;108;239;108;239;118;190;118;Relations;AAAAAAAAA;0.63;undefined;OTHER;OTHER
518253610+-3615.tif;1;0;754;1000;249;108;27;12;249;108;276;108;276;120;249;120;(910);SNNNS;0.82;undefined;OTHER;OTHER
518253610+-3615.tif;1;0;754;1000;280;108;50;10;280;108;330;108;330;118;280;118;741-7665;NNNSNNNN;0.68;undefined;OTHER;OTHER
518253610+-3615.tif;1;0;754;1000;66;122;49;12;66;122;115;122;115;134;66;134;Reynolds;AAAAAAAA;0.71;undefined;OTHER;OTHER
518253610+-3615.tif;1;0;754;1000;206;123;22;9;206;123;228;123;228;132;206;132;11th;NNAA;0.57;undefined;OTHER;OTHER
518253610+-3615.tif;1;0;754;1000;65;137;66;10;65;137;131;137;131;147;65;147;Government;AAAAAAAAAA;0.8;undefined;OTHER;OTHER
518253610+-3615.tif;1;0;754;1000;135;137;50;10;135;137;185;137;185;147;135;147;Relations;AAAAAAAAA;0.59;undefined;OTHER;OTHER
518253610+-3615.tif;1;0;754;1000;114;168;34;12;114;168;148;168;148;180;114;180;DATE!;AAAAS;0.64;undefined;OTHER;OTHER
518253610+-3615.tif;1;0;754;1000;61;169;48;10;61;169;109;169;109;179;61;179;DEPART;AAAAAA;0.79;undefined;OTHER;OTHER
518253610+-3615.tif;1;0;754;1000;195;169;97;12;195;169;292;169;292;181;195;181;DESTINATION(S);AAAAAAAAAAASAS;0.69;undefined;OTHER;OTHER
518253610+-3615.tif;1;0;754;1000;397;169;35;11;397;169;432;169;432;180;397;180;DATEI;AAAAA;0.72;undefined;OTHER;OTHER
518253610+-3615.tif;1;0;754;1000;343;170;48;9;343;170;391;170;391;179;343;179;RETURN;AAAAAA;0.93;undefined;OTHER;OTHER
518253610+-3615.tif;1;0;754;1000;515;170;57;10;515;170;572;170;572;180;515;180;PURPOSE;AAAAAAA;0.71;undefined;OTHER;OTHER
518253610+-3615.tif;1;0;754;1000;577;170;16;10;577;170;593;170;593;180;577;180;OF;AA;0.57;undefined;OTHER;OTHER
518253610+-3615.tif;1;0;754;1000;597;170;27;10;597;170;624;170;624;180;597;180;TRIP;AAAA;0.77;undefined;OTHER;OTHER
518253610+-3615.tif;1;0;754;1000;465;181;45;14;465;181;510;181;510;195;465;195;Planning;AAAAAAAA;0.76;undefined;OTHER;OTHER
518253610+-3615.tif;1;0;754;1000;98;183;23;10;98;183;121;183;121;193;98;193;1;N;0.13;undefined;OTHER;OTHER
518253610+-3615.tif;1;0;754;1000;147;183;23;11;147;183;170;183;170;194;147;194;1;N;0.13;undefined;OTHER;OTHER
518253610+-3615.tif;1;0;754;1000;223;183;16;10;223;183;239;183;239;193;223;193;8;N;0.0;undefined;OTHER;OTHER
518253610+-3615.tif;1;0;754;1000;348;183;46;9;348;183;394;183;394;192;348;192;06/24/97;NNSNNSNN;0.52;undefined;OTHER;OTHER
518253610+-3615.tif;1;0;754;1000;436;183;24;9;436;183;460;183;460;192;436;192;SGR;AAA;0.43;undefined;OTHER;OTHER
518253610+-3615.tif;1;0;754;1000;515;183;46;9;515;183;561;183;561;192;515;192;Session*;AAAAAAAS;0.68;undefined;OTHER;OTHER
518253610+-3615.tif;1;0;754;1000;177;184;5;9;177;184;182;184;182;193;177;193;ir;AA;0.12;undefined;OTHER;OTHER
518253610+-3615.tif;1;0;754;1000;183;184;15;12;183;184;198;184;198;196;183;196;S';AS;0.28;undefined;OTHER;OTHER
518253610+-3615.tif;1;0;754;1000;171;186;5;7;171;186;176;186;176;193;171;193;</>;SSS;0.27;undefined;OTHER;OTHER
518253610+-3615.tif;1;0;754;1000;203;186;12;7;203;186;215;186;215;193;203;193;ยง;S;1.0;undefined;OTHER;OTHER
518253610+-3615.tif;1;0;754;1000;216;192;2;3;216;192;218;192;218;195;216;195;โข;S;0.21;undefined;OTHER;OTHER
518253610+-3615.tif;1;0;754;1000;81;198;46;9;81;198;127;198;127;207;81;207;06/25/97;NNSNNSNN;0.61;undefined;OTHER;OTHER
518253610+-3615.tif;1;0;754;1000;147;198;1;12;147;198;148;198;148;210;147;210;|;S;1.0;undefined;OTHER;OTHER
518253610+-3615.tif;1;0;754;1000;153;198;39;10;153;198;192;198;192;208;153;208;Boston,;AAAAAAS;0.65;undefined;OTHER;OTHER
518253610+-3615.tif;1;0;754;1000;197;198;17;9;197;198;214;198;214;207;197;207;MA;AA;0.67;undefined;OTHER;OTHER
518253610+-3615.tif;1;0;754;1000;348;198;46;9;348;198;394;198;394;207;348;207;06/26/97;NNSNNSNN;0.71;undefined;OTHER;OTHER
518253610+-3615.tif;1;0;754;1000;430;198;1;12;430;198;431;198;431;210;430;210;|;S;1.0;undefined;OTHER;OTHER
518253610+-3615.tif;1;0;754;1000;435;198;80;9;435;198;515;198;515;207;435;207;Massachusetts;AAAAAAAAAAAAA;0.69;undefined;OTHER;OTHER
518253610+-3615.tif;1;0;754;1000;519;198;56;12;519;198;575;198;575;210;519;210;Legislative;AAAAAAAAAAA;0.75;undefined;OTHER;OTHER
518253610+-3615.tif;1;0;754;1000;579;198;34;9;579;198;613;198;613;207;579;207;Issues;AAAAAA;0.8;undefined;OTHER;OTHER
518253610+-3615.tif;1;0;754;1000;617;198;45;12;617;198;662;198;662;210;617;210;Meeting.;AAAAAAAS;0.71;undefined;OTHER;OTHER
518253610+-3615.tif;1;0;754;1000;289;222;63;10;289;222;352;222;352;232;289;232;EXPENSES;AAAAAAAA;1.0;undefined;OTHER;OTHER
518253610+-3615.tif;1;0;754;1000;357;222;28;10;357;222;385;222;385;232;357;232;PAID;AAAA;0.69;undefined;OTHER;OTHER
518253610+-3615.tif;1;0;754;1000;394;222;12;10;394;222;406;222;406;232;394;232;JY;AA;0.49;undefined;OTHER;OTHER
518253610+-3615.tif;1;0;754;1000;411;223;65;9;411;223;476;223;476;232;411;232;EMPLOYEE;AAAAAAAA;0.84;undefined;OTHER;OTHER
518253610+-3615.tif;1;0;754;1000;281;236;37;10;281;236;318;236;318;246;281;246;Tuesday;AAAAAAA;0.35;undefined;OTHER;OTHER
518253610+-3615.tif;1;0;754;1000;401;236;41;11;401;236;442;236;442;247;401;247;Thursday;AAAAAAAA;0.48;undefined;OTHER;OTHER
518253610+-3615.tif;1;0;754;1000;512;236;2;13;512;236;514;236;514;249;512;249;|;S;0.9;undefined;OTHER;OTHER
518253610+-3615.tif;1;0;754;1000;222;237;34;9;222;237;256;237;256;246;222;246;Monday;AAAAAA;0.28;undefined;OTHER;OTHER
518253610+-3615.tif;1;0;754;1000;335;237;51;10;335;237;386;237;386;247;335;247;Wednesday;AAAAAAAAA;0.37;undefined;OTHER;OTHER
518253610+-3615.tif;1;0;754;1000;469;237;27;10;469;237;496;237;496;247;469;247;Friday;AAAAAA;0.48;undefined;OTHER;OTHER
518253610+-3615.tif;1;0;754;1000;517;237;39;10;517;237;556;237;556;247;517;247;Saturday;AAAAAAAA;0.43;undefined;OTHER;OTHER
518253610+-3615.tif;1;0;754;1000;588;237;32;10;588;237;620;237;620;247;588;247;Sunday;AAAAAA;0.55;undefined;OTHER;OTHER
518253610+-3615.tif;1;0;754;1000;156;238;19;9;156;238;175;238;175;247;156;247;THE;AAA;0.54;undefined;OTHER;OTHER
518253610+-3615.tif;1;0;754;1000;118;239;19;8;118;239;137;239;137;247;118;247;DAY;AAA;0.33;undefined;OTHER;OTHER
518253610+-3615.tif;1;0;754;1000;140;239;13;8;140;239;153;239;153;247;140;247;OF;AA;0.74;undefined;OTHER;OTHER
518253610+-3615.tif;1;0;754;1000;178;239;28;8;178;239;206;239;206;247;178;247;WEEK;AAAA;0.31;undefined;OTHER;OTHER
518253610+-3615.tif;1;0;754;1000;647;241;49;8;647;241;696;241;696;249;647;249;SUMMARY;AAAAAAA;0.61;undefined;OTHER;OTHER
518253610+-3615.tif;1;0;754;1000;396;249;54;11;396;249;450;249;450;260;396;260;"26-Jun-97""";NNSAAASNNS;0.7;undefined;OTHER;OTHER
518253610+-3615.tif;1;0;754;1000;213;251;51;9;213;251;264;251;264;260;213;260;23-Jun-97;NNSAAASNN;0.7;undefined;OTHER;OTHER
518253610+-3615.tif;1;0;754;1000;274;251;51;9;274;251;325;251;325;260;274;260;24-Jun-97;NNSAAASNN;0.68;undefined;OTHER;OTHER
518253610+-3615.tif;1;0;754;1000;335;251;51;9;335;251;386;251;386;260;335;260;25-Jun-97;NNSAAASNN;0.69;undefined;OTHER;OTHER
518253610+-3615.tif;1;0;754;1000;456;251;52;10;456;251;508;251;508;261;456;261;27-Jun-97;NNSAAASNN;0.73;undefined;OTHER;OTHER
518253610+-3615.tif;1;0;754;1000;517;251;51;10;517;251;568;251;568;261;517;261;28-Jun-97;NNSAAASNN;0.77;undefined;OTHER;OTHER
518253610+-3615.tif;1;0;754;1000;578;251;51;10;578;251;629;251;629;261;578;261;29*Jun-97;NNSAAASNN;0.68;undefined;OTHER;OTHER
518253610+-3615.tif;1;0;754;1000;650;252;43;8;650;252;693;252;693;260;650;260;AMOUNT;AAAAAA;0.27;undefined;OTHER;OTHER
518253610+-3615.tif;1;0;754;1000;181;253;25;8;181;253;206;253;206;261;181;261;DATE;AAAA;0.55;undefined;OTHER;OTHER
518253610+-3615.tif;1;0;754;1000;657;264;49;12;657;264;706;264;706;276;657;276;"""W07";SANN;0.41;undefined;OTHER;OTHER
518253610+-3615.tif;1;0;754;1000;350;266;36;9;350;266;386;266;386;275;350;275;340.07;NNNSNN;0.78;undefined;OTHER;OTHER
518253610+-3615.tif;1;0;754;1000;59;269;33;9;59;269;92;269;92;278;59;278;Lodging;AAAAAAA;0.47;undefined;OTHER;OTHER
518253610+-3615.tif;1;0;754;1000;96;269;30;9;96;269;126;269;126;278;96;278;(Altach;SAAAAAA;0.75;undefined;OTHER;OTHER
518253610+-3615.tif;1;0;754;1000;129;269;35;9;129;269;164;269;164;278;129;278;Receipt);AAAAAAAS;0.44;undefined;OTHER;OTHER
518253610+-3615.tif;1;0;754;1000;59;284;40;8;59;284;99;284;99;292;59;292;Breakfast;AAAAAAAAA;0.53;undefined;OTHER;OTHER
518253610+-3615.tif;1;0;754;1000;102;284;28;9;102;284;130;284;130;293;102;293;(Yours;SAAAAA;0.37;undefined;OTHER;OTHER
518253610+-3615.tif;1;0;754;1000;133;284;29;9;133;284;162;284;162;293;133;293;ONLY);AAAAS;0.6;undefined;OTHER;OTHER
518253610+-3615.tif;1;0;754;1000;682;295;22;11;682;295;704;295;704;306;682;306;5.75;NSNN;0.46;undefined;OTHER;OTHER
518253610+-3615.tif;1;0;754;1000;364;297;22;9;364;297;386;297;386;306;364;306;5.75;NSNN;0.71;undefined;OTHER;OTHER
518253610+-3615.tif;1;0;754;1000;61;299;23;8;61;299;84;299;84;307;61;307;.unch;SAAAA;0.19;undefined;OTHER;OTHER
518253610+-3615.tif;1;0;754;1000;88;299;27;9;88;299;115;299;115;308;88;308;(Yours;SAAAAA;0.64;undefined;OTHER;OTHER
518253610+-3615.tif;1;0;754;1000;119;299;28;9;119;299;147;299;147;308;119;308;ONLY);AAAAS;0.76;undefined;OTHER;OTHER
518253610+-3615.tif;1;0;754;1000;61;314;25;8;61;314;86;314;86;322;61;322;Dinner;AAAAAA;0.31;undefined;OTHER;OTHER
518253610+-3615.tif;1;0;754;1000;89;314;28;9;89;314;117;314;117;323;89;323;(Yours;SAAAAA;0.62;undefined;OTHER;OTHER
518253610+-3615.tif;1;0;754;1000;120;314;30;10;120;314;150;314;150;324;120;324;ONLY);AAAAS;0.55;undefined;OTHER;OTHER
518253610+-3615.tif;1;0;754;1000;357;325;31;10;357;325;388;325;388;335;357;335;7UM;NAA;0.15;undefined;OTHER;OTHER
518253610+-3615.tif;1;0;754;1000;663;325;4;1;663;325;667;325;667;326;663;326;"""";S;0.59;undefined;OTHER;OTHER
518253610+-3615.tif;1;0;754;1000;674;325;30;11;674;325;704;325;704;336;674;336;20.00;NNSNN;0.24;undefined;OTHER;OTHER
518253610+-3615.tif;1;0;754;1000;58;329;61;8;58;329;119;329;119;337;58;337;Cab/Bus/Limo;AAASAAASAAAA;0.56;undefined;OTHER;OTHER
518253610+-3615.tif;1;0;754;1000;297;339;32;12;297;339;329;339;329;351;297;351;"TC7J0""";AANANS;0.31;undefined;OTHER;OTHER
518253610+-3615.tif;1;0;754;1000;396;339;2;3;396;339;398;339;398;342;396;342;โ;S;1.0;undefined;OTHER;OTHER
518253610+-3615.tif;1;0;754;1000;418;340;29;11;418;340;447;340;447;351;418;351;16.00;NNSNN;0.26;undefined;OTHER;OTHER
518253610+-3615.tif;1;0;754;1000;675;340;29;11;675;340;704;340;704;351;675;351;32.00;NNSNN;0.33;undefined;OTHER;OTHER
518253610+-3615.tif;1;0;754;1000;59;344;31;10;59;344;90;344;90;354;59;354;Parking;AAAAAAA;0.33;undefined;OTHER;OTHER
518253610+-3615.tif;1;0;754;1000;94;344;20;8;94;344;114;344;114;352;94;352;Fees;AAAA;0.41;undefined;OTHER;OTHER
518253610+-3615.tif;1;0;754;1000;58;359;18;9;58;359;76;359;76;368;58;368;Tips;AAAA;0.72;undefined;OTHER;OTHER
518253610+-3615.tif;1;0;754;1000;79;359;18;9;79;359;97;359;97;368;79;368;(Not;SAAA;0.19;undefined;OTHER;OTHER
518253610+-3615.tif;1;0;754;1000;100;359;36;8;100;359;136;359;136;367;100;367;Included;AAAAAAAA;0.34;undefined;OTHER;OTHER
518253610+-3615.tif;1;0;754;1000;139;359;48;9;139;359;187;359;187;368;139;368;Elsewhere);AAAAAAAAAS;0.45;undefined;OTHER;OTHER
518253610+-3615.tif;1;0;754;1000;58;374;45;9;58;374;103;374;103;383;58;383;Telephone;AAAAAAAAA;0.48;undefined;OTHER;OTHER
518253610+-3615.tif;1;0;754;1000;107;374;5;8;107;374;112;374;112;382;107;382;&;S;0.32;undefined;OTHER;OTHER
518253610+-3615.tif;1;0;754;1000;115;374;43;10;115;374;158;374;158;384;115;384;Telegraph;AAAAAAAAA;0.36;undefined;OTHER;OTHER
518253610+-3615.tif;1;0;754;1000;58;389;20;8;58;389;78;389;78;397;58;397;Auto;AAAA;0.27;undefined;OTHER;OTHER
518253610+-3615.tif;1;0;754;1000;81;389;27;8;81;389;108;389;108;397;81;397;Rental;AAAAAA;0.66;undefined;OTHER;OTHER
518253610+-3615.tif;1;0;754;1000;111;389;30;10;111;389;141;389;141;399;111;399;(Attach;SAAAAAA;0.51;undefined;OTHER;OTHER
518253610+-3615.tif;1;0;754;1000;144;389;50;10;144;389;194;389;194;399;144;399;Agreement);AAAAAAAAAS;0.34;undefined;OTHER;OTHER
518253610+-3615.tif;1;0;754;1000;58;404;38;8;58;404;96;404;96;412;58;412;Personal;AAAAAAAA;0.47;undefined;OTHER;OTHER
518253610+-3615.tif;1;0;754;1000;99;404;19;8;99;404;118;404;118;412;99;412;Auto;AAAA;0.55;undefined;OTHER;OTHER
518253610+-3615.tif;1;0;754;1000;121;404;3;10;121;404;124;404;124;414;121;414;(;S;0.3;undefined;OTHER;OTHER
518253610+-3615.tif;1;0;754;1000;233;404;6;8;233;404;239;404;239;412;233;412;X;A;1.0;undefined;OTHER;OTHER
518253610+-3615.tif;1;0;754;1000;242;404;32;10;242;404;274;404;274;414;242;414;$0,315);SNSNNNS;0.43;undefined;OTHER;OTHER
518253610+-3615.tif;1;0;754;1000;208;405;22;7;208;405;230;405;230;412;208;412;miles;AAAAA;0.5;undefined;OTHER;OTHER
518253610+-3615.tif;1;0;754;1000;58;419;22;8;58;419;80;419;80;427;58;427;Misc.;AAAAS;0.55;undefined;OTHER;OTHER
518253610+-3615.tif;1;0;754;1000;83;419;23;9;83;419;106;419;106;428;83;428;(Give;SAAAA;0.52;undefined;OTHER;OTHER
518253610+-3615.tif;1;0;754;1000;109;419;52;10;109;419;161;419;161;429;109;429;explanation);AAAAAAAAAAAS;0.43;undefined;OTHER;OTHER
518253610+-3615.tif;1;0;754;1000;64;430;39;11;64;430;103;430;103;441;64;441;6/19/97;NSNNSNN;0.37;undefined;OTHER;OTHER
518253610+-3615.tif;1;0;754;1000;108;430;21;11;108;430;129;430;129;441;108;441;Gas;AAA;0.53;undefined;OTHER;OTHER
518253610+-3615.tif;1;0;754;1000;241;430;23;12;241;430;264;430;264;442;241;442;8.00;NSNN;0.28;undefined;OTHER;OTHER
518253610+-3615.tif;1;0;754;1000;681;430;22;12;681;430;703;430;703;442;681;442;8.00;NSNN;0.37;undefined;OTHER;OTHER
518253610+-3615.tif;1;0;754;1000;133;432;14;9;133;432;147;432;147;441;133;441;for;AAA;0.52;undefined;OTHER;OTHER
518253610+-3615.tif;1;0;754;1000;151;432;29;9;151;432;180;432;180;441;151;441;rental;AAAAAA;0.47;undefined;OTHER;OTHER
518253610+-3615.tif;1;0;754;1000;84;447;33;12;84;447;117;447;117;459;84;459;during;AAAAAA;0.59;undefined;OTHER;OTHER
518253610+-3615.tif;1;0;754;1000;121;447;39;12;121;447;160;447;160;459;121;459;Virginia;AAAAAAAA;0.66;undefined;OTHER;OTHER
518253610+-3615.tif;1;0;754;1000;64;449;17;7;64;449;81;449;81;456;64;456;car;AAA;0.37;undefined;OTHER;OTHER
518253610+-3615.tif;1;0;754;1000;64;462;40;9;64;462;104;462;104;471;64;471;Caucus;AAAAAA;0.64;undefined;OTHER;OTHER
518253610+-3615.tif;1;0;754;1000;108;462;42;12;108;462;150;462;150;474;108;474;Meeting;AAAAAAA;0.64;undefined;OTHER;OTHER
518253610+-3615.tif;1;0;754;1000;350;490;35;12;350;490;385;490;385;502;350;502;365.82;NNNSNN;0.31;undefined;OTHER;OTHER
518253610+-3615.tif;1;0;754;1000;418;490;28;12;418;490;446;490;446;502;418;502;16.00;NNSNN;0.38;undefined;OTHER;OTHER
518253610+-3615.tif;1;0;754;1000;667;490;38;12;667;490;705;490;705;502;667;502;"305TE""";NNNAAS;0.44;undefined;OTHER;OTHER
518253610+-3615.tif;1;0;754;1000;241;492;23;10;241;492;264;492;264;502;241;502;8.00;NSNN;0.54;undefined;OTHER;OTHER
518253610+-3615.tif;1;0;754;1000;296;492;29;10;296;492;325;492;325;502;296;502;16.00;NNSNN;0.46;undefined;OTHER;OTHER
518253610+-3615.tif;1;0;754;1000;133;495;28;8;133;495;161;495;161;503;133;503;DAILY;AAAAA;0.56;undefined;OTHER;OTHER
518253610+-3615.tif;1;0;754;1000;165;495;38;8;165;495;203;495;203;503;165;503;TOTALS;AAAAAA;0.64;undefined;OTHER;OTHER
518253610+-3615.tif;1;0;754;1000;58;510;39;8;58;510;97;510;97;518;58;518;Business;AAAAAAAA;0.34;undefined;OTHER;OTHER
518253610+-3615.tif;1;0;754;1000;100;510;33;10;100;510;133;510;133;520;100;520;Meeting;AAAAAAA;0.26;undefined;OTHER;OTHER
518253610+-3615.tif;1;0;754;1000;148;510;60;9;148;510;208;510;208;519;148;519;Entertainment;AAAAAAAAAAAAA;0.24;undefined;OTHER;OTHER
518253610+-3615.tif;1;0;754;1000;216;510;27;9;216;510;243;510;243;519;216;519;(Show;SAAAA;0.43;undefined;OTHER;OTHER
518253610+-3615.tif;1;0;754;1000;246;510;23;9;246;510;269;510;269;519;246;519;Dale.;AAAAS;0.42;undefined;OTHER;OTHER
518253610+-3615.tif;1;0;754;1000;272;510;26;9;272;510;298;510;298;519;272;519;Place.;AAAAAS;0.32;undefined;OTHER;OTHER
518253610+-3615.tif;1;0;754;1000;301;510;36;8;301;510;337;510;337;518;301;518;Persons;AAAAAAA;0.39;undefined;OTHER;OTHER
518253610+-3615.tif;1;0;754;1000;339;510;37;8;339;510;376;510;376;518;339;518;Affiliated;AAAAAAAAAA;0.4;undefined;OTHER;OTHER
518253610+-3615.tif;1;0;754;1000;379;510;19;8;379;510;398;510;398;518;379;518;With;AAAA;0.31;undefined;OTHER;OTHER
518253610+-3615.tif;1;0;754;1000;420;510;39;9;420;510;459;510;459;519;420;519;Business;AAAAAAAA;0.45;undefined;OTHER;OTHER
518253610+-3615.tif;1;0;754;1000;462;510;88;10;462;510;550;510;550;520;462;520;Putposc/Discussion);AAAAAAASAAAAAAAAAAS;0.41;undefined;OTHER;OTHER
518253610+-3615.tif;1;0;754;1000;401;511;15;7;401;511;416;511;416;518;401;518;and;AAA;0.64;undefined;OTHER;OTHER
518253610+-3615.tif;1;0;754;1000;136;512;9;6;136;512;145;512;145;518;136;518;or;AA;0.64;undefined;OTHER;OTHER
518253610+-3615.tif;1;0;754;1000;210;514;3;2;210;514;213;514;213;516;210;516;-;S;0.58;undefined;OTHER;OTHER
518253610+-3615.tif;1;0;754;1000;64;520;39;12;64;520;103;520;103;532;64;532;6/26/97;NSNNSNN;0.3;undefined;OTHER;OTHER
518253610+-3615.tif;1;0;754;1000;108;520;34;12;108;520;142;520;142;532;108;532;dinner;AAAAAA;0.49;undefined;OTHER;OTHER
518253610+-3615.tif;1;0;754;1000;671;520;33;12;671;520;704;520;704;532;671;532;W7E;ANA;0.18;undefined;OTHER;OTHER
518253610+-3615.tif;1;0;754;1000;146;523;10;9;146;523;156;523;156;532;146;532;at;AA;0.75;undefined;OTHER;OTHER
518253610+-3615.tif;1;0;754;1000;160;523;63;11;160;523;223;523;223;534;160;534;Remingtons;AAAAAAAAAA;0.68;undefined;OTHER;OTHER
518253610+-3615.tif;1;0;754;1000;227;523;10;9;227;523;237;523;237;532;227;532;of;AA;0.26;undefined;OTHER;OTHER
518253610+-3615.tif;1;0;754;1000;240;523;37;9;240;523;277;523;277;532;240;532;Boston;AAAAAA;0.63;undefined;OTHER;OTHER
518253610+-3615.tif;1;0;754;1000;281;523;20;9;281;523;301;523;301;532;281;532;with;AAAA;0.43;undefined;OTHER;OTHER
518253610+-3615.tif;1;0;754;1000;306;523;24;9;306;523;330;523;330;532;306;532;Kent;AAAA;0.44;undefined;OTHER;OTHER
518253610+-3615.tif;1;0;754;1000;333;523;27;9;333;523;360;523;360;532;333;532;Wold;AAAA;0.54;undefined;OTHER;OTHER
518253610+-3615.tif;1;0;754;1000;364;523;38;11;364;523;402;523;402;534;364;534;(RJRT);SAAAAS;0.72;undefined;OTHER;OTHER
518253610+-3615.tif;1;0;754;1000;424;523;80;9;424;523;504;523;504;532;424;532;Massachusetts;AAAAAAAAAAAAA;0.48;undefined;OTHER;OTHER
518253610+-3615.tif;1;0;754;1000;508;523;51;11;508;523;559;523;559;534;508;534;legislative;AAAAAAAAAAA;0.67;undefined;OTHER;OTHER
518253610+-3615.tif;1;0;754;1000;407;524;12;8;407;524;419;524;419;532;407;532;re:;AAS;0.78;undefined;OTHER;OTHER
518253610+-3615.tif;1;0;754;1000;64;539;36;8;64;539;100;539;100;547;64;547;issues.;AAAAAAS;0.67;undefined;OTHER;OTHER
518253610+-3615.tif;1;0;754;1000;59;604;31;8;59;604;90;604;90;612;59;612;TOTAL;AAAAA;0.73;undefined;OTHER;OTHER
518253610+-3615.tif;1;0;754;1000;93;604;52;8;93;604;145;604;145;612;93;612;EXPENSES;AAAAAAAA;0.72;undefined;OTHER;OTHER
518253610+-3615.tif;1;0;754;1000;148;604;22;8;148;604;170;604;170;612;148;612;PAID;AAAA;0.5;undefined;OTHER;OTHER
518253610+-3615.tif;1;0;754;1000;174;604;12;8;174;604;186;604;186;612;174;612;BY;AA;0.54;undefined;OTHER;OTHER
518253610+-3615.tif;1;0;754;1000;190;604;53;8;190;604;243;604;243;612;190;612;EMPLOYEE;AAAAAAAA;0.54;undefined;OTHER;OTHER
518253610+-3615.tif;1;0;754;1000;251;604;33;8;251;604;284;604;284;612;251;612;OTHER;AAAAA;0.6;undefined;OTHER;OTHER
518253610+-3615.tif;1;0;754;1000;287;604;33;8;287;604;320;604;320;612;287;612;COOES;AAAAA;0.82;undefined;OTHER;OTHER
518253610+-3615.tif;1;0;754;1000;390;604;15;8;390;604;405;604;405;612;390;612;G/L;ASA;0.38;undefined;OTHER;OTHER
518253610+-3615.tif;1;0;754;1000;408;604;34;8;408;604;442;604;442;612;408;612;CODES;AAAAA;0.72;undefined;OTHER;OTHER
518253610+-3615.tif;1;0;754;1000;494;605;12;10;494;605;506;605;506;615;494;615;04;NN;0.77;undefined;OTHER;OTHER
518253610+-3615.tif;1;0;754;1000;511;605;12;10;511;605;523;605;523;615;511;615;88;NN;0.67;undefined;OTHER;OTHER
518253610+-3615.tif;1;0;754;1000;527;605;26;10;527;605;553;605;553;615;527;615;0000;NNNN;0.47;undefined;OTHER;OTHER
518253610+-3615.tif;1;0;754;1000;558;605;25;10;558;605;583;605;583;615;558;615;9070;NNNN;0.71;undefined;OTHER;OTHER
518253610+-3615.tif;1;0;754;1000;588;605;19;10;588;605;607;605;607;615;588;615;867;NNN;0.73;undefined;OTHER;OTHER
518253610+-3615.tif;1;0;754;1000;667;605;36;9;667;605;703;605;703;614;667;614;436.60;NNNSNN;0.66;undefined;OTHER;OTHER
518253610+-3615.tif;1;0;754;1000;58;623;19;8;58;623;77;623;77;631;58;631;Less;AAAA;0.48;undefined;OTHER;OTHER
518253610+-3615.tif;1;0;754;1000;80;623;27;8;80;623;107;623;107;631;80;631;Travel;AAAAAA;0.51;undefined;OTHER;OTHER
518253610+-3615.tif;1;0;754;1000;109;623;38;8;109;623;147;623;147;631;109;631;Advance;AAAAAAA;0.35;undefined;OTHER;OTHER
518253610+-3615.tif;1;0;754;1000;249;623;24;8;249;623;273;623;273;631;249;631;Dated;AAAAA;0.51;undefined;OTHER;OTHER
518253610+-3615.tif;1;0;754;1000;700;624;6;11;700;624;706;624;706;635;700;635;2;N;0.14;undefined;OTHER;OTHER
518253610+-3615.tif;1;0;754;1000;654;640;44;11;654;640;698;640;698;651;654;651;436.60;NNNSNN;0.8;undefined;OTHER;OTHER
518253610+-3615.tif;1;0;754;1000;57;642;42;8;57;642;99;642;99;650;57;650;AMOUNT;AAAAAA;0.54;undefined;OTHER;OTHER
518253610+-3615.tif;1;0;754;1000;102;642;19;8;102;642;121;642;121;650;102;650;DUE;AAA;0.38;undefined;OTHER;OTHER
518253610+-3615.tif;1;0;754;1000;125;642;52;8;125;642;177;642;177;650;125;650;EMPLOYEE;AAAAAAAA;0.54;undefined;OTHER;OTHER
518253610+-3615.tif;1;0;754;1000;57;664;41;8;57;664;98;664;98;672;57;672;AMOUNT;AAAAAA;0.75;undefined;OTHER;OTHER
518253610+-3615.tif;1;0;754;1000;102;664;19;8;102;664;121;664;121;672;102;672;DUE;AAA;0.88;undefined;OTHER;OTHER
518253610+-3615.tif;1;0;754;1000;124;664;49;8;124;664;173;664;173;672;124;672;COMPANY;AAAAAAA;0.69;undefined;OTHER;OTHER
518253610+-3615.tif;1;0;754;1000;195;683;63;10;195;683;258;683;258;693;195;693;EXPENSES;AAAAAAAA;0.67;undefined;OTHER;OTHER
518253610+-3615.tif;1;0;754;1000;263;683;60;10;263;683;323;683;323;693;263;693;CHARGED;AAAAAAA;0.91;undefined;OTHER;OTHER
518253610+-3615.tif;1;0;754;1000;327;683;16;10;327;683;343;683;343;693;327;693;TO;AA;0.69;undefined;OTHER;OTHER
518253610+-3615.tif;1;0;754;1000;348;683;60;10;348;683;408;683;408;693;348;693;COMPANY;AAAAAAA;0.77;undefined;OTHER;OTHER
518253610+-3615.tif;1;0;754;1000;413;683;40;11;413;683;453;683;453;694;413;694;(Attach;SAAAAAA;0.51;undefined;OTHER;OTHER
518253610+-3615.tif;1;0;754;1000;464;683;31;11;464;683;495;683;495;694;464;694;oples;AAAAA;0.42;undefined;OTHER;OTHER
518253610+-3615.tif;1;0;754;1000;499;683;11;10;499;683;510;683;510;693;499;693;of;AA;1.0;undefined;OTHER;OTHER
518253610+-3615.tif;1;0;754;1000;514;683;37;10;514;683;551;683;551;693;514;693;tickets;AAAAAAA;0.69;undefined;OTHER;OTHER
518253610+-3615.tif;1;0;754;1000;572;683;51;10;572;683;623;683;623;693;572;693;Invoices);AAAAAAAAS;0.64;undefined;OTHER;OTHER
518253610+-3615.tif;1;0;754;1000;556;685;11;8;556;685;567;685;567;693;556;693;or;AA;0.71;undefined;OTHER;OTHER
518253610+-3615.tif;1;0;754;1000;245;699;28;10;245;699;273;699;273;709;245;709;Origin;AAAAAA;0.58;undefined;OTHER;OTHER
518253610+-3615.tif;1;0;754;1000;368;699;52;8;368;699;420;699;420;707;368;707;Destination;AAAAAAAAAAA;0.42;undefined;OTHER;OTHER
518253610+-3615.tif;1;0;754;1000;490;699;74;10;490;699;564;699;564;709;490;709;Commonts(Noto;AAAAAAAASAAAA;0.48;undefined;OTHER;OTHER
518253610+-3615.tif;1;0;754;1000;567;699;6;8;567;699;573;699;573;707;567;707;If;AA;0.87;undefined;OTHER;OTHER
518253610+-3615.tif;1;0;754;1000;576;699;43;11;576;699;619;699;619;710;576;710;Company;AAAAAAA;0.52;undefined;OTHER;OTHER
518253610+-3615.tif;1;0;754;1000;622;699;36;10;622;699;658;699;658;709;622;709;aircraft);AAAAAAAAS;0.54;undefined;OTHER;OTHER
518253610+-3615.tif;1;0;754;1000;130;700;24;7;130;700;154;700;154;707;130;707;irture;AAAAAA;0.49;undefined;OTHER;OTHER
518253610+-3615.tif;1;0;754;1000;158;700;20;7;158;700;178;700;178;707;158;707;Date;AAAA;0.5;undefined;OTHER;OTHER
518253610+-3615.tif;1;0;754;1000;80;702;6;8;80;702;86;702;86;710;80;710;C;A;0.5;undefined;OTHER;OTHER
518253610+-3615.tif;1;0;754;1000;463;709;77;13;463;709;540;709;540;722;463;722;msmโ;AAAS;0.35;undefined;OTHER;OTHER
518253610+-3615.tif;1;0;754;1000;572;709;25;2;572;709;597;709;597;711;572;711;โ;S;1.0;undefined;OTHER;OTHER
518253610+-3615.tif;1;0;754;1000;334;711;39;11;334;711;373;711;373;722;334;722;Boston,;AAAAAAS;0.82;undefined;OTHER;OTHER
518253610+-3615.tif;1;0;754;1000;377;711;18;10;377;711;395;711;395;721;377;721;MA;AA;0.75;undefined;OTHER;OTHER
518253610+-3615.tif;1;0;754;1000;194;712;66;10;194;712;260;712;260;722;194;722;Greensboro,;AAAAAAAAAAS;0.57;undefined;OTHER;OTHER
518253610+-3615.tif;1;0;754;1000;81;714;4;7;81;714;85;714;85;721;81;721;H;A;0.36;undefined;OTHER;OTHER
518253610+-3615.tif;1;0;754;1000;80;725;5;8;80;725;85;725;85;733;80;733;A;A;1.0;undefined;OTHER;OTHER
518253610+-3615.tif;1;0;754;1000;666;734;8;6;666;734;674;734;674;740;666;740;in;AA;0.28;undefined;OTHER;OTHER
518253610+-3615.tif;1;0;754;1000;80;737;6;7;80;737;86;737;86;744;80;744;R;A;1.0;undefined;OTHER;OTHER
518253610+-3615.tif;1;0;754;1000;698;739;8;2;698;739;706;739;706;741;698;741;_;_;0.64;undefined;OTHER;OTHER
518253610+-3615.tif;1;0;754;1000;666;743;8;5;666;743;674;743;674;748;666;748;ยป-ยป;SSS;0.54;undefined;OTHER;OTHER
518253610+-3615.tif;1;0;754;1000;80;748;6;8;80;748;86;748;86;756;80;756;G;A;0.28;undefined;OTHER;OTHER
518253610+-3615.tif;1;0;754;1000;666;751;9;7;666;751;675;751;675;758;666;758;co;AA;0.63;undefined;OTHER;OTHER
518253610+-3615.tif;1;0;754;1000;81;759;5;8;81;759;86;759;86;767;81;767;E;A;0.0;undefined;OTHER;OTHER
518253610+-3615.tif;1;0;754;1000;666;761;9;6;666;761;675;761;675;767;666;767;NJ;AA;0.45;undefined;OTHER;OTHER
518253610+-3615.tif;1;0;754;1000;80;770;5;8;80;770;85;770;85;778;80;778;S;A;1.0;undefined;OTHER;OTHER
518253610+-3615.tif;1;0;754;1000;666;770;9;6;666;770;675;770;675;776;666;776;in;AA;0.4;undefined;OTHER;OTHER
518253610+-3615.tif;1;0;754;1000;666;788;9;6;666;788;675;788;675;794;666;794;u>;AS;0.28;undefined;OTHER;OTHER
518253610+-3615.tif;1;0;754;1000;57;796;24;8;57;796;81;796;81;804;57;804;Other;AAAAA;0.62;undefined;OTHER;OTHER
518253610+-3615.tif;1;0;754;1000;89;796;20;8;89;796;109;796;109;804;89;804;Give;AAAA;0.47;undefined;OTHER;OTHER
518253610+-3615.tif;1;0;754;1000;112;796;29;8;112;796;141;796;141;804;112;804;Details;AAAAAAA;0.38;undefined;OTHER;OTHER
518253610+-3615.tif;1;0;754;1000;666;797;9;6;666;797;675;797;675;803;666;803;O';AS;1.0;undefined;OTHER;OTHER
518253610+-3615.tif;1;0;754;1000;84;800;2;2;84;800;86;800;86;802;84;802;-;S;0.55;undefined;OTHER;OTHER
518253610+-3615.tif;1;0;754;1000;666;806;9;6;666;806;675;806;675;812;666;812;M;A;0.0;undefined;OTHER;OTHER
518253610+-3615.tif;1;0;754;1000;64;808;61;10;64;808;125;808;125;818;64;818;โขAddendum;SAAAAAAAA;0.62;undefined;OTHER;OTHER
518253610+-3615.tif;1;0;754;1000;143;808;46;12;143;808;189;808;189;820;143;820;Expense;AAAAAAA;0.64;undefined;OTHER;OTHER
518253610+-3615.tif;1;0;754;1000;193;808;36;12;193;808;229;808;229;820;193;820;Report;AAAAAA;0.69;undefined;OTHER;OTHER
518253610+-3615.tif;1;0;754;1000;266;808;42;10;266;808;308;808;308;818;266;818;6/25/97.;NSNNSNNS;0.69;undefined;OTHER;OTHER
518253610+-3615.tif;1;0;754;1000;129;809;9;9;129;809;138;809;138;818;129;818;to;AA;0.36;undefined;OTHER;OTHER
518253610+-3615.tif;1;0;754;1000;232;809;30;9;232;809;262;809;262;818;232;818;dated;AAAAA;0.45;undefined;OTHER;OTHER
518253610+-3615.tif;1;0;754;1000;666;814;9;8;666;814;675;814;675;822;666;822;<S>;SAS;0.33;undefined;OTHER;OTHER
518253610+-3615.tif;1;0;754;1000;104;879;61;10;104;879;165;879;165;889;104;889;Signature/Title;AAAAAAAAASAAAAA;0.33;undefined;OTHER;OTHER
518253610+-3615.tif;1;0;754;1000;168;879;15;8;168;879;183;879;183;887;168;887;snd;AAA;0.22;undefined;OTHER;OTHER
518253610+-3615.tif;1;0;754;1000;187;879;19;8;187;879;206;879;206;887;187;887;Date;AAAA;0.41;undefined;OTHER;OTHER
518253610+-3615.tif;1;0;754;1000;274;879;38;10;274;879;312;879;312;889;274;889;Approval;AAAAAAAA;0.3;undefined;OTHER;OTHER
518253610+-3615.tif;1;0;754;1000;314;879;39;10;314;879;353;879;353;889;314;889;Authority;AAAAAAAAA;0.42;undefined;OTHER;OTHER
518253610+-3615.tif;1;0;754;1000;355;879;26;8;355;879;381;879;381;887;355;887;Name;AAAA;0.58;undefined;OTHER;OTHER
518253610+-3615.tif;1;0;754;1000;384;879;23;9;384;879;407;879;407;888;384;888;(Print;SAAAAA;0.58;undefined;OTHER;OTHER
518253610+-3615.tif;1;0;754;1000;421;879;24;10;421;879;445;879;445;889;421;889;Type);AAAAS;0.75;undefined;OTHER;OTHER
518253610+-3615.tif;1;0;754;1000;491;879;37;9;491;879;528;879;528;888;491;888;Approval;AAAAAAAA;0.35;undefined;OTHER;OTHER
518253610+-3615.tif;1;0;754;1000;531;879;38;10;531;879;569;879;569;889;531;889;Authority;AAAAAAAAA;0.32;undefined;OTHER;OTHER
518253610+-3615.tif;1;0;754;1000;573;879;40;10;573;879;613;879;613;889;573;889;Signature;AAAAAAAAA;0.42;undefined;OTHER;OTHER
518253610+-3615.tif;1;0;754;1000;616;879;16;8;616;879;632;879;632;887;616;887;and;AAA;0.2;undefined;OTHER;OTHER
518253610+-3615.tif;1;0;754;1000;636;879;20;8;636;879;656;879;656;887;636;887;Date;AAAA;0.55;undefined;OTHER;OTHER
518253610+-3615.tif;1;0;754;1000;410;881;8;6;410;881;418;881;418;887;410;887;or;AA;0.31;undefined;OTHER;OTHER
518253610+-3615.tif;1;0;754;1000;131;896;24;15;131;896;155;896;155;911;131;911;Vh;AA;0.14;undefined;OTHER;OTHER
518253610+-3615.tif;1;0;754;1000;281;899;54;11;281;899;335;899;335;910;281;910;Thomas;AAAAAA;0.93;undefined;OTHER;OTHER
518253610+-3615.tif;1;0;754;1000;341;899;13;11;341;899;354;899;354;910;341;910;C.;AS;0.69;undefined;OTHER;OTHER
518253610+-3615.tif;1;0;754;1000;359;899;58;11;359;899;417;899;417;910;359;910;Griscom;AAAAAAA;0.95;undefined;OTHER;OTHER
518253610+-3615.tif;1;0;754;1000;268;921;182;2;268;921;450;921;450;923;268;923;โ;S;1.0;undefined;OTHER;OTHER
518253610+-3615.tif;1;0;754;1000;57;924;18;6;57;924;75;924;75;930;57;930;RJRT;AAAA;0.38;undefined;OTHER;OTHER
518253610+-3615.tif;1;0;754;1000;77;924;17;6;77;924;94;924;94;930;77;930;F<xm;ASAA;0.19;undefined;OTHER;OTHER
518253610+-3615.tif;1;0;754;1000;119;924;20;6;119;924;139;924;139;930;119;930;โขVNMl;SAAAA;0.36;undefined;OTHER;OTHER
518253610+-3615.tif;1;0;754;1000;144;924;24;6;144;924;168;924;168;930;144;930;\tilM;SAAAA;0.33;undefined;OTHER;OTHER
