src;num_pages;page_id;page_width;page_height;col;row;width;height;x1;y1;x2;y2;x3;y3;x4;y4;contents;contents_masked;confidence;correctclass;tag;description
83565318.tif;1;0;754;1000;307;81;25;11;307;81;332;81;332;92;307;92;INC.;AAAS;0.79;undefined;OTHER;OTHER
83565318.tif;1;0;754;1000;38;82;83;12;38;82;121;82;121;94;38;94;SUMMATION;AAAAAAAAA;0.72;undefined;OTHER;OTHER
83565318.tif;1;0;754;1000;131;82;45;11;131;82;176;82;176;93;131;93;LEGAL;AAAAA;0.61;undefined;OTHER;OTHER
83565318.tif;1;0;754;1000;185;82;112;12;185;82;297;82;297;94;185;94;TECHNOLOGIES,;AAAAAAAAAAAAS;0.73;undefined;OTHER;OTHER
83565318.tif;1;0;754;1000;480;85;84;15;480;85;564;85;564;100;480;100;INVOICE;AAAAAAA;0.75;undefined;OTHER;OTHER
83565318.tif;1;0;754;1000;613;91;66;11;613;91;679;91;679;102;613;102;07/17/98;NNSNNSNN;0.56;undefined;OTHER;OTHER
83565318.tif;1;0;754;1000;581;93;25;8;581;93;606;93;606;101;581;101;DATE;AAAA;0.35;undefined;OTHER;OTHER
83565318.tif;1;0;754;1000;171;96;26;9;171;96;197;96;197;105;171;105;Floor;AAAAA;0.42;undefined;OTHER;OTHER
83565318.tif;1;0;754;1000;39;97;18;8;39;97;57;97;57;105;39;105;100;NNN;0.33;undefined;OTHER;OTHER
83565318.tif;1;0;754;1000;64;97;27;9;64;97;91;97;91;106;64;106;Bush;AAAA;0.44;undefined;OTHER;OTHER
83565318.tif;1;0;754;1000;98;97;34;10;98;97;132;97;132;107;98;107;Street,;AAAAAAS;0.56;undefined;OTHER;OTHER
83565318.tif;1;0;754;1000;140;97;23;8;140;97;163;97;163;105;140;105;20tn;NNAA;0.29;undefined;OTHER;OTHER
83565318.tif;1;0;754;1000;612;105;41;9;612;105;653;105;653;114;612;114;26949;NNNNN;0.54;undefined;OTHER;OTHER
83565318.tif;1;0;754;1000;588;107;18;8;588;107;606;107;606;115;588;115;NO.:;AASS;0.54;undefined;OTHER;OTHER
83565318.tif;1;0;754;1000;38;108;20;9;38;108;58;108;58;117;38;117;San;AAA;0.52;undefined;OTHER;OTHER
83565318.tif;1;0;754;1000;66;108;51;9;66;108;117;108;117;117;66;117;Francisco;AAAAAAAAA;0.53;undefined;OTHER;OTHER
83565318.tif;1;0;754;1000;124;108;16;9;124;108;140;108;140;117;124;117;CA;AA;0.8;undefined;OTHER;OTHER
83565318.tif;1;0;754;1000;155;108;32;9;155;108;187;108;187;117;155;117;94104;NNNNN;0.43;undefined;OTHER;OTHER
83565318.tif;1;0;754;1000;334;116;76;38;334;116;410;116;410;154;334;154;A;A;0.54;undefined;OTHER;OTHER
83565318.tif;1;0;754;1000;509;119;33;9;509;119;542;119;542;128;509;128;SHI?;AAAS;0.57;undefined;OTHER;OTHER
83565318.tif;1;0;754;1000;552;119;33;9;552;119;585;119;585;128;552;128;DATE;AAAA;0.44;undefined;OTHER;OTHER
83565318.tif;1;0;754;1000;612;119;67;12;612;119;679;119;679;131;612;131;07/17/98;NNSNNSNN;0.72;undefined;OTHER;OTHER
83565318.tif;1;0;754;1000;38;120;17;9;38;120;55;120;55;129;38;129;Tel:;AAAS;0.86;undefined;OTHER;OTHER
83565318.tif;1;0;754;1000;64;120;26;11;64;120;90;120;90;131;64;131;(415);SNNNS;0.61;undefined;OTHER;OTHER
83565318.tif;1;0;754;1000;98;120;50;9;98;120;148;120;148;129;98;129;442-04C4;NNNSNNAN;0.45;undefined;OTHER;OTHER
83565318.tif;1;0;754;1000;39;132;20;9;39;132;59;132;59;141;39;141;Fax:;AAAS;0.65;undefined;OTHER;OTHER
83565318.tif;1;0;754;1000;68;132;26;12;68;132;94;132;94;144;68;144;(415);SNNNS;0.59;undefined;OTHER;OTHER
83565318.tif;1;0;754;1000;102;132;50;8;102;132;152;132;152;140;102;140;442-04G3;NNNSNNAN;0.33;undefined;OTHER;OTHER
83565318.tif;1;0;754;1000;612;134;51;9;612;134;663;134;663;143;612;143;BRESTE;AAAAAA;0.63;undefined;OTHER;OTHER
83565318.tif;1;0;754;1000;588;136;18;8;588;136;606;136;606;144;588;144;NO.:;AASS;0.47;undefined;OTHER;OTHER
83565318.tif;1;0;754;1000;530;137;51;7;530;137;581;137;581;144;530;144;CUSTOMER;AAAAAAAA;0.47;undefined;OTHER;OTHER
83565318.tif;1;0;754;1000;84;143;19;9;84;143;103;143;103;152;84;152;Tax;AAA;0.52;undefined;OTHER;OTHER
83565318.tif;1;0;754;1000;110;143;20;9;110;143;130;143;130;152;110;152;ID#;AAS;0.48;undefined;OTHER;OTHER
83565318.tif;1;0;754;1000;138;143;62;9;138;143;200;143;200;152;138;152;94-3063153;NNSNNNNNNN;0.67;undefined;OTHER;OTHER
83565318.tif;1;0;754;1000;54;144;23;9;54;144;77;144;77;153;54;153;Jeral;AAAAA;0.39;undefined;OTHER;OTHER
83565318.tif;1;0;754;1000;329;158;85;9;329;158;414;158;414;167;329;167;SUMMATION.;AAAAAAAAAS;0.44;undefined;OTHER;OTHER
83565318.tif;1;0;754;1000;320;168;24;6;320;168;344;168;344;174;320;174;Leaa;AAAA;0.37;undefined;OTHER;OTHER
83565318.tif;1;0;754;1000;346;168;58;7;346;168;404;168;404;175;346;175;n-actHccfss;ASAAAAAAAAA;0.26;undefined;OTHER;OTHER
83565318.tif;1;0;754;1000;406;168;15;6;406;168;421;168;421;174;406;174;L'C;ASA;0.32;undefined;OTHER;OTHER
83565318.tif;1;0;754;1000;457;217;41;10;457;217;498;217;498;227;457;227;Steii;AAAAA;0.92;undefined;OTHER;OTHER
83565318.tif;1;0;754;1000;509;217;58;13;509;217;567;217;567;230;509;230;Basting;AAAAAAA;0.74;undefined;OTHER;OTHER
83565318.tif;1;0;754;1000;124;218;42;10;124;218;166;218;166;228;124;228;Steii;AAAAA;0.44;undefined;OTHER;OTHER
83565318.tif;1;0;754;1000;176;218;58;13;176;218;234;218;234;231;176;231;Basting;AAAAAAA;0.59;undefined;OTHER;OTHER
83565318.tif;1;0;754;1000;269;218;16;9;269;218;285;218;285;227;269;227;al;AA;0.5;undefined;OTHER;OTHER
83565318.tif;1;0;754;1000;577;218;16;9;577;218;593;218;593;227;577;227;et;AA;0.46;undefined;OTHER;OTHER
83565318.tif;1;0;754;1000;603;218;15;10;603;218;618;218;618;228;603;228;al;AA;0.6;undefined;OTHER;OTHER
83565318.tif;1;0;754;1000;31;219;5;7;31;219;36;219;36;226;31;226;B;A;0.5;undefined;OTHER;OTHER
83565318.tif;1;0;754;1000;56;219;58;9;56;219;114;219;114;228;56;228;Brennan;AAAAAAA;0.76;undefined;OTHER;OTHER
83565318.tif;1;0;754;1000;244;219;15;8;244;219;259;219;259;227;244;227;et;AA;0.29;undefined;OTHER;OTHER
83565318.tif;1;0;754;1000;363;219;6;7;363;219;369;219;369;226;363;226;s;A;0.79;undefined;OTHER;OTHER
83565318.tif;1;0;754;1000;388;219;59;8;388;219;447;219;447;227;388;227;Brennan;AAAAAAA;0.66;undefined;OTHER;OTHER
83565318.tif;1;0;754;1000;363;228;6;8;363;228;369;228;369;236;363;236;H;A;0.38;undefined;OTHER;OTHER
83565318.tif;1;0;754;1000;33;229;1;7;33;229;34;229;34;236;33;236;I;A;0.44;undefined;OTHER;OTHER
83565318.tif;1;0;754;1000;439;232;42;10;439;232;481;232;481;242;439;242;David;AAAAA;0.76;undefined;OTHER;OTHER
83565318.tif;1;0;754;1000;516;232;84;12;516;232;600;232;600;244;516;244;MacDougall;AAAAAAAAAA;0.61;undefined;OTHER;OTHER
83565318.tif;1;0;754;1000;54;233;40;9;54;233;94;233;94;242;54;242;Attn:;AAAAS;0.64;undefined;OTHER;OTHER
83565318.tif;1;0;754;1000;106;233;68;9;106;233;174;233;174;242;106;242;Accounts;AAAAAAAA;0.66;undefined;OTHER;OTHER
83565318.tif;1;0;754;1000;185;233;57;11;185;233;242;233;242;244;185;244;Payable;AAAAAAA;0.58;undefined;OTHER;OTHER
83565318.tif;1;0;754;1000;387;233;40;9;387;233;427;233;427;242;387;242;Attn:;AAAAS;0.69;undefined;OTHER;OTHER
83565318.tif;1;0;754;1000;490;233;15;8;490;233;505;233;505;241;490;241;J.;AS;0.87;undefined;OTHER;OTHER
83565318.tif;1;0;754;1000;365;237;2;8;365;237;367;237;367;245;365;245;i;A;0.51;undefined;OTHER;OTHER
83565318.tif;1;0;754;1000;33;243;3;2;33;243;36;243;36;245;33;245;-;S;0.78;undefined;OTHER;OTHER
83565318.tif;1;0;754;1000;456;245;60;11;456;245;516;245;516;256;456;256;Mifflin;AAAAAAA;0.71;undefined;OTHER;OTHER
83565318.tif;1;0;754;1000;219;246;7;10;219;246;226;246;226;256;219;256;E;A;1.0;undefined;OTHER;OTHER
83565318.tif;1;0;754;1000;235;246;75;10;235;246;310;246;310;256;235;256;Milwaukee;AAAAAAAAA;0.52;undefined;OTHER;OTHER
83565318.tif;1;0;754;1000;388;246;14;9;388;246;402;246;402;255;388;255;22;NN;0.98;undefined;OTHER;OTHER
83565318.tif;1;0;754;1000;559;246;42;9;559;246;601;246;601;255;559;255;Suite;AAAAA;0.55;undefined;OTHER;OTHER
83565318.tif;1;0;754;1000;55;247;30;9;55;247;85;247;85;256;55;256;P.O.;ASAS;0.73;undefined;OTHER;OTHER
83565318.tif;1;0;754;1000;98;247;25;9;98;247;123;247;123;256;98;256;Box;AAA;0.29;undefined;OTHER;OTHER
83565318.tif;1;0;754;1000;133;247;39;11;133;247;172;247;172;258;133;258;1143,;NNNNS;0.59;undefined;OTHER;OTHER
83565318.tif;1;0;754;1000;184;247;24;9;184;247;208;247;208;256;184;256;One;AAA;0.67;undefined;OTHER;OTHER
83565318.tif;1;0;754;1000;363;247;6;7;363;247;369;247;369;254;363;254;p;A;0.8;undefined;OTHER;OTHER
83565318.tif;1;0;754;1000;413;247;34;8;413;247;447;247;447;255;413;255;West;AAAA;0.75;undefined;OTHER;OTHER
83565318.tif;1;0;754;1000;525;247;22;8;525;247;547;247;547;255;525;255;St.;AAS;0.67;undefined;OTHER;OTHER
83565318.tif;1;0;754;1000;611;247;24;9;611;247;635;247;635;256;611;256;400;NNN;0.7;undefined;OTHER;OTHER
83565318.tif;1;0;754;1000;32;252;4;2;32;252;36;252;36;254;32;254;-;S;0.66;undefined;OTHER;OTHER
83565318.tif;1;0;754;1000;55;260;91;12;55;260;146;260;146;272;55;272;Janesville,;AAAAAAAAAAS;0.57;undefined;OTHER;OTHER
83565318.tif;1;0;754;1000;387;260;66;12;387;260;453;260;453;272;387;272;Madison,;AAAAAAAS;0.76;undefined;OTHER;OTHER
83565318.tif;1;0;754;1000;158;261;16;9;158;261;174;261;174;270;158;270;WI;AA;0.86;undefined;OTHER;OTHER
83565318.tif;1;0;754;1000;194;261;81;9;194;261;275;261;275;270;194;270;53547-1148;NNNNNSNNNN;0.72;undefined;OTHER;OTHER
83565318.tif;1;0;754;1000;465;261;15;9;465;261;480;261;480;270;465;270;WI;AA;0.76;undefined;OTHER;OTHER
83565318.tif;1;0;754;1000;500;261;40;9;500;261;540;261;540;270;500;270;53703;NNNNN;0.71;undefined;OTHER;OTHER
83565318.tif;1;0;754;1000;363;265;6;8;363;265;369;265;369;273;363;273;T;A;0.7;undefined;OTHER;OTHER
83565318.tif;1;0;754;1000;30;266;7;7;30;266;37;266;37;273;30;273;T;A;0.66;undefined;OTHER;OTHER
83565318.tif;1;0;754;1000;30;275;7;8;30;275;37;275;37;283;30;283;O;A;0.28;undefined;OTHER;OTHER
83565318.tif;1;0;754;1000;363;276;5;6;363;276;368;276;368;282;363;282;0;N;0.34;undefined;OTHER;OTHER
83565318.tif;1;0;754;1000;646;290;6;9;646;290;652;290;652;299;646;299;1;N;1.0;undefined;OTHER;OTHER
83565318.tif;1;0;754;1000;604;292;27;7;604;292;631;292;631;299;604;299;PAGE;AAAA;0.5;undefined;OTHER;OTHER
83565318.tif;1;0;754;1000;284;303;2;24;284;303;286;303;286;327;284;327;j;A;0.63;undefined;OTHER;OTHER
83565318.tif;1;0;754;1000;192;307;52;7;192;307;244;307;244;314;192;314;CUSTOMER;AAAAAAAA;0.54;undefined;OTHER;OTHER
83565318.tif;1;0;754;1000;641;307;21;8;641;307;662;307;662;315;641;315;OUR;AAA;0.26;undefined;OTHER;OTHER
83565318.tif;1;0;754;1000;667;308;32;7;667;308;699;308;699;315;667;315;ORDER;AAAAA;0.41;undefined;OTHER;OTHER
83565318.tif;1;0;754;1000;333;311;20;8;333;311;353;311;353;319;333;319;SHIP;AAAA;0.55;undefined;OTHER;OTHER
83565318.tif;1;0;754;1000;474;311;31;8;474;311;505;311;505;319;474;319;TERMS;AAAAA;0.37;undefined;OTHER;OTHER
83565318.tif;1;0;754;1000;564;311;66;8;564;311;630;311;630;319;564;319;SALESPERSON;AAAAAAAAAAA;0.49;undefined;OTHER;OTHER
83565318.tif;1;0;754;1000;54;312;26;8;54;312;80;312;80;320;54;320;F.O.B.;ASASAS;0.6;undefined;OTHER;OTHER
83565318.tif;1;0;754;1000;87;312;28;7;87;312;115;312;115;319;87;319;POINT;AAAAA;0.48;undefined;OTHER;OTHER
83565318.tif;1;0;754;1000;359;312;14;7;359;312;373;312;373;319;359;319;VIA;AAA;0.35;undefined;OTHER;OTHER
83565318.tif;1;0;754;1000;179;316;32;7;179;316;211;316;211;323;179;323;ORDER;AAAAA;0.75;undefined;OTHER;OTHER
83565318.tif;1;0;754;1000;217;316;38;7;217;316;255;316;255;323;217;323;NUMBER;AAAAAA;0.44;undefined;OTHER;OTHER
83565318.tif;1;0;754;1000;651;317;39;7;651;317;690;317;690;324;651;324;NUM8£R;AAANSA;0.28;undefined;OTHER;OTHER
83565318.tif;1;0;754;1000;414;328;9;13;414;328;423;328;423;341;414;341;a;A;0.24;undefined;OTHER;OTHER
83565318.tif;1;0;754;1000;284;330;2;11;284;330;286;330;286;341;284;341;|;S;0.19;undefined;OTHER;OTHER
83565318.tif;1;0;754;1000;295;330;24;9;295;330;319;330;319;339;295;339;FED;AAA;0.51;undefined;OTHER;OTHER
83565318.tif;1;0;754;1000;328;330;16;9;328;330;344;330;344;339;328;339;EX;AA;0.68;undefined;OTHER;OTHER
83565318.tif;1;0;754;1000;464;330;26;9;464;330;490;330;490;339;464;339;NET;AAA;0.34;undefined;OTHER;OTHER
83565318.tif;1;0;754;1000;500;330;15;10;500;330;515;330;515;340;500;340;15;NN;0.49;undefined;OTHER;OTHER
83565318.tif;1;0;754;1000;593;330;16;9;593;330;609;330;609;339;593;339;CL;AA;0.64;undefined;OTHER;OTHER
83565318.tif;1;0;754;1000;148;331;2;11;148;331;150;331;150;342;148;342;1;N;0.31;undefined;OTHER;OTHER
83565318.tif;1;0;754;1000;353;331;59;9;353;331;412;331;412;340;353;340;STANDAR;AAAAAAA;0.28;undefined;OTHER;OTHER
83565318.tif;1;0;754;1000;645;331;50;9;645;331;695;331;695;340;645;340;218730;NNNNNN;0.57;undefined;OTHER;OTHER
83565318.tif;1;0;754;1000;22;332;5;8;22;332;27;332;27;340;22;340;!■;SS;0.57;undefined;OTHER;OTHER
83565318.tif;1;0;754;1000;584;334;6;5;584;334;590;334;590;339;584;339;u;A;0.25;undefined;OTHER;OTHER
83565318.tif;1;0;754;1000;703;335;2;6;703;335;705;335;705;341;703;341;i;A;0.37;undefined;OTHER;OTHER
83565318.tif;1;0;754;1000;46;336;1;2;46;336;47;336;47;338;46;338;•;S;0.91;undefined;OTHER;OTHER
83565318.tif;1;0;754;1000;82;336;1;2;82;336;83;336;83;338;82;338;•;S;0.28;undefined;OTHER;OTHER
83565318.tif;1;0;754;1000;322;360;45;8;322;360;367;360;367;368;322;368;QUANTITY;AAAAAAAA;0.31;undefined;OTHER;OTHER
83565318.tif;1;0;754;1000;58;363;21;8;58;363;79;363;79;371;58;371;ITEM;AAAA;0.47;undefined;OTHER;OTHER
83565318.tif;1;0;754;1000;85;363;15;8;85;363;100;363;100;371;85;371;NO.;AAS;0.51;undefined;OTHER;OTHER
83565318.tif;1;0;754;1000;107;363;3;8;107;363;110;363;110;371;107;371;/;S;0.31;undefined;OTHER;OTHER
83565318.tif;1;0;754;1000;506;367;16;6;506;367;522;367;522;373;506;373;IMH;AAA;0.32;undefined;OTHER;OTHER
83565318.tif;1;0;754;1000;603;367;49;6;603;367;652;367;652;373;603;373;cvTCMnerN;AAAAAAAAA;0.28;undefined;OTHER;OTHER
83565318.tif;1;0;754;1000;173;368;2;5;173;368;175;368;175;373;173;373;1;N;0.3;undefined;OTHER;OTHER
83565318.tif;1;0;754;1000;178;368;16;5;178;368;194;368;194;373;178;373;IKifT;AAAAA;0.6;undefined;OTHER;OTHER
83565318.tif;1;0;754;1000;502;368;1;4;502;368;503;368;503;372;502;372;1;N;0.27;undefined;OTHER;OTHER
83565318.tif;1;0;754;1000;529;368;26;5;529;368;555;368;555;373;529;373;noire;AAAAA;0.34;undefined;OTHER;OTHER
83565318.tif;1;0;754;1000;658;368;27;5;658;368;685;368;685;373;658;373;active;AAAAAA;0.46;undefined;OTHER;OTHER
83565318.tif;1;0;754;1000;173;370;19;5;173;370;192;370;192;375;173;375;UNil;AAAA;0.29;undefined;OTHER;OTHER
83565318.tif;1;0;754;1000;502;370;18;5;502;370;520;370;520;375;502;375;UNII;AAAA;0.2;undefined;OTHER;OTHER
83565318.tif;1;0;754;1000;528;370;27;5;528;370;555;370;555;375;528;375;rMrwfc;AAAAAA;0.19;undefined;OTHER;OTHER
83565318.tif;1;0;754;1000;603;370;49;5;603;370;652;370;652;375;603;375;CAiCiNubU;AAAAAAAAA;0.21;undefined;OTHER;OTHER
83565318.tif;1;0;754;1000;658;370;27;5;658;370;685;370;685;375;658;375;rHiUfc;AAAAAA;0.27;undefined;OTHER;OTHER
83565318.tif;1;0;754;1000;57;372;31;8;57;372;88;372;88;380;57;380;SERIAL;AAAAAA;0.43;undefined;OTHER;OTHER
83565318.tif;1;0;754;1000;95;372;15;8;95;372;110;372;110;380;95;380;NO.;AAS;0.52;undefined;OTHER;OTHER
83565318.tif;1;0;754;1000;238;374;43;8;238;374;281;374;281;382;238;382;ORDERED;AAAAAAA;0.33;undefined;OTHER;OTHER
83565318.tif;1;0;754;1000;310;375;68;7;310;375;378;375;378;382;310;382;BACKORDERED;AAAAAAAAAAA;0.36;undefined;OTHER;OTHER
83565318.tif;1;0;754;1000;410;375;39;7;410;375;449;375;449;382;410;382;SHIPPED;AAAAAAA;0.48;undefined;OTHER;OTHER
83565318.tif;1;0;754;1000;20;387;50;9;20;387;70;387;70;396;20;396;400180;NNNNNN;0.48;undefined;OTHER;OTHER
83565318.tif;1;0;754;1000;158;387;34;9;158;387;192;387;192;396;158;396;EACH;AAAA;0.47;undefined;OTHER;OTHER
83565318.tif;1;0;754;1000;261;387;32;9;261;387;293;387;293;396;261;396;1.00;NSNN;0.71;undefined;OTHER;OTHER
83565318.tif;1;0;754;1000;345;387;32;9;345;387;377;387;377;396;345;396;0.00;NSNN;0.6;undefined;OTHER;OTHER
83565318.tif;1;0;754;1000;431;387;32;9;431;387;463;387;463;396;431;396;1.00;NSNN;0.54;undefined;OTHER;OTHER
83565318.tif;1;0;754;1000;508;387;66;9;508;387;574;387;574;396;508;396;4495.000;NNNNSNNN;0.6;undefined;OTHER;OTHER
83565318.tif;1;0;754;1000;636;387;58;9;636;387;694;387;694;396;636;396;4495.00;NNNNSNN;0.36;undefined;OTHER;OTHER
83565318.tif;1;0;754;1000;703;391;1;5;703;391;704;391;704;396;703;396;:;S;0.51;undefined;OTHER;OTHER
83565318.tif;1;0;754;1000;22;401;100;9;22;401;122;401;122;410;22;410;56-005-93440;NNSNNNSNNNNN;0.56;undefined;OTHER;OTHER
83565318.tif;1;0;754;1000;62;415;34;10;62;415;96;415;96;425;62;425;Node;AAAA;0.35;undefined;OTHER;OTHER
83565318.tif;1;0;754;1000;158;415;60;10;158;415;218;415;218;425;158;425;Network;AAAAAAA;0.43;undefined;OTHER;OTHER
83565318.tif;1;0;754;1000;22;416;15;9;22;416;37;416;37;425;22;425;SW;AA;0.36;undefined;OTHER;OTHER
83565318.tif;1;0;754;1000;46;416;7;9;46;416;53;416;53;425;46;425;5;N;1.0;undefined;OTHER;OTHER
83565318.tif;1;0;754;1000;106;416;43;11;106;416;149;416;149;427;106;427;Image;AAAAA;0.52;undefined;OTHER;OTHER
83565318.tif;1;0;754;1000;702;422;3;3;702;422;705;422;705;425;702;425;i;A;0.16;undefined;OTHER;OTHER
83565318.tif;1;0;754;1000;702;431;3;4;702;431;705;431;705;435;702;435;1;N;0.21;undefined;OTHER;OTHER
83565318.tif;1;0;754;1000;677;432;1;1;677;432;678;432;678;433;677;433;•;S;0.28;undefined;OTHER;OTHER
83565318.tif;1;0;754;1000;178;433;6;3;178;433;184;433;184;436;178;436;**•;SSS;0.5;undefined;OTHER;OTHER
83565318.tif;1;0;754;1000;150;434;3;3;150;434;153;434;153;437;150;437;";;";SS;0.27;undefined;OTHER;OTHER
83565318.tif;1;0;754;1000;159;434;1;1;159;434;160;434;160;435;159;435;■;S;0.43;undefined;OTHER;OTHER
83565318.tif;1;0;754;1000;188;434;4;5;188;434;192;434;192;439;188;439;y;A;0.15;undefined;OTHER;OTHER
83565318.tif;1;0;754;1000;193;434;2;1;193;434;195;434;195;435;193;435;m;A;0.3;undefined;OTHER;OTHER
83565318.tif;1;0;754;1000;616;434;1;1;616;434;617;434;617;435;616;435;.;S;0.55;undefined;OTHER;OTHER
83565318.tif;1;0;754;1000;650;434;2;1;650;434;652;434;652;435;650;435;_;_;0.57;undefined;OTHER;OTHER
83565318.tif;1;0;754;1000;662;434;2;2;662;434;664;434;664;436;662;436;,;S;0.66;undefined;OTHER;OTHER
83565318.tif;1;0;754;1000;185;435;2;1;185;435;187;435;187;436;185;436;-;S;0.54;undefined;OTHER;OTHER
83565318.tif;1;0;754;1000;311;436;1;1;311;436;312;436;312;437;311;437;•;S;0.66;undefined;OTHER;OTHER
83565318.tif;1;0;754;1000;320;436;4;2;320;436;324;436;324;438;320;438;V;A;0.17;undefined;OTHER;OTHER
83565318.tif;1;0;754;1000;369;436;1;1;369;436;370;436;370;437;369;437;’;S;1.0;undefined;OTHER;OTHER
83565318.tif;1;0;754;1000;373;436;2;2;373;436;375;436;375;438;373;438;•;S;0.29;undefined;OTHER;OTHER
83565318.tif;1;0;754;1000;330;437;1;1;330;437;331;437;331;438;330;438;•;S;1.0;undefined;OTHER;OTHER
83565318.tif;1;0;754;1000;315;438;2;2;315;438;317;438;317;440;315;440;.;S;0.54;undefined;OTHER;OTHER
83565318.tif;1;0;754;1000;158;444;34;10;158;444;192;444;192;454;158;454;EACH;AAAA;0.73;undefined;OTHER;OTHER
83565318.tif;1;0;754;1000;261;444;31;9;261;444;292;444;292;453;261;453;1.00;NSNN;0.74;undefined;OTHER;OTHER
83565318.tif;1;0;754;1000;345;444;32;9;345;444;377;444;377;453;345;453;0.00;NSNN;0.64;undefined;OTHER;OTHER
83565318.tif;1;0;754;1000;430;444;33;9;430;444;463;444;463;453;430;453;1.00;NSNN;0.79;undefined;OTHER;OTHER
83565318.tif;1;0;754;1000;516;444;57;9;516;444;573;444;573;453;516;453;675.000;NNNSNNN;0.67;undefined;OTHER;OTHER
83565318.tif;1;0;754;1000;644;444;49;9;644;444;693;444;693;453;644;453;675.00;NNNSNN;0.6;undefined;OTHER;OTHER
83565318.tif;1;0;754;1000;21;445;49;9;21;445;70;445;70;454;21;454;500180;NNNNNN;0.5;undefined;OTHER;OTHER
83565318.tif;1;0;754;1000;702;445;2;11;702;445;704;445;704;456;702;456;";";S;0.35;undefined;OTHER;OTHER
83565318.tif;1;0;754;1000;174;457;42;10;174;457;216;457;216;467;174;467;Maint;AAAAA;0.57;undefined;OTHER;OTHER
83565318.tif;1;0;754;1000;23;458;14;9;23;458;37;458;37;467;23;467;5W;NA;0.09;undefined;OTHER;OTHER
83565318.tif;1;0;754;1000;46;458;7;10;46;458;53;458;53;468;46;468;5;N;0.94;undefined;OTHER;OTHER
83565318.tif;1;0;754;1000;62;458;34;9;62;458;96;458;96;467;62;467;Node;AAAA;0.39;undefined;OTHER;OTHER
83565318.tif;1;0;754;1000;106;459;41;11;106;459;147;459;147;470;106;470;Image;AAAAA;0.64;undefined;OTHER;OTHER
83565318.tif;1;0;754;1000;529;459;1;1;529;459;530;459;530;460;529;460;*;S;1.0;undefined;OTHER;OTHER
83565318.tif;1;0;754;1000;219;460;48;7;219;460;267;460;267;467;219;467;enance;AAAAAA;0.51;undefined;OTHER;OTHER
83565318.tif;1;0;754;1000;519;460;4;5;519;460;523;460;523;465;519;465;\;S;0.26;undefined;OTHER;OTHER
83565318.tif;1;0;754;1000;526;460;1;1;526;460;527;460;527;461;526;461;';S;0.36;undefined;OTHER;OTHER
83565318.tif;1;0;754;1000;535;460;11;5;535;460;546;460;546;465;535;465;?./;SSS;0.27;undefined;OTHER;OTHER
83565318.tif;1;0;754;1000;474;461;3;4;474;461;477;461;477;465;474;465;Z;A;0.3;undefined;OTHER;OTHER
83565318.tif;1;0;754;1000;549;461;3;3;549;461;552;461;552;464;549;464;>;S;0.0;undefined;OTHER;OTHER
83565318.tif;1;0;754;1000;158;462;7;2;158;462;165;462;165;464;158;464;-;S;0.55;undefined;OTHER;OTHER
83565318.tif;1;0;754;1000;500;463;1;1;500;463;501;463;501;464;500;464;.;S;0.25;undefined;OTHER;OTHER
83565318.tif;1;0;754;1000;508;463;1;1;508;463;509;463;509;464;508;464;.;S;0.55;undefined;OTHER;OTHER
83565318.tif;1;0;754;1000;702;467;2;11;702;467;704;467;704;478;702;478;j;A;0.23;undefined;OTHER;OTHER
83565318.tif;1;0;754;1000;612;468;40;6;612;468;652;468;652;474;612;474;v*vvwrw.y';ASAAAAASAS;0.31;undefined;OTHER;OTHER
83565318.tif;1;0;754;1000;656;468;1;1;656;468;657;468;657;469;656;469;•;S;0.56;undefined;OTHER;OTHER
83565318.tif;1;0;754;1000;665;468;5;3;665;468;670;468;670;471;665;471;*.;SS;0.65;undefined;OTHER;OTHER
83565318.tif;1;0;754;1000;601;470;4;1;601;470;605;470;605;471;601;471;••;SS;0.88;undefined;OTHER;OTHER
83565318.tif;1;0;754;1000;687;470;1;1;687;470;688;470;688;471;687;471;.;S;0.55;undefined;OTHER;OTHER
83565318.tif;1;0;754;1000;23;471;90;11;23;471;113;471;113;482;23;482;Maintenance;AAAAAAAAAAA;0.65;undefined;OTHER;OTHER
83565318.tif;1;0;754;1000;123;472;24;10;123;472;147;472;147;482;123;482;End;AAA;0.4;undefined;OTHER;OTHER
83565318.tif;1;0;754;1000;218;472;8;10;218;472;226;472;226;482;218;482;t;A;1.0;undefined;OTHER;OTHER
83565318.tif;1;0;754;1000;235;472;21;12;235;472;256;472;256;484;235;484;17,;NNS;0.74;undefined;OTHER;OTHER
83565318.tif;1;0;754;1000;174;473;42;11;174;473;216;473;216;484;174;484;Augus;AAAAA;0.37;undefined;OTHER;OTHER
83565318.tif;1;0;754;1000;269;473;31;8;269;473;300;473;300;481;269;481;1999;NNNN;0.45;undefined;OTHER;OTHER
83565318.tif;1;0;754;1000;149;474;14;7;149;474;163;474;163;481;149;481;s:;AS;0.55;undefined;OTHER;OTHER
83565318.tif;1;0;754;1000;679;498;3;3;679;498;682;498;682;501;679;501;M;A;0.09;undefined;OTHER;OTHER
83565318.tif;1;0;754;1000;31;500;24;26;31;500;55;500;55;526;31;526;•;S;1.0;undefined;OTHER;OTHER
83565318.tif;1;0;754;1000;193;500;12;3;193;500;205;500;205;503;193;503;"4""•";NSS;0.51;undefined;OTHER;OTHER
83565318.tif;1;0;754;1000;158;501;1;1;158;501;159;501;159;502;158;502;•;S;0.35;undefined;OTHER;OTHER
83565318.tif;1;0;754;1000;160;501;3;3;160;501;163;501;163;504;160;504;*.;SS;0.52;undefined;OTHER;OTHER
83565318.tif;1;0;754;1000;175;502;1;1;175;502;176;502;176;503;175;503;•;S;0.24;undefined;OTHER;OTHER
83565318.tif;1;0;754;1000;488;529;3;2;488;529;491;529;491;531;488;531;”;S;1.0;undefined;OTHER;OTHER
83565318.tif;1;0;754;1000;514;530;3;1;514;530;517;530;517;531;514;531;**;SS;0.89;undefined;OTHER;OTHER
83565318.tif;1;0;754;1000;523;530;3;3;523;530;526;530;526;533;523;533;.*;SS;0.76;undefined;OTHER;OTHER
83565318.tif;1;0;754;1000;530;530;1;1;530;530;531;530;531;531;530;531;■;S;0.62;undefined;OTHER;OTHER
83565318.tif;1;0;754;1000;568;530;1;1;568;530;569;530;569;531;568;531;•;S;0.37;undefined;OTHER;OTHER
83565318.tif;1;0;754;1000;547;531;1;1;547;531;548;531;548;532;547;532;•;S;0.66;undefined;OTHER;OTHER
83565318.tif;1;0;754;1000;618;531;4;1;618;531;622;531;622;532;618;532;"""";S;1.0;undefined;OTHER;OTHER
83565318.tif;1;0;754;1000;696;531;1;1;696;531;697;531;697;532;696;532;•;S;1.0;undefined;OTHER;OTHER
83565318.tif;1;0;754;1000;701;531;2;4;701;531;703;531;703;535;701;535;1;N;0.27;undefined;OTHER;OTHER
83565318.tif;1;0;754;1000;543;532;1;1;543;532;544;532;544;533;543;533;.;S;1.0;undefined;OTHER;OTHER
83565318.tif;1;0;754;1000;552;532;4;1;552;532;556;532;556;533;552;533;..;SS;1.0;undefined;OTHER;OTHER
83565318.tif;1;0;754;1000;601;533;1;2;601;533;602;533;602;535;601;535;•;S;0.63;undefined;OTHER;OTHER
83565318.tif;1;0;754;1000;675;533;1;2;675;533;676;533;676;535;675;535;•;S;1.0;undefined;OTHER;OTHER
83565318.tif;1;0;754;1000;594;538;1;1;594;538;595;538;595;539;594;539;•;S;0.4;undefined;OTHER;OTHER
83565318.tif;1;0;754;1000;599;538;6;3;599;538;605;538;605;541;599;541;»y;SA;0.2;undefined;OTHER;OTHER
83565318.tif;1;0;754;1000;617;538;1;1;617;538;618;538;618;539;617;539;•;S;1.0;undefined;OTHER;OTHER
83565318.tif;1;0;754;1000;624;538;1;1;624;538;625;538;625;539;624;539;•;S;0.78;undefined;OTHER;OTHER
83565318.tif;1;0;754;1000;628;538;4;3;628;538;632;538;632;541;628;541;v;A;0.27;undefined;OTHER;OTHER
83565318.tif;1;0;754;1000;633;538;3;3;633;538;636;538;636;541;633;541;*.;SS;0.69;undefined;OTHER;OTHER
83565318.tif;1;0;754;1000;602;544;1;2;602;544;603;544;603;546;602;546;•;S;0.28;undefined;OTHER;OTHER
83565318.tif;1;0;754;1000;623;544;9;4;623;544;632;544;632;548;623;548;V.*.;ASSS;0.65;undefined;OTHER;OTHER
83565318.tif;1;0;754;1000;677;544;6;4;677;544;683;544;683;548;677;548;A.;AS;0.59;undefined;OTHER;OTHER
83565318.tif;1;0;754;1000;701;544;2;5;701;544;703;544;703;549;701;549;t;A;0.35;undefined;OTHER;OTHER
83565318.tif;1;0;754;1000;635;547;1;1;635;547;636;547;636;548;635;548;.;S;0.55;undefined;OTHER;OTHER
83565318.tif;1;0;754;1000;214;566;56;10;214;566;270;566;270;576;214;576;SPECIAL;AAAAAAA;0.58;undefined;OTHER;OTHER
83565318.tif;1;0;754;1000;275;566;62;10;275;566;337;566;337;576;275;576;COUNSEL;AAAAAAA;0.8;undefined;OTHER;OTHER
83565318.tif;1;0;754;1000;343;567;64;10;343;567;407;567;407;577;343;577;ACCOUNT;AAAAAAA;0.74;undefined;OTHER;OTHER
83565318.tif;1;0;754;1000;646;568;40;12;646;568;686;568;686;580;646;580;2085;NNNN;0.45;undefined;OTHER;OTHER
83565318.tif;1;0;754;1000;252;579;18;7;252;579;270;579;270;586;252;586;ONE;AAA;0.38;undefined;OTHER;OTHER
83565318.tif;1;0;754;1000;274;579;23;7;274;579;297;579;297;586;274;586;EAST;AAAA;0.59;undefined;OTHER;OTHER
83565318.tif;1;0;754;1000;300;579;52;8;300;579;352;579;352;587;300;587;MILWAUKEE;AAAAAAAAA;0.48;undefined;OTHER;OTHER
83565318.tif;1;0;754;1000;356;579;13;7;356;579;369;579;369;586;356;586;ST.;AAS;0.86;undefined;OTHER;OTHER
83565318.tif;1;0;754;1000;280;588;17;7;280;588;297;588;297;595;280;595;P.O.;ASAS;0.61;undefined;OTHER;OTHER
83565318.tif;1;0;754;1000;301;588;18;7;301;588;319;588;319;595;301;595;BOX;AAA;0.6;undefined;OTHER;OTHER
83565318.tif;1;0;754;1000;323;589;18;7;323;589;341;589;341;596;323;596;114a;NNNA;0.35;undefined;OTHER;OTHER
83565318.tif;1;0;754;1000;263;598;55;8;263;598;318;598;318;606;263;606;JANESVILLE,;AAAAAAAAAAS;0.47;undefined;OTHER;OTHER
83565318.tif;1;0;754;1000;321;598;10;7;321;598;331;598;331;605;321;605;WI;AA;0.38;undefined;OTHER;OTHER
83565318.tif;1;0;754;1000;335;598;23;7;335;598;358;598;358;605;335;605;53£47;NNSNN;0.18;undefined;OTHER;OTHER
83565318.tif;1;0;754;1000;633;602;35;6;633;602;668;602;668;608;633;608;79-^759;NNSSNNN;0.52;undefined;OTHER;OTHER
83565318.tif;1;0;754;1000;476;623;27;9;476;623;503;623;503;632;476;632;JULY;AAAA;0.61;undefined;OTHER;OTHER
83565318.tif;1;0;754;1000;512;623;12;9;512;623;524;623;524;632;512;632;28;NN;1.0;undefined;OTHER;OTHER
83565318.tif;1;0;754;1000;611;624;12;9;611;624;623;624;623;633;611;633;98;NN;0.67;undefined;OTHER;OTHER
83565318.tif;1;0;754;1000;600;628;8;6;600;628;608;628;608;634;600;634;T9;AN;0.32;undefined;OTHER;OTHER
83565318.tif;1;0;754;1000;12;645;4;4;12;645;16;645;16;649;12;649;n;A;0.29;undefined;OTHER;OTHER
83565318.tif;1;0;754;1000;114;648;64;9;114;648;178;648;178;657;114;657;SUMMATION;AAAAAAAAA;0.36;undefined;OTHER;OTHER
83565318.tif;1;0;754;1000;579;648;8;14;579;648;587;648;587;662;579;662;$;S;0.47;undefined;OTHER;OTHER
83565318.tif;1;0;754;1000;185;649;35;8;185;649;220;649;220;657;185;657;LEGAL;AAAAA;0.36;undefined;OTHER;OTHER
83565318.tif;1;0;754;1000;228;649;89;11;228;649;317;649;317;660;228;660;TECHNOLOGIES,;AAAAAAAAAAAAS;0.53;undefined;OTHER;OTHER
83565318.tif;1;0;754;1000;32;650;57;15;32;650;89;650;89;665;32;665;pAVTono.;AAAAAAAS;0.52;undefined;OTHER;OTHER
83565318.tif;1;0;754;1000;328;650;24;9;328;650;352;650;352;659;328;659;INC.;AAAS;0.68;undefined;OTHER;OTHER
83565318.tif;1;0;754;1000;12;652;5;14;12;652;17;652;17;666;12;666;nw*;AAS;0.46;undefined;OTHER;OTHER
83565318.tif;1;0;754;1000;596;652;55;11;596;652;651;652;651;663;596;663;5,189.55;NSNNNSNN;0.52;undefined;OTHER;OTHER
83565318.tif;1;0;754;1000;32;661;4;7;32;661;36;661;36;668;32;668;I;A;0.39;undefined;OTHER;OTHER
83565318.tif;1;0;754;1000;42;662;40;7;42;662;82;662;82;669;42;669;OkDCROf;AAAAAAA;0.26;undefined;OTHER;OTHER
83565318.tif;1;0;754;1000;114;677;27;8;114;677;141;677;141;685;114;685;FIVE;AAAA;0.34;undefined;OTHER;OTHER
83565318.tif;1;0;754;1000;149;677;56;9;149;677;205;677;205;686;149;686;THOUSAND;AAAAAAAA;0.47;undefined;OTHER;OTHER
83565318.tif;1;0;754;1000;213;677;21;9;213;677;234;677;234;686;213;686;ONE;AAA;0.37;undefined;OTHER;OTHER
83565318.tif;1;0;754;1000;242;678;48;8;242;678;290;678;290;686;242;686;HUNDRED;AAAAAAA;0.35;undefined;OTHER;OTHER
83565318.tif;1;0;754;1000;299;678;41;9;299;678;340;678;340;687;299;687;EIGHTY;AAAAAA;0.48;undefined;OTHER;OTHER
83565318.tif;1;0;754;1000;411;678;41;11;411;678;452;678;452;689;411;689;55/100;NNSNNN;0.75;undefined;OTHER;OTHER
83565318.tif;1;0;754;1000;348;679;27;9;348;679;375;679;375;688;348;688;NINE;AAAA;0.38;undefined;OTHER;OTHER
83565318.tif;1;0;754;1000;382;679;21;9;382;679;403;679;403;688;382;688;AND;AAA;0.52;undefined;OTHER;OTHER
83565318.tif;1;0;754;1000;592;685;26;6;592;685;618;685;618;691;592;691;DOHA;AAAA;0.62;undefined;OTHER;OTHER
83565318.tif;1;0;754;1000;619;685;13;7;619;685;632;685;632;692;619;692;RSI;AAA;0.19;undefined;OTHER;OTHER
83565318.tif;1;0;754;1000;151;700;38;7;151;700;189;700;189;707;151;707;FIRSTAR;AAAAAAA;0.42;undefined;OTHER;OTHER
83565318.tif;1;0;754;1000;195;700;25;7;195;700;220;700;220;707;195;707;BANK;AAAA;0.55;undefined;OTHER;OTHER
83565318.tif;1;0;754;1000;225;700;53;8;225;700;278;700;278;708;225;708;WISCONSIN;AAAAAAAAA;0.57;undefined;OTHER;OTHER
83565318.tif;1;0;754;1000;127;702;20;6;127;702;147;702;147;708;127;708;rAO;AAA;0.53;undefined;OTHER;OTHER
83565318.tif;1;0;754;1000;151;711;46;7;151;711;197;711;197;718;151;718;Matficn.WI;AAAAAAASAA;0.25;undefined;OTHER;OTHER
83565318.tif;1;0;754;1000;201;711;23;7;201;711;224;711;224;718;201;718;53707;NNNNN;0.37;undefined;OTHER;OTHER
83565318.tif;1;0;754;1000;105;717;6;2;105;717;111;717;111;719;105;719;_;_;0.64;undefined;OTHER;OTHER
83565318.tif;1;0;754;1000;116;717;2;2;116;717;118;717;118;719;116;719;.;S;0.54;undefined;OTHER;OTHER
83565318.tif;1;0;754;1000;103;719;37;8;103;719;140;719;140;727;103;727;BANK;AAAA;0.76;undefined;OTHER;OTHER
83565318.tif;1;0;754;1000;151;721;45;7;151;721;196;721;196;728;151;728;JANCSVtlU;AAAAAAAAA;0.49;undefined;OTHER;OTHER
83565318.tif;1;0;754;1000;199;722;28;7;199;722;227;722;227;729;199;729;OffICl;AAAAAA;0.44;undefined;OTHER;OTHER
83565318.tif;1;0;754;1000;63;747;48;9;63;747;111;747;111;756;63;756;Invoice;AAAAAAA;0.45;undefined;OTHER;OTHER
83565318.tif;1;0;754;1000;120;748;18;9;120;748;138;748;138;757;120;757;No.;AAS;0.31;undefined;OTHER;OTHER
83565318.tif;1;0;754;1000;149;748;34;10;149;748;183;748;183;758;149;758;269^9;NNNSN;0.8;undefined;OTHER;OTHER
83565318.tif;1;0;754;1000;31;752;15;6;31;752;46;752;46;758;31;758;fob;AAA;0.27;undefined;OTHER;OTHER
83565318.tif;1;0;754;1000;172;769;26;10;172;769;198;769;198;779;172;779;206;NNN;0.26;undefined;OTHER;OTHER
83565318.tif;1;0;754;1000;203;769;17;10;203;769;220;769;220;779;203;779;5b*;NAS;0.27;undefined;OTHER;OTHER
83565318.tif;1;0;754;1000;233;770;93;12;233;770;326;770;326;782;233;782;i:0?5S00I,6;ASNSNANNASN;0.29;undefined;OTHER;OTHER
83565318.tif;1;0;754;1000;331;771;16;11;331;771;347;771;347;782;331;782;5i:;NAS;0.31;undefined;OTHER;OTHER
83565318.tif;1;0;754;1000;373;772;5;10;373;772;378;772;378;782;373;782;3;N;0.23;undefined;OTHER;OTHER
83565318.tif;1;0;754;1000;384;772;5;10;384;772;389;772;389;782;384;782;l;A;0.56;undefined;OTHER;OTHER
83565318.tif;1;0;754;1000;394;772;6;10;394;772;400;772;400;782;394;782;2;N;0.15;undefined;OTHER;OTHER
83565318.tif;1;0;754;1000;404;772;6;10;404;772;410;772;410;782;404;782;3;N;0.0;undefined;OTHER;OTHER
83565318.tif;1;0;754;1000;446;772;18;11;446;772;464;772;464;783;446;783;6^;NS;0.62;undefined;OTHER;OTHER
83565318.tif;1;0;754;1000;360;773;8;8;360;773;368;773;368;781;360;781;«•;SS;0.59;undefined;OTHER;OTHER
83565318.tif;1;0;754;1000;468;773;13;10;468;773;481;773;481;783;468;783;7u;NA;0.37;undefined;OTHER;OTHER
83565318.tif;1;0;754;1000;481;774;4;5;481;774;485;774;485;779;481;779;B;A;0.24;undefined;OTHER;OTHER
83565318.tif;1;0;754;1000;601;812;14;7;601;812;615;812;615;819;601;819;CO;AA;0.5;undefined;OTHER;OTHER
83565318.tif;1;0;754;1000;601;825;14;8;601;825;615;825;615;833;601;833;C>J;ASA;0.11;undefined;OTHER;OTHER
83565318.tif;1;0;754;1000;601;837;15;8;601;837;616;837;616;845;601;845;Cn;AA;0.32;undefined;OTHER;OTHER
83565318.tif;1;0;754;1000;215;838;58;13;215;838;273;838;273;851;215;851;Special;AAAAAAA;0.47;undefined;OTHER;OTHER
83565318.tif;1;0;754;1000;20;839;65;13;20;839;85;839;85;852;20;852;Register;AAAAAAAA;0.61;undefined;OTHER;OTHER
83565318.tif;1;0;754;1000;129;839;77;10;129;839;206;839;206;849;129;849;Wisconsin;AAAAAAAAA;0.59;undefined;OTHER;OTHER
83565318.tif;1;0;754;1000;283;839;100;12;283;839;383;839;383;851;283;851;Counsel/Lisa;AAAAAAASAAAA;0.59;undefined;OTHER;OTHER
83565318.tif;1;0;754;1000;393;839;41;10;393;839;434;839;434;849;393;849;Jekel;AAAAA;0.58;undefined;OTHER;OTHER
83565318.tif;1;0;754;1000;95;840;22;9;95;840;117;840;117;849;95;849;to:;AAS;0.72;undefined;OTHER;OTHER
83565318.tif;1;0;754;1000;601;850;14;8;601;850;615;850;615;858;601;858;Os;AA;0.25;undefined;OTHER;OTHER
83565318.tif;1;0;754;1000;601;863;15;9;601;863;616;863;616;872;601;872;cn;AA;0.17;undefined;OTHER;OTHER
83565318.tif;1;0;754;1000;385;868;41;10;385;868;426;868;426;878;385;878;Sales;AAAAA;0.58;undefined;OTHER;OTHER
83565318.tif;1;0;754;1000;435;868;41;10;435;868;476;868;476;878;435;878;Total;AAAAA;0.26;undefined;OTHER;OTHER
83565318.tif;1;0;754;1000;631;869;58;9;631;869;689;869;689;878;631;878;5170.00;NNNNSNN;0.75;undefined;OTHER;OTHER
83565318.tif;1;0;754;1000;601;877;16;9;601;877;617;877;617;886;601;886;OJ;AA;0.41;undefined;OTHER;OTHER
83565318.tif;1;0;754;1000;436;879;66;14;436;879;502;879;502;893;436;893;Discount;AAAAAAAA;0.78;undefined;OTHER;OTHER
83565318.tif;1;0;754;1000;387;883;39;9;387;883;426;883;426;892;387;892;Trade;AAAAA;0.47;undefined;OTHER;OTHER
83565318.tif;1;0;754;1000;657;883;32;9;657;883;689;883;689;892;657;892;0.00;NSNN;0.45;undefined;OTHER;OTHER
83565318.tif;1;0;754;1000;383;896;60;13;383;896;443;896;443;909;383;909;Freight;AAAAAAA;0.61;undefined;OTHER;OTHER
83565318.tif;1;0;754;1000;648;897;41;9;648;897;689;897;689;906;648;906;19.55;NNSNN;0.82;undefined;OTHER;OTHER
83565318.tif;1;0;754;1000;601;902;15;9;601;902;616;902;616;911;601;911;CO;AA;0.46;undefined;OTHER;OTHER
83565318.tif;1;0;754;1000;435;909;58;14;435;909;493;909;493;923;435;923;Charges;AAAAAAA;0.64;undefined;OTHER;OTHER
83565318.tif;1;0;754;1000;383;910;40;13;383;910;423;910;423;923;383;923;pise.;AAAAS;0.61;undefined;OTHER;OTHER
83565318.tif;1;0;754;1000;657;911;32;9;657;911;689;911;689;920;657;920;0.00;NSNN;0.62;undefined;OTHER;OTHER
83565318.tif;1;0;754;1000;59;923;81;12;59;923;140;923;140;935;59;935;CUSTOMER;AAAAAAAA;0.23;undefined;OTHER;OTHER
83565318.tif;1;0;754;1000;144;923;47;12;144;923;191;923;191;935;144;935;vorr;AAAA;0.31;undefined;OTHER;OTHER
83565318.tif;1;0;754;1000;492;936;43;12;492;936;535;936;535;948;492;948;TOTAL;AAAAA;0.89;undefined;OTHER;OTHER
83565318.tif;1;0;754;1000;631;940;57;9;631;940;688;940;688;949;631;949;5189.55;NNNNSNN;0.64;undefined;OTHER;OTHER
83565318.tif;1;0;754;1000;148;954;39;6;148;954;187;954;187;960;148;960;tUCTfOMC;AAAAAAAA;0.13;undefined;OTHER;OTHER
83565318.tif;1;0;754;1000;188;954;24;5;188;954;212;954;212;959;188;959;flOfltft.;AAAAAAAAS;0.31;undefined;OTHER;OTHER
83565318.tif;1;0;754;1000;214;954;7;5;214;954;221;954;221;959;214;959;PT;AA;0.26;undefined;OTHER;OTHER
83565318.tif;1;0;754;1000;225;954;7;5;225;954;232;954;232;959;225;959;ST;AA;0.32;undefined;OTHER;OTHER
83565318.tif;1;0;754;1000;236;954;18;5;236;954;254;954;254;959;236;959;WGV.;AAAS;0.37;undefined;OTHER;OTHER
83565318.tif;1;0;754;1000;257;954;6;5;257;954;263;954;263;959;257;959;H.;AS;0.38;undefined;OTHER;OTHER
83565318.tif;1;0;754;1000;266;954;13;6;266;954;279;954;279;960;266;960;i^T);ASAS;0.44;undefined;OTHER;OTHER
83565318.tif;1;0;754;1000;30;955;20;5;30;955;50;955;50;960;30;960;FO<H4#;AASANS;0.24;undefined;OTHER;OTHER
83565318.tif;1;0;754;1000;56;955;27;5;56;955;83;955;83;960;56;960;9CCJ4WV;NAAANAA;0.21;undefined;OTHER;OTHER
83565318.tif;1;0;754;1000;87;955;10;4;87;955;97;955;97;959;87;959;KtO;AAA;0.16;undefined;OTHER;OTHER
83565318.tif;1;0;754;1000;105;955;41;4;105;955;146;955;146;959;105;959;THOC^MICMO;AAAASAAAAA;0.42;undefined;OTHER;OTHER
