src;num_pages;page_id;page_width;page_height;id;col;row;width;height;x1;y1;x2;y2;x3;y3;x4;y4;contents;contents_masked;correctclass;tag;description
ldlc134.tiff;1;1;2480;3508;40303;1757;4;172;43;1757;4;1929;4;1929;47;1757;47;Référence;AAAAAAAAA;undefined;OTHER;OTHER
ldlc134.tiff;1;1;2480;3508;40304;1941;4;20;43;1941;4;1961;4;1961;47;1941;47;à;A;undefined;OTHER;OTHER
ldlc134.tiff;1;1;2480;3508;40305;1972;4;137;43;1972;4;2109;4;2109;47;1972;47;rappeler;AAAAAAAA;undefined;OTHER;OTHER
ldlc134.tiff;1;1;2480;3508;40306;2120;4;60;43;2120;4;2180;4;2180;47;2120;47;lors;AAAA;undefined;OTHER;OTHER
ldlc134.tiff;1;1;2480;3508;40307;2191;4;41;43;2191;4;2232;4;2232;47;2191;47;du;AA;undefined;OTHER;OTHER
ldlc134.tiff;1;1;2480;3508;40308;2243;4;166;43;2243;4;2409;4;2409;47;2243;47;réglement;AAAAAAAAA;undefined;OTHER;OTHER
ldlc134.tiff;1;1;2480;3508;40309;1757;46;133;43;1757;46;1890;46;1890;89;1757;89;CLIENT;AAAAAA;undefined;OTHER;OTHER
ldlc134.tiff;1;1;2480;3508;40310;1901;46;47;43;1901;46;1948;46;1948;89;1901;89;No;AA;undefined;OTHER;OTHER
ldlc134.tiff;1;1;2480;3508;40314;2153;46;145;44;2153;46;2298;46;2298;90;2153;90;CL-7372;AASNNNN;CNUM;CLIENT_NUMBER;Client Number
ldlc134.tiff;1;1;2480;3508;40311;1757;89;177;43;1757;89;1934;89;1934;132;1757;132;FACTURE;AAAAAAA;undefined;OTHER;OTHER
ldlc134.tiff;1;1;2480;3508;40312;1945;89;47;43;1945;89;1992;89;1992;132;1945;132;No;AA;undefined;OTHER;OTHER
ldlc134.tiff;1;1;2480;3508;40315;2153;90;158;44;2153;90;2311;90;2311;134;2153;134;INV-5072;AAASNNNN;IN;INVOICE_NUMBER;Invoice Number
ldlc134.tiff;1;1;2480;3508;40313;1757;132;47;43;1757;132;1804;132;1804;175;1757;175;Du;AA;undefined;OTHER;OTHER
ldlc134.tiff;1;1;2480;3508;40316;2153;135;41;44;2153;135;2194;135;2194;179;2153;179;13;NN;IDATE;INVOICE_DATE;Invoice Date
ldlc134.tiff;1;1;2480;3508;40317;2205;135;56;44;2205;135;2261;135;2261;179;2205;179;oct;AAA;IDATE;INVOICE_DATE;Invoice Date
ldlc134.tiff;1;1;2480;3508;40318;2272;135;83;44;2272;135;2355;135;2355;179;2272;179;2007;NNNN;IDATE;INVOICE_DATE;Invoice Date
ldlc134.tiff;1;1;2480;3508;40319;1615;246;177;43;1615;246;1792;246;1792;289;1615;289;FACTURE;AAAAAAA;undefined;OTHER;OTHER
ldlc134.tiff;1;1;2480;3508;40320;1802;246;47;43;1802;246;1849;246;1849;289;1802;289;No;AA;undefined;OTHER;OTHER
ldlc134.tiff;1;1;2480;3508;40338;1958;246;158;44;1958;246;2116;246;2116;290;1958;290;INV-5072;AAASNNNN;IN;INVOICE_NUMBER;Invoice Number
ldlc134.tiff;1;1;2480;3508;40321;1615;310;47;43;1615;310;1662;310;1662;353;1615;353;Du;AA;undefined;OTHER;OTHER
ldlc134.tiff;1;1;2480;3508;40339;1958;311;41;44;1958;311;1999;311;1999;355;1958;355;13;NN;IDATE;INVOICE_DATE;Invoice Date
ldlc134.tiff;1;1;2480;3508;40340;2011;311;56;44;2011;311;2067;311;2067;355;2011;355;oct;AAA;IDATE;INVOICE_DATE;Invoice Date
ldlc134.tiff;1;1;2480;3508;40341;2077;311;83;44;2077;311;2160;311;2160;355;2077;355;2007;NNNN;IDATE;INVOICE_DATE;Invoice Date
ldlc134.tiff;1;1;2480;3508;40233;83;354;68;28;83;354;151;354;151;382;83;382;CTRE;AAAA;SA;SUPPLIER_ADDRESS;Seller Address
ldlc134.tiff;1;1;2480;3508;40234;158;354;79;28;158;354;237;354;237;382;158;382;COMM;AAAA;SA;SUPPLIER_ADDRESS;Seller Address
ldlc134.tiff;1;1;2480;3508;40235;244;354;73;28;244;354;317;354;317;382;244;382;SAINT;AAAAA;SA;SUPPLIER_ADDRESS;Seller Address
ldlc134.tiff;1;1;2480;3508;40236;325;354;84;28;325;354;409;354;409;382;325;382;SEVER;AAAAA;SA;SUPPLIER_ADDRESS;Seller Address
ldlc134.tiff;1;1;2480;3508;40237;416;354;6;28;416;354;422;354;422;382;416;382;,;S;undefined;OTHER;OTHER
ldlc134.tiff;1;1;2480;3508;40238;430;354;69;28;430;354;499;354;499;382;430;382;76100;NNNNN;SA;SUPPLIER_ADDRESS;Seller Address
ldlc134.tiff;1;1;2480;3508;40239;507;354;8;28;507;354;515;354;515;382;507;382;-;S;SA;SUPPLIER_ADDRESS;Seller Address
ldlc134.tiff;1;1;2480;3508;40240;522;354;90;28;522;354;612;354;612;382;522;382;ROUEN;AAAAA;SA;SUPPLIER_ADDRESS;Seller Address
ldlc134.tiff;1;1;2480;3508;40322;1615;374;133;43;1615;374;1748;374;1748;417;1615;417;CLIENT;AAAAAA;undefined;OTHER;OTHER
ldlc134.tiff;1;1;2480;3508;40323;1758;374;47;43;1758;374;1805;374;1805;417;1758;417;No;AA;undefined;OTHER;OTHER
ldlc134.tiff;1;1;2480;3508;40342;1958;377;143;43;1958;377;2101;377;2101;420;1958;420;CL-7372;AASNNNN;CNUM;CLIENT_NUMBER;Client Number
ldlc134.tiff;1;1;2480;3508;40241;83;421;88;28;83;421;171;421;171;449;83;449;Numéro;AAAAAA;undefined;OTHER;OTHER
ldlc134.tiff;1;1;2480;3508;40242;179;421;41;28;179;421;220;421;220;449;179;449;non;AAA;undefined;OTHER;OTHER
ldlc134.tiff;1;1;2480;3508;40243;227;421;81;28;227;421;308;421;308;449;227;449;surtaxé;AAAAAAA;undefined;OTHER;OTHER
ldlc134.tiff;1;1;2480;3508;40244;316;421;27;28;316;421;343;421;343;449;316;449;du;AA;undefined;OTHER;OTHER
ldlc134.tiff;1;1;2480;3508;40245;351;421;83;28;351;421;434;421;434;449;351;449;Service;AAAAAAA;undefined;OTHER;OTHER
ldlc134.tiff;1;1;2480;3508;40246;441;421;63;28;441;421;504;421;504;449;441;449;Client;AAAAAA;undefined;OTHER;OTHER
ldlc134.tiff;1;1;2480;3508;40247;512;421;6;28;512;421;518;421;518;449;512;449;:;S;undefined;OTHER;OTHER
ldlc134.tiff;1;1;2480;3508;40248;526;421;42;28;526;421;568;421;568;449;526;449;+33;SNN;SCN;SUPPLIER_CONTACT_NUMBER;Seller Contact Number
ldlc134.tiff;1;1;2480;3508;40249;575;421;13;28;575;421;588;421;588;449;575;449;0;N;SCN;SUPPLIER_CONTACT_NUMBER;Seller Contact Number
ldlc134.tiff;1;1;2480;3508;40250;596;421;41;28;596;421;637;421;637;449;596;449;874;NNN;SCN;SUPPLIER_CONTACT_NUMBER;Seller Contact Number
ldlc134.tiff;1;1;2480;3508;40251;645;421;41;28;645;421;686;421;686;449;645;449;163;NNN;SCN;SUPPLIER_CONTACT_NUMBER;Seller Contact Number
ldlc134.tiff;1;1;2480;3508;40252;694;421;41;28;694;421;735;421;735;449;694;449;389;NNN;SCN;SUPPLIER_CONTACT_NUMBER;Seller Contact Number
ldlc134.tiff;1;1;2480;3508;40324;1615;438;222;43;1615;438;1837;438;1837;481;1615;481;COMMANDE;AAAAAAAA;undefined;OTHER;OTHER
ldlc134.tiff;1;1;2480;3508;40325;1848;438;47;43;1848;438;1895;438;1895;481;1848;481;No;AA;undefined;OTHER;OTHER
ldlc134.tiff;1;1;2480;3508;40343;1958;441;162;44;1958;441;2120;441;2120;485;1958;485;COM-782;AAASNNN;ONUM;ORDER_NUMBER;Order Number
ldlc134.tiff;1;1;2480;3508;40253;83;449;59;28;83;449;142;449;142;477;83;477;Votre;AAAAA;undefined;OTHER;OTHER
ldlc134.tiff;1;1;2480;3508;40254;150;449;84;28;150;449;234;449;234;477;150;477;numéro;AAAAAA;undefined;OTHER;OTHER
ldlc134.tiff;1;1;2480;3508;40255;241;449;27;28;241;449;268;449;268;477;241;477;de;AA;undefined;OTHER;OTHER
ldlc134.tiff;1;1;2480;3508;40256;276;449;123;28;276;449;399;449;399;477;276;477;commande;AAAAAAAA;undefined;OTHER;OTHER
ldlc134.tiff;1;1;2480;3508;40257;407;449;52;28;407;449;459;449;459;477;407;477;vous;AAAA;undefined;OTHER;OTHER
ldlc134.tiff;1;1;2480;3508;40258;466;449;48;28;466;449;514;449;514;477;466;477;sera;AAAA;undefined;OTHER;OTHER
ldlc134.tiff;1;1;2480;3508;40259;522;449;104;28;522;449;626;449;626;477;522;477;demandé;AAAAAAA;undefined;OTHER;OTHER
ldlc134.tiff;1;1;2480;3508;40260;633;449;50;28;633;449;683;449;683;477;633;477;pour;AAAA;undefined;OTHER;OTHER
ldlc134.tiff;1;1;2480;3508;40261;690;449;41;28;690;449;731;449;731;477;690;477;tout;AAAA;undefined;OTHER;OTHER
ldlc134.tiff;1;1;2480;3508;40262;739;449;61;28;739;449;800;449;800;477;739;477;appel;AAAAA;undefined;OTHER;OTHER
ldlc134.tiff;1;1;2480;3508;40326;1615;503;58;43;1615;503;1673;503;1673;546;1615;546;Ref;AAA;undefined;OTHER;OTHER
ldlc134.tiff;1;1;2480;3508;40327;1683;503;95;43;1683;503;1778;503;1778;546;1683;546;Client;AAAAAA;undefined;OTHER;OTHER
ldlc134.tiff;1;1;2480;3508;40328;1790;503;10;43;1790;503;1800;503;1800;546;1790;546;:;S;undefined;OTHER;OTHER
ldlc134.tiff;1;1;2480;3508;40263;83;516;113;28;83;516;196;516;196;544;83;544;Retrouvez;AAAAAAAAA;undefined;OTHER;OTHER
ldlc134.tiff;1;1;2480;3508;40264;204;516;117;28;204;516;321;516;321;544;204;544;l'ensemblz;ASAAAAAAAA;undefined;OTHER;OTHER
ldlc134.tiff;1;1;2480;3508;40265;328;516;27;28;328;516;355;516;355;544;328;544;de;AA;undefined;OTHER;OTHER
ldlc134.tiff;1;1;2480;3508;40266;363;516;40;28;363;516;403;516;403;544;363;544;nos;AAA;undefined;OTHER;OTHER
ldlc134.tiff;1;1;2480;3508;40267;410;516;144;28;410;516;554;516;554;544;410;544;coordonnées;AAAAAAAAAAA;undefined;OTHER;OTHER
ldlc134.tiff;1;1;2480;3508;40268;561;516;34;28;561;516;595;516;595;544;561;544;sur;AAA;undefined;OTHER;OTHER
ldlc134.tiff;1;1;2480;3508;40269;603;516;56;28;603;516;659;516;659;544;603;544;notre;AAAAA;undefined;OTHER;OTHER
ldlc134.tiff;1;1;2480;3508;40270;667;516;38;28;667;516;705;516;705;544;667;544;site;AAAA;undefined;OTHER;OTHER
ldlc134.tiff;1;1;2480;3508;40271;713;516;6;28;713;516;719;516;719;544;713;544;,;S;undefined;OTHER;OTHER
ldlc134.tiff;1;1;2480;3508;40272;727;516;91;28;727;516;818;516;818;544;727;544;rubrique;AAAAAAAA;undefined;OTHER;OTHER
ldlc134.tiff;1;1;2480;3508;40273;825;516;85;28;825;516;910;516;910;544;825;544;"""Besoin";SAAAAAA;undefined;OTHER;OTHER
ldlc134.tiff;1;1;2480;3508;40274;918;516;74;28;918;516;992;516;992;544;918;544;"d'aide""";ASAAAAS;undefined;OTHER;OTHER
ldlc134.tiff;1;1;2480;3508;40329;1615;567;225;43;1615;567;1840;567;1840;610;1615;610;Representant;AAAAAAAAAAAA;undefined;OTHER;OTHER
ldlc134.tiff;1;1;2480;3508;40330;1850;567;10;43;1850;567;1860;567;1860;610;1850;610;:;S;undefined;OTHER;OTHER
ldlc134.tiff;1;1;2480;3508;40344;1958;571;187;43;1958;571;2145;571;2145;614;1958;614;INTERNET;AAAAAAAA;undefined;OTHER;OTHER
ldlc134.tiff;1;1;2480;3508;40331;1615;631;42;43;1615;631;1657;631;1657;674;1615;674;N°;AS;undefined;OTHER;OTHER
ldlc134.tiff;1;1;2480;3508;40332;1667;631;75;43;1667;631;1742;631;1742;674;1667;674;Intra;AAAAA;undefined;OTHER;OTHER
ldlc134.tiff;1;1;2480;3508;40333;1753;631;110;43;1753;631;1863;631;1863;674;1753;674;Comm;AAAA;undefined;OTHER;OTHER
ldlc134.tiff;1;1;2480;3508;40334;1873;631;10;43;1873;631;1883;631;1883;674;1873;674;:;S;undefined;OTHER;OTHER
ldlc134.tiff;1;1;2480;3508;40335;1615;695;42;43;1615;695;1657;695;1657;738;1615;738;N°;AS;undefined;OTHER;OTHER
ldlc134.tiff;1;1;2480;3508;40336;1667;695;77;43;1667;695;1744;695;1744;738;1667;738;Siret;AAAAA;undefined;OTHER;OTHER
ldlc134.tiff;1;1;2480;3508;40337;1755;695;10;43;1755;695;1765;695;1765;738;1755;738;:;S;undefined;OTHER;OTHER
ldlc134.tiff;1;1;2480;3508;40275;927;731;625;312;927;731;1552;731;1552;1043;927;1043;;;img;IMAGE;Image
ldlc134.tiff;1;1;2480;3508;40276;116;781;104;44;116;781;220;781;220;825;116;825;Client;AAAAAA;undefined;OTHER;OTHER
ldlc134.tiff;1;1;2480;3508;40277;231;781;77;44;231;781;308;781;308;825;231;825;livré;AAAAA;undefined;OTHER;OTHER
ldlc134.tiff;1;1;2480;3508;40278;318;781;12;44;318;781;330;781;330;825;318;825;:;S;undefined;OTHER;OTHER
ldlc134.tiff;1;1;2480;3508;40290;1560;781;104;44;1560;781;1664;781;1664;825;1560;825;Client;AAAAAA;undefined;OTHER;OTHER
ldlc134.tiff;1;1;2480;3508;40291;1675;781;135;44;1675;781;1810;781;1810;825;1675;825;Facturé;AAAAAAA;undefined;OTHER;OTHER
ldlc134.tiff;1;1;2480;3508;40292;1821;781;12;44;1821;781;1833;781;1833;825;1821;825;:;S;undefined;OTHER;OTHER
ldlc134.tiff;1;1;2480;3508;40279;116;826;104;43;116;826;220;826;220;869;116;869;PROF;AAAA;BN;BILLING_NAME;Billing Name
ldlc134.tiff;1;1;2480;3508;40280;231;826;175;43;231;826;406;826;406;869;231;869;RAPHAËL;AAAAAAA;BN;BILLING_NAME;Billing Name
ldlc134.tiff;1;1;2480;3508;40281;416;826;175;43;416;826;591;826;591;869;416;869;RENAULT;AAAAAAA;BN;BILLING_NAME;Billing Name
ldlc134.tiff;1;1;2480;3508;40293;1560;826;104;43;1560;826;1664;826;1664;869;1560;869;PROF;AAAA;SHN;SHIPPING_NAME;Shipping Name
ldlc134.tiff;1;1;2480;3508;40294;1675;826;175;43;1675;826;1850;826;1850;869;1675;869;RAPHAËL;AAAAAAA;SHN;SHIPPING_NAME;Shipping Name
ldlc134.tiff;1;1;2480;3508;40295;1861;826;175;43;1861;826;2036;826;2036;869;1861;869;RENAULT;AAAAAAA;SHN;SHIPPING_NAME;Shipping Name
ldlc134.tiff;1;1;2480;3508;40282;116;869;52;43;116;869;168;869;168;912;116;912;26,;NNS;BA;BILLING_ADDRESS;Billing Address
ldlc134.tiff;1;1;2480;3508;40283;179;869;154;43;179;869;333;869;333;912;179;912;AVENUE;AAAAAA;BA;BILLING_ADDRESS;Billing Address
ldlc134.tiff;1;1;2480;3508;40284;343;869;54;43;343;869;397;869;397;912;343;912;DU;AA;BA;BILLING_ADDRESS;Billing Address
ldlc134.tiff;1;1;2480;3508;40285;408;869;152;43;408;869;560;869;560;912;408;912;LATHAM;AAAAAA;BA;BILLING_ADDRESS;Billing Address
ldlc134.tiff;1;1;2480;3508;40286;570;869;41;43;570;869;611;869;611;912;570;912;47;NN;BA;BILLING_ADDRESS;Billing Address
ldlc134.tiff;1;1;2480;3508;40296;1560;869;31;43;1560;869;1591;869;1591;912;1560;912;2,;NS;SHA;SHIPPING_ADDRESS;Shipping Address
ldlc134.tiff;1;1;2480;3508;40297;1602;869;79;43;1602;869;1681;869;1681;912;1602;912;RUE;AAA;SHA;SHIPPING_ADDRESS;Shipping Address
ldlc134.tiff;1;1;2480;3508;40298;1692;869;77;43;1692;869;1769;869;1769;912;1692;912;DES;AAA;SHA;SHIPPING_ADDRESS;Shipping Address
ldlc134.tiff;1;1;2480;3508;40299;1779;869;70;43;1779;869;1849;869;1849;912;1779;912;LYS;AAA;SHA;SHIPPING_ADDRESS;Shipping Address
ldlc134.tiff;1;1;2480;3508;40287;116;913;104;43;116;913;220;913;220;956;116;956;76490;NNNNN;BA;BILLING_ADDRESS;Billing Address
ldlc134.tiff;1;1;2480;3508;40288;231;913;302;43;231;913;533;913;533;956;231;956;RIVES-EN-SEINE;AAAAASAASAAAAA;BA;BILLING_ADDRESS;Billing Address
ldlc134.tiff;1;1;2480;3508;40300;1560;913;104;43;1560;913;1664;913;1664;956;1560;956;86580;NNNNN;SHA;SHIPPING_ADDRESS;Shipping Address
ldlc134.tiff;1;1;2480;3508;40301;1675;913;437;43;1675;913;2112;913;2112;956;1675;956;VOUNEUIL-SOUS-BIARD;AAAAAAAASAAAASAAAAA;SHA;SHIPPING_ADDRESS;Shipping Address
ldlc134.tiff;1;1;2480;3508;40289;116;956;154;43;116;956;270;956;270;999;116;999;FRANCE;AAAAAA;BA;BILLING_ADDRESS;Billing Address
ldlc134.tiff;1;1;2480;3508;40302;1560;956;154;43;1560;956;1714;956;1714;999;1560;999;FRANCE;AAAAAA;SHA;SHIPPING_ADDRESS;Shipping Address
ldlc134.tiff;1;1;2480;3508;40345;1173;1044;158;43;1173;1044;1331;1044;1331;1087;1173;1087;INV-5072;AAASNNNN;IN;INVOICE_NUMBER;Invoice Number
ldlc134.tiff;1;1;2480;3508;40365;2188;1135;87;44;2188;1135;2275;1135;2275;1179;2188;1179;page;AAAA;undefined;OTHER;OTHER
ldlc134.tiff;1;1;2480;3508;40366;2286;1135;52;44;2286;1135;2338;1135;2338;1179;2286;1179;1/1;NSN;undefined;OTHER;OTHER
ldlc134.tiff;1;1;2480;3508;40346;104;1140;152;34;104;1140;256;1140;256;1174;104;1174;GARANTIE;AAAAAAAA;undefined;OTHER;OTHER
ldlc134.tiff;1;1;2480;3508;40347;264;1140;9;34;264;1140;273;1140;273;1174;264;1174;:;S;undefined;OTHER;OTHER
ldlc134.tiff;1;1;2480;3508;40348;282;1140;50;34;282;1140;332;1140;332;1174;282;1174;Les;AAA;undefined;OTHER;OTHER
ldlc134.tiff;1;1;2480;3508;40349;340;1140;137;34;340;1140;477;1140;477;1174;340;1174;étiquettes;AAAAAAAAAA;undefined;OTHER;OTHER
ldlc134.tiff;1;1;2480;3508;40350;486;1140;98;34;486;1140;584;1140;584;1174;486;1174;collées;AAAAAAA;undefined;OTHER;OTHER
ldlc134.tiff;1;1;2480;3508;40351;593;1140;45;34;593;1140;638;1140;638;1174;593;1174;sur;AAA;undefined;OTHER;OTHER
ldlc134.tiff;1;1;2480;3508;40352;647;1140;40;34;647;1140;687;1140;687;1174;647;1174;les;AAA;undefined;OTHER;OTHER
ldlc134.tiff;1;1;2480;3508;40353;695;1140;90;34;695;1140;785;1140;785;1174;695;1174;pièces;AAAAAA;undefined;OTHER;OTHER
ldlc134.tiff;1;1;2480;3508;40354;794;1140;100;34;794;1140;894;1140;894;1174;794;1174;neuves;AAAAAA;undefined;OTHER;OTHER
ldlc134.tiff;1;1;2480;3508;40355;903;1140;61;34;903;1140;964;1140;964;1174;903;1174;sont;AAAA;undefined;OTHER;OTHER
ldlc134.tiff;1;1;2480;3508;40356;972;1140;150;34;972;1140;1122;1140;1122;1174;972;1174;nécessaire;AAAAAAAAAA;undefined;OTHER;OTHER
ldlc134.tiff;1;1;2480;3508;40357;1131;1140;64;34;1131;1140;1195;1140;1195;1174;1131;1174;pour;AAAA;undefined;OTHER;OTHER
ldlc134.tiff;1;1;2480;3508;40358;1204;1140;24;34;1204;1140;1228;1140;1228;1174;1204;1174;la;AA;undefined;OTHER;OTHER
ldlc134.tiff;1;1;2480;3508;40359;1237;1140;121;34;1237;1140;1358;1140;1358;1174;1237;1174;garantie.;AAAAAAAAS;undefined;OTHER;OTHER
ldlc134.tiff;1;1;2480;3508;40360;1366;1140;50;34;1366;1140;1416;1140;1416;1174;1366;1174;Les;AAA;undefined;OTHER;OTHER
ldlc134.tiff;1;1;2480;3508;40361;1425;1140;158;34;1425;1140;1583;1140;1583;1174;1425;1174;emballages;AAAAAAAAAA;undefined;OTHER;OTHER
ldlc134.tiff;1;1;2480;3508;40362;1592;1140;103;34;1592;1140;1695;1140;1695;1174;1592;1174;doivent;AAAAAAA;undefined;OTHER;OTHER
ldlc134.tiff;1;1;2480;3508;40363;1704;1140;53;34;1704;1140;1757;1140;1757;1174;1704;1174;être;AAAA;undefined;OTHER;OTHER
ldlc134.tiff;1;1;2480;3508;40364;1765;1140;144;34;1765;1140;1909;1140;1909;1174;1765;1174;conservés;AAAAAAAAA;undefined;OTHER;OTHER
ldlc134.tiff;1;1;2480;3508;40367;112;1225;83;39;112;1225;195;1225;195;1264;112;1264;Code;AAAA;undefined;OTHER;OTHER
ldlc134.tiff;1;1;2480;3508;40368;404;1225;190;39;404;1225;594;1225;594;1264;404;1264;Designation;AAAAAAAAAAA;undefined;OTHER;OTHER
ldlc134.tiff;1;1;2480;3508;40369;1279;1225;55;39;1279;1225;1334;1225;1334;1264;1279;1264;Qté;AAA;undefined;OTHER;OTHER
ldlc134.tiff;1;1;2480;3508;40370;1395;1225;40;39;1395;1225;1435;1225;1435;1264;1395;1264;Px;AA;undefined;OTHER;OTHER
ldlc134.tiff;1;1;2480;3508;40371;1445;1225;74;39;1445;1225;1519;1225;1519;1264;1445;1264;Unit.;AAAAS;undefined;OTHER;OTHER
ldlc134.tiff;1;1;2480;3508;40372;1583;1225;72;39;1583;1225;1655;1225;1655;1264;1583;1264;Rem;AAA;undefined;OTHER;OTHER
ldlc134.tiff;1;1;2480;3508;40373;1664;1225;29;39;1664;1225;1693;1225;1693;1264;1664;1264;%;S;undefined;OTHER;OTHER
ldlc134.tiff;1;1;2480;3508;40374;1729;1225;49;39;1729;1225;1778;1225;1778;1264;1729;1264;Mtt;AAA;undefined;OTHER;OTHER
ldlc134.tiff;1;1;2480;3508;40375;1788;1225;85;39;1788;1225;1873;1225;1873;1264;1788;1264;base.;AAAAS;undefined;OTHER;OTHER
ldlc134.tiff;1;1;2480;3508;40376;1937;1225;103;39;1937;1225;2040;1225;2040;1264;1937;1264;Eco-P.;AAASAS;undefined;OTHER;OTHER
ldlc134.tiff;1;1;2480;3508;40377;2050;1225;44;39;2050;1225;2094;1225;2094;1264;2050;1264;HT;AA;undefined;OTHER;OTHER
ldlc134.tiff;1;1;2480;3508;40378;2104;1225;62;39;2104;1225;2166;1225;2166;1264;2104;1264;Uni.;AAAS;undefined;OTHER;OTHER
ldlc134.tiff;1;1;2480;3508;40379;2176;1225;51;39;2176;1225;2227;1225;2227;1264;2176;1264;Vte;AAA;undefined;OTHER;OTHER
ldlc134.tiff;1;1;2480;3508;40380;2270;1225;20;39;2270;1225;2290;1225;2290;1264;2270;1264;T;A;undefined;OTHER;OTHER
ldlc134.tiff;1;1;2480;3508;40381;112;1306;240;38;112;1306;352;1306;352;1344;112;1344;4012467920575;NNNNNNNNNNNNN;SNO;SNO;SNO
ldlc134.tiff;1;1;2480;3508;40382;404;1306;212;38;404;1306;616;1306;616;1344;404;1344;ASPIRATEUR;AAAAAAAAAA;PD;PRODUCT_DESCRIPTION;Product Description
ldlc134.tiff;1;1;2480;3508;40383;626;1306;90;38;626;1306;716;1306;716;1344;626;1344;SANS;AAAA;PD;PRODUCT_DESCRIPTION;Product Description
ldlc134.tiff;1;1;2480;3508;40384;726;1306;68;38;726;1306;794;1306;794;1344;726;1344;SAC;AAA;PD;PRODUCT_DESCRIPTION;Product Description
ldlc134.tiff;1;1;2480;3508;40385;804;1306;77;38;804;1306;881;1306;881;1344;804;1344;DIRT;AAAA;PD;PRODUCT_DESCRIPTION;Product Description
ldlc134.tiff;1;1;2480;3508;40386;891;1306;96;38;891;1306;987;1306;987;1344;891;1344;DEVIL;AAAAA;PD;PRODUCT_DESCRIPTION;Product Description
ldlc134.tiff;1;1;2480;3508;40387;996;1306;212;38;996;1306;1208;1306;1208;1344;996;1344;ASPIRATEUR;AAAAAAAAAA;PD;PRODUCT_DESCRIPTION;Product Description
ldlc134.tiff;1;1;2480;3508;40392;1279;1306;46;38;1279;1306;1325;1306;1325;1344;1279;1344;2.0;NSN;QTY;QUANTITY;Quantity
ldlc134.tiff;1;1;2480;3508;40393;1395;1306;120;38;1395;1306;1515;1306;1515;1344;1395;1344;130.267;NNNSNNN;UP;UNIT_PRICE;Unit Price Without Tax
ldlc134.tiff;1;1;2480;3508;40394;1583;1306;46;38;1583;1306;1629;1306;1629;1344;1583;1344;0.0;NSN;undefined;OTHER;OTHER
ldlc134.tiff;1;1;2480;3508;40395;1729;1306;120;38;1729;1306;1849;1306;1849;1344;1729;1344;260.534;NNNSNNN;PTWTX;PRODUCT_TOTAL_PRICE_WITHOUT_TAX;Product Total Price without TAX
ldlc134.tiff;1;1;2480;3508;40396;1937;1306;46;38;1937;1306;1983;1306;1983;1344;1937;1344;0.0;NSN;undefined;OTHER;OTHER
ldlc134.tiff;1;1;2480;3508;40397;2104;1306;53;38;2104;1306;2157;1306;2157;1344;2104;1344;PIE;AAA;undefined;OTHER;OTHER
ldlc134.tiff;1;1;2480;3508;40398;2262;1306;18;38;2262;1306;2280;1306;2280;1344;2262;1344;4;N;undefined;OTHER;OTHER
ldlc134.tiff;1;1;2480;3508;40388;404;1344;90;38;404;1344;494;1344;494;1382;404;1382;SANS;AAAA;PD;PRODUCT_DESCRIPTION;Product Description
ldlc134.tiff;1;1;2480;3508;40389;504;1344;68;38;504;1344;572;1344;572;1382;504;1382;SAC;AAA;PD;PRODUCT_DESCRIPTION;Product Description
ldlc134.tiff;1;1;2480;3508;40390;581;1344;11;38;581;1344;592;1344;592;1382;581;1382;-;S;PD;PRODUCT_DESCRIPTION;Product Description
ldlc134.tiff;1;1;2480;3508;40391;602;1344;122;38;602;1344;724;1344;724;1382;602;1382;DD3255;AANNNN;PD;PRODUCT_DESCRIPTION;Product Description
ldlc134.tiff;1;1;2480;3508;40399;112;1425;240;38;112;1425;352;1425;352;1463;112;1463;4002515625132;NNNNNNNNNNNNN;SNO;SNO;SNO
ldlc134.tiff;1;1;2480;3508;40400;404;1425;277;38;404;1425;681;1425;681;1463;404;1463;ASSOUPLISSANT;AAAAAAAAAAAAA;PD;PRODUCT_DESCRIPTION;Product Description
ldlc134.tiff;1;1;2480;3508;40401;691;1425;100;38;691;1425;791;1425;791;1463;691;1463;MIELE;AAAAA;PD;PRODUCT_DESCRIPTION;Product Description
ldlc134.tiff;1;1;2480;3508;40402;800;1425;157;38;800;1425;957;1425;957;1463;800;1463;COFFRET;AAAAAAA;PD;PRODUCT_DESCRIPTION;Product Description
ldlc134.tiff;1;1;2480;3508;40403;967;1425;37;38;967;1425;1004;1425;1004;1463;967;1463;10;NN;PD;PRODUCT_DESCRIPTION;Product Description
ldlc134.tiff;1;1;2480;3508;40404;1013;1425;90;38;1013;1425;1103;1425;1103;1463;1013;1463;CAPS;AAAA;PD;PRODUCT_DESCRIPTION;Product Description
ldlc134.tiff;1;1;2480;3508;40407;1279;1425;46;38;1279;1425;1325;1425;1325;1463;1279;1463;2.0;NSN;QTY;QUANTITY;Quantity
ldlc134.tiff;1;1;2480;3508;40408;1395;1425;83;38;1395;1425;1478;1425;1478;1463;1395;1463;8.325;NSNNN;UP;UNIT_PRICE;Unit Price Without Tax
ldlc134.tiff;1;1;2480;3508;40409;1583;1425;46;38;1583;1425;1629;1425;1629;1463;1583;1463;0.0;NSN;undefined;OTHER;OTHER
ldlc134.tiff;1;1;2480;3508;40410;1729;1425;83;38;1729;1425;1812;1425;1812;1463;1729;1463;16.65;NNSNN;PTWTX;PRODUCT_TOTAL_PRICE_WITHOUT_TAX;Product Total Price without TAX
ldlc134.tiff;1;1;2480;3508;40411;1937;1425;46;38;1937;1425;1983;1425;1983;1463;1937;1463;0.0;NSN;undefined;OTHER;OTHER
ldlc134.tiff;1;1;2480;3508;40412;2104;1425;53;38;2104;1425;2157;1425;2157;1463;2104;1463;PIE;AAA;undefined;OTHER;OTHER
ldlc134.tiff;1;1;2480;3508;40413;2262;1425;18;38;2262;1425;2280;1425;2280;1463;2262;1463;4;N;undefined;OTHER;OTHER
ldlc134.tiff;1;1;2480;3508;40405;404;1463;240;38;404;1463;644;1463;644;1501;404;1501;ADOUCISSANT;AAAAAAAAAAA;PD;PRODUCT_DESCRIPTION;Product Description
ldlc134.tiff;1;1;2480;3508;40406;654;1463;137;38;654;1463;791;1463;791;1501;654;1501;NATURE;AAAAAA;PD;PRODUCT_DESCRIPTION;Product Description
ldlc134.tiff;1;1;2480;3508;40414;112;1543;240;38;112;1543;352;1543;352;1581;112;1581;4002515315583;NNNNNNNNNNNNN;SNO;SNO;SNO
ldlc134.tiff;1;1;2480;3508;40415;404;1543;114;38;404;1543;518;1543;518;1581;404;1581;FILTRE;AAAAAA;PD;PRODUCT_DESCRIPTION;Product Description
ldlc134.tiff;1;1;2480;3508;40416;528;1543;100;38;528;1543;628;1543;628;1581;528;1581;MIELE;AAAAA;PD;PRODUCT_DESCRIPTION;Product Description
ldlc134.tiff;1;1;2480;3508;40417;637;1543;96;38;637;1543;733;1543;733;1581;637;1581;ACTIF;AAAAA;PD;PRODUCT_DESCRIPTION;Product Description
ldlc134.tiff;1;1;2480;3508;40418;743;1543;55;38;743;1543;798;1543;798;1581;743;1581;AIR;AAA;PD;PRODUCT_DESCRIPTION;Product Description
ldlc134.tiff;1;1;2480;3508;40419;807;1543;216;38;807;1543;1023;1543;1023;1581;807;1581;CLEANAAC30;AAAAAAAANN;PD;PRODUCT_DESCRIPTION;Product Description
ldlc134.tiff;1;1;2480;3508;40420;1033;1543;46;38;1033;1543;1079;1543;1079;1581;1033;1581;PR;AA;PD;PRODUCT_DESCRIPTION;Product Description
ldlc134.tiff;1;1;2480;3508;40421;1089;1543;40;38;1089;1543;1129;1543;1129;1581;1089;1581;S4;AN;PD;PRODUCT_DESCRIPTION;Product Description
ldlc134.tiff;1;1;2480;3508;40422;1139;1543;62;38;1139;1543;1201;1543;1201;1581;1139;1581;ÀS5;AAN;PD;PRODUCT_DESCRIPTION;Product Description
ldlc134.tiff;1;1;2480;3508;40423;1279;1543;46;38;1279;1543;1325;1543;1325;1581;1279;1581;1.0;NSN;QTY;QUANTITY;Quantity
ldlc134.tiff;1;1;2480;3508;40424;1395;1543;101;38;1395;1543;1496;1543;1496;1581;1395;1581;17.492;NNSNNN;UP;UNIT_PRICE;Unit Price Without Tax
ldlc134.tiff;1;1;2480;3508;40425;1583;1543;46;38;1583;1543;1629;1543;1629;1581;1583;1581;0.0;NSN;undefined;OTHER;OTHER
ldlc134.tiff;1;1;2480;3508;40426;1729;1543;101;38;1729;1543;1830;1543;1830;1581;1729;1581;17.492;NNSNNN;PTWTX;PRODUCT_TOTAL_PRICE_WITHOUT_TAX;Product Total Price without TAX
ldlc134.tiff;1;1;2480;3508;40427;1937;1543;46;38;1937;1543;1983;1543;1983;1581;1937;1581;0.0;NSN;undefined;OTHER;OTHER
ldlc134.tiff;1;1;2480;3508;40428;2104;1543;53;38;2104;1543;2157;1543;2157;1581;2104;1581;PIE;AAA;undefined;OTHER;OTHER
ldlc134.tiff;1;1;2480;3508;40429;2262;1543;18;38;2262;1543;2280;1543;2280;1581;2262;1581;4;N;undefined;OTHER;OTHER
ldlc134.tiff;1;1;2480;3508;40441;1425;2475;145;44;1425;2475;1570;2475;1570;2519;1425;2519;Montant;AAAAAAA;undefined;OTHER;OTHER
ldlc134.tiff;1;1;2480;3508;40442;1581;2475;120;44;1581;2475;1701;2475;1701;2519;1581;2519;remise;AAAAAA;undefined;OTHER;OTHER
ldlc134.tiff;1;1;2480;3508;40454;2208;2475;72;43;2208;2475;2280;2475;2280;2518;2208;2518;0,00;NSNN;undefined;OTHER;OTHER
ldlc134.tiff;1;1;2480;3508;40430;112;2487;20;39;112;2487;132;2487;132;2526;112;2526;T;A;undefined;OTHER;OTHER
ldlc134.tiff;1;1;2480;3508;40431;295;2487;29;39;295;2487;324;2487;324;2526;295;2526;%;S;undefined;OTHER;OTHER
ldlc134.tiff;1;1;2480;3508;40432;334;2487;66;39;334;2487;400;2487;400;2526;334;2526;TVA;AAA;undefined;OTHER;OTHER
ldlc134.tiff;1;1;2480;3508;40433;537;2487;92;39;537;2487;629;2487;629;2526;537;2526;BASE;AAAA;undefined;OTHER;OTHER
ldlc134.tiff;1;1;2480;3508;40434;639;2487;46;39;639;2487;685;2487;685;2526;639;2526;DE;AA;undefined;OTHER;OTHER
ldlc134.tiff;1;1;2480;3508;40435;694;2487;137;39;694;2487;831;2487;831;2526;694;2526;CALCUL;AAAAAA;undefined;OTHER;OTHER
ldlc134.tiff;1;1;2480;3508;40436;912;2487;111;39;912;2487;1023;2487;1023;2526;912;2526;TOTAL;AAAAA;undefined;OTHER;OTHER
ldlc134.tiff;1;1;2480;3508;40455;2208;2518;72;43;2208;2518;2280;2518;2280;2561;2208;2561;0,00;NSNN;undefined;OTHER;OTHER
ldlc134.tiff;1;1;2480;3508;40443;1425;2519;145;44;1425;2519;1570;2519;1570;2563;1425;2563;Montant;AAAAAAA;undefined;OTHER;OTHER
ldlc134.tiff;1;1;2480;3508;40444;1581;2519;72;44;1581;2519;1653;2519;1653;2563;1581;2563;port;AAAA;undefined;OTHER;OTHER
ldlc134.tiff;1;1;2480;3508;40456;2208;2561;93;43;2208;2561;2301;2561;2301;2604;2208;2604;294.0;NNNSN;TWTX;TOTAL_WITHOUT_TAX;TWTXS
ldlc134.tiff;1;1;2480;3508;40445;1425;2564;145;44;1425;2564;1570;2564;1570;2608;1425;2608;Montant;AAAAAAA;undefined;OTHER;OTHER
ldlc134.tiff;1;1;2480;3508;40446;1581;2564;70;44;1581;2564;1651;2564;1651;2608;1581;2608;H.T.;ASAS;undefined;OTHER;OTHER
ldlc134.tiff;1;1;2480;3508;40437;112;2568;18;38;112;2568;130;2568;130;2606;112;2606;4;N;undefined;OTHER;OTHER
ldlc134.tiff;1;1;2480;3508;40438;295;2568;37;38;295;2568;332;2568;332;2606;295;2606;20;NN;TXR;TAX_RATE;Tax Rate
ldlc134.tiff;1;1;2480;3508;40439;537;2568;120;38;537;2568;657;2568;657;2606;537;2606;294.676;NNNSNNN;TTX;TOTAL_TAX;Total Tax
ldlc134.tiff;1;1;2480;3508;40440;912;2568;101;38;912;2568;1013;2568;1013;2606;912;2606;58.935;NNSNNN;undefined;OTHER;OTHER
ldlc134.tiff;1;1;2480;3508;40457;2208;2605;72;43;2208;2605;2280;2605;2280;2648;2208;2648;0,00;NSNN;undefined;OTHER;OTHER
ldlc134.tiff;1;1;2480;3508;40447;1425;2608;85;44;1425;2608;1510;2608;1510;2652;1425;2652;Dont;AAAA;undefined;OTHER;OTHER
ldlc134.tiff;1;1;2480;3508;40448;1520;2608;302;44;1520;2608;1822;2608;1822;2652;1520;2652;eco-participation;AAASAAAAAAAAAAAAA;undefined;OTHER;OTHER
ldlc134.tiff;1;1;2480;3508;40458;2208;2648;72;43;2208;2648;2280;2648;2280;2691;2208;2691;58.0;NNSN;TTX;TOTAL_TAX;Total Tax
ldlc134.tiff;1;1;2480;3508;40449;1425;2653;75;44;1425;2653;1500;2653;1500;2697;1425;2697;TVA;AAA;undefined;OTHER;OTHER
ldlc134.tiff;1;1;2480;3508;40459;2208;2691;93;43;2208;2691;2301;2691;2301;2734;2208;2734;353.0;NNNSN;TA;TOTAL_AMOUNT;Total with TAX
ldlc134.tiff;1;1;2480;3508;40450;1425;2698;145;44;1425;2698;1570;2698;1570;2742;1425;2742;Montant;AAAAAAA;undefined;OTHER;OTHER
ldlc134.tiff;1;1;2480;3508;40451;1581;2698;72;44;1581;2698;1653;2698;1653;2742;1581;2742;TTC;AAA;undefined;OTHER;OTHER
ldlc134.tiff;1;1;2480;3508;40460;2208;2735;93;43;2208;2735;2301;2735;2301;2778;2208;2778;353.0;NNNSN;TA;TOTAL_AMOUNT;Total with TAX
ldlc134.tiff;1;1;2480;3508;40452;1425;2742;95;44;1425;2742;1520;2742;1520;2786;1425;2786;Votre;AAAAA;undefined;OTHER;OTHER
ldlc134.tiff;1;1;2480;3508;40453;1531;2742;179;44;1531;2742;1710;2742;1710;2786;1531;2786;reglèment;AAAAAAAAA;undefined;OTHER;OTHER
ldlc134.tiff;1;1;2480;3508;40472;124;2750;70;44;124;2750;194;2750;194;2794;124;2794;Nos;AAA;undefined;OTHER;OTHER
ldlc134.tiff;1;1;2480;3508;40473;206;2750;145;44;206;2750;351;2750;351;2794;206;2794;factures;AAAAAAAA;undefined;OTHER;OTHER
ldlc134.tiff;1;1;2480;3508;40474;362;2750;79;44;362;2750;441;2750;441;2794;362;2794;sont;AAAA;undefined;OTHER;OTHER
ldlc134.tiff;1;1;2480;3508;40475;452;2750;148;44;452;2750;600;2750;600;2794;452;2794;libellées;AAAAAAAAA;undefined;OTHER;OTHER
ldlc134.tiff;1;1;2480;3508;40476;610;2750;43;44;610;2750;653;2750;653;2794;610;2794;en;AA;undefined;OTHER;OTHER
ldlc134.tiff;1;1;2480;3508;40477;664;2750;116;44;664;2750;780;2750;780;2794;664;2794;Euros.;AAAAAS;undefined;OTHER;OTHER
ldlc134.tiff;1;1;2480;3508;40478;124;2833;116;44;124;2833;240;2833;240;2877;124;2877;Aucun;AAAAA;undefined;OTHER;OTHER
ldlc134.tiff;1;1;2480;3508;40479;252;2833;175;44;252;2833;427;2833;427;2877;252;2877;escompte;AAAAAAAA;undefined;OTHER;OTHER
ldlc134.tiff;1;1;2480;3508;40480;437;2833;83;44;437;2833;520;2833;520;2877;437;2877;pour;AAAA;undefined;OTHER;OTHER
ldlc134.tiff;1;1;2480;3508;40481;531;2833;143;44;531;2833;674;2833;674;2877;531;2877;paiment;AAAAAAA;undefined;OTHER;OTHER
ldlc134.tiff;1;1;2480;3508;40482;685;2833;141;44;685;2833;826;2833;826;2877;685;2877;anticipé;AAAAAAAA;undefined;OTHER;OTHER
ldlc134.tiff;1;1;2480;3508;40483;837;2833;43;44;837;2833;880;2833;880;2877;837;2877;ne;AA;undefined;OTHER;OTHER
ldlc134.tiff;1;1;2480;3508;40484;891;2833;77;44;891;2833;968;2833;968;2877;891;2877;sera;AAAA;undefined;OTHER;OTHER
ldlc134.tiff;1;1;2480;3508;40485;979;2833;133;44;979;2833;1112;2833;1112;2877;979;2877;ccordé.;AAAAAAS;undefined;OTHER;OTHER
ldlc134.tiff;1;1;2480;3508;40461;1429;2841;75;44;1429;2841;1504;2841;1504;2885;1429;2885;NET;AAA;undefined;OTHER;OTHER
ldlc134.tiff;1;1;2480;3508;40462;1514;2841;27;44;1514;2841;1541;2841;1541;2885;1514;2885;A;A;undefined;OTHER;OTHER
ldlc134.tiff;1;1;2480;3508;40463;1552;2841;129;44;1552;2841;1681;2841;1681;2885;1552;2885;PAYER;AAAAA;undefined;OTHER;OTHER
ldlc134.tiff;1;1;2480;3508;40468;2125;2841;72;44;2125;2841;2197;2841;2197;2885;2125;2885;0,00;NSNN;undefined;OTHER;OTHER
ldlc134.tiff;1;1;2480;3508;40464;1429;2886;81;44;1429;2886;1510;2886;1510;2930;1429;2930;Date;AAAA;undefined;OTHER;OTHER
ldlc134.tiff;1;1;2480;3508;40465;1520;2886;97;44;1520;2886;1617;2886;1617;2930;1520;2930;limite;AAAAAA;undefined;OTHER;OTHER
ldlc134.tiff;1;1;2480;3508;40466;1629;2886;43;44;1629;2886;1672;2886;1672;2930;1629;2930;de;AA;undefined;OTHER;OTHER
ldlc134.tiff;1;1;2480;3508;40467;1683;2886;164;44;1683;2886;1847;2886;1847;2930;1683;2930;paiement;AAAAAAAA;undefined;OTHER;OTHER
ldlc134.tiff;1;1;2480;3508;40469;2125;2886;41;43;2125;2886;2166;2886;2166;2929;2125;2929;13;NN;IDATE;INVOICE_DATE;Invoice Date
ldlc134.tiff;1;1;2480;3508;40470;2177;2886;50;43;2177;2886;2227;2886;2227;2929;2177;2929;oct;AAA;IDATE;INVOICE_DATE;Invoice Date
ldlc134.tiff;1;1;2480;3508;40471;2237;2886;83;43;2237;2886;2320;2886;2320;2929;2237;2929;2007;NNNN;IDATE;INVOICE_DATE;Invoice Date
ldlc134.tiff;1;1;2480;3508;40486;116;2945;210;43;116;2945;326;2945;326;2988;116;2988;CONDITION;AAAAAAAAA;undefined;OTHER;OTHER
ldlc134.tiff;1;1;2480;3508;40487;337;2945;52;43;337;2945;389;2945;389;2988;337;2988;DE;AA;undefined;OTHER;OTHER
ldlc134.tiff;1;1;2480;3508;40488;400;2945;233;43;400;2945;633;2945;633;2988;400;2988;REGLEMENT;AAAAAAAAA;undefined;OTHER;OTHER
ldlc134.tiff;1;1;2480;3508;40490;800;2945;40;28;800;2945;840;2945;840;2973;800;2973;Les;AAA;undefined;OTHER;OTHER
ldlc134.tiff;1;1;2480;3508;40491;847;2945;112;28;847;2945;959;2945;959;2973;847;2973;conditions;AAAAAAAAAA;undefined;OTHER;OTHER
ldlc134.tiff;1;1;2480;3508;40492;966;2945;109;28;966;2945;1075;2945;1075;2973;966;2973;générales;AAAAAAAAA;undefined;OTHER;OTHER
ldlc134.tiff;1;1;2480;3508;40493;1083;2945;27;28;1083;2945;1110;2945;1110;2973;1083;2973;de;AA;undefined;OTHER;OTHER
ldlc134.tiff;1;1;2480;3508;40494;1118;2945;73;28;1118;2945;1191;2945;1191;2973;1118;2973;ventes;AAAAAA;undefined;OTHER;OTHER
ldlc134.tiff;1;1;2480;3508;40495;1198;2945;88;28;1198;2945;1286;2945;1286;2973;1198;2973;"(""CGV"")";SSAAASS;undefined;OTHER;OTHER
ldlc134.tiff;1;1;2480;3508;40496;1294;2945;125;28;1294;2945;1419;2945;1419;2973;1294;2973;appilcables;AAAAAAAAAAA;undefined;OTHER;OTHER
ldlc134.tiff;1;1;2480;3508;40497;1426;2945;13;28;1426;2945;1439;2945;1439;2973;1426;2973;a;A;undefined;OTHER;OTHER
ldlc134.tiff;1;1;2480;3508;40498;1447;2945;55;28;1447;2945;1502;2945;1502;2973;1447;2973;votre;AAAAA;undefined;OTHER;OTHER
ldlc134.tiff;1;1;2480;3508;40499;1509;2945;123;28;1509;2945;1632;2945;1632;2973;1509;2973;commande;AAAAAAAA;undefined;OTHER;OTHER
ldlc134.tiff;1;1;2480;3508;40500;1640;2945;113;28;1640;2945;1753;2945;1753;2973;1640;2973;acceptées;AAAAAAAAA;undefined;OTHER;OTHER
ldlc134.tiff;1;1;2480;3508;40501;1761;2945;40;28;1761;2945;1801;2945;1801;2973;1761;2973;lors;AAAA;undefined;OTHER;OTHER
ldlc134.tiff;1;1;2480;3508;40502;1808;2945;27;28;1808;2945;1835;2945;1835;2973;1808;2973;de;AA;undefined;OTHER;OTHER
ldlc134.tiff;1;1;2480;3508;40503;1843;2945;40;28;1843;2945;1883;2945;1883;2973;1843;2973;son;AAA;undefined;OTHER;OTHER
ldlc134.tiff;1;1;2480;3508;40504;1890;2945;166;28;1890;2945;2056;2945;2056;2973;1890;2973;enregistrement;AAAAAAAAAAAAAA;undefined;OTHER;OTHER
ldlc134.tiff;1;1;2480;3508;40505;2064;2945;47;28;2064;2945;2111;2945;2111;2973;2064;2973;sont;AAAA;undefined;OTHER;OTHER
ldlc134.tiff;1;1;2480;3508;40506;800;2974;116;28;800;2974;916;2974;916;3002;800;3002;également;AAAAAAAAA;undefined;OTHER;OTHER
ldlc134.tiff;1;1;2480;3508;40507;923;2974;125;28;923;2974;1048;2974;1048;3002;923;3002;disponibles;AAAAAAAAAAA;undefined;OTHER;OTHER
ldlc134.tiff;1;1;2480;3508;40508;1055;2974;34;28;1055;2974;1089;2974;1089;3002;1055;3002;sur;AAA;undefined;OTHER;OTHER
ldlc134.tiff;1;1;2480;3508;40509;1097;2974;56;28;1097;2974;1153;2974;1153;3002;1097;3002;notre;AAAAA;undefined;OTHER;OTHER
ldlc134.tiff;1;1;2480;3508;40510;1161;2974;45;28;1161;2974;1206;2974;1206;3002;1161;3002;site.;AAAAS;undefined;OTHER;OTHER
ldlc134.tiff;1;1;2480;3508;40489;116;2989;137;44;116;2989;253;2989;253;3033;116;3033;Chèque;AAAAAA;undefined;OTHER;OTHER
ldlc134.tiff;1;1;2480;3508;40511;800;3041;41;28;800;3041;841;3041;841;3069;800;3069;231;NNN;SN;SUPPLIER_NAME;Seller/Company) name
ldlc134.tiff;1;1;2480;3508;40512;848;3041;65;28;848;3041;913;3041;913;3069;848;3069;EAST;AAAA;SN;SUPPLIER_NAME;Seller/Company) name
ldlc134.tiff;1;1;2480;3508;40513;920;3041;98;28;920;3041;1018;3041;1018;3069;920;3069;STREET;AAAAAA;SN;SUPPLIER_NAME;Seller/Company) name
ldlc134.tiff;1;1;2480;3508;40514;1026;3041;0;28;1026;3041;1026;3041;1026;3069;1026;3069;;;undefined;OTHER;OTHER
ldlc134.tiff;1;1;2480;3508;40515;1033;3041;8;28;1033;3041;1041;3041;1041;3069;1033;3069;-;S;undefined;OTHER;OTHER
ldlc134.tiff;1;1;2480;3508;40516;1048;3041;33;28;1048;3041;1081;3041;1081;3069;1048;3069;SA;AA;undefined;OTHER;OTHER
ldlc134.tiff;1;1;2480;3508;40517;1089;3041;13;28;1089;3041;1102;3041;1102;3069;1089;3069;à;A;undefined;OTHER;OTHER
ldlc134.tiff;1;1;2480;3508;40518;1109;3041;102;28;1109;3041;1211;3041;1211;3069;1109;3069;directoire;AAAAAAAAAA;undefined;OTHER;OTHER
ldlc134.tiff;1;1;2480;3508;40519;1219;3041;20;28;1219;3041;1239;3041;1239;3069;1219;3069;et;AA;undefined;OTHER;OTHER
ldlc134.tiff;1;1;2480;3508;40520;1247;3041;77;28;1247;3041;1324;3041;1324;3069;1247;3069;conseil;AAAAAAA;undefined;OTHER;OTHER
ldlc134.tiff;1;1;2480;3508;40521;1332;3041;27;28;1332;3041;1359;3041;1359;3069;1332;3069;de;AA;undefined;OTHER;OTHER
ldlc134.tiff;1;1;2480;3508;40522;1366;3041;131;28;1366;3041;1497;3041;1497;3069;1366;3069;surveillance;AAAAAAAAAAAA;undefined;OTHER;OTHER
ldlc134.tiff;1;1;2480;3508;40523;1505;3041;27;28;1505;3041;1532;3041;1532;3069;1505;3069;au;AA;undefined;OTHER;OTHER
ldlc134.tiff;1;1;2480;3508;40524;1540;3041;72;28;1540;3041;1612;3041;1612;3069;1540;3069;capital;AAAAAAA;undefined;OTHER;OTHER
ldlc134.tiff;1;1;2480;3508;40525;1619;3041;27;28;1619;3041;1646;3041;1646;3069;1619;3069;de;AA;undefined;OTHER;OTHER
ldlc134.tiff;1;1;2480;3508;40526;1654;3041;97;28;1654;3041;1751;3041;1751;3069;1654;3069;5329278;NNNNNNN;undefined;OTHER;OTHER
ldlc134.tiff;1;1;2480;3508;40527;1758;3041;38;28;1758;3041;1796;3041;1796;3069;1758;3069;Eur;AAA;undefined;OTHER;OTHER
ldlc134.tiff;1;1;2480;3508;40528;1804;3041;8;28;1804;3041;1812;3041;1812;3069;1804;3069;-;S;undefined;OTHER;OTHER
ldlc134.tiff;1;1;2480;3508;40529;1819;3041;125;28;1819;3041;1944;3041;1944;3069;1819;3069;614008758;NNNNNNNNN;SCID;SUPPLIER_ID;Seller Identifier Number (Siren)
ldlc134.tiff;1;1;2480;3508;40530;800;3070;59;28;800;3070;859;3070;859;3098;800;3098;Code;AAAA;undefined;OTHER;OTHER
ldlc134.tiff;1;1;2480;3508;40531;866;3070;50;28;866;3070;916;3070;916;3098;866;3098;APE;AAA;undefined;OTHER;OTHER
ldlc134.tiff;1;1;2480;3508;40532;923;3070;0;28;923;3070;923;3070;923;3098;923;3098;;;undefined;OTHER;OTHER
ldlc134.tiff;1;1;2480;3508;40533;930;3070;8;28;930;3070;938;3070;938;3098;930;3098;-;S;undefined;OTHER;OTHER
ldlc134.tiff;1;1;2480;3508;40534;945;3070;28;28;945;3070;973;3070;973;3098;945;3098;N°;AS;undefined;OTHER;OTHER
ldlc134.tiff;1;1;2480;3508;40535;980;3070;220;28;980;3070;1200;3070;1200;3098;980;3098;intracommunautaire;AAAAAAAAAAAAAAAAAA;undefined;OTHER;OTHER
ldlc134.tiff;1;1;2480;3508;40536;1208;3070;186;28;1208;3070;1394;3070;1394;3098;1208;3098;FR69614008758;AANNNNNNNNNNN;SVAT;SUPPLIER_VAT;Seller Vat Number/TVA
ldlc134.tiff;1;1;2480;3508;40537;800;3098;28;28;800;3098;828;3098;828;3126;800;3126;N°;AS;undefined;OTHER;OTHER
ldlc134.tiff;1;1;2480;3508;40538;834;3098;51;28;834;3098;885;3098;885;3126;834;3126;Siret;AAAAA;undefined;OTHER;OTHER
ldlc134.tiff;1;1;2480;3508;40539;893;3098;6;28;893;3098;899;3098;899;3126;893;3126;:;S;undefined;OTHER;OTHER
ldlc134.tiff;1;1;2480;3508;40540;907;3098;194;28;907;3098;1101;3098;1101;3126;907;3126;61400875816470;NNNNNNNNNNNNNN;undefined;OTHER;OTHER
ldlc134.tiff;1;1;2480;3508;40541;991;3274;31;28;991;3274;1022;3274;1022;3302;991;3302;Ne;AA;undefined;OTHER;OTHER
ldlc134.tiff;1;1;2480;3508;40542;1030;3274;40;28;1030;3274;1070;3274;1070;3302;1030;3302;pas;AAA;undefined;OTHER;OTHER
ldlc134.tiff;1;1;2480;3508;40543;1077;3274;48;28;1077;3274;1125;3274;1125;3302;1077;3302;jeter;AAAAA;undefined;OTHER;OTHER
ldlc134.tiff;1;1;2480;3508;40544;1133;3274;34;28;1133;3274;1167;3274;1167;3302;1133;3302;sur;AAA;undefined;OTHER;OTHER
ldlc134.tiff;1;1;2480;3508;40545;1175;3274;19;28;1175;3274;1194;3274;1194;3302;1175;3302;la;AA;undefined;OTHER;OTHER
ldlc134.tiff;1;1;2480;3508;40546;1201;3274;45;28;1201;3274;1246;3274;1246;3302;1201;3302;voie;AAAA;undefined;OTHER;OTHER
ldlc134.tiff;1;1;2480;3508;40547;1254;3274;94;28;1254;3274;1348;3274;1348;3302;1254;3302;publique;AAAAAAAA;undefined;OTHER;OTHER
