src;num_pages;page_id;page_width;page_height;id;col;row;width;height;x1;y1;x2;y2;x3;y3;x4;y4;contents;contents_masked;correctclass;tag;description
invoice-3176.tiff;1;1;2480;3508;390716;1187;62;534;175;1187;62;1721;62;1721;237;1187;237;common/logo;AAAAAASAAAA;img;IMAGE;Image
invoice-3176.tiff;1;1;2480;3508;390713;124;270;155;57;124;270;279;270;279;327;124;327;Invoice;AAAAAAA;undefined;OTHER;OTHER
invoice-3176.tiff;1;1;2480;3508;390714;293;270;55;57;293;270;348;270;348;327;293;327;ID;AA;undefined;OTHER;OTHER
invoice-3176.tiff;1;1;2480;3508;390715;411;270;229;50;411;270;640;270;640;320;411;320;8473121329;NNNNNNNNNN;IN;INVOICE_NUMBER;Invoice Number
invoice-3176.tiff;1;1;2480;3508;390717;1187;412;182;48;1187;412;1369;412;1369;460;1187;460;FEMMES;AAAAAA;SN;SUPPLIER_NAME;Seller/Company) name
invoice-3176.tiff;1;1;2480;3508;390718;1380;412;60;48;1380;412;1440;412;1440;460;1380;460;DU;AA;SN;SUPPLIER_NAME;Seller/Company) name
invoice-3176.tiff;1;1;2480;3508;390719;1451;412;159;48;1451;412;1610;412;1610;460;1451;460;MONDE;AAAAA;SN;SUPPLIER_NAME;Seller/Company) name
invoice-3176.tiff;1;1;2480;3508;390720;1187;460;41;45;1187;460;1228;460;1228;505;1187;505;27;NN;SA;SUPPLIER_ADDRESS;Seller Address
invoice-3176.tiff;1;1;2480;3508;390721;1239;460;81;45;1239;460;1320;460;1320;505;1239;505;RUE;AAA;SA;SUPPLIER_ADDRESS;Seller Address
invoice-3176.tiff;1;1;2480;3508;390722;1331;460;97;45;1331;460;1428;460;1428;505;1331;505;JEAN;AAAA;SA;SUPPLIER_ADDRESS;Seller Address
invoice-3176.tiff;1;1;2480;3508;390723;1438;460;145;45;1438;460;1583;460;1583;505;1438;505;JAURES;AAAAAA;SA;SUPPLIER_ADDRESS;Seller Address
invoice-3176.tiff;1;1;2480;3508;390724;1592;460;13;45;1592;460;1605;460;1605;505;1592;505;-;S;SA;SUPPLIER_ADDRESS;Seller Address
invoice-3176.tiff;1;1;2480;3508;390725;1617;460;104;45;1617;460;1721;460;1721;505;1617;505;27500;NNNNN;SA;SUPPLIER_ADDRESS;Seller Address
invoice-3176.tiff;1;1;2480;3508;390726;1739;460;106;45;1739;460;1845;460;1845;505;1739;505;PONT;AAAA;SA;SUPPLIER_ADDRESS;Seller Address
invoice-3176.tiff;1;1;2480;3508;390727;1856;460;196;45;1856;460;2052;460;2052;505;1856;505;AUDEMER;AAAAAAA;SA;SUPPLIER_ADDRESS;Seller Address
invoice-3176.tiff;1;1;2480;3508;390728;2061;460;13;45;2061;460;2074;460;2074;505;2061;505;-;S;SA;SUPPLIER_ADDRESS;Seller Address
invoice-3176.tiff;1;1;2480;3508;390729;2086;460;157;45;2086;460;2243;460;2243;505;2086;505;FRANCE;AAAAAA;SA;SUPPLIER_ADDRESS;Seller Address
invoice-3176.tiff;1;1;2480;3508;390730;1187;506;106;45;1187;506;1293;506;1293;551;1187;551;Phone;AAAAA;undefined;OTHER;OTHER
invoice-3176.tiff;1;1;2480;3508;390731;1318;506;69;45;1318;506;1387;506;1387;551;1318;551;+33;SNN;SCN;SUPPLIER_CONTACT_NUMBER;Seller Contact Number
invoice-3176.tiff;1;1;2480;3508;390732;1399;506;48;45;1399;506;1447;506;1447;551;1399;551;(0);SNS;SCN;SUPPLIER_CONTACT_NUMBER;Seller Contact Number
invoice-3176.tiff;1;1;2480;3508;390733;1458;506;20;45;1458;506;1478;506;1478;551;1458;551;0;N;SCN;SUPPLIER_CONTACT_NUMBER;Seller Contact Number
invoice-3176.tiff;1;1;2480;3508;390734;1489;506;41;45;1489;506;1530;506;1530;551;1489;551;98;NN;SCN;SUPPLIER_CONTACT_NUMBER;Seller Contact Number
invoice-3176.tiff;1;1;2480;3508;390735;1541;506;41;45;1541;506;1582;506;1582;551;1541;551;43;NN;SCN;SUPPLIER_CONTACT_NUMBER;Seller Contact Number
invoice-3176.tiff;1;1;2480;3508;390736;1593;506;41;45;1593;506;1634;506;1634;551;1593;551;06;NN;SCN;SUPPLIER_CONTACT_NUMBER;Seller Contact Number
invoice-3176.tiff;1;1;2480;3508;390737;1645;506;41;45;1645;506;1686;506;1686;551;1645;551;29;NN;SCN;SUPPLIER_CONTACT_NUMBER;Seller Contact Number
invoice-3176.tiff;1;1;2480;3508;390738;1729;506;64;45;1729;506;1793;506;1793;551;1729;551;Fax;AAA;undefined;OTHER;OTHER
invoice-3176.tiff;1;1;2480;3508;390739;1818;506;69;45;1818;506;1887;506;1887;551;1818;551;+33;SNN;SFAX;SUPPLIER_FAX_NUMBER;Seller Fax Number
invoice-3176.tiff;1;1;2480;3508;390740;1899;506;48;45;1899;506;1947;506;1947;551;1899;551;(0);SNS;SFAX;SUPPLIER_FAX_NUMBER;Seller Fax Number
invoice-3176.tiff;1;1;2480;3508;390741;1958;506;20;45;1958;506;1978;506;1978;551;1958;551;0;N;SFAX;SUPPLIER_FAX_NUMBER;Seller Fax Number
invoice-3176.tiff;1;1;2480;3508;390742;1989;506;41;45;1989;506;2030;506;2030;551;1989;551;98;NN;SFAX;SUPPLIER_FAX_NUMBER;Seller Fax Number
invoice-3176.tiff;1;1;2480;3508;390743;2041;506;41;45;2041;506;2082;506;2082;551;2041;551;43;NN;SFAX;SUPPLIER_FAX_NUMBER;Seller Fax Number
invoice-3176.tiff;1;1;2480;3508;390744;2093;506;41;45;2093;506;2134;506;2134;551;2093;551;63;NN;SFAX;SUPPLIER_FAX_NUMBER;Seller Fax Number
invoice-3176.tiff;1;1;2480;3508;390745;2145;506;41;45;2145;506;2186;506;2186;551;2145;551;02;NN;SFAX;SUPPLIER_FAX_NUMBER;Seller Fax Number
invoice-3176.tiff;1;1;2480;3508;390757;1541;736;141;57;1541;736;1682;736;1682;793;1541;793;Billing;AAAAAAA;undefined;OTHER;OTHER
invoice-3176.tiff;1;1;2480;3508;390758;1695;736;175;57;1695;736;1870;736;1870;793;1695;793;Address;AAAAAAA;undefined;OTHER;OTHER
invoice-3176.tiff;1;1;2480;3508;390746;124;747;91;52;124;747;215;747;215;799;124;799;Date;AAAA;undefined;OTHER;OTHER
invoice-3176.tiff;1;1;2480;3508;390747;750;747;41;46;750;747;791;747;791;793;750;793;21;NN;IDATE;INVOICE_DATE;Invoice Date
invoice-3176.tiff;1;1;2480;3508;390748;802;747;61;46;802;747;863;747;863;793;802;793;dic,;AAAS;IDATE;INVOICE_DATE;Invoice Date
invoice-3176.tiff;1;1;2480;3508;390749;873;747;83;46;873;747;956;747;956;793;873;793;2014;NNNN;IDATE;INVOICE_DATE;Invoice Date
invoice-3176.tiff;1;1;2480;3508;390759;1541;793;120;48;1541;793;1661;793;1661;841;1541;841;Darius;AAAAAA;BN;BILLING_NAME;Billing Name
invoice-3176.tiff;1;1;2480;3508;390760;1672;793;120;48;1672;793;1792;793;1792;841;1672;841;Jacobs;AAAAAA;BN;BILLING_NAME;Billing Name
invoice-3176.tiff;1;1;2480;3508;390750;124;821;119;52;124;821;243;821;243;873;124;873;Client;AAAAAA;undefined;OTHER;OTHER
invoice-3176.tiff;1;1;2480;3508;390751;256;821;50;52;256;821;306;821;306;873;256;873;ID;AA;undefined;OTHER;OTHER
invoice-3176.tiff;1;1;2480;3508;390752;750;821;104;46;750;821;854;821;854;867;750;867;79263;NNNNN;CNUM;CLIENT_NUMBER;Client Number
invoice-3176.tiff;1;1;2480;3508;390761;1541;841;31;45;1541;841;1572;841;1572;886;1541;886;8,;NS;BA;BILLING_ADDRESS;Billing Address
invoice-3176.tiff;1;1;2480;3508;390762;1583;841;55;45;1583;841;1638;841;1638;886;1583;886;rue;AAA;BA;BILLING_ADDRESS;Billing Address
invoice-3176.tiff;1;1;2480;3508;390763;1649;841;39;45;1649;841;1688;841;1688;886;1649;886;de;AA;BA;BILLING_ADDRESS;Billing Address
invoice-3176.tiff;1;1;2480;3508;390764;1699;841;103;45;1699;841;1802;841;1802;886;1699;886;l'h√¥tel;ASAAAAA;BA;BILLING_ADDRESS;Billing Address
invoice-3176.tiff;1;1;2480;3508;390765;1813;841;39;45;1813;841;1852;841;1852;886;1813;886;de;AA;BA;BILLING_ADDRESS;Billing Address
invoice-3176.tiff;1;1;2480;3508;390766;1863;841;71;45;1863;841;1934;841;1934;886;1863;886;ville;AAAAA;BA;BILLING_ADDRESS;Billing Address
invoice-3176.tiff;1;1;2480;3508;390767;1541;887;104;45;1541;887;1645;887;1645;932;1541;932;59620;NNNNN;BA;BILLING_ADDRESS;Billing Address
invoice-3176.tiff;1;1;2480;3508;390768;1687;887;305;45;1687;887;1992;887;1992;932;1687;932;Aulnoye-Aymeries;AAAAAAASAAAAAAAA;BA;BILLING_ADDRESS;Billing Address
invoice-3176.tiff;1;1;2480;3508;390753;124;894;173;52;124;894;297;894;297;946;124;946;Payment;AAAAAAA;undefined;OTHER;OTHER
invoice-3176.tiff;1;1;2480;3508;390754;309;894;84;52;309;894;393;894;393;946;309;946;type;AAAA;undefined;OTHER;OTHER
invoice-3176.tiff;1;1;2480;3508;390755;750;894;87;46;750;894;837;894;837;940;750;940;Bank;AAAA;PMODE;PAYMENT_MODE;Payment Mode
invoice-3176.tiff;1;1;2480;3508;390756;848;894;141;46;848;894;989;894;989;940;848;940;Transfer;AAAAAAAA;PMODE;PAYMENT_MODE;Payment Mode
invoice-3176.tiff;1;1;2480;3508;390769;1541;933;120;45;1541;933;1661;933;1661;978;1541;978;France;AAAAAA;BA;BILLING_ADDRESS;Billing Address
invoice-3176.tiff;1;1;2480;3508;390770;156;1399;104;52;156;1399;260;1399;260;1451;156;1451;S.No.;ASAAS;undefined;OTHER;OTHER
invoice-3176.tiff;1;1;2480;3508;390771;489;1399;157;52;489;1399;646;1399;646;1451;489;1451;Product;AAAAAAA;undefined;OTHER;OTHER
invoice-3176.tiff;1;1;2480;3508;390772;658;1399;226;52;658;1399;884;1399;884;1451;658;1451;Description;AAAAAAAAAAA;undefined;OTHER;OTHER
invoice-3176.tiff;1;1;2480;3508;390773;1141;1399;175;52;1141;1399;1316;1399;1316;1451;1141;1451;Quantity;AAAAAAAA;undefined;OTHER;OTHER
invoice-3176.tiff;1;1;2480;3508;390774;1420;1399;86;52;1420;1399;1506;1399;1506;1451;1420;1451;Unit;AAAA;undefined;OTHER;OTHER
invoice-3176.tiff;1;1;2480;3508;390775;1518;1399;101;52;1518;1399;1619;1399;1619;1451;1518;1451;Price;AAAAA;undefined;OTHER;OTHER
invoice-3176.tiff;1;1;2480;3508;390776;1712;1399;96;52;1712;1399;1808;1399;1808;1451;1712;1451;TVA;AAA;undefined;OTHER;OTHER
invoice-3176.tiff;1;1;2480;3508;390777;1820;1399;91;52;1820;1399;1911;1399;1911;1451;1820;1451;Rate;AAAA;undefined;OTHER;OTHER
invoice-3176.tiff;1;1;2480;3508;390778;2051;1399;104;52;2051;1399;2155;1399;2155;1451;2051;1451;Total;AAAAA;undefined;OTHER;OTHER
invoice-3176.tiff;1;1;2480;3508;390779;197;1473;20;48;197;1473;217;1473;217;1521;197;1521;1;N;undefined;OTHER;OTHER
invoice-3176.tiff;1;1;2480;3508;390780;291;1473;101;48;291;1473;392;1473;392;1521;291;1521;Carte;AAAAA;undefined;OTHER;OTHER
invoice-3176.tiff;1;1;2480;3508;390781;403;1473;182;48;403;1473;585;1473;585;1521;403;1521;graphique;AAAAAAAAA;undefined;OTHER;OTHER
invoice-3176.tiff;1;1;2480;3508;390782;597;1473;118;48;597;1473;715;1473;715;1521;597;1521;Nvidia;AAAAAA;undefined;OTHER;OTHER
invoice-3176.tiff;1;1;2480;3508;390783;725;1473;85;48;725;1473;810;1473;810;1521;725;1521;PNY;AAA;undefined;OTHER;OTHER
invoice-3176.tiff;1;1;2480;3508;390784;821;1473;152;48;821;1473;973;1473;973;1521;821;1521;GeForce;AAAAAAA;undefined;OTHER;OTHER
invoice-3176.tiff;1;1;2480;3508;390785;984;1473;90;48;984;1473;1074;1473;1074;1521;984;1521;GTX;AAA;undefined;OTHER;OTHER
invoice-3176.tiff;1;1;2480;3508;390788;1218;1473;20;48;1218;1473;1238;1473;1238;1521;1218;1521;4;N;undefined;OTHER;OTHER
invoice-3176.tiff;1;1;2480;3508;390789;1414;1473;114;48;1414;1473;1528;1473;1528;1521;1414;1521;257,51;NNNSNN;undefined;OTHER;OTHER
invoice-3176.tiff;1;1;2480;3508;390790;1539;1473;87;48;1539;1473;1626;1473;1626;1521;1539;1521;EUR;AAA;undefined;OTHER;OTHER
invoice-3176.tiff;1;1;2480;3508;390791;1755;1473;114;48;1755;1473;1869;1473;1869;1521;1755;1521;20.0%;NNSNS;undefined;OTHER;OTHER
invoice-3176.tiff;1;1;2480;3508;390792;1987;1473;135;48;1987;1473;2122;1473;2122;1521;1987;1521;1030,03;NNNNSNN;undefined;OTHER;OTHER
invoice-3176.tiff;1;1;2480;3508;390793;2133;1473;87;48;2133;1473;2220;1473;2220;1521;2133;1521;EUR;AAA;undefined;OTHER;OTHER
invoice-3176.tiff;1;1;2480;3508;390786;291;1521;83;48;291;1521;374;1521;374;1569;291;1569;1060;NNNN;undefined;OTHER;OTHER
invoice-3176.tiff;1;1;2480;3508;390787;385;1521;81;48;385;1521;466;1521;466;1569;385;1569;6GB;NAA;undefined;OTHER;OTHER
invoice-3176.tiff;1;1;2480;3508;390794;1828;1652;104;52;1828;1652;1932;1652;1932;1704;1828;1704;Total;AAAAA;undefined;OTHER;OTHER
invoice-3176.tiff;1;1;2480;3508;390795;1974;1652;135;48;1974;1652;2109;1652;2109;1700;1974;1700;1030,03;NNNNSNN;TWTX;TOTAL_WITHOUT_TAX;TWTXS
invoice-3176.tiff;1;1;2480;3508;390796;2120;1652;87;48;2120;1652;2207;1652;2207;1700;2120;1700;EUR;AAA;TWTX;TOTAL_WITHOUT_TAX;TWTXS
invoice-3176.tiff;1;1;2480;3508;390797;1705;1705;76;52;1705;1705;1781;1705;1781;1757;1705;1757;Tax;AAA;undefined;OTHER;OTHER
invoice-3176.tiff;1;1;2480;3508;390798;1793;1705;160;52;1793;1705;1953;1705;1953;1757;1793;1757;Amount;AAAAAA;undefined;OTHER;OTHER
invoice-3176.tiff;1;1;2480;3508;390799;1995;1705;114;48;1995;1705;2109;1705;2109;1753;1995;1753;206,01;NNNSNN;TTX;TOTAL_TAX;Total Tax
invoice-3176.tiff;1;1;2480;3508;390800;2120;1705;87;48;2120;1705;2207;1705;2207;1753;2120;1753;EUR;AAA;TTX;TOTAL_TAX;Total Tax
invoice-3176.tiff;1;1;2480;3508;390801;1640;1758;160;52;1640;1758;1800;1758;1800;1810;1640;1810;Amount;AAAAAA;undefined;OTHER;OTHER
invoice-3176.tiff;1;1;2480;3508;390802;1811;1758;38;52;1811;1758;1849;1758;1849;1810;1811;1810;to;AA;undefined;OTHER;OTHER
invoice-3176.tiff;1;1;2480;3508;390803;1861;1758;71;52;1861;1758;1932;1758;1932;1810;1861;1810;pay;AAA;undefined;OTHER;OTHER
invoice-3176.tiff;1;1;2480;3508;390804;1974;1758;135;48;1974;1758;2109;1758;2109;1806;1974;1806;1236,04;NNNNSNN;TA;TOTAL_AMOUNT;Total with TAX
invoice-3176.tiff;1;1;2480;3508;390805;2120;1758;87;48;2120;1758;2207;1758;2207;1806;2120;1806;EUR;AAA;TA;TOTAL_AMOUNT;Total with TAX
invoice-3176.tiff;1;1;2480;3508;390806;124;3175;182;48;124;3175;306;3175;306;3223;124;3223;FEMMES;AAAAAA;SN;SUPPLIER_NAME;Seller/Company) name
invoice-3176.tiff;1;1;2480;3508;390807;318;3175;60;48;318;3175;378;3175;378;3223;318;3223;DU;AA;SN;SUPPLIER_NAME;Seller/Company) name
invoice-3176.tiff;1;1;2480;3508;390808;388;3175;159;48;388;3175;547;3175;547;3223;388;3223;MONDE;AAAAA;SN;SUPPLIER_NAME;Seller/Company) name
invoice-3176.tiff;1;1;2480;3508;390809;124;3223;41;45;124;3223;165;3223;165;3268;124;3268;27;NN;SA;SUPPLIER_ADDRESS;Seller Address
invoice-3176.tiff;1;1;2480;3508;390810;177;3223;81;45;177;3223;258;3223;258;3268;177;3268;RUE;AAA;SA;SUPPLIER_ADDRESS;Seller Address
invoice-3176.tiff;1;1;2480;3508;390811;268;3223;97;45;268;3223;365;3223;365;3268;268;3268;JEAN;AAAA;SA;SUPPLIER_ADDRESS;Seller Address
invoice-3176.tiff;1;1;2480;3508;390812;376;3223;145;45;376;3223;521;3223;521;3268;376;3268;JAURES;AAAAAA;SA;SUPPLIER_ADDRESS;Seller Address
invoice-3176.tiff;1;1;2480;3508;390813;124;3268;104;45;124;3268;228;3268;228;3313;124;3313;27500;NNNNN;SA;SUPPLIER_ADDRESS;Seller Address
invoice-3176.tiff;1;1;2480;3508;390814;270;3268;106;45;270;3268;376;3268;376;3313;270;3313;PONT;AAAA;SA;SUPPLIER_ADDRESS;Seller Address
invoice-3176.tiff;1;1;2480;3508;390815;387;3268;196;45;387;3268;583;3268;583;3313;387;3313;AUDEMER;AAAAAAA;SA;SUPPLIER_ADDRESS;Seller Address
invoice-3176.tiff;1;1;2480;3508;390816;124;3314;157;45;124;3314;281;3314;281;3359;124;3359;FRANCE;AAAAAA;SA;SUPPLIER_ADDRESS;Seller Address
