src;num_pages;page_id;page_width;page_height;id;col;row;width;height;x1;y1;x2;y2;x3;y3;x4;y4;contents;contents_masked;correctclass;tag;description
invoice-1685.tiff;1;1;2480;3508;206433;1541;62;349;175;1541;62;1890;62;1890;237;1541;237;common/logo;AAAAAASAAAA;img;IMAGE;Image
invoice-1685.tiff;1;1;2480;3508;206430;124;270;155;57;124;270;279;270;279;327;124;327;Invoice;AAAAAAA;undefined;OTHER;OTHER
invoice-1685.tiff;1;1;2480;3508;206431;293;270;177;57;293;270;470;270;470;327;293;327;Number;AAAAAA;undefined;OTHER;OTHER
invoice-1685.tiff;1;1;2480;3508;206432;533;270;348;50;533;270;881;270;881;320;533;320;BH-DY-170092-99;AASAASNNNNNNSNN;IN;INVOICE_NUMBER;Invoice Number
invoice-1685.tiff;1;1;2480;3508;206434;1541;412;252;48;1541;412;1793;412;1793;460;1541;460;PRINTMEUP;AAAAAAAAA;SN;SUPPLIER_NAME;Seller/Company) name
invoice-1685.tiff;1;1;2480;3508;206435;1541;460;41;45;1541;460;1582;460;1582;505;1541;505;38;NN;SA;SUPPLIER_ADDRESS;Seller Address
invoice-1685.tiff;1;1;2480;3508;206436;1593;460;25;45;1593;460;1618;460;1618;505;1593;505;B;A;SA;SUPPLIER_ADDRESS;Seller Address
invoice-1685.tiff;1;1;2480;3508;206437;1629;460;159;45;1629;460;1788;460;1788;505;1629;505;AVENUE;AAAAAA;SA;SUPPLIER_ADDRESS;Seller Address
invoice-1685.tiff;1;1;2480;3508;206438;1799;460;55;45;1799;460;1854;460;1854;505;1799;505;DE;AA;SA;SUPPLIER_ADDRESS;Seller Address
invoice-1685.tiff;1;1;2480;3508;206439;1865;460;48;45;1865;460;1913;460;1913;505;1865;505;LA;AA;SA;SUPPLIER_ADDRESS;Seller Address
invoice-1685.tiff;1;1;2480;3508;206440;1924;460;254;45;1924;460;2178;460;2178;505;1924;505;REPUBLIQUE;AAAAAAAAAA;SA;SUPPLIER_ADDRESS;Seller Address
invoice-1685.tiff;1;1;2480;3508;206441;1541;506;104;45;1541;506;1645;506;1645;551;1541;551;75011;NNNNN;SA;SUPPLIER_ADDRESS;Seller Address
invoice-1685.tiff;1;1;2480;3508;206442;1687;506;111;45;1687;506;1798;506;1798;551;1687;551;PARIS;AAAAA;SA;SUPPLIER_ADDRESS;Seller Address
invoice-1685.tiff;1;1;2480;3508;206443;1809;506;41;45;1809;506;1850;506;1850;551;1809;551;11;NN;SA;SUPPLIER_ADDRESS;Seller Address
invoice-1685.tiff;1;1;2480;3508;206444;1541;552;157;45;1541;552;1698;552;1698;597;1541;597;FRANCE;AAAAAA;SA;SUPPLIER_ADDRESS;Seller Address
invoice-1685.tiff;1;1;2480;3508;206445;1541;598;106;45;1541;598;1647;598;1647;643;1541;643;Phone;AAAAA;undefined;OTHER;OTHER
invoice-1685.tiff;1;1;2480;3508;206446;1710;598;69;45;1710;598;1779;598;1779;643;1710;643;+33;SNN;SCN;SUPPLIER_CONTACT_NUMBER;Seller Contact Number
invoice-1685.tiff;1;1;2480;3508;206447;1790;598;20;45;1790;598;1810;598;1810;643;1790;643;0;N;SCN;SUPPLIER_CONTACT_NUMBER;Seller Contact Number
invoice-1685.tiff;1;1;2480;3508;206448;1822;598;62;45;1822;598;1884;598;1884;643;1822;643;229;NNN;SCN;SUPPLIER_CONTACT_NUMBER;Seller Contact Number
invoice-1685.tiff;1;1;2480;3508;206449;1894;598;62;45;1894;598;1956;598;1956;643;1894;643;585;NNN;SCN;SUPPLIER_CONTACT_NUMBER;Seller Contact Number
invoice-1685.tiff;1;1;2480;3508;206450;1967;598;62;45;1967;598;2029;598;2029;643;1967;643;058;NNN;SCN;SUPPLIER_CONTACT_NUMBER;Seller Contact Number
invoice-1685.tiff;1;1;2480;3508;206451;1541;643;64;45;1541;643;1605;643;1605;688;1541;688;Fax;AAA;undefined;OTHER;OTHER
invoice-1685.tiff;1;1;2480;3508;206452;1668;643;69;45;1668;643;1737;643;1737;688;1668;688;+33;SNN;SFAX;SUPPLIER_FAX_NUMBER;Seller Fax Number
invoice-1685.tiff;1;1;2480;3508;206453;1749;643;20;45;1749;643;1769;643;1769;688;1749;688;0;N;SFAX;SUPPLIER_FAX_NUMBER;Seller Fax Number
invoice-1685.tiff;1;1;2480;3508;206454;1780;643;62;45;1780;643;1842;643;1842;688;1780;688;229;NNN;SFAX;SUPPLIER_FAX_NUMBER;Seller Fax Number
invoice-1685.tiff;1;1;2480;3508;206455;1853;643;62;45;1853;643;1915;643;1915;688;1853;688;585;NNN;SFAX;SUPPLIER_FAX_NUMBER;Seller Fax Number
invoice-1685.tiff;1;1;2480;3508;206456;1926;643;62;45;1926;643;1988;643;1988;688;1926;688;623;NNN;SFAX;SUPPLIER_FAX_NUMBER;Seller Fax Number
invoice-1685.tiff;1;1;2480;3508;206457;124;1016;183;57;124;1016;307;1016;307;1073;124;1073;Invoiced;AAAAAAAA;undefined;OTHER;OTHER
invoice-1685.tiff;1;1;2480;3508;206458;320;1016;58;57;320;1016;378;1016;378;1073;320;1073;To;AA;undefined;OTHER;OTHER
invoice-1685.tiff;1;1;2480;3508;206459;124;1073;136;48;124;1073;260;1073;260;1121;124;1121;Yasmin;AAAAAA;BN;BILLING_NAME;Billing Name
invoice-1685.tiff;1;1;2480;3508;206460;271;1073;78;48;271;1073;349;1073;349;1121;271;1121;Bins;AAAA;BN;BILLING_NAME;Billing Name
invoice-1685.tiff;1;1;2480;3508;206461;124;1121;52;45;124;1121;176;1121;176;1166;124;1166;12,;NNS;BA;BILLING_ADDRESS;Billing Address
invoice-1685.tiff;1;1;2480;3508;206462;187;1121;168;45;187;1121;355;1121;355;1166;187;1166;boulevard;AAAAAAAAA;BA;BILLING_ADDRESS;Billing Address
invoice-1685.tiff;1;1;2480;3508;206463;366;1121;122;45;366;1121;488;1121;488;1166;366;1166;rouvier;AAAAAAA;BA;BILLING_ADDRESS;Billing Address
invoice-1685.tiff;1;1;2480;3508;206464;124;1167;104;45;124;1167;228;1167;228;1212;124;1212;13010;NNNNN;BA;BILLING_ADDRESS;Billing Address
invoice-1685.tiff;1;1;2480;3508;206465;270;1167;159;45;270;1167;429;1167;429;1212;270;1212;Marseille;AAAAAAAAA;BA;BILLING_ADDRESS;Billing Address
invoice-1685.tiff;1;1;2480;3508;206466;440;1167;60;45;440;1167;500;1167;500;1212;440;1212;10e;NNA;BA;BILLING_ADDRESS;Billing Address
invoice-1685.tiff;1;1;2480;3508;206467;511;1167;263;45;511;1167;774;1167;774;1212;511;1212;Arrondissement;AAAAAAAAAAAAAA;BA;BILLING_ADDRESS;Billing Address
invoice-1685.tiff;1;1;2480;3508;206468;124;1213;120;45;124;1213;244;1213;244;1258;124;1258;France;AAAAAA;BA;BILLING_ADDRESS;Billing Address
invoice-1685.tiff;1;1;2480;3508;206481;1541;1243;91;52;1541;1243;1632;1243;1632;1295;1541;1295;Date;AAAA;undefined;OTHER;OTHER
invoice-1685.tiff;1;1;2480;3508;206482;2166;1243;60;46;2166;1243;2226;1243;2226;1289;2166;1289;ago;AAA;IDATE;INVOICE_DATE;Invoice Date
invoice-1685.tiff;1;1;2480;3508;206483;2237;1243;52;46;2237;1243;2289;1243;2289;1289;2237;1289;11,;NNS;IDATE;INVOICE_DATE;Invoice Date
invoice-1685.tiff;1;1;2480;3508;206484;2299;1243;83;46;2299;1243;2382;1243;2382;1289;2299;1289;1996;NNNN;IDATE;INVOICE_DATE;Invoice Date
invoice-1685.tiff;1;1;2480;3508;206469;124;1301;155;57;124;1301;279;1301;279;1358;124;1358;Deliver;AAAAAAA;undefined;OTHER;OTHER
invoice-1685.tiff;1;1;2480;3508;206470;293;1301;58;57;293;1301;351;1301;351;1358;293;1358;To;AA;undefined;OTHER;OTHER
invoice-1685.tiff;1;1;2480;3508;206471;124;1358;136;48;124;1358;260;1358;260;1406;124;1406;Yasmin;AAAAAA;SHN;SHIPPING_NAME;Shipping Name
invoice-1685.tiff;1;1;2480;3508;206472;271;1358;78;48;271;1358;349;1358;349;1406;271;1406;Bins;AAAA;SHN;SHIPPING_NAME;Shipping Name
invoice-1685.tiff;1;1;2480;3508;206473;124;1406;52;45;124;1406;176;1406;176;1451;124;1451;12,;NNS;SHA;SHIPPING_ADDRESS;Shipping Address
invoice-1685.tiff;1;1;2480;3508;206474;187;1406;168;45;187;1406;355;1406;355;1451;187;1451;boulevard;AAAAAAAAA;SHA;SHIPPING_ADDRESS;Shipping Address
invoice-1685.tiff;1;1;2480;3508;206475;366;1406;122;45;366;1406;488;1406;488;1451;366;1451;rouvier;AAAAAAA;SHA;SHIPPING_ADDRESS;Shipping Address
invoice-1685.tiff;1;1;2480;3508;206476;124;1452;104;45;124;1452;228;1452;228;1497;124;1497;13010;NNNNN;SHA;SHIPPING_ADDRESS;Shipping Address
invoice-1685.tiff;1;1;2480;3508;206477;270;1452;159;45;270;1452;429;1452;429;1497;270;1497;Marseille;AAAAAAAAA;SHA;SHIPPING_ADDRESS;Shipping Address
invoice-1685.tiff;1;1;2480;3508;206478;440;1452;60;45;440;1452;500;1452;500;1497;440;1497;10e;NNA;SHA;SHIPPING_ADDRESS;Shipping Address
invoice-1685.tiff;1;1;2480;3508;206479;511;1452;263;45;511;1452;774;1452;774;1497;511;1497;Arrondissement;AAAAAAAAAAAAAA;SHA;SHIPPING_ADDRESS;Shipping Address
invoice-1685.tiff;1;1;2480;3508;206480;124;1498;120;45;124;1498;244;1498;244;1543;124;1543;France;AAAAAA;SHA;SHIPPING_ADDRESS;Shipping Address
invoice-1685.tiff;1;1;2480;3508;206485;174;1821;67;52;174;1821;241;1821;241;1873;174;1873;No.;AAS;undefined;OTHER;OTHER
invoice-1685.tiff;1;1;2480;3508;206486;400;1821;73;52;400;1821;473;1821;473;1873;400;1873;Qty;AAA;undefined;OTHER;OTHER
invoice-1685.tiff;1;1;2480;3508;206487;856;1821;244;52;856;1821;1100;1821;1100;1873;856;1873;Descriptions;AAAAAAAAAAAA;undefined;OTHER;OTHER
invoice-1685.tiff;1;1;2480;3508;206488;1478;1821;84;52;1478;1821;1562;1821;1562;1873;1478;1873;U.P.;ASAS;undefined;OTHER;OTHER
invoice-1685.tiff;1;1;2480;3508;206489;1709;1821;206;52;1709;1821;1915;1821;1915;1873;1709;1873;VAT/TVA;AAASAAA;undefined;OTHER;OTHER
invoice-1685.tiff;1;1;2480;3508;206490;2023;1821;160;52;2023;1821;2183;1821;2183;1873;2023;1873;Amount;AAAAAA;undefined;OTHER;OTHER
invoice-1685.tiff;1;1;2480;3508;206491;197;1895;20;48;197;1895;217;1895;217;1943;197;1943;1;N;undefined;OTHER;OTHER
invoice-1685.tiff;1;1;2480;3508;206492;427;1895;20;48;427;1895;447;1895;447;1943;427;1943;3;N;undefined;OTHER;OTHER
invoice-1685.tiff;1;1;2480;3508;206493;583;1895;194;48;583;1895;777;1895;777;1943;583;1943;Aspirateur;AAAAAAAAAA;undefined;OTHER;OTHER
invoice-1685.tiff;1;1;2480;3508;206494;788;1895;88;48;788;1895;876;1895;876;1943;788;1943;balai;AAAAA;undefined;OTHER;OTHER
invoice-1685.tiff;1;1;2480;3508;206495;886;1895;157;48;886;1895;1043;1895;1043;1943;886;1943;Rowenta;AAAAAAA;undefined;OTHER;OTHER
invoice-1685.tiff;1;1;2480;3508;206496;1054;1895;217;48;1054;1895;1271;1895;1271;1943;1054;1943;RH8773WU;AANNNNAA;undefined;OTHER;OTHER
invoice-1685.tiff;1;1;2480;3508;206497;1282;1895;50;48;1282;1895;1332;1895;1332;1943;1282;1943;air;AAA;undefined;OTHER;OTHER
invoice-1685.tiff;1;1;2480;3508;206500;1416;1895;114;48;1416;1895;1530;1895;1530;1943;1416;1943;124,17;NNNSNN;undefined;OTHER;OTHER
invoice-1685.tiff;1;1;2480;3508;206501;1541;1895;83;48;1541;1895;1624;1895;1624;1943;1541;1943;USD;AAA;undefined;OTHER;OTHER
invoice-1685.tiff;1;1;2480;3508;206502;1755;1895;114;48;1755;1895;1869;1895;1869;1943;1755;1943;20.0%;NNSNS;undefined;OTHER;OTHER
invoice-1685.tiff;1;1;2480;3508;206503;1999;1895;114;48;1999;1895;2113;1895;2113;1943;1999;1943;372,50;NNNSNN;undefined;OTHER;OTHER
invoice-1685.tiff;1;1;2480;3508;206504;2125;1895;83;48;2125;1895;2208;1895;2208;1943;2125;1943;USD;AAA;undefined;OTHER;OTHER
invoice-1685.tiff;1;1;2480;3508;206498;583;1943;90;48;583;1943;673;1943;673;1991;583;1991;force;AAAAA;undefined;OTHER;OTHER
invoice-1685.tiff;1;1;2480;3508;206499;683;1943;143;48;683;1943;826;1943;826;1991;683;1991;extreme;AAAAAAA;undefined;OTHER;OTHER
invoice-1685.tiff;1;1;2480;3508;206505;197;2033;20;48;197;2033;217;2033;217;2081;197;2081;2;N;undefined;OTHER;OTHER
invoice-1685.tiff;1;1;2480;3508;206506;427;2033;20;48;427;2033;447;2033;447;2081;427;2081;4;N;undefined;OTHER;OTHER
invoice-1685.tiff;1;1;2480;3508;206507;583;2033;150;48;583;2033;733;2033;733;2081;583;2081;Grattoir;AAAAAAAA;undefined;OTHER;OTHER
invoice-1685.tiff;1;1;2480;3508;206508;744;2033;104;48;744;2033;848;2033;848;2081;744;2081;Forge;AAAAA;undefined;OTHER;OTHER
invoice-1685.tiff;1;1;2480;3508;206509;858;2033;115;48;858;2033;973;2033;973;2081;858;2081;Adour;AAAAA;undefined;OTHER;OTHER
invoice-1685.tiff;1;1;2480;3508;206510;984;2033;150;48;984;2033;1134;2033;1134;2081;984;2081;Grattoir;AAAAAAAA;undefined;OTHER;OTHER
invoice-1685.tiff;1;1;2480;3508;206511;1145;2033;97;48;1145;2033;1242;2033;1242;2081;1145;2081;POM;AAA;undefined;OTHER;OTHER
invoice-1685.tiff;1;1;2480;3508;206512;1427;2033;93;48;1427;2033;1520;2033;1520;2081;1427;2081;16,66;NNSNN;undefined;OTHER;OTHER
invoice-1685.tiff;1;1;2480;3508;206513;1531;2033;83;48;1531;2033;1614;2033;1614;2081;1531;2081;USD;AAA;undefined;OTHER;OTHER
invoice-1685.tiff;1;1;2480;3508;206514;1755;2033;114;48;1755;2033;1869;2033;1869;2081;1755;2081;20.0%;NNSNS;undefined;OTHER;OTHER
invoice-1685.tiff;1;1;2480;3508;206515;2010;2033;93;48;2010;2033;2103;2033;2103;2081;2010;2081;66,63;NNSNN;undefined;OTHER;OTHER
invoice-1685.tiff;1;1;2480;3508;206516;2114;2033;83;48;2114;2033;2197;2033;2197;2081;2114;2081;USD;AAA;undefined;OTHER;OTHER
invoice-1685.tiff;1;1;2480;3508;206517;197;2123;20;48;197;2123;217;2123;217;2171;197;2171;3;N;undefined;OTHER;OTHER
invoice-1685.tiff;1;1;2480;3508;206518;427;2123;20;48;427;2123;447;2123;447;2171;427;2171;3;N;undefined;OTHER;OTHER
invoice-1685.tiff;1;1;2480;3508;206519;583;2123;99;48;583;2123;682;2123;682;2171;583;2171;Filtre;AAAAAA;undefined;OTHER;OTHER
invoice-1685.tiff;1;1;2480;3508;206520;693;2123;20;48;693;2123;713;2123;713;2171;693;2171;à;A;undefined;OTHER;OTHER
invoice-1685.tiff;1;1;2480;3508;206521;724;2123;148;48;724;2123;872;2123;872;2171;724;2171;charbon;AAAAAAA;undefined;OTHER;OTHER
invoice-1685.tiff;1;1;2480;3508;206522;883;2123;127;48;883;2123;1010;2123;1010;2171;883;2171;Brandt;AAAAAA;undefined;OTHER;OTHER
invoice-1685.tiff;1;1;2480;3508;206523;1020;2123;196;48;1020;2123;1216;2123;1216;2171;1020;2171;compatible;AAAAAAAAAA;undefined;OTHER;OTHER
invoice-1685.tiff;1;1;2480;3508;206524;1228;2123;90;48;1228;2123;1318;2123;1318;2171;1228;2171;hotte;AAAAA;undefined;OTHER;OTHER
invoice-1685.tiff;1;1;2480;3508;206527;1427;2123;93;48;1427;2123;1520;2123;1520;2171;1427;2171;18,00;NNSNN;undefined;OTHER;OTHER
invoice-1685.tiff;1;1;2480;3508;206528;1531;2123;83;48;1531;2123;1614;2123;1614;2171;1531;2171;USD;AAA;undefined;OTHER;OTHER
invoice-1685.tiff;1;1;2480;3508;206529;1755;2123;114;48;1755;2123;1869;2123;1869;2171;1755;2171;20.0%;NNSNS;undefined;OTHER;OTHER
invoice-1685.tiff;1;1;2480;3508;206530;2010;2123;93;48;2010;2123;2103;2123;2103;2171;2010;2171;54,00;NNSNN;undefined;OTHER;OTHER
invoice-1685.tiff;1;1;2480;3508;206531;2114;2123;83;48;2114;2123;2197;2123;2197;2171;2114;2171;USD;AAA;undefined;OTHER;OTHER
invoice-1685.tiff;1;1;2480;3508;206525;583;2171;127;48;583;2171;710;2171;710;2219;583;2219;Brandt;AAAAAA;undefined;OTHER;OTHER
invoice-1685.tiff;1;1;2480;3508;206526;721;2171;222;48;721;2171;943;2171;943;2219;721;2219;fac-77X9377;AAASNNANNNN;undefined;OTHER;OTHER
invoice-1685.tiff;1;1;2480;3508;206532;1797;2302;160;52;1797;2302;1957;2302;1957;2354;1797;2354;Amount;AAAAAA;undefined;OTHER;OTHER
invoice-1685.tiff;1;1;2480;3508;206533;1999;2302;114;48;1999;2302;2113;2302;2113;2350;1999;2350;493,13;NNNSNN;TWTX;TOTAL_WITHOUT_TAX;TWTXS
invoice-1685.tiff;1;1;2480;3508;206534;2125;2302;83;48;2125;2302;2208;2302;2208;2350;2125;2350;USD;AAA;TWTX;TOTAL_WITHOUT_TAX;TWTXS
invoice-1685.tiff;1;1;2480;3508;206535;1845;2355;206;52;1845;2355;2051;2355;2051;2407;1845;2407;VAT/TVA;AAASAAA;undefined;OTHER;OTHER
invoice-1685.tiff;1;1;2480;3508;206536;2093;2355;114;48;2093;2355;2207;2355;2207;2403;2093;2403;20.0%;NNSNS;TXR;TAX_RATE;Tax Rate
invoice-1685.tiff;1;1;2480;3508;206537;1710;2408;96;52;1710;2408;1806;2408;1806;2460;1710;2460;TVA;AAA;undefined;OTHER;OTHER
invoice-1685.tiff;1;1;2480;3508;206538;1818;2408;160;52;1818;2408;1978;2408;1978;2460;1818;2460;Amount;AAAAAA;undefined;OTHER;OTHER
invoice-1685.tiff;1;1;2480;3508;206539;2020;2408;93;48;2020;2408;2113;2408;2113;2456;2020;2456;98,63;NNSNN;TTX;TOTAL_TAX;Total Tax
invoice-1685.tiff;1;1;2480;3508;206540;2125;2408;83;48;2125;2408;2208;2408;2208;2456;2125;2456;USD;AAA;TTX;TOTAL_TAX;Total Tax
invoice-1685.tiff;1;1;2480;3508;206541;1682;2461;104;52;1682;2461;1786;2461;1786;2513;1682;2513;Total;AAAAA;undefined;OTHER;OTHER
invoice-1685.tiff;1;1;2480;3508;206542;1797;2461;160;52;1797;2461;1957;2461;1957;2513;1797;2513;Amount;AAAAAA;undefined;OTHER;OTHER
invoice-1685.tiff;1;1;2480;3508;206543;1999;2461;114;48;1999;2461;2113;2461;2113;2509;1999;2509;591,76;NNNSNN;TA;TOTAL_AMOUNT;Total with TAX
invoice-1685.tiff;1;1;2480;3508;206544;2125;2461;83;48;2125;2461;2208;2461;2208;2509;2125;2509;USD;AAA;TA;TOTAL_AMOUNT;Total with TAX
invoice-1685.tiff;1;1;2480;3508;206545;124;3154;252;48;124;3154;376;3154;376;3202;124;3202;PRINTMEUP;AAAAAAAAA;SN;SUPPLIER_NAME;Seller/Company) name
invoice-1685.tiff;1;1;2480;3508;206546;124;3202;41;45;124;3202;165;3202;165;3247;124;3247;38;NN;SA;SUPPLIER_ADDRESS;Seller Address
invoice-1685.tiff;1;1;2480;3508;206547;177;3202;25;45;177;3202;202;3202;202;3247;177;3247;B;A;SA;SUPPLIER_ADDRESS;Seller Address
invoice-1685.tiff;1;1;2480;3508;206548;212;3202;159;45;212;3202;371;3202;371;3247;212;3247;AVENUE;AAAAAA;SA;SUPPLIER_ADDRESS;Seller Address
invoice-1685.tiff;1;1;2480;3508;206549;383;3202;55;45;383;3202;438;3202;438;3247;383;3247;DE;AA;SA;SUPPLIER_ADDRESS;Seller Address
invoice-1685.tiff;1;1;2480;3508;206550;449;3202;48;45;449;3202;497;3202;497;3247;449;3247;LA;AA;SA;SUPPLIER_ADDRESS;Seller Address
invoice-1685.tiff;1;1;2480;3508;206551;508;3202;254;45;508;3202;762;3202;762;3247;508;3247;REPUBLIQUE;AAAAAAAAAA;SA;SUPPLIER_ADDRESS;Seller Address
invoice-1685.tiff;1;1;2480;3508;206552;124;3248;104;45;124;3248;228;3248;228;3293;124;3293;75011;NNNNN;SA;SUPPLIER_ADDRESS;Seller Address
invoice-1685.tiff;1;1;2480;3508;206553;270;3248;111;45;270;3248;381;3248;381;3293;270;3293;PARIS;AAAAA;SA;SUPPLIER_ADDRESS;Seller Address
invoice-1685.tiff;1;1;2480;3508;206554;392;3248;41;45;392;3248;433;3248;433;3293;392;3293;11;NN;SA;SUPPLIER_ADDRESS;Seller Address
invoice-1685.tiff;1;1;2480;3508;206555;124;3293;157;45;124;3293;281;3293;281;3338;124;3338;FRANCE;AAAAAA;SA;SUPPLIER_ADDRESS;Seller Address
