src;num_pages;page_id;page_width;page_height;id;col;row;width;height;x1;y1;x2;y2;x3;y3;x4;y4;contents;contents_masked;correctclass;tag;description
invoice-1340.tiff;1;1;2480;3508;164565;1187;62;419;175;1187;62;1606;62;1606;237;1187;237;common/logo;AAAAAASAAAA;img;IMAGE;Image
invoice-1340.tiff;1;1;2480;3508;164558;124;258;108;59;124;258;232;258;232;317;124;317;Date;AAAA;undefined;OTHER;OTHER
invoice-1340.tiff;1;1;2480;3508;164559;247;258;58;59;247;258;305;258;305;317;247;317;de;AA;undefined;OTHER;OTHER
invoice-1340.tiff;1;1;2480;3508;164560;319;258;41;59;319;258;360;258;360;317;319;317;la;AA;undefined;OTHER;OTHER
invoice-1340.tiff;1;1;2480;3508;164561;375;258;166;59;375;258;541;258;541;317;375;317;facture;AAAAAAA;undefined;OTHER;OTHER
invoice-1340.tiff;1;1;2480;3508;164562;604;258;50;52;604;258;654;258;654;310;604;310;17;NN;IDATE;INVOICE_DATE;Invoice Date
invoice-1340.tiff;1;1;2480;3508;164563;668;258;63;52;668;258;731;258;731;310;668;310;feb;AAA;IDATE;INVOICE_DATE;Invoice Date
invoice-1340.tiff;1;1;2480;3508;164564;744;258;101;52;744;258;845;258;845;310;744;310;1991;NNNN;IDATE;INVOICE_DATE;Invoice Date
invoice-1340.tiff;1;1;2480;3508;164566;1187;412;55;49;1187;412;1242;412;1242;461;1187;461;LA;AA;SN;SUPPLIER_NAME;Seller/Company) name
invoice-1340.tiff;1;1;2480;3508;164567;1254;412;108;49;1254;412;1362;412;1362;461;1254;461;CLEF;AAAA;SN;SUPPLIER_NAME;Seller/Company) name
invoice-1340.tiff;1;1;2480;3508;164568;1375;412;85;49;1375;412;1460;412;1460;461;1375;461;DES;AAA;SN;SUPPLIER_NAME;Seller/Company) name
invoice-1340.tiff;1;1;2480;3508;164569;1472;412;180;49;1472;412;1652;412;1652;461;1472;461;CHAMPS;AAAAAA;SN;SUPPLIER_NAME;Seller/Company) name
invoice-1340.tiff;1;1;2480;3508;164570;1187;462;23;48;1187;462;1210;462;1210;510;1187;510;8;N;SA;SUPPLIER_ADDRESS;Seller Address
invoice-1340.tiff;1;1;2480;3508;164571;1222;462;136;48;1222;462;1358;462;1358;510;1222;510;PLACE;AAAAA;SA;SUPPLIER_ADDRESS;Seller Address
invoice-1340.tiff;1;1;2480;3508;164572;1370;462;60;48;1370;462;1430;462;1430;510;1370;510;DU;AA;SA;SUPPLIER_ADDRESS;Seller Address
invoice-1340.tiff;1;1;2480;3508;164573;1442;462;152;48;1442;462;1594;462;1594;510;1442;510;FROUIL;AAAAAA;SA;SUPPLIER_ADDRESS;Seller Address
invoice-1340.tiff;1;1;2480;3508;164574;1603;462;13;48;1603;462;1616;462;1616;510;1603;510;-;S;SA;SUPPLIER_ADDRESS;Seller Address
invoice-1340.tiff;1;1;2480;3508;164575;1628;462;115;48;1628;462;1743;462;1743;510;1628;510;72320;NNNNN;SA;SUPPLIER_ADDRESS;Seller Address
invoice-1340.tiff;1;1;2480;3508;164576;1764;462;222;48;1764;462;1986;462;1986;510;1764;510;VALENNES;AAAAAAAA;SA;SUPPLIER_ADDRESS;Seller Address
invoice-1340.tiff;1;1;2480;3508;164577;1995;462;13;48;1995;462;2008;462;2008;510;1995;510;-;S;SA;SUPPLIER_ADDRESS;Seller Address
invoice-1340.tiff;1;1;2480;3508;164578;2020;462;171;48;2020;462;2191;462;2191;510;2020;510;FRANCE;AAAAAA;SA;SUPPLIER_ADDRESS;Seller Address
invoice-1340.tiff;1;1;2480;3508;164579;1187;510;148;48;1187;510;1335;510;1335;558;1187;558;Numéro;AAAAAA;undefined;OTHER;OTHER
invoice-1340.tiff;1;1;2480;3508;164580;1347;510;46;48;1347;510;1393;510;1393;558;1347;558;de;AA;undefined;OTHER;OTHER
invoice-1340.tiff;1;1;2480;3508;164581;1405;510;57;48;1405;510;1462;510;1462;558;1405;558;Tel;AAA;undefined;OTHER;OTHER
invoice-1340.tiff;1;1;2480;3508;164582;1488;510;287;48;1488;510;1775;510;1775;558;1488;558;02-58-24-11-95;NNSNNSNNSNNSNN;SCN;SUPPLIER_CONTACT_NUMBER;Seller Contact Number
invoice-1340.tiff;1;1;2480;3508;164583;1816;510;148;48;1816;510;1964;510;1964;558;1816;558;Numéro;AAAAAA;undefined;OTHER;OTHER
invoice-1340.tiff;1;1;2480;3508;164584;1976;510;46;48;1976;510;2022;510;2022;558;1976;558;de;AA;undefined;OTHER;OTHER
invoice-1340.tiff;1;1;2480;3508;164585;2034;510;69;48;2034;510;2103;510;2103;558;2034;558;Fax;AAA;undefined;OTHER;OTHER
invoice-1340.tiff;1;1;2480;3508;164586;2129;510;287;48;2129;510;2416;510;2416;558;2129;558;02-58-24-70-77;NNSNNSNNSNNSNN;SFAX;SUPPLIER_FAX_NUMBER;Seller Fax Number
invoice-1340.tiff;1;1;2480;3508;164597;1541;954;171;49;1541;954;1712;954;1712;1003;1541;1003;Gauthier;AAAAAAAA;BN;BILLING_NAME;Billing Name
invoice-1340.tiff;1;1;2480;3508;164598;1724;954;120;49;1724;954;1844;954;1844;1003;1724;1003;Lucas;AAAAA;BN;BILLING_NAME;Billing Name
invoice-1340.tiff;1;1;2480;3508;164599;1541;1004;57;48;1541;1004;1598;1004;1598;1052;1541;1052;45,;NNS;BA;BILLING_ADDRESS;Billing Address
invoice-1340.tiff;1;1;2480;3508;164600;1611;1004;180;48;1611;1004;1791;1004;1791;1052;1611;1052;résidence;AAAAAAAAA;BA;BILLING_ADDRESS;Billing Address
invoice-1340.tiff;1;1;2480;3508;164601;1803;1004;46;48;1803;1004;1849;1004;1849;1052;1803;1052;du;AA;BA;BILLING_ADDRESS;Billing Address
invoice-1340.tiff;1;1;2480;3508;164602;1861;1004;148;48;1861;1004;2009;1004;2009;1052;1861;1052;château;AAAAAAA;BA;BILLING_ADDRESS;Billing Address
invoice-1340.tiff;1;1;2480;3508;164603;2021;1004;67;48;2021;1004;2088;1004;2088;1052;2021;1052;des;AAA;BA;BILLING_ADDRESS;Billing Address
invoice-1340.tiff;1;1;2480;3508;164604;2099;1004;81;48;2099;1004;2180;1004;2180;1052;2099;1052;prés;AAAA;BA;BILLING_ADDRESS;Billing Address
invoice-1340.tiff;1;1;2480;3508;164605;1541;1052;115;48;1541;1052;1656;1052;1656;1100;1541;1100;62113;NNNNN;BA;BILLING_ADDRESS;Billing Address
invoice-1340.tiff;1;1;2480;3508;164606;1699;1052;287;48;1699;1052;1986;1052;1986;1100;1699;1100;Sailly-Labourse;AAAAAASAAAAAAAA;BA;BILLING_ADDRESS;Billing Address
invoice-1340.tiff;1;1;2480;3508;164587;124;1056;165;54;124;1056;289;1056;289;1110;124;1110;Facture;AAAAAAA;undefined;OTHER;OTHER
invoice-1340.tiff;1;1;2480;3508;164588;303;1056;46;54;303;1056;349;1056;349;1110;303;1110;n°;AS;undefined;OTHER;OTHER
invoice-1340.tiff;1;1;2480;3508;164589;750;1056;185;48;750;1056;935;1056;935;1104;750;1104;64263012;NNNNNNNN;IN;INVOICE_NUMBER;Invoice Number
invoice-1340.tiff;1;1;2480;3508;164607;1541;1100;129;48;1541;1100;1670;1100;1670;1148;1541;1148;France;AAAAAA;BA;BILLING_ADDRESS;Billing Address
invoice-1340.tiff;1;1;2480;3508;164590;124;1132;127;54;124;1132;251;1132;251;1186;124;1186;Client;AAAAAA;undefined;OTHER;OTHER
invoice-1340.tiff;1;1;2480;3508;164591;265;1132;46;54;265;1132;311;1132;311;1186;265;1186;n°;AS;undefined;OTHER;OTHER
invoice-1340.tiff;1;1;2480;3508;164592;750;1132;115;48;750;1132;865;1132;865;1180;750;1180;22612;NNNNN;CNUM;CLIENT_NUMBER;Client Number
invoice-1340.tiff;1;1;2480;3508;164608;1541;1190;197;59;1541;1190;1738;1190;1738;1249;1541;1249;Adresse;AAAAAAA;undefined;OTHER;OTHER
invoice-1340.tiff;1;1;2480;3508;164609;1752;1190;222;59;1752;1190;1974;1190;1974;1249;1752;1249;Livraison;AAAAAAAAA;undefined;OTHER;OTHER
invoice-1340.tiff;1;1;2480;3508;164593;124;1207;119;54;124;1207;243;1207;243;1261;124;1261;Mode;AAAA;undefined;OTHER;OTHER
invoice-1340.tiff;1;1;2480;3508;164594;257;1207;53;54;257;1207;310;1207;310;1261;257;1261;de;AA;undefined;OTHER;OTHER
invoice-1340.tiff;1;1;2480;3508;164595;323;1207;219;54;323;1207;542;1207;542;1261;323;1261;règlement;AAAAAAAAA;undefined;OTHER;OTHER
invoice-1340.tiff;1;1;2480;3508;164596;750;1207;145;48;750;1207;895;1207;895;1255;750;1255;Chèque;AAAAAA;PMODE;PAYMENT_MODE;Payment Mode
invoice-1340.tiff;1;1;2480;3508;164610;1541;1250;171;49;1541;1250;1712;1250;1712;1299;1541;1299;Gauthier;AAAAAAAA;SHN;SHIPPING_NAME;Shipping Name
invoice-1340.tiff;1;1;2480;3508;164611;1724;1250;120;49;1724;1250;1844;1250;1844;1299;1724;1299;Lucas;AAAAA;SHN;SHIPPING_NAME;Shipping Name
invoice-1340.tiff;1;1;2480;3508;164612;1541;1299;57;48;1541;1299;1598;1299;1598;1347;1541;1347;45,;NNS;SHA;SHIPPING_ADDRESS;Shipping Address
invoice-1340.tiff;1;1;2480;3508;164613;1611;1299;180;48;1611;1299;1791;1299;1791;1347;1611;1347;résidence;AAAAAAAAA;SHA;SHIPPING_ADDRESS;Shipping Address
invoice-1340.tiff;1;1;2480;3508;164614;1803;1299;46;48;1803;1299;1849;1299;1849;1347;1803;1347;du;AA;SHA;SHIPPING_ADDRESS;Shipping Address
invoice-1340.tiff;1;1;2480;3508;164615;1861;1299;148;48;1861;1299;2009;1299;2009;1347;1861;1347;château;AAAAAAA;SHA;SHIPPING_ADDRESS;Shipping Address
invoice-1340.tiff;1;1;2480;3508;164616;2021;1299;67;48;2021;1299;2088;1299;2088;1347;2021;1347;des;AAA;SHA;SHIPPING_ADDRESS;Shipping Address
invoice-1340.tiff;1;1;2480;3508;164617;2099;1299;81;48;2099;1299;2180;1299;2180;1347;2099;1347;prés;AAAA;SHA;SHIPPING_ADDRESS;Shipping Address
invoice-1340.tiff;1;1;2480;3508;164618;1541;1347;115;48;1541;1347;1656;1347;1656;1395;1541;1395;62113;NNNNN;SHA;SHIPPING_ADDRESS;Shipping Address
invoice-1340.tiff;1;1;2480;3508;164619;1699;1347;287;48;1699;1347;1986;1347;1986;1395;1699;1395;Sailly-Labourse;AAAAAASAAAAAAAA;SHA;SHIPPING_ADDRESS;Shipping Address
invoice-1340.tiff;1;1;2480;3508;164620;1541;1395;129;48;1541;1395;1670;1395;1670;1443;1541;1443;France;AAAAAA;SHA;SHIPPING_ADDRESS;Shipping Address
invoice-1340.tiff;1;1;2480;3508;164621;431;1711;262;54;431;1711;693;1711;693;1765;431;1765;Désignation;AAAAAAAAAAA;undefined;OTHER;OTHER
invoice-1340.tiff;1;1;2480;3508;164622;1086;1711;76;54;1086;1711;1162;1711;1162;1765;1086;1765;Qté;AAA;undefined;OTHER;OTHER
invoice-1340.tiff;1;1;2480;3508;164623;1384;1711;63;54;1384;1711;1447;1711;1447;1765;1384;1765;UP;AA;undefined;OTHER;OTHER
invoice-1340.tiff;1;1;2480;3508;164624;1704;1711;91;54;1704;1711;1795;1711;1795;1765;1704;1765;TVA;AAA;undefined;OTHER;OTHER
invoice-1340.tiff;1;1;2480;3508;164625;1944;1711;178;54;1944;1711;2122;1711;2122;1765;1944;1765;Montant;AAAAAAA;undefined;OTHER;OTHER
invoice-1340.tiff;1;1;2480;3508;164626;2135;1711;86;54;2135;1711;2221;1711;2221;1765;2135;1765;H.T.;ASAS;undefined;OTHER;OTHER
invoice-1340.tiff;1;1;2480;3508;164627;124;1786;233;49;124;1786;357;1786;357;1835;124;1835;equipement;AAAAAAAAAA;undefined;OTHER;OTHER
invoice-1340.tiff;1;1;2480;3508;164628;370;1786;92;49;370;1786;462;1786;462;1835;370;1835;cave;AAAA;undefined;OTHER;OTHER
invoice-1340.tiff;1;1;2480;3508;164629;474;1786;23;49;474;1786;497;1786;497;1835;474;1835;à;A;undefined;OTHER;OTHER
invoice-1340.tiff;1;1;2480;3508;164630;509;1786;60;49;509;1786;569;1786;569;1835;509;1835;vin;AAA;undefined;OTHER;OTHER
invoice-1340.tiff;1;1;2480;3508;164631;581;1786;166;49;581;1786;747;1786;747;1835;581;1835;Liebherr;AAAAAAAA;undefined;OTHER;OTHER
invoice-1340.tiff;1;1;2480;3508;164632;759;1786;162;49;759;1786;921;1786;921;1835;759;1835;9094443;NNNNNNN;undefined;OTHER;OTHER
invoice-1340.tiff;1;1;2480;3508;164633;1113;1786;23;49;1113;1786;1136;1786;1136;1835;1113;1835;2;N;undefined;OTHER;OTHER
invoice-1340.tiff;1;1;2480;3508;164634;1314;1786;104;49;1314;1786;1418;1786;1418;1835;1314;1835;58,25;NNSNN;undefined;OTHER;OTHER
invoice-1340.tiff;1;1;2480;3508;164635;1430;1786;87;49;1430;1786;1517;1786;1517;1835;1430;1835;EUR;AAA;undefined;OTHER;OTHER
invoice-1340.tiff;1;1;2480;3508;164636;1690;1786;118;49;1690;1786;1808;1786;1808;1835;1690;1835;20.0%;NNSNS;undefined;OTHER;OTHER
invoice-1340.tiff;1;1;2480;3508;164637;1969;1786;127;49;1969;1786;2096;1786;2096;1835;1969;1835;116,50;NNNSNN;undefined;OTHER;OTHER
invoice-1340.tiff;1;1;2480;3508;164638;2108;1786;87;49;2108;1786;2195;1786;2195;1835;2108;1835;EUR;AAA;undefined;OTHER;OTHER
invoice-1340.tiff;1;1;2480;3508;164639;1403;1919;147;52;1403;1919;1550;1919;1550;1971;1403;1971;TOTAL;AAAAA;undefined;OTHER;OTHER
invoice-1340.tiff;1;1;2480;3508;164640;1563;1919;175;52;1563;1919;1738;1919;1738;1971;1563;1971;REMISE;AAAAAA;undefined;OTHER;OTHER
invoice-1340.tiff;1;1;2480;3508;164641;1752;1919;254;52;1752;1919;2006;1919;2006;1971;1752;1971;IMMEDIATE;AAAAAAAAA;undefined;OTHER;OTHER
invoice-1340.tiff;1;1;2480;3508;164642;2027;1919;81;48;2027;1919;2108;1919;2108;1967;2027;1967;0,00;NSNN;undefined;OTHER;OTHER
invoice-1340.tiff;1;1;2480;3508;164643;2120;1919;87;48;2120;1919;2207;1919;2207;1967;2120;1967;EUR;AAA;undefined;OTHER;OTHER
invoice-1340.tiff;1;1;2480;3508;164644;1674;1972;165;52;1674;1972;1839;1972;1839;2024;1674;2024;Montant;AAAAAAA;undefined;OTHER;OTHER
invoice-1340.tiff;1;1;2480;3508;164645;1853;1972;86;52;1853;1972;1939;1972;1939;2024;1853;2024;H.T.;ASAS;undefined;OTHER;OTHER
invoice-1340.tiff;1;1;2480;3508;164646;1981;1972;127;48;1981;1972;2108;1972;2108;2020;1981;2020;116,50;NNNSNN;TWTX;TOTAL_WITHOUT_TAX;TWTXS
invoice-1340.tiff;1;1;2480;3508;164647;2120;1972;87;48;2120;1972;2207;1972;2207;2020;2120;2020;EUR;AAA;TWTX;TOTAL_WITHOUT_TAX;TWTXS
invoice-1340.tiff;1;1;2480;3508;164648;1959;2025;89;52;1959;2025;2048;2025;2048;2077;1959;2077;TVA;AAA;undefined;OTHER;OTHER
invoice-1340.tiff;1;1;2480;3508;164649;2090;2025;118;48;2090;2025;2208;2025;2208;2073;2090;2073;20.0%;NNSNS;TXR;TAX_RATE;Tax Rate
invoice-1340.tiff;1;1;2480;3508;164650;1695;2078;165;52;1695;2078;1860;2078;1860;2130;1695;2130;Montant;AAAAAAA;undefined;OTHER;OTHER
invoice-1340.tiff;1;1;2480;3508;164651;1873;2078;89;52;1873;2078;1962;2078;1962;2130;1873;2130;TVA;AAA;undefined;OTHER;OTHER
invoice-1340.tiff;1;1;2480;3508;164652;2004;2078;104;48;2004;2078;2108;2078;2108;2126;2004;2126;23,30;NNSNN;TTX;TOTAL_TAX;Total Tax
invoice-1340.tiff;1;1;2480;3508;164653;2120;2078;87;48;2120;2078;2207;2078;2207;2126;2120;2126;EUR;AAA;TTX;TOTAL_TAX;Total Tax
invoice-1340.tiff;1;1;2480;3508;164654;1672;2131;165;52;1672;2131;1837;2131;1837;2183;1672;2183;Montant;AAAAAAA;undefined;OTHER;OTHER
invoice-1340.tiff;1;1;2480;3508;164655;1850;2131;89;52;1850;2131;1939;2131;1939;2183;1850;2183;TTC;AAA;undefined;OTHER;OTHER
invoice-1340.tiff;1;1;2480;3508;164656;1981;2131;127;48;1981;2131;2108;2131;2108;2179;1981;2179;139,80;NNNSNN;TA;TOTAL_AMOUNT;Total with TAX
invoice-1340.tiff;1;1;2480;3508;164657;2120;2131;87;48;2120;2131;2207;2131;2207;2179;2120;2179;EUR;AAA;TA;TOTAL_AMOUNT;Total with TAX
invoice-1340.tiff;1;1;2480;3508;164658;124;3154;55;49;124;3154;179;3154;179;3203;124;3203;LA;AA;SN;SUPPLIER_NAME;Seller/Company) name
invoice-1340.tiff;1;1;2480;3508;164659;192;3154;108;49;192;3154;300;3154;300;3203;192;3203;CLEF;AAAA;SN;SUPPLIER_NAME;Seller/Company) name
invoice-1340.tiff;1;1;2480;3508;164660;312;3154;85;49;312;3154;397;3154;397;3203;312;3203;DES;AAA;SN;SUPPLIER_NAME;Seller/Company) name
invoice-1340.tiff;1;1;2480;3508;164661;409;3154;180;49;409;3154;589;3154;589;3203;409;3203;CHAMPS;AAAAAA;SN;SUPPLIER_NAME;Seller/Company) name
invoice-1340.tiff;1;1;2480;3508;164662;124;3203;23;48;124;3203;147;3203;147;3251;124;3251;8;N;SA;SUPPLIER_ADDRESS;Seller Address
invoice-1340.tiff;1;1;2480;3508;164663;159;3203;136;48;159;3203;295;3203;295;3251;159;3251;PLACE;AAAAA;SA;SUPPLIER_ADDRESS;Seller Address
invoice-1340.tiff;1;1;2480;3508;164664;307;3203;60;48;307;3203;367;3203;367;3251;307;3251;DU;AA;SA;SUPPLIER_ADDRESS;Seller Address
invoice-1340.tiff;1;1;2480;3508;164665;379;3203;152;48;379;3203;531;3203;531;3251;379;3251;FROUIL;AAAAAA;SA;SUPPLIER_ADDRESS;Seller Address
invoice-1340.tiff;1;1;2480;3508;164666;124;3251;115;48;124;3251;239;3251;239;3299;124;3299;72320;NNNNN;SA;SUPPLIER_ADDRESS;Seller Address
invoice-1340.tiff;1;1;2480;3508;164667;282;3251;222;48;282;3251;504;3251;504;3299;282;3299;VALENNES;AAAAAAAA;SA;SUPPLIER_ADDRESS;Seller Address
invoice-1340.tiff;1;1;2480;3508;164668;124;3300;171;48;124;3300;295;3300;295;3348;124;3348;FRANCE;AAAAAA;SA;SUPPLIER_ADDRESS;Seller Address
