src;num_pages;page_id;page_width;page_height;id;col;row;width;height;x1;y1;x2;y2;x3;y3;x4;y4;contents;contents_masked;correctclass;tag;description
invoice-145.tiff;1;1;2480;3508;18125;1187;62;190;175;1187;62;1377;62;1377;237;1187;237;common/logo;AAAAAASAAAA;img;IMAGE;Image
invoice-145.tiff;1;1;2480;3508;18120;124;270;213;57;124;270;337;270;337;327;124;327;Référence;AAAAAAAAA;undefined;OTHER;OTHER
invoice-145.tiff;1;1;2480;3508;18121;351;270;50;57;351;270;401;270;401;327;351;327;de;AA;undefined;OTHER;OTHER
invoice-145.tiff;1;1;2480;3508;18122;413;270;38;57;413;270;451;270;451;327;413;327;la;AA;undefined;OTHER;OTHER
invoice-145.tiff;1;1;2480;3508;18123;465;270;152;57;465;270;617;270;617;327;465;327;facture;AAAAAAA;undefined;OTHER;OTHER
invoice-145.tiff;1;1;2480;3508;18124;680;270;285;50;680;270;965;270;965;320;680;320;FV2013008512;AANNNNNNNNNN;IN;INVOICE_NUMBER;Invoice Number
invoice-145.tiff;1;1;2480;3508;18126;1187;412;217;48;1187;412;1404;412;1404;460;1187;460;MONTANT;AAAAAAA;SN;SUPPLIER_NAME;Seller/Company) name
invoice-145.tiff;1;1;2480;3508;18127;1187;460;62;45;1187;460;1249;460;1249;505;1187;505;957;NNN;SA;SUPPLIER_ADDRESS;Seller Address
invoice-145.tiff;1;1;2480;3508;18128;1260;460;81;45;1260;460;1341;460;1341;505;1260;505;RUE;AAA;SA;SUPPLIER_ADDRESS;Seller Address
invoice-145.tiff;1;1;2480;3508;18129;1351;460;60;45;1351;460;1411;460;1411;505;1351;505;DU;AA;SA;SUPPLIER_ADDRESS;Seller Address
invoice-145.tiff;1;1;2480;3508;18130;1422;460;182;45;1422;460;1604;460;1604;505;1422;505;GENERAL;AAAAAAA;SA;SUPPLIER_ADDRESS;Seller Address
invoice-145.tiff;1;1;2480;3508;18131;1615;460;55;45;1615;460;1670;460;1670;505;1615;505;DE;AA;SA;SUPPLIER_ADDRESS;Seller Address
invoice-145.tiff;1;1;2480;3508;18132;1681;460;157;45;1681;460;1838;460;1838;505;1681;505;GAULLE;AAAAAA;SA;SUPPLIER_ADDRESS;Seller Address
invoice-145.tiff;1;1;2480;3508;18133;1847;460;104;45;1847;460;1951;460;1951;505;1847;505;74700;NNNNN;SA;SUPPLIER_ADDRESS;Seller Address
invoice-145.tiff;1;1;2480;3508;18134;1959;460;250;45;1959;460;2209;460;2209;505;1959;505;SALLANCHES;AAAAAAAAAA;SA;SUPPLIER_ADDRESS;Seller Address
invoice-145.tiff;1;1;2480;3508;18135;2218;460;157;45;2218;460;2375;460;2375;505;2218;505;FRANCE;AAAAAA;SA;SUPPLIER_ADDRESS;Seller Address
invoice-145.tiff;1;1;2480;3508;18136;1187;506;67;45;1187;506;1254;506;1254;551;1187;551;Tel:;AAAS;undefined;OTHER;OTHER
invoice-145.tiff;1;1;2480;3508;18137;1279;506;249;45;1279;506;1528;506;1528;551;1279;551;01.36.47.70.22;NNSNNSNNSNNSNN;SCN;SUPPLIER_CONTACT_NUMBER;Seller Contact Number
invoice-145.tiff;1;1;2480;3508;18138;1571;506;78;45;1571;506;1649;506;1649;551;1571;551;Fax:;AAAS;undefined;OTHER;OTHER
invoice-145.tiff;1;1;2480;3508;18139;1674;506;249;45;1674;506;1923;506;1923;551;1674;551;01.36.47.70.58;NNSNNSNNSNNSNN;SFAX;SUPPLIER_FAX_NUMBER;Seller Fax Number
invoice-145.tiff;1;1;2480;3508;18140;124;762;91;52;124;762;215;762;215;814;124;814;Date;AAAA;undefined;OTHER;OTHER
invoice-145.tiff;1;1;2480;3508;18141;228;762;45;52;228;762;273;762;273;814;228;814;de;AA;undefined;OTHER;OTHER
invoice-145.tiff;1;1;2480;3508;18142;285;762;35;52;285;762;320;762;320;814;285;814;la;AA;undefined;OTHER;OTHER
invoice-145.tiff;1;1;2480;3508;18143;332;762;139;52;332;762;471;762;471;814;332;814;facture;AAAAAAA;undefined;OTHER;OTHER
invoice-145.tiff;1;1;2480;3508;18144;750;762;148;46;750;762;898;762;898;808;750;808;28/05/18;NNSNNSNN;IDATE;INVOICE_DATE;Invoice Date
invoice-145.tiff;1;1;2480;3508;18145;124;835;195;52;124;835;319;835;319;887;124;887;Référence;AAAAAAAAA;undefined;OTHER;OTHER
invoice-145.tiff;1;1;2480;3508;18146;332;835;45;52;332;835;377;835;377;887;332;887;de;AA;undefined;OTHER;OTHER
invoice-145.tiff;1;1;2480;3508;18147;389;835;106;52;389;835;495;835;495;887;389;887;client;AAAAAA;undefined;OTHER;OTHER
invoice-145.tiff;1;1;2480;3508;18148;750;835;199;46;750;835;949;835;949;881;750;881;CL1070021;AANNNNNNN;CNUM;CLIENT_NUMBER;Client Number
invoice-145.tiff;1;1;2480;3508;18158;1541;845;173;48;1541;845;1714;845;1714;893;1541;893;Chevalier;AAAAAAAAA;BN;BILLING_NAME;Billing Name
invoice-145.tiff;1;1;2480;3508;18159;1725;845;99;48;1725;845;1824;845;1824;893;1725;893;Lucie;AAAAA;BN;BILLING_NAME;Billing Name
invoice-145.tiff;1;1;2480;3508;18160;1541;893;31;45;1541;893;1572;893;1572;938;1541;938;3,;NS;BA;BILLING_ADDRESS;Billing Address
invoice-145.tiff;1;1;2480;3508;18161;1583;893;55;45;1583;893;1638;893;1638;938;1583;938;rue;AAA;BA;BILLING_ADDRESS;Billing Address
invoice-145.tiff;1;1;2480;3508;18162;1649;893;39;45;1649;893;1688;893;1688;938;1649;938;de;AA;BA;BILLING_ADDRESS;Billing Address
invoice-145.tiff;1;1;2480;3508;18163;1699;893;157;45;1699;893;1856;893;1856;938;1699;938;l'épargne;ASAAAAAAA;BA;BILLING_ADDRESS;Billing Address
invoice-145.tiff;1;1;2480;3508;18149;124;909;195;52;124;909;319;909;319;961;124;961;Référence;AAAAAAAAA;undefined;OTHER;OTHER
invoice-145.tiff;1;1;2480;3508;18150;332;909;45;52;332;909;377;909;377;961;332;961;de;AA;undefined;OTHER;OTHER
invoice-145.tiff;1;1;2480;3508;18151;389;909;35;52;389;909;424;909;424;961;389;961;la;AA;undefined;OTHER;OTHER
invoice-145.tiff;1;1;2480;3508;18152;436;909;213;52;436;909;649;909;649;961;436;961;commande;AAAAAAAA;undefined;OTHER;OTHER
invoice-145.tiff;1;1;2480;3508;18153;750;909;203;46;750;909;953;909;953;955;750;955;CD2016001;AANNNNNNN;ONUM;ORDER_NUMBER;Order Number
invoice-145.tiff;1;1;2480;3508;18164;1541;939;104;45;1541;939;1645;939;1645;984;1541;984;31290;NNNNN;BA;BILLING_ADDRESS;Billing Address
invoice-145.tiff;1;1;2480;3508;18165;1687;939;168;45;1687;939;1855;939;1855;984;1687;984;Gardouch;AAAAAAAA;BA;BILLING_ADDRESS;Billing Address
invoice-145.tiff;1;1;2480;3508;18154;124;983;134;52;124;983;258;983;258;1035;124;1035;Moyen;AAAAA;undefined;OTHER;OTHER
invoice-145.tiff;1;1;2480;3508;18155;271;983;45;52;271;983;316;983;316;1035;271;1035;de;AA;undefined;OTHER;OTHER
invoice-145.tiff;1;1;2480;3508;18156;328;983;180;52;328;983;508;983;508;1035;328;1035;paiement;AAAAAAAA;undefined;OTHER;OTHER
invoice-145.tiff;1;1;2480;3508;18157;750;983;55;46;750;983;805;983;805;1029;750;1029;CB;AA;PMODE;PAYMENT_MODE;Payment Mode
invoice-145.tiff;1;1;2480;3508;18166;1541;985;120;45;1541;985;1661;985;1661;1030;1541;1030;France;AAAAAA;BA;BILLING_ADDRESS;Billing Address
invoice-145.tiff;1;1;2480;3508;18167;446;1451;231;52;446;1451;677;1451;677;1503;446;1503;Désignation;AAAAAAAAAAA;undefined;OTHER;OTHER
invoice-145.tiff;1;1;2480;3508;18168;1089;1451;71;52;1089;1451;1160;1451;1160;1503;1089;1503;Qté;AAA;undefined;OTHER;OTHER
invoice-145.tiff;1;1;2480;3508;18169;1386;1451;61;52;1386;1451;1447;1451;1447;1503;1386;1503;UP;AA;undefined;OTHER;OTHER
invoice-145.tiff;1;1;2480;3508;18170;1701;1451;96;52;1701;1451;1797;1451;1797;1503;1701;1503;TVA;AAA;undefined;OTHER;OTHER
invoice-145.tiff;1;1;2480;3508;18171;1947;1451;170;52;1947;1451;2117;1451;2117;1503;1947;1503;Montant;AAAAAAA;undefined;OTHER;OTHER
invoice-145.tiff;1;1;2480;3508;18172;2129;1451;89;52;2129;1451;2218;1451;2218;1503;2129;1503;H.T.;ASAS;undefined;OTHER;OTHER
invoice-145.tiff;1;1;2480;3508;18173;124;1524;148;48;124;1524;272;1524;272;1572;124;1572;Bracelet;AAAAAAAA;undefined;OTHER;OTHER
invoice-145.tiff;1;1;2480;3508;18174;283;1524;164;48;283;1524;447;1524;447;1572;283;1572;Tuff-Luv;AAAASAAA;undefined;OTHER;OTHER
invoice-145.tiff;1;1;2480;3508;18175;458;1524;131;48;458;1524;589;1524;589;1572;458;1572;silicone;AAAAAAAA;undefined;OTHER;OTHER
invoice-145.tiff;1;1;2480;3508;18176;600;1524;74;48;600;1524;674;1524;674;1572;600;1572;rose;AAAA;undefined;OTHER;OTHER
invoice-145.tiff;1;1;2480;3508;18177;685;1524;85;48;685;1524;770;1524;770;1572;685;1572;pour;AAAA;undefined;OTHER;OTHER
invoice-145.tiff;1;1;2480;3508;18178;781;1524;99;48;781;1524;880;1524;880;1572;781;1572;Fitbit;AAAAAA;undefined;OTHER;OTHER
invoice-145.tiff;1;1;2480;3508;18179;891;1524;76;48;891;1524;967;1524;967;1572;891;1572;Flex;AAAA;undefined;OTHER;OTHER
invoice-145.tiff;1;1;2480;3508;18180;977;1524;20;48;977;1524;997;1524;997;1572;977;1572;2;N;undefined;OTHER;OTHER
invoice-145.tiff;1;1;2480;3508;18181;1114;1524;20;48;1114;1524;1134;1524;1134;1572;1114;1572;1;N;undefined;OTHER;OTHER
invoice-145.tiff;1;1;2480;3508;18182;1364;1524;72;48;1364;1524;1436;1524;1436;1572;1364;1572;8,32;NSNN;undefined;OTHER;OTHER
invoice-145.tiff;1;1;2480;3508;18183;1447;1524;20;48;1447;1524;1467;1524;1467;1572;1447;1572;$;S;undefined;OTHER;OTHER
invoice-145.tiff;1;1;2480;3508;18184;1692;1524;114;48;1692;1524;1806;1524;1806;1572;1692;1572;20.0%;NNSNS;undefined;OTHER;OTHER
invoice-145.tiff;1;1;2480;3508;18185;2031;1524;72;48;2031;1524;2103;1524;2103;1572;2031;1572;8,32;NSNN;undefined;OTHER;OTHER
invoice-145.tiff;1;1;2480;3508;18186;2114;1524;20;48;2114;1524;2134;1524;2134;1572;2114;1572;$;S;undefined;OTHER;OTHER
invoice-145.tiff;1;1;2480;3508;18187;124;1614;62;48;124;1614;186;1614;186;1662;124;1662;Jeu;AAA;undefined;OTHER;OTHER
invoice-145.tiff;1;1;2480;3508;18188;197;1614;120;48;197;1614;317;1614;317;1662;197;1662;Switch;AAAAAA;undefined;OTHER;OTHER
invoice-145.tiff;1;1;2480;3508;18189;328;1614;182;48;328;1614;510;1614;510;1662;328;1662;Electronic;AAAAAAAAAA;undefined;OTHER;OTHER
invoice-145.tiff;1;1;2480;3508;18190;521;1614;78;48;521;1614;599;1614;599;1662;521;1662;Arts;AAAA;undefined;OTHER;OTHER
invoice-145.tiff;1;1;2480;3508;18191;611;1614;97;48;611;1614;708;1614;708;1662;611;1662;FIFA;AAAA;undefined;OTHER;OTHER
invoice-145.tiff;1;1;2480;3508;18192;718;1614;41;48;718;1614;759;1614;759;1662;718;1662;18;NN;undefined;OTHER;OTHER
invoice-145.tiff;1;1;2480;3508;18193;1114;1614;20;48;1114;1614;1134;1614;1134;1662;1114;1662;4;N;undefined;OTHER;OTHER
invoice-145.tiff;1;1;2480;3508;18194;1354;1614;93;48;1354;1614;1447;1614;1447;1662;1354;1662;49,99;NNSNN;undefined;OTHER;OTHER
invoice-145.tiff;1;1;2480;3508;18195;1458;1614;20;48;1458;1614;1478;1614;1478;1662;1458;1662;$;S;undefined;OTHER;OTHER
invoice-145.tiff;1;1;2480;3508;18196;1692;1614;114;48;1692;1614;1806;1614;1806;1662;1692;1662;20.0%;NNSNS;undefined;OTHER;OTHER
invoice-145.tiff;1;1;2480;3508;18197;2010;1614;114;48;2010;1614;2124;1614;2124;1662;2010;1662;199,97;NNNSNN;undefined;OTHER;OTHER
invoice-145.tiff;1;1;2480;3508;18198;2135;1614;20;48;2135;1614;2155;1614;2155;1662;2135;1662;$;S;undefined;OTHER;OTHER
invoice-145.tiff;1;1;2480;3508;18199;124;1704;131;48;124;1704;255;1704;255;1752;124;1752;Casque;AAAAAA;undefined;OTHER;OTHER
invoice-145.tiff;1;1;2480;3508;18200;267;1704;113;48;267;1704;380;1704;380;1752;267;1752;gamer;AAAAA;undefined;OTHER;OTHER
invoice-145.tiff;1;1;2480;3508;18201;391;1704;155;48;391;1704;546;1704;546;1752;391;1752;Logitech;AAAAAAAA;undefined;OTHER;OTHER
invoice-145.tiff;1;1;2480;3508;18202;556;1704;94;48;556;1704;650;1704;650;1752;556;1752;G933;ANNN;undefined;OTHER;OTHER
invoice-145.tiff;1;1;2480;3508;18203;662;1704;194;48;662;1704;856;1704;856;1752;662;1752;ARTEMIS;AAAAAAA;undefined;OTHER;OTHER
invoice-145.tiff;1;1;2480;3508;18205;1114;1704;20;48;1114;1704;1134;1704;1134;1752;1114;1752;4;N;undefined;OTHER;OTHER
invoice-145.tiff;1;1;2480;3508;18206;1343;1704;114;48;1343;1704;1457;1704;1457;1752;1343;1752;190,83;NNNSNN;undefined;OTHER;OTHER
invoice-145.tiff;1;1;2480;3508;18207;1468;1704;20;48;1468;1704;1488;1704;1488;1752;1468;1752;$;S;undefined;OTHER;OTHER
invoice-145.tiff;1;1;2480;3508;18208;1692;1704;114;48;1692;1704;1806;1704;1806;1752;1692;1752;20.0%;NNSNS;undefined;OTHER;OTHER
invoice-145.tiff;1;1;2480;3508;18209;2010;1704;114;48;2010;1704;2124;1704;2124;1752;2010;1752;763,33;NNNSNN;undefined;OTHER;OTHER
invoice-145.tiff;1;1;2480;3508;18210;2135;1704;20;48;2135;1704;2155;1704;2155;1752;2135;1752;$;S;undefined;OTHER;OTHER
invoice-145.tiff;1;1;2480;3508;18204;124;1752;145;48;124;1752;269;1752;269;1800;124;1800;BLANC;AAAAA;undefined;OTHER;OTHER
invoice-145.tiff;1;1;2480;3508;18211;124;1841;76;48;124;1841;200;1841;200;1889;124;1889;Etui;AAAA;undefined;OTHER;OTHER
invoice-145.tiff;1;1;2480;3508;18212;211;1841;162;48;211;1841;373;1841;373;1889;211;1889;Otterbox;AAAAAAAA;undefined;OTHER;OTHER
invoice-145.tiff;1;1;2480;3508;18213;384;1841;120;48;384;1841;504;1841;504;1889;384;1889;Strada;AAAAAA;undefined;OTHER;OTHER
invoice-145.tiff;1;1;2480;3508;18214;515;1841;127;48;515;1841;642;1841;642;1889;515;1889;Galaxy;AAAAAA;undefined;OTHER;OTHER
invoice-145.tiff;1;1;2480;3508;18215;652;1841;44;48;652;1841;696;1841;696;1889;652;1889;S8;AN;undefined;OTHER;OTHER
invoice-145.tiff;1;1;2480;3508;18216;707;1841;97;48;707;1841;804;1841;804;1889;707;1889;Onyx;AAAA;undefined;OTHER;OTHER
invoice-145.tiff;1;1;2480;3508;18217;814;1841;101;48;814;1841;915;1841;915;1889;814;1889;Black;AAAAA;undefined;OTHER;OTHER
invoice-145.tiff;1;1;2480;3508;18218;1114;1841;20;48;1114;1841;1134;1841;1134;1889;1114;1889;1;N;undefined;OTHER;OTHER
invoice-145.tiff;1;1;2480;3508;18219;1354;1841;93;48;1354;1841;1447;1841;1447;1889;1354;1889;41,66;NNSNN;undefined;OTHER;OTHER
invoice-145.tiff;1;1;2480;3508;18220;1458;1841;20;48;1458;1841;1478;1841;1478;1889;1458;1889;$;S;undefined;OTHER;OTHER
invoice-145.tiff;1;1;2480;3508;18221;1692;1841;114;48;1692;1841;1806;1841;1806;1889;1692;1889;20.0%;NNSNS;undefined;OTHER;OTHER
invoice-145.tiff;1;1;2480;3508;18222;2020;1841;93;48;2020;1841;2113;1841;2113;1889;2020;1889;41,66;NNSNN;undefined;OTHER;OTHER
invoice-145.tiff;1;1;2480;3508;18223;2125;1841;20;48;2125;1841;2145;1841;2145;1889;2125;1889;$;S;undefined;OTHER;OTHER
invoice-145.tiff;1;1;2480;3508;18224;124;1931;155;48;124;1931;279;1931;279;1979;124;1979;Enceinte;AAAAAAAA;undefined;OTHER;OTHER
invoice-145.tiff;1;1;2480;3508;18225;290;1931;81;48;290;1931;371;1931;371;1979;290;1979;sono;AAAA;undefined;OTHER;OTHER
invoice-145.tiff;1;1;2480;3508;18226;381;1931;150;48;381;1931;531;1931;531;1979;381;1979;Numark;AAAAAA;undefined;OTHER;OTHER
invoice-145.tiff;1;1;2480;3508;18227;542;1931;266;48;542;1931;808;1931;808;1979;542;1979;LIGHTWAVE;AAAAAAAAA;undefined;OTHER;OTHER
invoice-145.tiff;1;1;2480;3508;18228;1114;1931;20;48;1114;1931;1134;1931;1134;1979;1114;1979;2;N;undefined;OTHER;OTHER
invoice-145.tiff;1;1;2480;3508;18229;1343;1931;114;48;1343;1931;1457;1931;1457;1979;1343;1979;224,99;NNNSNN;undefined;OTHER;OTHER
invoice-145.tiff;1;1;2480;3508;18230;1468;1931;20;48;1468;1931;1488;1931;1488;1979;1468;1979;$;S;undefined;OTHER;OTHER
invoice-145.tiff;1;1;2480;3508;18231;1692;1931;114;48;1692;1931;1806;1931;1806;1979;1692;1979;20.0%;NNSNS;undefined;OTHER;OTHER
invoice-145.tiff;1;1;2480;3508;18232;2010;1931;114;48;2010;1931;2124;1931;2124;1979;2010;1979;449,98;NNNSNN;undefined;OTHER;OTHER
invoice-145.tiff;1;1;2480;3508;18233;2135;1931;20;48;2135;1931;2155;1931;2155;1979;2135;1979;$;S;undefined;OTHER;OTHER
invoice-145.tiff;1;1;2480;3508;18234;1479;2063;150;51;1479;2063;1629;2063;1629;2114;1479;2114;TOTAL;AAAAA;undefined;OTHER;OTHER
invoice-145.tiff;1;1;2480;3508;18235;1641;2063;168;51;1641;2063;1809;2063;1809;2114;1641;2114;REMISE;AAAAAA;undefined;OTHER;OTHER
invoice-145.tiff;1;1;2480;3508;18236;1821;2063;262;51;1821;2063;2083;2063;2083;2114;1821;2114;IMMEDIATE;AAAAAAAAA;undefined;OTHER;OTHER
invoice-145.tiff;1;1;2480;3508;18237;2104;2063;72;46;2104;2063;2176;2063;2176;2109;2104;2109;0,00;NSNN;undefined;OTHER;OTHER
invoice-145.tiff;1;1;2480;3508;18238;2187;2063;20;46;2187;2063;2207;2063;2207;2109;2187;2109;$;S;undefined;OTHER;OTHER
invoice-145.tiff;1;1;2480;3508;18239;1749;2114;155;51;1749;2114;1904;2114;1904;2165;1749;2165;Montant;AAAAAAA;undefined;OTHER;OTHER
invoice-145.tiff;1;1;2480;3508;18240;1915;2114;84;51;1915;2114;1999;2114;1999;2165;1915;2165;H.T.;ASAS;undefined;OTHER;OTHER
invoice-145.tiff;1;1;2480;3508;18241;2041;2114;135;46;2041;2114;2176;2114;2176;2160;2041;2160;1463,27;NNNNSNN;TWTX;TOTAL_WITHOUT_TAX;TWTXS
invoice-145.tiff;1;1;2480;3508;18242;2187;2114;20;46;2187;2114;2207;2114;2207;2160;2187;2160;$;S;TWTX;TOTAL_WITHOUT_TAX;TWTXS
invoice-145.tiff;1;1;2480;3508;18243;1759;2165;155;51;1759;2165;1914;2165;1914;2216;1759;2216;Montant;AAAAAAA;undefined;OTHER;OTHER
invoice-145.tiff;1;1;2480;3508;18244;1926;2165;94;51;1926;2165;2020;2165;2020;2216;1926;2216;TVA;AAA;undefined;OTHER;OTHER
invoice-145.tiff;1;1;2480;3508;18245;2062;2165;114;46;2062;2165;2176;2165;2176;2211;2062;2211;292,65;NNNSNN;TTX;TOTAL_TAX;Total Tax
invoice-145.tiff;1;1;2480;3508;18246;2187;2165;20;46;2187;2165;2207;2165;2207;2211;2187;2211;$;S;TTX;TOTAL_TAX;Total Tax
invoice-145.tiff;1;1;2480;3508;18247;1746;2216;155;51;1746;2216;1901;2216;1901;2267;1746;2267;Montant;AAAAAAA;undefined;OTHER;OTHER
invoice-145.tiff;1;1;2480;3508;18248;1913;2216;86;51;1913;2216;1999;2216;1999;2267;1913;2267;TTC;AAA;undefined;OTHER;OTHER
invoice-145.tiff;1;1;2480;3508;18249;2041;2216;135;46;2041;2216;2176;2216;2176;2262;2041;2262;1755,92;NNNNSNN;TA;TOTAL_AMOUNT;Total with TAX
invoice-145.tiff;1;1;2480;3508;18250;2187;2216;20;46;2187;2216;2207;2216;2207;2262;2187;2262;$;S;TA;TOTAL_AMOUNT;Total with TAX
invoice-145.tiff;1;1;2480;3508;18251;124;3175;217;48;124;3175;341;3175;341;3223;124;3223;MONTANT;AAAAAAA;SN;SUPPLIER_NAME;Seller/Company) name
invoice-145.tiff;1;1;2480;3508;18252;124;3223;62;45;124;3223;186;3223;186;3268;124;3268;957;NNN;SA;SUPPLIER_ADDRESS;Seller Address
invoice-145.tiff;1;1;2480;3508;18253;197;3223;81;45;197;3223;278;3223;278;3268;197;3268;RUE;AAA;SA;SUPPLIER_ADDRESS;Seller Address
invoice-145.tiff;1;1;2480;3508;18254;289;3223;60;45;289;3223;349;3223;349;3268;289;3268;DU;AA;SA;SUPPLIER_ADDRESS;Seller Address
invoice-145.tiff;1;1;2480;3508;18255;359;3223;182;45;359;3223;541;3223;541;3268;359;3268;GENERAL;AAAAAAA;SA;SUPPLIER_ADDRESS;Seller Address
invoice-145.tiff;1;1;2480;3508;18256;553;3223;55;45;553;3223;608;3223;608;3268;553;3268;DE;AA;SA;SUPPLIER_ADDRESS;Seller Address
invoice-145.tiff;1;1;2480;3508;18257;619;3223;157;45;619;3223;776;3223;776;3268;619;3268;GAULLE;AAAAAA;SA;SUPPLIER_ADDRESS;Seller Address
invoice-145.tiff;1;1;2480;3508;18258;124;3268;104;45;124;3268;228;3268;228;3313;124;3313;74700;NNNNN;SA;SUPPLIER_ADDRESS;Seller Address
invoice-145.tiff;1;1;2480;3508;18259;270;3268;250;45;270;3268;520;3268;520;3313;270;3313;SALLANCHES;AAAAAAAAAA;SA;SUPPLIER_ADDRESS;Seller Address
invoice-145.tiff;1;1;2480;3508;18260;124;3314;157;45;124;3314;281;3314;281;3359;124;3359;FRANCE;AAAAAA;SA;SUPPLIER_ADDRESS;Seller Address
