src;num_pages;page_id;page_width;page_height;id;col;row;width;height;x1;y1;x2;y2;x3;y3;x4;y4;contents;contents_masked;correctclass;tag;description
invoice-2219.tiff;1;1;2480;3508;273057;124;62;834;175;124;62;958;62;958;237;124;237;common/logo;AAAAAASAAAA;img;IMAGE;Image
invoice-2219.tiff;1;1;2480;3508;273081;1541;270;241;57;1541;270;1782;270;1782;327;1541;327;FACTURE;AAAAAAA;undefined;OTHER;OTHER
invoice-2219.tiff;1;1;2480;3508;273082;1795;270;56;57;1795;270;1851;270;1851;327;1795;327;N°;AS;undefined;OTHER;OTHER
invoice-2219.tiff;1;1;2480;3508;273083;1914;270;160;50;1914;270;2074;270;2074;320;1914;320;0081397;NNNNNNN;IN;INVOICE_NUMBER;Invoice Number
invoice-2219.tiff;1;1;2480;3508;273058;124;412;173;48;124;412;297;412;297;460;124;460;CENTRE;AAAAAA;SN;SUPPLIER_NAME;Seller/Company) name
invoice-2219.tiff;1;1;2480;3508;273059;309;412;219;48;309;412;528;412;528;460;309;460;DENTAIRE;AAAAAAAA;SN;SUPPLIER_NAME;Seller/Company) name
invoice-2219.tiff;1;1;2480;3508;273060;539;412;280;48;539;412;819;412;819;460;539;460;MUTUALISTE;AAAAAAAAAA;SN;SUPPLIER_NAME;Seller/Company) name
invoice-2219.tiff;1;1;2480;3508;273061;124;460;41;45;124;460;165;460;165;505;124;505;35;NN;SA;SUPPLIER_ADDRESS;Seller Address
invoice-2219.tiff;1;1;2480;3508;273062;177;460;159;45;177;460;336;460;336;505;177;505;AVENUE;AAAAAA;SA;SUPPLIER_ADDRESS;Seller Address
invoice-2219.tiff;1;1;2480;3508;273063;347;460;60;45;347;460;407;460;407;505;347;505;DU;AA;SA;SUPPLIER_ADDRESS;Seller Address
invoice-2219.tiff;1;1;2480;3508;273064;417;460;217;45;417;460;634;460;634;505;417;505;MARECHAL;AAAAAAAA;SA;SUPPLIER_ADDRESS;Seller Address
invoice-2219.tiff;1;1;2480;3508;273065;645;460;90;45;645;460;735;460;735;505;645;505;JUIN;AAAA;SA;SUPPLIER_ADDRESS;Seller Address
invoice-2219.tiff;1;1;2480;3508;273066;124;506;104;45;124;506;228;506;228;551;124;551;34110;NNNNN;SA;SUPPLIER_ADDRESS;Seller Address
invoice-2219.tiff;1;1;2480;3508;273067;270;506;256;45;270;506;526;506;526;551;270;551;FRONTIGNAN;AAAAAAAAAA;SA;SUPPLIER_ADDRESS;Seller Address
invoice-2219.tiff;1;1;2480;3508;273068;124;552;157;45;124;552;281;552;281;597;124;597;FRANCE;AAAAAA;SA;SUPPLIER_ADDRESS;Seller Address
invoice-2219.tiff;1;1;2480;3508;273069;124;598;67;45;124;598;191;598;191;643;124;643;Tel:;AAAS;undefined;OTHER;OTHER
invoice-2219.tiff;1;1;2480;3508;273070;254;598;69;45;254;598;323;598;323;643;254;643;+33;SNN;SCN;SUPPLIER_CONTACT_NUMBER;Seller Contact Number
invoice-2219.tiff;1;1;2480;3508;273071;334;598;20;45;334;598;354;598;354;643;334;643;0;N;SCN;SUPPLIER_CONTACT_NUMBER;Seller Contact Number
invoice-2219.tiff;1;1;2480;3508;273072;366;598;62;45;366;598;428;598;428;643;366;643;915;NNN;SCN;SUPPLIER_CONTACT_NUMBER;Seller Contact Number
invoice-2219.tiff;1;1;2480;3508;273073;439;598;62;45;439;598;501;598;501;643;439;643;939;NNN;SCN;SUPPLIER_CONTACT_NUMBER;Seller Contact Number
invoice-2219.tiff;1;1;2480;3508;273074;511;598;62;45;511;598;573;598;573;643;511;643;275;NNN;SCN;SUPPLIER_CONTACT_NUMBER;Seller Contact Number
invoice-2219.tiff;1;1;2480;3508;273075;124;643;78;45;124;643;202;643;202;688;124;688;Fax:;AAAS;undefined;OTHER;OTHER
invoice-2219.tiff;1;1;2480;3508;273076;266;643;69;45;266;643;335;643;335;688;266;688;+33;SNN;SFAX;SUPPLIER_FAX_NUMBER;Seller Fax Number
invoice-2219.tiff;1;1;2480;3508;273077;346;643;20;45;346;643;366;643;366;688;346;688;0;N;SFAX;SUPPLIER_FAX_NUMBER;Seller Fax Number
invoice-2219.tiff;1;1;2480;3508;273078;377;643;62;45;377;643;439;643;439;688;377;688;915;NNN;SFAX;SUPPLIER_FAX_NUMBER;Seller Fax Number
invoice-2219.tiff;1;1;2480;3508;273079;450;643;62;45;450;643;512;643;512;688;450;688;939;NNN;SFAX;SUPPLIER_FAX_NUMBER;Seller Fax Number
invoice-2219.tiff;1;1;2480;3508;273080;523;643;62;45;523;643;585;643;585;688;523;688;089;NNN;SFAX;SUPPLIER_FAX_NUMBER;Seller Fax Number
invoice-2219.tiff;1;1;2480;3508;273084;124;1073;92;48;124;1073;216;1073;216;1121;124;1121;Mme;AAA;BN;BILLING_NAME;Billing Name
invoice-2219.tiff;1;1;2480;3508;273085;227;1073;104;48;227;1073;331;1073;331;1121;227;1121;Alicia;AAAAAA;BN;BILLING_NAME;Billing Name
invoice-2219.tiff;1;1;2480;3508;273086;342;1073;129;48;342;1073;471;1073;471;1121;342;1121;Moulin;AAAAAA;BN;BILLING_NAME;Billing Name
invoice-2219.tiff;1;1;2480;3508;273087;124;1121;93;45;124;1121;217;1121;217;1166;124;1166;9013,;NNNNS;BA;BILLING_ADDRESS;Billing Address
invoice-2219.tiff;1;1;2480;3508;273088;229;1121;117;45;229;1121;346;1121;346;1166;229;1166;avenue;AAAAAA;BA;BILLING_ADDRESS;Billing Address
invoice-2219.tiff;1;1;2480;3508;273089;357;1121;111;45;357;1121;468;1121;468;1166;357;1166;dupuis;AAAAAA;BA;BILLING_ADDRESS;Billing Address
invoice-2219.tiff;1;1;2480;3508;273106;1541;1132;91;52;1541;1132;1632;1132;1632;1184;1541;1184;Date;AAAA;undefined;OTHER;OTHER
invoice-2219.tiff;1;1;2480;3508;273107;1644;1132;45;52;1644;1132;1689;1132;1689;1184;1644;1184;de;AA;undefined;OTHER;OTHER
invoice-2219.tiff;1;1;2480;3508;273108;1702;1132;35;52;1702;1132;1737;1132;1737;1184;1702;1184;la;AA;undefined;OTHER;OTHER
invoice-2219.tiff;1;1;2480;3508;273109;1749;1132;139;52;1749;1132;1888;1132;1888;1184;1749;1184;facture;AAAAAAA;undefined;OTHER;OTHER
invoice-2219.tiff;1;1;2480;3508;273110;2166;1132;148;46;2166;1132;2314;1132;2314;1178;2166;1178;20/02/04;NNSNNSNN;IDATE;INVOICE_DATE;Invoice Date
invoice-2219.tiff;1;1;2480;3508;273090;124;1167;104;45;124;1167;228;1167;228;1212;124;1212;02800;NNNNN;BA;BILLING_ADDRESS;Billing Address
invoice-2219.tiff;1;1;2480;3508;273091;270;1167;44;45;270;1167;314;1167;314;1212;270;1212;La;AA;BA;BILLING_ADDRESS;Billing Address
invoice-2219.tiff;1;1;2480;3508;273092;325;1167;78;45;325;1167;403;1167;403;1212;325;1212;Fère;AAAA;BA;BILLING_ADDRESS;Billing Address
invoice-2219.tiff;1;1;2480;3508;273111;1541;1206;175;52;1541;1206;1716;1206;1716;1258;1541;1258;CLIENT;AAAAAA;undefined;OTHER;OTHER
invoice-2219.tiff;1;1;2480;3508;273112;1728;1206;51;52;1728;1206;1779;1206;1779;1258;1728;1258;N°;AS;undefined;OTHER;OTHER
invoice-2219.tiff;1;1;2480;3508;273113;2166;1206;124;46;2166;1206;2290;1206;2290;1252;2166;1252;000364;NNNNNN;CNUM;CLIENT_NUMBER;Client Number
invoice-2219.tiff;1;1;2480;3508;273093;124;1213;120;45;124;1213;244;1213;244;1258;124;1258;France;AAAAAA;BA;BILLING_ADDRESS;Billing Address
invoice-2219.tiff;1;1;2480;3508;273114;1541;1280;285;52;1541;1280;1826;1280;1826;1332;1541;1332;COMMANDE;AAAAAAAA;undefined;OTHER;OTHER
invoice-2219.tiff;1;1;2480;3508;273115;1838;1280;51;52;1838;1280;1889;1280;1889;1332;1838;1332;N°;AS;undefined;OTHER;OTHER
invoice-2219.tiff;1;1;2480;3508;273116;2166;1280;104;46;2166;1280;2270;1280;2270;1326;2166;1326;99649;NNNNN;ONUM;ORDER_NUMBER;Order Number
invoice-2219.tiff;1;1;2480;3508;273094;124;1301;169;57;124;1301;293;1301;293;1358;124;1358;Adresse;AAAAAAA;undefined;OTHER;OTHER
invoice-2219.tiff;1;1;2480;3508;273095;306;1301;205;57;306;1301;511;1301;511;1358;306;1358;Livraison;AAAAAAAAA;undefined;OTHER;OTHER
invoice-2219.tiff;1;1;2480;3508;273117;1541;1353;134;52;1541;1353;1675;1353;1675;1405;1541;1405;Moyen;AAAAA;undefined;OTHER;OTHER
invoice-2219.tiff;1;1;2480;3508;273118;1688;1353;45;52;1688;1353;1733;1353;1733;1405;1688;1405;de;AA;undefined;OTHER;OTHER
invoice-2219.tiff;1;1;2480;3508;273119;1745;1353;180;52;1745;1353;1925;1353;1925;1405;1745;1405;paiement;AAAAAAAA;undefined;OTHER;OTHER
invoice-2219.tiff;1;1;2480;3508;273120;2166;1353;113;46;2166;1353;2279;1353;2279;1399;2166;1399;Paypal;AAAAAA;PMODE;PAYMENT_MODE;Payment Mode
invoice-2219.tiff;1;1;2480;3508;273096;124;1358;92;48;124;1358;216;1358;216;1406;124;1406;Mme;AAA;SHN;SHIPPING_NAME;Shipping Name
invoice-2219.tiff;1;1;2480;3508;273097;227;1358;104;48;227;1358;331;1358;331;1406;227;1406;Alicia;AAAAAA;SHN;SHIPPING_NAME;Shipping Name
invoice-2219.tiff;1;1;2480;3508;273098;342;1358;129;48;342;1358;471;1358;471;1406;342;1406;Moulin;AAAAAA;SHN;SHIPPING_NAME;Shipping Name
invoice-2219.tiff;1;1;2480;3508;273099;124;1406;93;45;124;1406;217;1406;217;1451;124;1451;9013,;NNNNS;SHA;SHIPPING_ADDRESS;Shipping Address
invoice-2219.tiff;1;1;2480;3508;273100;229;1406;117;45;229;1406;346;1406;346;1451;229;1451;avenue;AAAAAA;SHA;SHIPPING_ADDRESS;Shipping Address
invoice-2219.tiff;1;1;2480;3508;273101;357;1406;111;45;357;1406;468;1406;468;1451;357;1451;dupuis;AAAAAA;SHA;SHIPPING_ADDRESS;Shipping Address
invoice-2219.tiff;1;1;2480;3508;273102;124;1452;104;45;124;1452;228;1452;228;1497;124;1497;02800;NNNNN;SHA;SHIPPING_ADDRESS;Shipping Address
invoice-2219.tiff;1;1;2480;3508;273103;270;1452;44;45;270;1452;314;1452;314;1497;270;1497;La;AA;SHA;SHIPPING_ADDRESS;Shipping Address
invoice-2219.tiff;1;1;2480;3508;273104;325;1452;78;45;325;1452;403;1452;403;1497;325;1497;Fère;AAAA;SHA;SHIPPING_ADDRESS;Shipping Address
invoice-2219.tiff;1;1;2480;3508;273105;124;1498;120;45;124;1498;244;1498;244;1543;124;1543;France;AAAAAA;SHA;SHIPPING_ADDRESS;Shipping Address
invoice-2219.tiff;1;1;2480;3508;273121;449;1821;226;52;449;1821;675;1821;675;1873;449;1873;Description;AAAAAAAAAAA;undefined;OTHER;OTHER
invoice-2219.tiff;1;1;2480;3508;273122;1038;1821;173;52;1038;1821;1211;1821;1211;1873;1038;1873;Quantité;AAAAAAAA;undefined;OTHER;OTHER
invoice-2219.tiff;1;1;2480;3508;273123;1287;1821;84;52;1287;1821;1371;1821;1371;1873;1287;1873;Prix;AAAA;undefined;OTHER;OTHER
invoice-2219.tiff;1;1;2480;3508;273124;1382;1821;162;52;1382;1821;1544;1821;1544;1873;1382;1873;Unitaire;AAAAAAAA;undefined;OTHER;OTHER
invoice-2219.tiff;1;1;2480;3508;273125;1616;1821;101;52;1616;1821;1717;1821;1717;1873;1616;1873;Taux;AAAA;undefined;OTHER;OTHER
invoice-2219.tiff;1;1;2480;3508;273126;1729;1821;45;52;1729;1821;1774;1821;1774;1873;1729;1873;de;AA;undefined;OTHER;OTHER
invoice-2219.tiff;1;1;2480;3508;273127;1786;1821;96;52;1786;1821;1882;1821;1882;1873;1786;1873;TVA;AAA;undefined;OTHER;OTHER
invoice-2219.tiff;1;1;2480;3508;273128;1959;1821;170;52;1959;1821;2129;1821;2129;1873;1959;1873;Montant;AAAAAAA;undefined;OTHER;OTHER
invoice-2219.tiff;1;1;2480;3508;273129;2141;1821;66;52;2141;1821;2207;1821;2207;1873;2141;1873;HT;AA;undefined;OTHER;OTHER
invoice-2219.tiff;1;1;2480;3508;273130;124;1895;145;48;124;1895;269;1895;269;1943;124;1943;Objectif;AAAAAAAA;undefined;OTHER;OTHER
invoice-2219.tiff;1;1;2480;3508;273131;281;1895;85;48;281;1895;366;1895;366;1943;281;1943;pour;AAAA;undefined;OTHER;OTHER
invoice-2219.tiff;1;1;2480;3508;273132;377;1895;113;48;377;1895;490;1895;490;1943;377;1943;Reflex;AAAAAA;undefined;OTHER;OTHER
invoice-2219.tiff;1;1;2480;3508;273133;501;1895;118;48;501;1895;619;1895;619;1943;501;1943;Canon;AAAAA;undefined;OTHER;OTHER
invoice-2219.tiff;1;1;2480;3508;273134;629;1895;90;48;629;1895;719;1895;719;1943;629;1943;EF-S;AASA;undefined;OTHER;OTHER
invoice-2219.tiff;1;1;2480;3508;273135;730;1895;111;48;730;1895;841;1895;841;1943;730;1943;24mm;NNAA;undefined;OTHER;OTHER
invoice-2219.tiff;1;1;2480;3508;273136;851;1895;77;48;851;1895;928;1895;928;1943;851;1943;f/2.8;ASNSN;undefined;OTHER;OTHER
invoice-2219.tiff;1;1;2480;3508;273138;1114;1895;20;48;1114;1895;1134;1895;1134;1943;1114;1943;4;N;undefined;OTHER;OTHER
invoice-2219.tiff;1;1;2480;3508;273139;1359;1895;114;48;1359;1895;1473;1895;1473;1943;1359;1943;132,50;NNNSNN;undefined;OTHER;OTHER
invoice-2219.tiff;1;1;2480;3508;273140;1692;1895;114;48;1692;1895;1806;1895;1806;1943;1692;1943;20.0%;NNSNS;undefined;OTHER;OTHER
invoice-2219.tiff;1;1;2480;3508;273141;2026;1895;114;48;2026;1895;2140;1895;2140;1943;2026;1943;530,00;NNNSNN;undefined;OTHER;OTHER
invoice-2219.tiff;1;1;2480;3508;273137;124;1943;90;48;124;1943;214;1943;214;1991;124;1991;STM;AAA;undefined;OTHER;OTHER
invoice-2219.tiff;1;1;2480;3508;273142;124;2033;62;48;124;2033;186;2033;186;2081;124;2081;Fer;AAA;undefined;OTHER;OTHER
invoice-2219.tiff;1;1;2480;3508;273143;197;2033;20;48;197;2033;217;2033;217;2081;197;2081;à;A;undefined;OTHER;OTHER
invoice-2219.tiff;1;1;2480;3508;273144;229;2033;150;48;229;2033;379;2033;379;2081;229;2081;repasser;AAAAAAAA;undefined;OTHER;OTHER
invoice-2219.tiff;1;1;2480;3508;273145;389;2033;122;48;389;2033;511;2033;511;2081;389;2081;Philips;AAAAAAA;undefined;OTHER;OTHER
invoice-2219.tiff;1;1;2480;3508;273146;523;2033;199;48;523;2033;722;2033;722;2081;523;2081;GC3810/20;AANNNNSNN;undefined;OTHER;OTHER
invoice-2219.tiff;1;1;2480;3508;273147;732;2033;90;48;732;2033;822;2033;822;2081;732;2081;Azur;AAAA;undefined;OTHER;OTHER
invoice-2219.tiff;1;1;2480;3508;273149;1114;2033;20;48;1114;2033;1134;2033;1134;2081;1114;2081;2;N;undefined;OTHER;OTHER
invoice-2219.tiff;1;1;2480;3508;273150;1369;2033;93;48;1369;2033;1462;2033;1462;2081;1369;2081;41,66;NNSNN;undefined;OTHER;OTHER
invoice-2219.tiff;1;1;2480;3508;273151;1692;2033;114;48;1692;2033;1806;2033;1806;2081;1692;2081;20.0%;NNSNS;undefined;OTHER;OTHER
invoice-2219.tiff;1;1;2480;3508;273152;2036;2033;93;48;2036;2033;2129;2033;2129;2081;2036;2081;83,32;NNSNN;undefined;OTHER;OTHER
invoice-2219.tiff;1;1;2480;3508;273148;124;2081;187;48;124;2081;311;2081;311;2129;124;2129;Performer;AAAAAAAAA;undefined;OTHER;OTHER
invoice-2219.tiff;1;1;2480;3508;273153;1793;2212;170;52;1793;2212;1963;2212;1963;2264;1793;2264;Montant;AAAAAAA;undefined;OTHER;OTHER
invoice-2219.tiff;1;1;2480;3508;273154;1975;2212;66;52;1975;2212;2041;2212;2041;2264;1975;2264;HT;AA;undefined;OTHER;OTHER
invoice-2219.tiff;1;1;2480;3508;273155;2083;2212;114;48;2083;2212;2197;2212;2197;2260;2083;2260;613,32;NNNSNN;TWTX;TOTAL_WITHOUT_TAX;TWTXS
invoice-2219.tiff;1;1;2480;3508;273156;1784;2265;101;52;1784;2265;1885;2265;1885;2317;1784;2317;Taux;AAAA;undefined;OTHER;OTHER
invoice-2219.tiff;1;1;2480;3508;273157;1898;2265;45;52;1898;2265;1943;2265;1943;2317;1898;2317;de;AA;undefined;OTHER;OTHER
invoice-2219.tiff;1;1;2480;3508;273158;1955;2265;96;52;1955;2265;2051;2265;2051;2317;1955;2317;TVA;AAA;undefined;OTHER;OTHER
invoice-2219.tiff;1;1;2480;3508;273159;2093;2265;114;48;2093;2265;2207;2265;2207;2313;2093;2313;20.0%;NNSNS;TXR;TAX_RATE;Tax Rate
invoice-2219.tiff;1;1;2480;3508;273160;1944;2318;96;52;1944;2318;2040;2318;2040;2370;1944;2370;TVA;AAA;undefined;OTHER;OTHER
invoice-2219.tiff;1;1;2480;3508;273161;2083;2318;114;48;2083;2318;2197;2318;2197;2366;2083;2366;122,66;NNNSNN;TTX;TOTAL_TAX;Total Tax
invoice-2219.tiff;1;1;2480;3508;273162;1831;2371;104;52;1831;2371;1935;2371;1935;2423;1831;2423;Total;AAAAA;undefined;OTHER;OTHER
invoice-2219.tiff;1;1;2480;3508;273163;1947;2371;94;52;1947;2371;2041;2371;2041;2423;1947;2423;TTC;AAA;undefined;OTHER;OTHER
invoice-2219.tiff;1;1;2480;3508;273164;2083;2371;114;48;2083;2371;2197;2371;2197;2419;2083;2419;735,98;NNNSNN;TA;TOTAL_AMOUNT;Total with TAX
invoice-2219.tiff;1;1;2480;3508;273165;1187;3175;173;48;1187;3175;1360;3175;1360;3223;1187;3223;CENTRE;AAAAAA;SN;SUPPLIER_NAME;Seller/Company) name
invoice-2219.tiff;1;1;2480;3508;273166;1371;3175;219;48;1371;3175;1590;3175;1590;3223;1371;3223;DENTAIRE;AAAAAAAA;SN;SUPPLIER_NAME;Seller/Company) name
invoice-2219.tiff;1;1;2480;3508;273167;1601;3175;280;48;1601;3175;1881;3175;1881;3223;1601;3223;MUTUALISTE;AAAAAAAAAA;SN;SUPPLIER_NAME;Seller/Company) name
invoice-2219.tiff;1;1;2480;3508;273168;1187;3223;41;45;1187;3223;1228;3223;1228;3268;1187;3268;35;NN;SA;SUPPLIER_ADDRESS;Seller Address
invoice-2219.tiff;1;1;2480;3508;273169;1239;3223;159;45;1239;3223;1398;3223;1398;3268;1239;3268;AVENUE;AAAAAA;SA;SUPPLIER_ADDRESS;Seller Address
invoice-2219.tiff;1;1;2480;3508;273170;1409;3223;60;45;1409;3223;1469;3223;1469;3268;1409;3268;DU;AA;SA;SUPPLIER_ADDRESS;Seller Address
invoice-2219.tiff;1;1;2480;3508;273171;1480;3223;217;45;1480;3223;1697;3223;1697;3268;1480;3268;MARECHAL;AAAAAAAA;SA;SUPPLIER_ADDRESS;Seller Address
invoice-2219.tiff;1;1;2480;3508;273172;1708;3223;90;45;1708;3223;1798;3223;1798;3268;1708;3268;JUIN;AAAA;SA;SUPPLIER_ADDRESS;Seller Address
invoice-2219.tiff;1;1;2480;3508;273173;1187;3268;104;45;1187;3268;1291;3268;1291;3313;1187;3313;34110;NNNNN;SA;SUPPLIER_ADDRESS;Seller Address
invoice-2219.tiff;1;1;2480;3508;273174;1333;3268;256;45;1333;3268;1589;3268;1589;3313;1333;3313;FRONTIGNAN;AAAAAAAAAA;SA;SUPPLIER_ADDRESS;Seller Address
invoice-2219.tiff;1;1;2480;3508;273175;1187;3314;157;45;1187;3314;1344;3314;1344;3359;1187;3359;FRANCE;AAAAAA;SA;SUPPLIER_ADDRESS;Seller Address
