src;num_pages;page_id;page_width;page_height;id;col;row;width;height;x1;y1;x2;y2;x3;y3;x4;y4;contents;contents_masked;correctclass;tag;description
invoice-850.tiff;1;1;2480;3508;104731;124;62;396;175;124;62;520;62;520;237;124;237;common/logo;AAAAAASAAAA;img;IMAGE;Image
invoice-850.tiff;1;1;2480;3508;104732;124;412;307;48;124;412;431;412;431;460;124;460;VIENNOISERIE;AAAAAAAAAAAA;SN;SUPPLIER_NAME;Seller/Company) name
invoice-850.tiff;1;1;2480;3508;104733;124;460;41;45;124;460;165;460;165;505;124;505;15;NN;SA;SUPPLIER_ADDRESS;Seller Address
invoice-850.tiff;1;1;2480;3508;104734;177;460;159;45;177;460;336;460;336;505;177;505;AVENUE;AAAAAA;SA;SUPPLIER_ADDRESS;Seller Address
invoice-850.tiff;1;1;2480;3508;104735;347;460;162;45;347;460;509;460;509;505;347;505;HECTOR;AAAAAA;SA;SUPPLIER_ADDRESS;Seller Address
invoice-850.tiff;1;1;2480;3508;104736;519;460;30;45;519;460;549;460;549;505;519;505;D;A;SA;SUPPLIER_ADDRESS;Seller Address
invoice-850.tiff;1;1;2480;3508;104737;560;460;155;45;560;460;715;460;715;505;560;505;ESPOUY;AAAAAA;SA;SUPPLIER_ADDRESS;Seller Address
invoice-850.tiff;1;1;2480;3508;104738;723;460;13;45;723;460;736;460;736;505;723;505;-;S;SA;SUPPLIER_ADDRESS;Seller Address
invoice-850.tiff;1;1;2480;3508;104739;747;460;104;45;747;460;851;460;851;505;747;505;31220;NNNNN;SA;SUPPLIER_ADDRESS;Seller Address
invoice-850.tiff;1;1;2480;3508;104740;870;460;173;45;870;460;1043;460;1043;505;870;505;CAZERES;AAAAAAA;SA;SUPPLIER_ADDRESS;Seller Address
invoice-850.tiff;1;1;2480;3508;104741;1052;460;13;45;1052;460;1065;460;1065;505;1052;505;-;S;SA;SUPPLIER_ADDRESS;Seller Address
invoice-850.tiff;1;1;2480;3508;104742;1077;460;157;45;1077;460;1234;460;1234;505;1077;505;FRANCE;AAAAAA;SA;SUPPLIER_ADDRESS;Seller Address
invoice-850.tiff;1;1;2480;3508;104743;124;506;106;45;124;506;230;506;230;551;124;551;Phone;AAAAA;undefined;OTHER;OTHER
invoice-850.tiff;1;1;2480;3508;104744;256;506;263;45;256;506;519;506;519;551;256;551;02-02-49-82-45;NNSNNSNNSNNSNN;SCN;SUPPLIER_CONTACT_NUMBER;Seller Contact Number
invoice-850.tiff;1;1;2480;3508;104745;561;506;64;45;561;506;625;506;625;551;561;551;Fax;AAA;undefined;OTHER;OTHER
invoice-850.tiff;1;1;2480;3508;104746;651;506;263;45;651;506;914;506;914;551;651;551;02-02-49-00-33;NNSNNSNNSNNSNN;SFAX;SUPPLIER_FAX_NUMBER;Seller Fax Number
invoice-850.tiff;1;1;2480;3508;104747;124;878;141;57;124;878;265;878;265;935;124;935;Billing;AAAAAAA;undefined;OTHER;OTHER
invoice-850.tiff;1;1;2480;3508;104748;279;878;175;57;279;878;454;878;454;935;279;935;Address;AAAAAAA;undefined;OTHER;OTHER
invoice-850.tiff;1;1;2480;3508;104749;124;936;67;48;124;936;191;936;191;984;124;984;Asa;AAA;BN;BILLING_NAME;Billing Name
invoice-850.tiff;1;1;2480;3508;104750;202;936;92;48;202;936;294;936;294;984;202;984;Dach;AAAA;BN;BILLING_NAME;Billing Name
invoice-850.tiff;1;1;2480;3508;104751;124;984;52;45;124;984;176;984;176;1029;124;1029;24,;NNS;BA;BILLING_ADDRESS;Billing Address
invoice-850.tiff;1;1;2480;3508;104752;187;984;55;45;187;984;242;984;242;1029;187;1029;rue;AAA;BA;BILLING_ADDRESS;Billing Address
invoice-850.tiff;1;1;2480;3508;104753;253;984;41;45;253;984;294;984;294;1029;253;1029;du;AA;BA;BILLING_ADDRESS;Billing Address
invoice-850.tiff;1;1;2480;3508;104754;305;984;113;45;305;984;418;984;418;1029;305;1029;balcon;AAAAAA;BA;BILLING_ADDRESS;Billing Address
invoice-850.tiff;1;1;2480;3508;104755;429;984;41;45;429;984;470;984;470;1029;429;1029;du;AA;BA;BILLING_ADDRESS;Billing Address
invoice-850.tiff;1;1;2480;3508;104756;481;984;76;45;481;984;557;984;557;1029;481;1029;parc;AAAA;BA;BILLING_ADDRESS;Billing Address
invoice-850.tiff;1;1;2480;3508;104771;1541;995;142;52;1541;995;1683;995;1683;1047;1541;1047;Invoice;AAAAAAA;undefined;OTHER;OTHER
invoice-850.tiff;1;1;2480;3508;104772;1695;995;162;52;1695;995;1857;995;1857;1047;1695;1047;Number;AAAAAA;undefined;OTHER;OTHER
invoice-850.tiff;1;1;2480;3508;104773;2166;995;208;46;2166;995;2374;995;2374;1041;2166;1041;8774380489;NNNNNNNNNN;IN;INVOICE_NUMBER;Invoice Number
invoice-850.tiff;1;1;2480;3508;104757;124;1030;104;45;124;1030;228;1030;228;1075;124;1075;10220;NNNNN;BA;BILLING_ADDRESS;Billing Address
invoice-850.tiff;1;1;2480;3508;104758;270;1030;231;45;270;1030;501;1030;501;1075;270;1075;Rouilly-Sacey;AAAAAAASAAAAA;BA;BILLING_ADDRESS;Billing Address
invoice-850.tiff;1;1;2480;3508;104774;1541;1069;91;52;1541;1069;1632;1069;1632;1121;1541;1121;Date;AAAA;undefined;OTHER;OTHER
invoice-850.tiff;1;1;2480;3508;104775;2166;1069;53;46;2166;1069;2219;1069;2219;1115;2166;1115;feb;AAA;IDATE;INVOICE_DATE;Invoice Date
invoice-850.tiff;1;1;2480;3508;104776;2230;1069;52;46;2230;1069;2282;1069;2282;1115;2230;1115;24,;NNS;IDATE;INVOICE_DATE;Invoice Date
invoice-850.tiff;1;1;2480;3508;104777;2292;1069;83;46;2292;1069;2375;1069;2375;1115;2292;1115;2008;NNNN;IDATE;INVOICE_DATE;Invoice Date
invoice-850.tiff;1;1;2480;3508;104759;124;1076;120;45;124;1076;244;1076;244;1121;124;1121;France;AAAAAA;BA;BILLING_ADDRESS;Billing Address
invoice-850.tiff;1;1;2480;3508;104778;1541;1142;122;52;1541;1142;1663;1142;1663;1194;1541;1194;Order;AAAAA;undefined;OTHER;OTHER
invoice-850.tiff;1;1;2480;3508;104779;1675;1142;162;52;1675;1142;1837;1142;1837;1194;1675;1194;Number;AAAAAA;undefined;OTHER;OTHER
invoice-850.tiff;1;1;2480;3508;104780;2166;1142;83;46;2166;1142;2249;1142;2249;1188;2166;1188;9125;NNNN;ONUM;ORDER_NUMBER;Order Number
invoice-850.tiff;1;1;2480;3508;104760;124;1163;191;57;124;1163;315;1163;315;1220;124;1220;Shipping;AAAAAAAA;undefined;OTHER;OTHER
invoice-850.tiff;1;1;2480;3508;104761;329;1163;175;57;329;1163;504;1163;504;1220;329;1220;Address;AAAAAAA;undefined;OTHER;OTHER
invoice-850.tiff;1;1;2480;3508;104781;1541;1216;173;52;1541;1216;1714;1216;1714;1268;1541;1268;Payment;AAAAAAA;undefined;OTHER;OTHER
invoice-850.tiff;1;1;2480;3508;104782;1726;1216;124;52;1726;1216;1850;1216;1850;1268;1726;1268;means;AAAAA;undefined;OTHER;OTHER
invoice-850.tiff;1;1;2480;3508;104783;2166;1216;87;46;2166;1216;2253;1216;2253;1262;2166;1262;Bank;AAAA;PMODE;PAYMENT_MODE;Payment Mode
invoice-850.tiff;1;1;2480;3508;104784;2265;1216;141;46;2265;1216;2406;1216;2406;1262;2265;1262;Transfer;AAAAAAAA;PMODE;PAYMENT_MODE;Payment Mode
invoice-850.tiff;1;1;2480;3508;104762;124;1221;67;48;124;1221;191;1221;191;1269;124;1269;Asa;AAA;SHN;SHIPPING_NAME;Shipping Name
invoice-850.tiff;1;1;2480;3508;104763;202;1221;92;48;202;1221;294;1221;294;1269;202;1269;Dach;AAAA;SHN;SHIPPING_NAME;Shipping Name
invoice-850.tiff;1;1;2480;3508;104764;124;1269;31;45;124;1269;155;1269;155;1314;124;1314;7,;NS;SHA;SHIPPING_ADDRESS;Shipping Address
invoice-850.tiff;1;1;2480;3508;104765;166;1269;120;45;166;1269;286;1269;286;1314;166;1314;chemin;AAAAAA;SHA;SHIPPING_ADDRESS;Shipping Address
invoice-850.tiff;1;1;2480;3508;104766;297;1269;55;45;297;1269;352;1269;352;1314;297;1314;des;AAA;SHA;SHIPPING_ADDRESS;Shipping Address
invoice-850.tiff;1;1;2480;3508;104767;363;1269;189;45;363;1269;552;1269;552;1314;363;1314;coquelicots;AAAAAAAAAAA;SHA;SHIPPING_ADDRESS;Shipping Address
invoice-850.tiff;1;1;2480;3508;104768;124;1315;104;45;124;1315;228;1315;228;1360;124;1360;81000;NNNNN;SHA;SHIPPING_ADDRESS;Shipping Address
invoice-850.tiff;1;1;2480;3508;104769;270;1315;69;45;270;1315;339;1315;339;1360;270;1360;Albi;AAAA;SHA;SHIPPING_ADDRESS;Shipping Address
invoice-850.tiff;1;1;2480;3508;104770;124;1360;120;45;124;1360;244;1360;244;1405;124;1405;France;AAAAAA;SHA;SHIPPING_ADDRESS;Shipping Address
invoice-850.tiff;1;1;2480;3508;104785;156;1684;104;52;156;1684;260;1684;260;1736;156;1736;S.No.;ASAAS;undefined;OTHER;OTHER
invoice-850.tiff;1;1;2480;3508;104786;489;1684;157;52;489;1684;646;1684;646;1736;489;1736;Product;AAAAAAA;undefined;OTHER;OTHER
invoice-850.tiff;1;1;2480;3508;104787;658;1684;226;52;658;1684;884;1684;884;1736;658;1736;Description;AAAAAAAAAAA;undefined;OTHER;OTHER
invoice-850.tiff;1;1;2480;3508;104788;1141;1684;175;52;1141;1684;1316;1684;1316;1736;1141;1736;Quantity;AAAAAAAA;undefined;OTHER;OTHER
invoice-850.tiff;1;1;2480;3508;104789;1420;1684;86;52;1420;1684;1506;1684;1506;1736;1420;1736;Unit;AAAA;undefined;OTHER;OTHER
invoice-850.tiff;1;1;2480;3508;104790;1518;1684;101;52;1518;1684;1619;1684;1619;1736;1518;1736;Price;AAAAA;undefined;OTHER;OTHER
invoice-850.tiff;1;1;2480;3508;104791;1712;1684;96;52;1712;1684;1808;1684;1808;1736;1712;1736;TVA;AAA;undefined;OTHER;OTHER
invoice-850.tiff;1;1;2480;3508;104792;1820;1684;91;52;1820;1684;1911;1684;1911;1736;1820;1736;Rate;AAAA;undefined;OTHER;OTHER
invoice-850.tiff;1;1;2480;3508;104793;2051;1684;104;52;2051;1684;2155;1684;2155;1736;2051;1736;Total;AAAAA;undefined;OTHER;OTHER
invoice-850.tiff;1;1;2480;3508;104794;197;1758;20;48;197;1758;217;1758;217;1806;197;1806;1;N;undefined;OTHER;OTHER
invoice-850.tiff;1;1;2480;3508;104795;291;1758;120;48;291;1758;411;1758;411;1806;291;1806;Volant;AAAAAA;undefined;OTHER;OTHER
invoice-850.tiff;1;1;2480;3508;104796;422;1758;23;48;422;1758;445;1758;445;1806;422;1806;+;S;undefined;OTHER;OTHER
invoice-850.tiff;1;1;2480;3508;104797;456;1758;148;48;456;1758;604;1758;604;1806;456;1806;PÃ©dalier;AAAAAAAA;undefined;OTHER;OTHER
invoice-850.tiff;1;1;2480;3508;104798;615;1758;245;48;615;1758;860;1758;860;1806;615;1806;Thrustmaster;AAAAAAAAAAAA;undefined;OTHER;OTHER
invoice-850.tiff;1;1;2480;3508;104799;870;1758;90;48;870;1758;960;1758;960;1806;870;1806;T300;ANNN;undefined;OTHER;OTHER
invoice-850.tiff;1;1;2480;3508;104800;971;1758;53;48;971;1758;1024;1758;1024;1806;971;1806;RS;AA;undefined;OTHER;OTHER
invoice-850.tiff;1;1;2480;3508;104804;1218;1758;20;48;1218;1758;1238;1758;1238;1806;1218;1806;3;N;undefined;OTHER;OTHER
invoice-850.tiff;1;1;2480;3508;104805;1463;1758;114;48;1463;1758;1577;1758;1577;1806;1463;1806;332,50;NNNSNN;undefined;OTHER;OTHER
invoice-850.tiff;1;1;2480;3508;104806;1755;1758;114;48;1755;1758;1869;1758;1869;1806;1755;1806;20.0%;NNSNS;undefined;OTHER;OTHER
invoice-850.tiff;1;1;2480;3508;104807;2046;1758;114;48;2046;1758;2160;1758;2160;1806;2046;1806;997,50;NNNSNN;undefined;OTHER;OTHER
invoice-850.tiff;1;1;2480;3508;104801;291;1806;60;48;291;1806;351;1806;351;1854;291;1854;GT;AA;undefined;OTHER;OTHER
invoice-850.tiff;1;1;2480;3508;104802;362;1806;132;48;362;1806;494;1806;494;1854;362;1854;Edition;AAAAAAA;undefined;OTHER;OTHER
invoice-850.tiff;1;1;2480;3508;104803;504;1806;150;48;504;1806;654;1806;654;1854;504;1854;PS4/PS3;AANSAAN;undefined;OTHER;OTHER
invoice-850.tiff;1;1;2480;3508;104808;197;1895;20;48;197;1895;217;1895;217;1943;197;1943;2;N;undefined;OTHER;OTHER
invoice-850.tiff;1;1;2480;3508;104809;291;1895;60;48;291;1895;351;1895;351;1943;291;1943;Pot;AAA;undefined;OTHER;OTHER
invoice-850.tiff;1;1;2480;3508;104810;362;1895;78;48;362;1895;440;1895;440;1943;362;1943;SEB;AAA;undefined;OTHER;OTHER
invoice-850.tiff;1;1;2480;3508;104811;451;1895;41;48;451;1895;492;1895;492;1943;451;1943;x8;AN;undefined;OTHER;OTHER
invoice-850.tiff;1;1;2480;3508;104812;503;1895;41;48;503;1895;544;1895;544;1943;503;1943;en;AA;undefined;OTHER;OTHER
invoice-850.tiff;1;1;2480;3508;104813;555;1895;94;48;555;1895;649;1895;649;1943;555;1943;verre;AAAAA;undefined;OTHER;OTHER
invoice-850.tiff;1;1;2480;3508;104814;660;1895;168;48;660;1895;828;1895;828;1943;660;1943;couvercle;AAAAAAAAA;undefined;OTHER;OTHER
invoice-850.tiff;1;1;2480;3508;104815;840;1895;106;48;840;1895;946;1895;946;1943;840;1943;farine;AAAAAA;undefined;OTHER;OTHER
invoice-850.tiff;1;1;2480;3508;104816;1218;1895;20;48;1218;1895;1238;1895;1238;1943;1218;1943;4;N;undefined;OTHER;OTHER
invoice-850.tiff;1;1;2480;3508;104817;1473;1895;93;48;1473;1895;1566;1895;1566;1943;1473;1943;11,08;NNSNN;undefined;OTHER;OTHER
invoice-850.tiff;1;1;2480;3508;104818;1755;1895;114;48;1755;1895;1869;1895;1869;1943;1755;1943;20.0%;NNSNS;undefined;OTHER;OTHER
invoice-850.tiff;1;1;2480;3508;104819;2057;1895;93;48;2057;1895;2150;1895;2150;1943;2057;1943;44,33;NNSNN;undefined;OTHER;OTHER
invoice-850.tiff;1;1;2480;3508;104820;197;1985;20;48;197;1985;217;1985;217;2033;197;2033;3;N;undefined;OTHER;OTHER
invoice-850.tiff;1;1;2480;3508;104821;291;1985;115;48;291;1985;406;1985;406;2033;291;2033;Coque;AAAAA;undefined;OTHER;OTHER
invoice-850.tiff;1;1;2480;3508;104822;417;1985;152;48;417;1985;569;1985;569;2033;417;2033;Tomtom;AAAAAA;undefined;OTHER;OTHER
invoice-850.tiff;1;1;2480;3508;104823;581;1985;115;48;581;1985;696;1985;696;2033;581;2033;Coque;AAAAA;undefined;OTHER;OTHER
invoice-850.tiff;1;1;2480;3508;104824;707;1985;182;48;707;1985;889;1985;889;2033;707;2033;protection;AAAAAAAAAA;undefined;OTHER;OTHER
invoice-850.tiff;1;1;2480;3508;104825;900;1985;131;48;900;1985;1031;1985;1031;2033;900;2033;silicone;AAAAAAAA;undefined;OTHER;OTHER
invoice-850.tiff;1;1;2480;3508;104828;1218;1985;20;48;1218;1985;1238;1985;1238;2033;1218;2033;2;N;undefined;OTHER;OTHER
invoice-850.tiff;1;1;2480;3508;104829;1473;1985;93;48;1473;1985;1566;1985;1566;2033;1473;2033;12,49;NNSNN;undefined;OTHER;OTHER
invoice-850.tiff;1;1;2480;3508;104830;1755;1985;114;48;1755;1985;1869;1985;1869;2033;1755;2033;20.0%;NNSNS;undefined;OTHER;OTHER
invoice-850.tiff;1;1;2480;3508;104831;2057;1985;93;48;2057;1985;2150;1985;2150;2033;2057;2033;24,98;NNSNN;undefined;OTHER;OTHER
invoice-850.tiff;1;1;2480;3508;104826;291;2033;106;48;291;2033;397;2033;397;2081;291;2081;Jaune;AAAAA;undefined;OTHER;OTHER
invoice-850.tiff;1;1;2480;3508;104827;408;2033;78;48;408;2033;486;2033;486;2081;408;2081;VIO;AAA;undefined;OTHER;OTHER
invoice-850.tiff;1;1;2480;3508;104832;197;2123;20;48;197;2123;217;2123;217;2171;197;2171;4;N;undefined;OTHER;OTHER
invoice-850.tiff;1;1;2480;3508;104833;291;2123;203;48;291;2123;494;2123;494;2171;291;2171;Ordinateur;AAAAAAAAAA;undefined;OTHER;OTHER
invoice-850.tiff;1;1;2480;3508;104834;505;2123;150;48;505;2123;655;2123;655;2171;505;2171;portable;AAAAAAAA;undefined;OTHER;OTHER
invoice-850.tiff;1;1;2480;3508;104835;666;2123;57;48;666;2123;723;2123;723;2171;666;2171;HP;AA;undefined;OTHER;OTHER
invoice-850.tiff;1;1;2480;3508;104836;734;2123;134;48;734;2123;868;2123;868;2171;734;2171;Spectre;AAAAAAA;undefined;OTHER;OTHER
invoice-850.tiff;1;1;2480;3508;104837;879;2123;175;48;879;2123;1054;2123;1054;2171;879;2171;13-v116nf;NNSANNNAA;undefined;OTHER;OTHER
invoice-850.tiff;1;1;2480;3508;104838;1218;2123;20;48;1218;2123;1238;2123;1238;2171;1218;2171;2;N;undefined;OTHER;OTHER
invoice-850.tiff;1;1;2480;3508;104839;1453;2123;135;48;1453;2123;1588;2123;1588;2171;1453;2171;1415,83;NNNNSNN;undefined;OTHER;OTHER
invoice-850.tiff;1;1;2480;3508;104840;1755;2123;114;48;1755;2123;1869;2123;1869;2171;1755;2171;20.0%;NNSNS;undefined;OTHER;OTHER
invoice-850.tiff;1;1;2480;3508;104841;2036;2123;135;48;2036;2123;2171;2123;2171;2171;2036;2171;2831,67;NNNNSNN;undefined;OTHER;OTHER
invoice-850.tiff;1;1;2480;3508;104842;197;2213;20;48;197;2213;217;2213;217;2261;197;2261;5;N;undefined;OTHER;OTHER
invoice-850.tiff;1;1;2480;3508;104843;291;2213;99;48;291;2213;390;2213;390;2261;291;2261;Tapis;AAAAA;undefined;OTHER;OTHER
invoice-850.tiff;1;1;2480;3508;104844;401;2213;41;48;401;2213;442;2213;442;2261;401;2261;de;AA;undefined;OTHER;OTHER
invoice-850.tiff;1;1;2480;3508;104845;453;2213;106;48;453;2213;559;2213;559;2261;453;2261;souris;AAAAAA;undefined;OTHER;OTHER
invoice-850.tiff;1;1;2480;3508;104846;570;2213;136;48;570;2213;706;2213;706;2261;570;2261;Corsair;AAAAAAA;undefined;OTHER;OTHER
invoice-850.tiff;1;1;2480;3508;104847;717;2213;141;48;717;2213;858;2213;858;2261;717;2261;MM800;AANNN;undefined;OTHER;OTHER
invoice-850.tiff;1;1;2480;3508;104848;869;2213;90;48;869;2213;959;2213;959;2261;869;2261;RGB;AAA;undefined;OTHER;OTHER
invoice-850.tiff;1;1;2480;3508;104850;1218;2213;20;48;1218;2213;1238;2213;1238;2261;1218;2261;4;N;undefined;OTHER;OTHER
invoice-850.tiff;1;1;2480;3508;104851;1473;2213;93;48;1473;2213;1566;2213;1566;2261;1473;2261;58,33;NNSNN;undefined;OTHER;OTHER
invoice-850.tiff;1;1;2480;3508;104852;1755;2213;114;48;1755;2213;1869;2213;1869;2261;1755;2261;20.0%;NNSNS;undefined;OTHER;OTHER
invoice-850.tiff;1;1;2480;3508;104853;2046;2213;114;48;2046;2213;2160;2213;2160;2261;2046;2261;233,30;NNNSNN;undefined;OTHER;OTHER
invoice-850.tiff;1;1;2480;3508;104849;291;2261;124;48;291;2261;415;2261;415;2309;291;2309;Polaris;AAAAAAA;undefined;OTHER;OTHER
invoice-850.tiff;1;1;2480;3508;104854;1931;2392;173;52;1931;2392;2104;2392;2104;2444;1931;2444;Discount;AAAAAAAA;undefined;OTHER;OTHER
invoice-850.tiff;1;1;2480;3508;104855;2125;2392;72;48;2125;2392;2197;2392;2197;2440;2125;2440;0,00;NSNN;undefined;OTHER;OTHER
invoice-850.tiff;1;1;2480;3508;104856;1916;2445;104;52;1916;2445;2020;2445;2020;2497;1916;2497;Total;AAAAA;undefined;OTHER;OTHER
invoice-850.tiff;1;1;2480;3508;104857;2062;2445;135;48;2062;2445;2197;2445;2197;2493;2062;2493;4131,78;NNNNSNN;TWTX;TOTAL_WITHOUT_TAX;TWTXS
invoice-850.tiff;1;1;2480;3508;104858;1852;2498;96;52;1852;2498;1948;2498;1948;2550;1852;2550;TVA;AAA;undefined;OTHER;OTHER
invoice-850.tiff;1;1;2480;3508;104859;1960;2498;91;52;1960;2498;2051;2498;2051;2550;1960;2550;Rate;AAAA;undefined;OTHER;OTHER
invoice-850.tiff;1;1;2480;3508;104860;2093;2498;114;48;2093;2498;2207;2498;2207;2546;2093;2546;20.0%;NNSNS;TXR;TAX_RATE;Tax Rate
invoice-850.tiff;1;1;2480;3508;104861;1793;2550;76;52;1793;2550;1869;2550;1869;2602;1793;2602;Tax;AAA;undefined;OTHER;OTHER
invoice-850.tiff;1;1;2480;3508;104862;1881;2550;160;52;1881;2550;2041;2550;2041;2602;1881;2602;Amount;AAAAAA;undefined;OTHER;OTHER
invoice-850.tiff;1;1;2480;3508;104863;2083;2550;114;48;2083;2550;2197;2550;2197;2598;2083;2598;826,36;NNNSNN;TTX;TOTAL_TAX;Total Tax
invoice-850.tiff;1;1;2480;3508;104864;1728;2603;160;52;1728;2603;1888;2603;1888;2655;1728;2655;Amount;AAAAAA;undefined;OTHER;OTHER
invoice-850.tiff;1;1;2480;3508;104865;1899;2603;38;52;1899;2603;1937;2603;1937;2655;1899;2655;to;AA;undefined;OTHER;OTHER
invoice-850.tiff;1;1;2480;3508;104866;1949;2603;71;52;1949;2603;2020;2603;2020;2655;1949;2655;pay;AAA;undefined;OTHER;OTHER
invoice-850.tiff;1;1;2480;3508;104867;2062;2603;135;48;2062;2603;2197;2603;2197;2651;2062;2651;4958,14;NNNNSNN;TA;TOTAL_AMOUNT;Total with TAX
invoice-850.tiff;1;1;2480;3508;104868;1033;3154;307;48;1033;3154;1340;3154;1340;3202;1033;3202;VIENNOISERIE;AAAAAAAAAAAA;SN;SUPPLIER_NAME;Seller/Company) name
invoice-850.tiff;1;1;2480;3508;104869;637;3202;41;45;637;3202;678;3202;678;3247;637;3247;15;NN;SA;SUPPLIER_ADDRESS;Seller Address
invoice-850.tiff;1;1;2480;3508;104870;689;3202;159;45;689;3202;848;3202;848;3247;689;3247;AVENUE;AAAAAA;SA;SUPPLIER_ADDRESS;Seller Address
invoice-850.tiff;1;1;2480;3508;104871;859;3202;162;45;859;3202;1021;3202;1021;3247;859;3247;HECTOR;AAAAAA;SA;SUPPLIER_ADDRESS;Seller Address
invoice-850.tiff;1;1;2480;3508;104872;1031;3202;30;45;1031;3202;1061;3202;1061;3247;1031;3247;D;A;SA;SUPPLIER_ADDRESS;Seller Address
invoice-850.tiff;1;1;2480;3508;104873;1072;3202;155;45;1072;3202;1227;3202;1227;3247;1072;3247;ESPOUY;AAAAAA;SA;SUPPLIER_ADDRESS;Seller Address
invoice-850.tiff;1;1;2480;3508;104874;1235;3202;10;45;1235;3202;1245;3202;1245;3247;1235;3247;,;S;SA;SUPPLIER_ADDRESS;Seller Address
invoice-850.tiff;1;1;2480;3508;104875;1256;3202;104;45;1256;3202;1360;3202;1360;3247;1256;3247;31220;NNNNN;SA;SUPPLIER_ADDRESS;Seller Address
invoice-850.tiff;1;1;2480;3508;104876;1369;3202;173;45;1369;3202;1542;3202;1542;3247;1369;3247;CAZERES;AAAAAAA;SA;SUPPLIER_ADDRESS;Seller Address
invoice-850.tiff;1;1;2480;3508;104877;1551;3202;10;45;1551;3202;1561;3202;1561;3247;1551;3247;,;S;SA;SUPPLIER_ADDRESS;Seller Address
invoice-850.tiff;1;1;2480;3508;104878;1571;3202;157;45;1571;3202;1728;3202;1728;3247;1571;3247;FRANCE;AAAAAA;SA;SUPPLIER_ADDRESS;Seller Address
