src;num_pages;page_id;page_width;page_height;id;col;row;width;height;x1;y1;x2;y2;x3;y3;x4;y4;contents;contents_masked;correctclass;tag;description
invoice-3095.tiff;1;1;2480;3508;380823;1541;62;534;175;1541;62;2075;62;2075;237;1541;237;common/logo;AAAAAASAAAA;img;IMAGE;Image
invoice-3095.tiff;1;1;2480;3508;380816;124;270;155;57;124;270;279;270;279;327;124;327;Invoice;AAAAAAA;undefined;OTHER;OTHER
invoice-3095.tiff;1;1;2480;3508;380817;293;270;55;57;293;270;348;270;348;327;293;327;ID;AA;undefined;OTHER;OTHER
invoice-3095.tiff;1;1;2480;3508;380818;411;270;160;50;411;270;571;270;571;320;411;320;0034101;NNNNNNN;IN;INVOICE_NUMBER;Invoice Number
invoice-3095.tiff;1;1;2480;3508;380819;124;349;99;57;124;349;223;349;223;406;124;406;Date;AAAA;undefined;OTHER;OTHER
invoice-3095.tiff;1;1;2480;3508;380820;287;349;48;50;287;349;335;349;335;399;287;399;jul;AAA;IDATE;INVOICE_DATE;Invoice Date
invoice-3095.tiff;1;1;2480;3508;380821;347;349;57;50;347;349;404;349;404;399;347;399;15,;NNS;IDATE;INVOICE_DATE;Invoice Date
invoice-3095.tiff;1;1;2480;3508;380822;416;349;91;50;416;349;507;349;507;399;416;399;1982;NNNN;IDATE;INVOICE_DATE;Invoice Date
invoice-3095.tiff;1;1;2480;3508;380824;1541;412;173;48;1541;412;1714;412;1714;460;1541;460;CENTRE;AAAAAA;SN;SUPPLIER_NAME;Seller/Company) name
invoice-3095.tiff;1;1;2480;3508;380825;1725;412;57;48;1725;412;1782;412;1782;460;1725;460;DE;AA;SN;SUPPLIER_NAME;Seller/Company) name
invoice-3095.tiff;1;1;2480;3508;380826;1793;412;171;48;1793;412;1964;412;1964;460;1793;460;BEAUTE;AAAAAA;SN;SUPPLIER_NAME;Seller/Company) name
invoice-3095.tiff;1;1;2480;3508;380827;1975;412;111;48;1975;412;2086;412;2086;460;1975;460;YVES;AAAA;SN;SUPPLIER_NAME;Seller/Company) name
invoice-3095.tiff;1;1;2480;3508;380828;2097;412;182;48;2097;412;2279;412;2279;460;2097;460;ROCHER;AAAAAA;SN;SUPPLIER_NAME;Seller/Company) name
invoice-3095.tiff;1;1;2480;3508;380829;1541;460;81;45;1541;460;1622;460;1622;505;1541;505;RUE;AAA;SA;SUPPLIER_ADDRESS;Seller Address
invoice-3095.tiff;1;1;2480;3508;380830;1633;460;240;45;1633;460;1873;460;1873;505;1633;505;ROMANETTE;AAAAAAAAA;SA;SUPPLIER_ADDRESS;Seller Address
invoice-3095.tiff;1;1;2480;3508;380831;1541;506;104;45;1541;506;1645;506;1645;551;1541;551;02000;NNNNN;SA;SUPPLIER_ADDRESS;Seller Address
invoice-3095.tiff;1;1;2480;3508;380832;1687;506;106;45;1687;506;1793;506;1793;551;1687;551;LAON;AAAA;SA;SUPPLIER_ADDRESS;Seller Address
invoice-3095.tiff;1;1;2480;3508;380833;1541;552;157;45;1541;552;1698;552;1698;597;1541;597;FRANCE;AAAAAA;SA;SUPPLIER_ADDRESS;Seller Address
invoice-3095.tiff;1;1;2480;3508;380834;1541;598;106;45;1541;598;1647;598;1647;643;1541;643;Phone;AAAAA;undefined;OTHER;OTHER
invoice-3095.tiff;1;1;2480;3508;380835;1710;598;263;45;1710;598;1973;598;1973;643;1710;643;02-09-96-46-02;NNSNNSNNSNNSNN;SCN;SUPPLIER_CONTACT_NUMBER;Seller Contact Number
invoice-3095.tiff;1;1;2480;3508;380836;1541;643;64;45;1541;643;1605;643;1605;688;1541;688;Fax;AAA;undefined;OTHER;OTHER
invoice-3095.tiff;1;1;2480;3508;380837;1668;643;263;45;1668;643;1931;643;1931;688;1668;688;02-09-96-06-49;NNSNNSNNSNNSNN;SFAX;SUPPLIER_FAX_NUMBER;Seller Fax Number
invoice-3095.tiff;1;1;2480;3508;380841;1541;1016;141;57;1541;1016;1682;1016;1682;1073;1541;1073;Billing;AAAAAAA;undefined;OTHER;OTHER
invoice-3095.tiff;1;1;2480;3508;380842;1695;1016;175;57;1695;1016;1870;1016;1870;1073;1695;1073;Address;AAAAAAA;undefined;OTHER;OTHER
invoice-3095.tiff;1;1;2480;3508;380843;1541;1073;122;48;1541;1073;1663;1073;1663;1121;1541;1121;Eunice;AAAAAA;BN;BILLING_NAME;Billing Name
invoice-3095.tiff;1;1;2480;3508;380844;1674;1073;69;48;1674;1073;1743;1073;1743;1121;1674;1121;Toy;AAA;BN;BILLING_NAME;Billing Name
invoice-3095.tiff;1;1;2480;3508;380845;1541;1121;31;45;1541;1121;1572;1121;1572;1166;1541;1166;7,;NS;BA;BILLING_ADDRESS;Billing Address
invoice-3095.tiff;1;1;2480;3508;380846;1583;1121;87;45;1583;1121;1670;1121;1670;1166;1583;1166;route;AAAAA;BA;BILLING_ADDRESS;Billing Address
invoice-3095.tiff;1;1;2480;3508;380847;1681;1121;39;45;1681;1121;1720;1121;1720;1166;1681;1166;de;AA;BA;BILLING_ADDRESS;Billing Address
invoice-3095.tiff;1;1;2480;3508;380848;1731;1121;270;45;1731;1121;2001;1121;2001;1166;1731;1166;sainte-catherine;AAAAAASAAAAAAAAA;BA;BILLING_ADDRESS;Billing Address
invoice-3095.tiff;1;1;2480;3508;380849;1541;1167;104;45;1541;1167;1645;1167;1645;1212;1541;1212;63580;NNNNN;BA;BILLING_ADDRESS;Billing Address
invoice-3095.tiff;1;1;2480;3508;380850;1687;1167;312;45;1687;1167;1999;1167;1999;1212;1687;1212;Vernet-la-Varenne;AAAAAASAASAAAAAAA;BA;BILLING_ADDRESS;Billing Address
invoice-3095.tiff;1;1;2480;3508;380851;1541;1213;120;45;1541;1213;1661;1213;1661;1258;1541;1258;France;AAAAAA;BA;BILLING_ADDRESS;Billing Address
invoice-3095.tiff;1;1;2480;3508;380838;124;1243;119;52;124;1243;243;1243;243;1295;124;1295;Client;AAAAAA;undefined;OTHER;OTHER
invoice-3095.tiff;1;1;2480;3508;380839;256;1243;50;52;256;1243;306;1243;306;1295;256;1295;ID;AA;undefined;OTHER;OTHER
invoice-3095.tiff;1;1;2480;3508;380840;750;1243;124;46;750;1243;874;1243;874;1289;750;1289;009693;NNNNNN;CNUM;CLIENT_NUMBER;Client Number
invoice-3095.tiff;1;1;2480;3508;380852;1541;1301;191;57;1541;1301;1732;1301;1732;1358;1541;1358;Shipping;AAAAAAAA;undefined;OTHER;OTHER
invoice-3095.tiff;1;1;2480;3508;380853;1745;1301;175;57;1745;1301;1920;1301;1920;1358;1745;1358;Address;AAAAAAA;undefined;OTHER;OTHER
invoice-3095.tiff;1;1;2480;3508;380854;1541;1358;122;48;1541;1358;1663;1358;1663;1406;1541;1406;Eunice;AAAAAA;SHN;SHIPPING_NAME;Shipping Name
invoice-3095.tiff;1;1;2480;3508;380855;1674;1358;69;48;1674;1358;1743;1358;1743;1406;1674;1406;Toy;AAA;SHN;SHIPPING_NAME;Shipping Name
invoice-3095.tiff;1;1;2480;3508;380856;1541;1406;31;45;1541;1406;1572;1406;1572;1451;1541;1451;7,;NS;SHA;SHIPPING_ADDRESS;Shipping Address
invoice-3095.tiff;1;1;2480;3508;380857;1583;1406;87;45;1583;1406;1670;1406;1670;1451;1583;1451;route;AAAAA;SHA;SHIPPING_ADDRESS;Shipping Address
invoice-3095.tiff;1;1;2480;3508;380858;1681;1406;39;45;1681;1406;1720;1406;1720;1451;1681;1451;de;AA;SHA;SHIPPING_ADDRESS;Shipping Address
invoice-3095.tiff;1;1;2480;3508;380859;1731;1406;270;45;1731;1406;2001;1406;2001;1451;1731;1451;sainte-catherine;AAAAAASAAAAAAAAA;SHA;SHIPPING_ADDRESS;Shipping Address
invoice-3095.tiff;1;1;2480;3508;380860;1541;1452;104;45;1541;1452;1645;1452;1645;1497;1541;1497;63580;NNNNN;SHA;SHIPPING_ADDRESS;Shipping Address
invoice-3095.tiff;1;1;2480;3508;380861;1687;1452;312;45;1687;1452;1999;1452;1999;1497;1687;1497;Vernet-la-Varenne;AAAAAASAASAAAAAAA;SHA;SHIPPING_ADDRESS;Shipping Address
invoice-3095.tiff;1;1;2480;3508;380862;1541;1498;120;45;1541;1498;1661;1498;1661;1543;1541;1543;France;AAAAAA;SHA;SHIPPING_ADDRESS;Shipping Address
invoice-3095.tiff;1;1;2480;3508;380863;156;1821;104;52;156;1821;260;1821;260;1873;156;1873;S.No.;ASAAS;undefined;OTHER;OTHER
invoice-3095.tiff;1;1;2480;3508;380864;489;1821;157;52;489;1821;646;1821;646;1873;489;1873;Product;AAAAAAA;undefined;OTHER;OTHER
invoice-3095.tiff;1;1;2480;3508;380865;658;1821;226;52;658;1821;884;1821;884;1873;658;1873;Description;AAAAAAAAAAA;undefined;OTHER;OTHER
invoice-3095.tiff;1;1;2480;3508;380866;1141;1821;175;52;1141;1821;1316;1821;1316;1873;1141;1873;Quantity;AAAAAAAA;undefined;OTHER;OTHER
invoice-3095.tiff;1;1;2480;3508;380867;1420;1821;86;52;1420;1821;1506;1821;1506;1873;1420;1873;Unit;AAAA;undefined;OTHER;OTHER
invoice-3095.tiff;1;1;2480;3508;380868;1518;1821;101;52;1518;1821;1619;1821;1619;1873;1518;1873;Price;AAAAA;undefined;OTHER;OTHER
invoice-3095.tiff;1;1;2480;3508;380869;1712;1821;96;52;1712;1821;1808;1821;1808;1873;1712;1873;TVA;AAA;undefined;OTHER;OTHER
invoice-3095.tiff;1;1;2480;3508;380870;1820;1821;91;52;1820;1821;1911;1821;1911;1873;1820;1873;Rate;AAAA;undefined;OTHER;OTHER
invoice-3095.tiff;1;1;2480;3508;380871;2051;1821;104;52;2051;1821;2155;1821;2155;1873;2051;1873;Total;AAAAA;undefined;OTHER;OTHER
invoice-3095.tiff;1;1;2480;3508;380872;197;1895;20;48;197;1895;217;1895;217;1943;197;1943;1;N;undefined;OTHER;OTHER
invoice-3095.tiff;1;1;2480;3508;380873;291;1895;122;48;291;1895;413;1895;413;1943;291;1943;Disque;AAAAAA;undefined;OTHER;OTHER
invoice-3095.tiff;1;1;2480;3508;380874;424;1895;64;48;424;1895;488;1895;488;1943;424;1943;dur;AAA;undefined;OTHER;OTHER
invoice-3095.tiff;1;1;2480;3508;380875;500;1895;127;48;500;1895;627;1895;627;1943;500;1943;interne;AAAAAAA;undefined;OTHER;OTHER
invoice-3095.tiff;1;1;2480;3508;380876;637;1895;180;48;637;1895;817;1895;817;1943;637;1943;Essentielb;AAAAAAAAAA;undefined;OTHER;OTHER
invoice-3095.tiff;1;1;2480;3508;380877;828;1895;53;48;828;1895;881;1895;881;1943;828;1943;Int;AAA;undefined;OTHER;OTHER
invoice-3095.tiff;1;1;2480;3508;380878;892;1895;75;48;892;1895;967;1895;967;1943;892;1943;2.5'';NSNSS;undefined;OTHER;OTHER
invoice-3095.tiff;1;1;2480;3508;380880;1218;1895;20;48;1218;1895;1238;1895;1238;1943;1218;1943;2;N;undefined;OTHER;OTHER
invoice-3095.tiff;1;1;2480;3508;380881;1458;1895;93;48;1458;1895;1551;1895;1551;1943;1458;1943;41,66;NNSNN;undefined;OTHER;OTHER
invoice-3095.tiff;1;1;2480;3508;380882;1562;1895;20;48;1562;1895;1582;1895;1582;1943;1562;1943;$;S;undefined;OTHER;OTHER
invoice-3095.tiff;1;1;2480;3508;380883;1755;1895;114;48;1755;1895;1869;1895;1869;1943;1755;1943;20.0%;NNSNS;undefined;OTHER;OTHER
invoice-3095.tiff;1;1;2480;3508;380884;2041;1895;93;48;2041;1895;2134;1895;2134;1943;2041;1943;83,32;NNSNN;undefined;OTHER;OTHER
invoice-3095.tiff;1;1;2480;3508;380885;2145;1895;20;48;2145;1895;2165;1895;2165;1943;2145;1943;$;S;undefined;OTHER;OTHER
invoice-3095.tiff;1;1;2480;3508;380879;291;1943;115;48;291;1943;406;1943;406;1991;291;1991;500Go;NNNAA;undefined;OTHER;OTHER
invoice-3095.tiff;1;1;2480;3508;380886;197;2033;20;48;197;2033;217;2033;217;2081;197;2081;2;N;undefined;OTHER;OTHER
invoice-3095.tiff;1;1;2480;3508;380887;291;2033;118;48;291;2033;409;2033;409;2081;291;2081;Rasoir;AAAAAA;undefined;OTHER;OTHER
invoice-3095.tiff;1;1;2480;3508;380888;420;2033;175;48;420;2033;595;2033;595;2081;420;2081;Ã©lectrique;AAAAAAAAAA;undefined;OTHER;OTHER
invoice-3095.tiff;1;1;2480;3508;380889;606;2033;196;48;606;2033;802;2033;802;2081;606;2081;Remington;AAAAAAAAA;undefined;OTHER;OTHER
invoice-3095.tiff;1;1;2480;3508;380890;813;2033;143;48;813;2033;956;2033;956;2081;813;2081;XR1390;AANNNN;undefined;OTHER;OTHER
invoice-3095.tiff;1;1;2480;3508;380891;1218;2033;20;48;1218;2033;1238;2033;1238;2081;1218;2081;3;N;undefined;OTHER;OTHER
invoice-3095.tiff;1;1;2480;3508;380892;1447;2033;114;48;1447;2033;1561;2033;1561;2081;1447;2081;116,66;NNNSNN;undefined;OTHER;OTHER
invoice-3095.tiff;1;1;2480;3508;380893;1572;2033;20;48;1572;2033;1592;2033;1592;2081;1572;2081;$;S;undefined;OTHER;OTHER
invoice-3095.tiff;1;1;2480;3508;380894;1755;2033;114;48;1755;2033;1869;2033;1869;2081;1755;2081;20.0%;NNSNS;undefined;OTHER;OTHER
invoice-3095.tiff;1;1;2480;3508;380895;2031;2033;114;48;2031;2033;2145;2033;2145;2081;2031;2081;349,97;NNNSNN;undefined;OTHER;OTHER
invoice-3095.tiff;1;1;2480;3508;380896;2156;2033;20;48;2156;2033;2176;2033;2176;2081;2156;2081;$;S;undefined;OTHER;OTHER
invoice-3095.tiff;1;1;2480;3508;380897;197;2123;20;48;197;2123;217;2123;217;2171;197;2171;3;N;undefined;OTHER;OTHER
invoice-3095.tiff;1;1;2480;3508;380898;291;2123;60;48;291;2123;351;2123;351;2171;291;2171;ClÃ©;AAA;undefined;OTHER;OTHER
invoice-3095.tiff;1;1;2480;3508;380899;362;2123;92;48;362;2123;454;2123;454;2171;362;2171;OTG;AAA;undefined;OTHER;OTHER
invoice-3095.tiff;1;1;2480;3508;380900;465;2123;85;48;465;2123;550;2123;550;2171;465;2171;pour;AAAA;undefined;OTHER;OTHER
invoice-3095.tiff;1;1;2480;3508;380901;561;2123;104;48;561;2123;665;2123;665;2171;561;2171;micro;AAAAA;undefined;OTHER;OTHER
invoice-3095.tiff;1;1;2480;3508;380902;675;2123;81;48;675;2123;756;2123;756;2171;675;2171;USB;AAA;undefined;OTHER;OTHER
invoice-3095.tiff;1;1;2480;3508;380903;767;2123;141;48;767;2123;908;2123;908;2171;767;2171;Sandisk;AAAAAAA;undefined;OTHER;OTHER
invoice-3095.tiff;1;1;2480;3508;380904;919;2123;145;48;919;2123;1064;2123;1064;2171;919;2171;ULTRA;AAAAA;undefined;OTHER;OTHER
invoice-3095.tiff;1;1;2480;3508;380911;1218;2123;20;48;1218;2123;1238;2123;1238;2171;1218;2171;4;N;undefined;OTHER;OTHER
invoice-3095.tiff;1;1;2480;3508;380912;1458;2123;93;48;1458;2123;1551;2123;1551;2171;1458;2171;12,49;NNSNN;undefined;OTHER;OTHER
invoice-3095.tiff;1;1;2480;3508;380913;1562;2123;20;48;1562;2123;1582;2123;1582;2171;1562;2171;$;S;undefined;OTHER;OTHER
invoice-3095.tiff;1;1;2480;3508;380914;1755;2123;114;48;1755;2123;1869;2123;1869;2171;1755;2171;20.0%;NNSNS;undefined;OTHER;OTHER
invoice-3095.tiff;1;1;2480;3508;380915;2041;2123;93;48;2041;2123;2134;2123;2134;2171;2041;2171;49,97;NNSNN;undefined;OTHER;OTHER
invoice-3095.tiff;1;1;2480;3508;380916;2145;2123;20;48;2145;2123;2165;2123;2165;2171;2145;2171;$;S;undefined;OTHER;OTHER
invoice-3095.tiff;1;1;2480;3508;380905;291;2171;118;48;291;2171;409;2171;409;2219;291;2219;DUAL;AAAA;undefined;OTHER;OTHER
invoice-3095.tiff;1;1;2480;3508;380906;420;2171;134;48;420;2171;554;2171;554;2219;420;2219;DRIVE;AAAAA;undefined;OTHER;OTHER
invoice-3095.tiff;1;1;2480;3508;380907;564;2171;108;48;564;2171;672;2171;672;2219;564;2219;Micro;AAAAA;undefined;OTHER;OTHER
invoice-3095.tiff;1;1;2480;3508;380908;683;2171;81;48;683;2171;764;2171;764;2219;683;2219;USB;AAA;undefined;OTHER;OTHER
invoice-3095.tiff;1;1;2480;3508;380909;775;2171;101;48;775;2171;876;2171;876;2219;775;2219;16GB;NNAA;undefined;OTHER;OTHER
invoice-3095.tiff;1;1;2480;3508;380910;887;2171;108;48;887;2171;995;2171;995;2219;887;2219;NOIR;AAAA;undefined;OTHER;OTHER
invoice-3095.tiff;1;1;2480;3508;380917;1978;2302;104;51;1978;2302;2082;2302;2082;2353;1978;2353;DISC;AAAA;undefined;OTHER;OTHER
invoice-3095.tiff;1;1;2480;3508;380918;2104;2302;72;46;2104;2302;2176;2302;2176;2348;2104;2348;0,00;NSNN;undefined;OTHER;OTHER
invoice-3095.tiff;1;1;2480;3508;380919;2187;2302;20;46;2187;2302;2207;2302;2207;2348;2187;2348;$;S;undefined;OTHER;OTHER
invoice-3095.tiff;1;1;2480;3508;380920;1924;2353;96;51;1924;2353;2020;2353;2020;2404;1924;2404;Total;AAAAA;undefined;OTHER;OTHER
invoice-3095.tiff;1;1;2480;3508;380921;2062;2353;114;46;2062;2353;2176;2353;2176;2399;2062;2399;483,26;NNNSNN;TWTX;TOTAL_WITHOUT_TAX;TWTXS
invoice-3095.tiff;1;1;2480;3508;380922;2187;2353;20;46;2187;2353;2207;2353;2207;2399;2187;2399;$;S;TWTX;TOTAL_WITHOUT_TAX;TWTXS
invoice-3095.tiff;1;1;2480;3508;380923;1869;2404;94;51;1869;2404;1963;2404;1963;2455;1869;2455;TVA;AAA;undefined;OTHER;OTHER
invoice-3095.tiff;1;1;2480;3508;380924;1975;2404;84;51;1975;2404;2059;2404;2059;2455;1975;2455;Rate;AAAA;undefined;OTHER;OTHER
invoice-3095.tiff;1;1;2480;3508;380925;2100;2404;107;46;2100;2404;2207;2404;2207;2450;2100;2450;20.0%;NNSNS;TXR;TAX_RATE;Tax Rate
invoice-3095.tiff;1;1;2480;3508;380926;1808;2455;71;51;1808;2455;1879;2455;1879;2506;1808;2506;Tax;AAA;undefined;OTHER;OTHER
invoice-3095.tiff;1;1;2480;3508;380927;1891;2455;150;51;1891;2455;2041;2455;2041;2506;1891;2506;Amount;AAAAAA;undefined;OTHER;OTHER
invoice-3095.tiff;1;1;2480;3508;380928;2083;2455;93;46;2083;2455;2176;2455;2176;2501;2083;2501;96,65;NNSNN;TTX;TOTAL_TAX;Total Tax
invoice-3095.tiff;1;1;2480;3508;380929;2187;2455;20;46;2187;2455;2207;2455;2207;2501;2187;2501;$;S;TTX;TOTAL_TAX;Total Tax
invoice-3095.tiff;1;1;2480;3508;380930;1745;2507;150;51;1745;2507;1895;2507;1895;2558;1745;2558;Amount;AAAAAA;undefined;OTHER;OTHER
invoice-3095.tiff;1;1;2480;3508;380931;1907;2507;35;51;1907;2507;1942;2507;1942;2558;1907;2558;to;AA;undefined;OTHER;OTHER
invoice-3095.tiff;1;1;2480;3508;380932;1954;2507;66;51;1954;2507;2020;2507;2020;2558;1954;2558;pay;AAA;undefined;OTHER;OTHER
invoice-3095.tiff;1;1;2480;3508;380933;2062;2507;114;46;2062;2507;2176;2507;2176;2553;2062;2553;579,91;NNNSNN;TA;TOTAL_AMOUNT;Total with TAX
invoice-3095.tiff;1;1;2480;3508;380934;2187;2507;20;46;2187;2507;2207;2507;2207;2553;2187;2553;$;S;TA;TOTAL_AMOUNT;Total with TAX
invoice-3095.tiff;1;1;2480;3508;380935;818;3154;173;48;818;3154;991;3154;991;3202;818;3202;CENTRE;AAAAAA;SN;SUPPLIER_NAME;Seller/Company) name
invoice-3095.tiff;1;1;2480;3508;380936;1002;3154;57;48;1002;3154;1059;3154;1059;3202;1002;3202;DE;AA;SN;SUPPLIER_NAME;Seller/Company) name
invoice-3095.tiff;1;1;2480;3508;380937;1070;3154;171;48;1070;3154;1241;3154;1241;3202;1070;3202;BEAUTE;AAAAAA;SN;SUPPLIER_NAME;Seller/Company) name
invoice-3095.tiff;1;1;2480;3508;380938;1252;3154;111;48;1252;3154;1363;3154;1363;3202;1252;3202;YVES;AAAA;SN;SUPPLIER_NAME;Seller/Company) name
invoice-3095.tiff;1;1;2480;3508;380939;1373;3154;182;48;1373;3154;1555;3154;1555;3202;1373;3202;ROCHER;AAAAAA;SN;SUPPLIER_NAME;Seller/Company) name
invoice-3095.tiff;1;1;2480;3508;380940;820;3202;81;45;820;3202;901;3202;901;3247;820;3247;RUE;AAA;SA;SUPPLIER_ADDRESS;Seller Address
invoice-3095.tiff;1;1;2480;3508;380941;912;3202;240;45;912;3202;1152;3202;1152;3247;912;3247;ROMANETTE;AAAAAAAAA;SA;SUPPLIER_ADDRESS;Seller Address
invoice-3095.tiff;1;1;2480;3508;380942;1161;3202;104;45;1161;3202;1265;3202;1265;3247;1161;3247;02000;NNNNN;SA;SUPPLIER_ADDRESS;Seller Address
invoice-3095.tiff;1;1;2480;3508;380943;1273;3202;106;45;1273;3202;1379;3202;1379;3247;1273;3247;LAON;AAAA;SA;SUPPLIER_ADDRESS;Seller Address
invoice-3095.tiff;1;1;2480;3508;380944;1388;3202;157;45;1388;3202;1545;3202;1545;3247;1388;3247;FRANCE;AAAAAA;SA;SUPPLIER_ADDRESS;Seller Address
