src;num_pages;page_id;page_width;page_height;id;col;row;width;height;x1;y1;x2;y2;x3;y3;x4;y4;contents;contents_masked;correctclass;tag;description
invoice-2001.tiff;1;1;2480;3508;245782;124;62;175;175;124;62;299;62;299;237;124;237;common/logo;AAAAAASAAAA;img;IMAGE;Image
invoice-2001.tiff;1;1;2480;3508;245798;1541;270;56;57;1541;270;1597;270;1597;327;1541;327;N°;AS;undefined;OTHER;OTHER
invoice-2001.tiff;1;1;2480;3508;245799;1610;270;50;57;1610;270;1660;270;1660;327;1610;327;de;AA;undefined;OTHER;OTHER
invoice-2001.tiff;1;1;2480;3508;245800;1672;270;152;57;1672;270;1824;270;1824;327;1672;327;facture;AAAAAAA;undefined;OTHER;OTHER
invoice-2001.tiff;1;1;2480;3508;245801;1887;270;333;50;1887;270;2220;270;2220;320;1887;320;CK-XI-122563-51;AASAASNNNNNNSNN;IN;INVOICE_NUMBER;Invoice Number
invoice-2001.tiff;1;1;2480;3508;245802;1541;349;63;57;1541;349;1604;349;1604;406;1541;406;Du;AA;undefined;OTHER;OTHER
invoice-2001.tiff;1;1;2480;3508;245803;1668;349;162;50;1668;349;1830;349;1830;399;1668;399;07/05/11;NNSNNSNN;IDATE;INVOICE_DATE;Invoice Date
invoice-2001.tiff;1;1;2480;3508;245783;124;412;60;48;124;412;184;412;184;460;124;460;UN;AA;SN;SUPPLIER_NAME;Seller/Company) name
invoice-2001.tiff;1;1;2480;3508;245784;195;412;113;48;195;412;308;412;308;460;195;460;JOUR;AAAA;SN;SUPPLIER_NAME;Seller/Company) name
invoice-2001.tiff;1;1;2480;3508;245785;319;412;212;48;319;412;531;412;531;460;319;460;AILLEURS;AAAAAAAA;SN;SUPPLIER_NAME;Seller/Company) name
invoice-2001.tiff;1;1;2480;3508;245786;124;460;48;45;124;460;172;460;172;505;124;505;LE;AA;SA;SUPPLIER_ADDRESS;Seller Address
invoice-2001.tiff;1;1;2480;3508;245787;184;460;217;45;184;460;401;460;401;505;184;505;PEROLLIER;AAAAAAAAA;SA;SUPPLIER_ADDRESS;Seller Address
invoice-2001.tiff;1;1;2480;3508;245788;409;460;104;45;409;460;513;460;513;505;409;505;69130;NNNNN;SA;SUPPLIER_ADDRESS;Seller Address
invoice-2001.tiff;1;1;2480;3508;245789;522;460;152;45;522;460;674;460;674;505;522;505;ECULLY;AAAAAA;SA;SUPPLIER_ADDRESS;Seller Address
invoice-2001.tiff;1;1;2480;3508;245790;124;506;134;45;124;506;258;506;258;551;124;551;Numéro;AAAAAA;undefined;OTHER;OTHER
invoice-2001.tiff;1;1;2480;3508;245791;269;506;39;45;269;506;308;506;308;551;269;551;de;AA;undefined;OTHER;OTHER
invoice-2001.tiff;1;1;2480;3508;245792;319;506;53;45;319;506;372;506;372;551;319;551;Tel;AAA;undefined;OTHER;OTHER
invoice-2001.tiff;1;1;2480;3508;245793;397;506;249;45;397;506;646;506;646;551;397;551;07.00.67.35.36;NNSNNSNNSNNSNN;SCN;SUPPLIER_CONTACT_NUMBER;Seller Contact Number
invoice-2001.tiff;1;1;2480;3508;245794;689;506;134;45;689;506;823;506;823;551;689;551;Numéro;AAAAAA;undefined;OTHER;OTHER
invoice-2001.tiff;1;1;2480;3508;245795;834;506;39;45;834;506;873;506;873;551;834;551;de;AA;undefined;OTHER;OTHER
invoice-2001.tiff;1;1;2480;3508;245796;883;506;64;45;883;506;947;506;947;551;883;551;Fax;AAA;undefined;OTHER;OTHER
invoice-2001.tiff;1;1;2480;3508;245797;973;506;249;45;973;506;1222;506;1222;551;973;551;07.00.67.01.32;NNSNNSNNSNNSNN;SFAX;SUPPLIER_FAX_NUMBER;Seller Fax Number
invoice-2001.tiff;1;1;2480;3508;245816;1541;878;169;57;1541;878;1710;878;1710;935;1541;935;Adresse;AAAAAAA;undefined;OTHER;OTHER
invoice-2001.tiff;1;1;2480;3508;245817;1723;878;252;57;1723;878;1975;878;1975;935;1723;935;Facturation;AAAAAAAAAAA;undefined;OTHER;OTHER
invoice-2001.tiff;1;1;2480;3508;245818;1541;936;124;48;1541;936;1665;936;1665;984;1541;984;Mathis;AAAAAA;BN;BILLING_NAME;Billing Name
invoice-2001.tiff;1;1;2480;3508;245819;1677;936;143;48;1677;936;1820;936;1820;984;1677;984;Mercier;AAAAAAA;BN;BILLING_NAME;Billing Name
invoice-2001.tiff;1;1;2480;3508;245820;1541;984;93;45;1541;984;1634;984;1634;1029;1541;1029;9013,;NNNNS;BA;BILLING_ADDRESS;Billing Address
invoice-2001.tiff;1;1;2480;3508;245821;1645;984;117;45;1645;984;1762;984;1762;1029;1645;1029;avenue;AAAAAA;BA;BILLING_ADDRESS;Billing Address
invoice-2001.tiff;1;1;2480;3508;245822;1774;984;111;45;1774;984;1885;984;1885;1029;1774;1029;dupuis;AAAAAA;BA;BILLING_ADDRESS;Billing Address
invoice-2001.tiff;1;1;2480;3508;245823;1541;1030;104;45;1541;1030;1645;1030;1645;1075;1541;1075;02800;NNNNN;BA;BILLING_ADDRESS;Billing Address
invoice-2001.tiff;1;1;2480;3508;245824;1687;1030;44;45;1687;1030;1731;1030;1731;1075;1687;1075;La;AA;BA;BILLING_ADDRESS;Billing Address
invoice-2001.tiff;1;1;2480;3508;245825;1741;1030;78;45;1741;1030;1819;1030;1819;1075;1741;1075;Fère;AAAA;BA;BILLING_ADDRESS;Billing Address
invoice-2001.tiff;1;1;2480;3508;245804;124;1032;51;52;124;1032;175;1032;175;1084;124;1084;N°;AS;undefined;OTHER;OTHER
invoice-2001.tiff;1;1;2480;3508;245805;187;1032;45;52;187;1032;232;1032;232;1084;187;1084;de;AA;undefined;OTHER;OTHER
invoice-2001.tiff;1;1;2480;3508;245806;245;1032;106;52;245;1032;351;1032;351;1084;245;1084;client;AAAAAA;undefined;OTHER;OTHER
invoice-2001.tiff;1;1;2480;3508;245807;750;1032;231;46;750;1032;981;1032;981;1078;750;1078;BI-IU-408-50;AASAASNNNSNN;CNUM;CLIENT_NUMBER;Client Number
invoice-2001.tiff;1;1;2480;3508;245826;1541;1076;120;45;1541;1076;1661;1076;1661;1121;1541;1121;France;AAAAAA;BA;BILLING_ADDRESS;Billing Address
invoice-2001.tiff;1;1;2480;3508;245808;124;1105;51;52;124;1105;175;1105;175;1157;124;1157;N°;AS;undefined;OTHER;OTHER
invoice-2001.tiff;1;1;2480;3508;245809;187;1105;45;52;187;1105;232;1105;232;1157;187;1157;de;AA;undefined;OTHER;OTHER
invoice-2001.tiff;1;1;2480;3508;245810;245;1105;213;52;245;1105;458;1105;458;1157;245;1157;commande;AAAAAAAA;undefined;OTHER;OTHER
invoice-2001.tiff;1;1;2480;3508;245811;750;1105;155;46;750;1105;905;1105;905;1151;750;1151;BI-G-0-3;AASASNSN;ONUM;ORDER_NUMBER;Order Number
invoice-2001.tiff;1;1;2480;3508;245827;1541;1163;169;57;1541;1163;1710;1163;1710;1220;1541;1220;Adresse;AAAAAAA;undefined;OTHER;OTHER
invoice-2001.tiff;1;1;2480;3508;245828;1723;1163;205;57;1723;1163;1928;1163;1928;1220;1723;1220;Livraison;AAAAAAAAA;undefined;OTHER;OTHER
invoice-2001.tiff;1;1;2480;3508;245812;124;1179;112;52;124;1179;236;1179;236;1231;124;1231;Mode;AAAA;undefined;OTHER;OTHER
invoice-2001.tiff;1;1;2480;3508;245813;248;1179;45;52;248;1179;293;1179;293;1231;248;1231;de;AA;undefined;OTHER;OTHER
invoice-2001.tiff;1;1;2480;3508;245814;305;1179;195;52;305;1179;500;1179;500;1231;305;1231;règlement;AAAAAAAAA;undefined;OTHER;OTHER
invoice-2001.tiff;1;1;2480;3508;245815;750;1179;157;46;750;1179;907;1179;907;1225;750;1225;Virement;AAAAAAAA;PMODE;PAYMENT_MODE;Payment Mode
invoice-2001.tiff;1;1;2480;3508;245829;1541;1221;124;48;1541;1221;1665;1221;1665;1269;1541;1269;Mathis;AAAAAA;SHN;SHIPPING_NAME;Shipping Name
invoice-2001.tiff;1;1;2480;3508;245830;1677;1221;143;48;1677;1221;1820;1221;1820;1269;1677;1269;Mercier;AAAAAAA;SHN;SHIPPING_NAME;Shipping Name
invoice-2001.tiff;1;1;2480;3508;245831;1541;1269;31;45;1541;1269;1572;1269;1572;1314;1541;1314;8,;NS;SHA;SHIPPING_ADDRESS;Shipping Address
invoice-2001.tiff;1;1;2480;3508;245832;1583;1269;55;45;1583;1269;1638;1269;1638;1314;1583;1314;rue;AAA;SHA;SHIPPING_ADDRESS;Shipping Address
invoice-2001.tiff;1;1;2480;3508;245833;1649;1269;39;45;1649;1269;1688;1269;1688;1314;1649;1314;de;AA;SHA;SHIPPING_ADDRESS;Shipping Address
invoice-2001.tiff;1;1;2480;3508;245834;1699;1269;103;45;1699;1269;1802;1269;1802;1314;1699;1314;l'hôtel;ASAAAAA;SHA;SHIPPING_ADDRESS;Shipping Address
invoice-2001.tiff;1;1;2480;3508;245835;1813;1269;39;45;1813;1269;1852;1269;1852;1314;1813;1314;de;AA;SHA;SHIPPING_ADDRESS;Shipping Address
invoice-2001.tiff;1;1;2480;3508;245836;1863;1269;71;45;1863;1269;1934;1269;1934;1314;1863;1314;ville;AAAAA;SHA;SHIPPING_ADDRESS;Shipping Address
invoice-2001.tiff;1;1;2480;3508;245837;1541;1315;104;45;1541;1315;1645;1315;1645;1360;1541;1360;59620;NNNNN;SHA;SHIPPING_ADDRESS;Shipping Address
invoice-2001.tiff;1;1;2480;3508;245838;1687;1315;305;45;1687;1315;1992;1315;1992;1360;1687;1360;Aulnoye-Aymeries;AAAAAAASAAAAAAAA;SHA;SHIPPING_ADDRESS;Shipping Address
invoice-2001.tiff;1;1;2480;3508;245839;1541;1360;120;45;1541;1360;1661;1360;1661;1405;1541;1405;France;AAAAAA;SHA;SHIPPING_ADDRESS;Shipping Address
invoice-2001.tiff;1;1;2480;3508;245840;161;1684;92;52;161;1684;253;1684;253;1736;161;1736;Non.;AAAS;undefined;OTHER;OTHER
invoice-2001.tiff;1;1;2480;3508;245841;571;1684;231;52;571;1684;802;1684;802;1736;571;1736;Désignation;AAAAAAAAAAA;undefined;OTHER;OTHER
invoice-2001.tiff;1;1;2480;3508;245842;1193;1684;71;52;1193;1684;1264;1684;1264;1736;1193;1736;Qté;AAA;undefined;OTHER;OTHER
invoice-2001.tiff;1;1;2480;3508;245843;1490;1684;61;52;1490;1684;1551;1684;1551;1736;1490;1736;UP;AA;undefined;OTHER;OTHER
invoice-2001.tiff;1;1;2480;3508;245844;1764;1684;96;52;1764;1684;1860;1684;1860;1736;1764;1736;TVA;AAA;undefined;OTHER;OTHER
invoice-2001.tiff;1;1;2480;3508;245845;1968;1684;170;52;1968;1684;2138;1684;2138;1736;1968;1736;Montant;AAAAAAA;undefined;OTHER;OTHER
invoice-2001.tiff;1;1;2480;3508;245846;2150;1684;89;52;2150;1684;2239;1684;2239;1736;2150;1736;H.T.;ASAS;undefined;OTHER;OTHER
invoice-2001.tiff;1;1;2480;3508;245847;197;1758;20;48;197;1758;217;1758;217;1806;197;1806;1;N;undefined;OTHER;OTHER
invoice-2001.tiff;1;1;2480;3508;245848;291;1758;182;48;291;1758;473;1758;473;1806;291;1806;Cuisinière;AAAAAAAAAA;undefined;OTHER;OTHER
invoice-2001.tiff;1;1;2480;3508;245849;484;1758;60;48;484;1758;544;1758;544;1806;484;1806;gaz;AAA;undefined;OTHER;OTHER
invoice-2001.tiff;1;1;2480;3508;245850;555;1758;127;48;555;1758;682;1758;682;1806;555;1806;Brandt;AAAAAA;undefined;OTHER;OTHER
invoice-2001.tiff;1;1;2480;3508;245851;693;1758;215;48;693;1758;908;1758;908;1806;693;1806;BCG6611W;AAANNNNA;undefined;OTHER;OTHER
invoice-2001.tiff;1;1;2480;3508;245852;1218;1758;20;48;1218;1758;1238;1758;1238;1806;1218;1806;1;N;undefined;OTHER;OTHER
invoice-2001.tiff;1;1;2480;3508;245853;1416;1758;114;48;1416;1758;1530;1758;1530;1806;1416;1806;399,17;NNNSNN;undefined;OTHER;OTHER
invoice-2001.tiff;1;1;2480;3508;245854;1541;1758;83;48;1541;1758;1624;1758;1624;1806;1541;1806;USD;AAA;undefined;OTHER;OTHER
invoice-2001.tiff;1;1;2480;3508;245855;1755;1758;114;48;1755;1758;1869;1758;1869;1806;1755;1806;20.0%;NNSNS;undefined;OTHER;OTHER
invoice-2001.tiff;1;1;2480;3508;245856;1999;1758;114;48;1999;1758;2113;1758;2113;1806;1999;1806;399,17;NNNSNN;undefined;OTHER;OTHER
invoice-2001.tiff;1;1;2480;3508;245857;2125;1758;83;48;2125;1758;2208;1758;2208;1806;2125;1806;USD;AAA;undefined;OTHER;OTHER
invoice-2001.tiff;1;1;2480;3508;245858;197;1847;20;48;197;1847;217;1847;217;1895;197;1895;2;N;undefined;OTHER;OTHER
invoice-2001.tiff;1;1;2480;3508;245859;291;1847;76;48;291;1847;367;1847;367;1895;291;1895;Etui;AAAA;undefined;OTHER;OTHER
invoice-2001.tiff;1;1;2480;3508;245860;378;1847;162;48;378;1847;540;1847;540;1895;378;1895;Samsung;AAAAAAA;undefined;OTHER;OTHER
invoice-2001.tiff;1;1;2480;3508;245861;551;1847;23;48;551;1847;574;1847;574;1895;551;1895;S;A;undefined;OTHER;OTHER
invoice-2001.tiff;1;1;2480;3508;245862;584;1847;90;48;584;1847;674;1847;674;1895;584;1895;View;AAAA;undefined;OTHER;OTHER
invoice-2001.tiff;1;1;2480;3508;245863;685;1847;108;48;685;1847;793;1847;793;1895;685;1895;Cover;AAAAA;undefined;OTHER;OTHER
invoice-2001.tiff;1;1;2480;3508;245864;804;1847;127;48;804;1847;931;1847;931;1895;804;1895;Galaxy;AAAAAA;undefined;OTHER;OTHER
invoice-2001.tiff;1;1;2480;3508;245865;942;1847;44;48;942;1847;986;1847;986;1895;942;1895;S7;AN;undefined;OTHER;OTHER
invoice-2001.tiff;1;1;2480;3508;245868;1218;1847;20;48;1218;1847;1238;1847;1238;1895;1218;1895;3;N;undefined;OTHER;OTHER
invoice-2001.tiff;1;1;2480;3508;245869;1427;1847;93;48;1427;1847;1520;1847;1520;1895;1427;1895;49,99;NNSNN;undefined;OTHER;OTHER
invoice-2001.tiff;1;1;2480;3508;245870;1531;1847;83;48;1531;1847;1614;1847;1614;1895;1531;1895;USD;AAA;undefined;OTHER;OTHER
invoice-2001.tiff;1;1;2480;3508;245871;1755;1847;114;48;1755;1847;1869;1847;1869;1895;1755;1895;20.0%;NNSNS;undefined;OTHER;OTHER
invoice-2001.tiff;1;1;2480;3508;245872;1999;1847;114;48;1999;1847;2113;1847;2113;1895;1999;1895;149,98;NNNSNN;undefined;OTHER;OTHER
invoice-2001.tiff;1;1;2480;3508;245873;2125;1847;83;48;2125;1847;2208;1847;2208;1895;2125;1895;USD;AAA;undefined;OTHER;OTHER
invoice-2001.tiff;1;1;2480;3508;245866;291;1895;90;48;291;1895;381;1895;381;1943;291;1943;Edge;AAAA;undefined;OTHER;OTHER
invoice-2001.tiff;1;1;2480;3508;245867;392;1895;74;48;392;1895;466;1895;466;1943;392;1943;noir;AAAA;undefined;OTHER;OTHER
invoice-2001.tiff;1;1;2480;3508;245874;197;1985;20;48;197;1985;217;1985;217;2033;197;2033;3;N;undefined;OTHER;OTHER
invoice-2001.tiff;1;1;2480;3508;245875;291;1985;92;48;291;1985;383;1985;383;2033;291;2033;Balai;AAAAA;undefined;OTHER;OTHER
invoice-2001.tiff;1;1;2480;3508;245876;394;1985;124;48;394;1985;518;1985;518;2033;394;2033;vapeur;AAAAAA;undefined;OTHER;OTHER
invoice-2001.tiff;1;1;2480;3508;245877;530;1985;131;48;530;1985;661;1985;661;2033;530;2033;Hoover;AAAAAA;undefined;OTHER;OTHER
invoice-2001.tiff;1;1;2480;3508;245878;672;1985;203;48;672;1985;875;1985;875;2033;672;2033;S2IN1300C;ANAANNNNA;undefined;OTHER;OTHER
invoice-2001.tiff;1;1;2480;3508;245880;1218;1985;20;48;1218;1985;1238;1985;1238;2033;1218;2033;2;N;undefined;OTHER;OTHER
invoice-2001.tiff;1;1;2480;3508;245881;1427;1985;93;48;1427;1985;1520;1985;1520;2033;1427;2033;74,99;NNSNN;undefined;OTHER;OTHER
invoice-2001.tiff;1;1;2480;3508;245882;1531;1985;83;48;1531;1985;1614;1985;1614;2033;1531;2033;USD;AAA;undefined;OTHER;OTHER
invoice-2001.tiff;1;1;2480;3508;245883;1755;1985;114;48;1755;1985;1869;1985;1869;2033;1755;2033;20.0%;NNSNS;undefined;OTHER;OTHER
invoice-2001.tiff;1;1;2480;3508;245884;1999;1985;114;48;1999;1985;2113;1985;2113;2033;1999;2033;149,98;NNNSNN;undefined;OTHER;OTHER
invoice-2001.tiff;1;1;2480;3508;245885;2125;1985;83;48;2125;1985;2208;1985;2208;2033;2125;2033;USD;AAA;undefined;OTHER;OTHER
invoice-2001.tiff;1;1;2480;3508;245879;291;2033;305;48;291;2033;596;2033;596;2081;291;2081;SteamJetExpress;AAAAAAAAAAAAAAA;undefined;OTHER;OTHER
invoice-2001.tiff;1;1;2480;3508;245886;197;2123;20;48;197;2123;217;2123;217;2171;197;2171;4;N;undefined;OTHER;OTHER
invoice-2001.tiff;1;1;2480;3508;245887;291;2123;57;48;291;2123;348;2123;348;2171;291;2171;TV;AA;undefined;OTHER;OTHER
invoice-2001.tiff;1;1;2480;3508;245888;359;2123;85;48;359;2123;444;2123;444;2171;359;2171;LED;AAA;undefined;OTHER;OTHER
invoice-2001.tiff;1;1;2480;3508;245889;456;2123;162;48;456;2123;618;2123;618;2171;456;2171;Samsung;AAAAAAA;undefined;OTHER;OTHER
invoice-2001.tiff;1;1;2480;3508;245890;628;2123;226;48;628;2123;854;2123;854;2171;628;2171;UE55JS9000;AANNAANNNN;undefined;OTHER;OTHER
invoice-2001.tiff;1;1;2480;3508;245891;865;2123;115;48;865;2123;980;2123;980;2171;865;2171;SUHD;AAAA;undefined;OTHER;OTHER
invoice-2001.tiff;1;1;2480;3508;245892;992;2123;83;48;992;2123;1075;2123;1075;2171;992;2171;2000;NNNN;undefined;OTHER;OTHER
invoice-2001.tiff;1;1;2480;3508;245896;1218;2123;20;48;1218;2123;1238;2123;1238;2171;1218;2171;2;N;undefined;OTHER;OTHER
invoice-2001.tiff;1;1;2480;3508;245897;1416;2123;114;48;1416;2123;1530;2123;1530;2171;1416;2171;799,17;NNNSNN;undefined;OTHER;OTHER
invoice-2001.tiff;1;1;2480;3508;245898;1541;2123;83;48;1541;2123;1624;2123;1624;2171;1541;2171;USD;AAA;undefined;OTHER;OTHER
invoice-2001.tiff;1;1;2480;3508;245899;1755;2123;114;48;1755;2123;1869;2123;1869;2171;1755;2171;20.0%;NNSNS;undefined;OTHER;OTHER
invoice-2001.tiff;1;1;2480;3508;245900;1989;2123;135;48;1989;2123;2124;2123;2124;2171;1989;2171;1598,33;NNNNSNN;undefined;OTHER;OTHER
invoice-2001.tiff;1;1;2480;3508;245901;2135;2123;83;48;2135;2123;2218;2123;2218;2171;2135;2171;USD;AAA;undefined;OTHER;OTHER
invoice-2001.tiff;1;1;2480;3508;245893;291;2171;74;48;291;2171;365;2171;365;2219;291;2219;PQI;AAA;undefined;OTHER;OTHER
invoice-2001.tiff;1;1;2480;3508;245894;376;2171;150;48;376;2171;526;2171;526;2219;376;2219;SMART;AAAAA;undefined;OTHER;OTHER
invoice-2001.tiff;1;1;2480;3508;245895;537;2171;57;48;537;2171;594;2171;594;2219;537;2219;TV;AA;undefined;OTHER;OTHER
invoice-2001.tiff;1;1;2480;3508;245902;1686;2302;155;51;1686;2302;1841;2302;1841;2353;1686;2353;Montant;AAAAAAA;undefined;OTHER;OTHER
invoice-2001.tiff;1;1;2480;3508;245903;1853;2302;84;51;1853;2302;1937;2302;1937;2353;1853;2353;H.T.;ASAS;undefined;OTHER;OTHER
invoice-2001.tiff;1;1;2480;3508;245904;1979;2302;135;46;1979;2302;2114;2302;2114;2348;1979;2348;2297,46;NNNNSNN;TWTX;TOTAL_WITHOUT_TAX;TWTXS
invoice-2001.tiff;1;1;2480;3508;245905;2125;2302;83;46;2125;2302;2208;2302;2208;2348;2125;2348;USD;AAA;TWTX;TOTAL_WITHOUT_TAX;TWTXS
invoice-2001.tiff;1;1;2480;3508;245906;1697;2353;155;51;1697;2353;1852;2353;1852;2404;1697;2404;Montant;AAAAAAA;undefined;OTHER;OTHER
invoice-2001.tiff;1;1;2480;3508;245907;1864;2353;94;51;1864;2353;1958;2353;1958;2404;1864;2404;TVA;AAA;undefined;OTHER;OTHER
invoice-2001.tiff;1;1;2480;3508;245908;1999;2353;114;46;1999;2353;2113;2353;2113;2399;1999;2399;459,49;NNNSNN;TTX;TOTAL_TAX;Total Tax
invoice-2001.tiff;1;1;2480;3508;245909;2125;2353;83;46;2125;2353;2208;2353;2208;2399;2125;2399;USD;AAA;TTX;TOTAL_TAX;Total Tax
invoice-2001.tiff;1;1;2480;3508;245910;1684;2405;155;51;1684;2405;1839;2405;1839;2456;1684;2456;Montant;AAAAAAA;undefined;OTHER;OTHER
invoice-2001.tiff;1;1;2480;3508;245911;1850;2405;86;51;1850;2405;1936;2405;1936;2456;1850;2456;TTC;AAA;undefined;OTHER;OTHER
invoice-2001.tiff;1;1;2480;3508;245912;1979;2405;135;46;1979;2405;2114;2405;2114;2451;1979;2451;2756,95;NNNNSNN;TA;TOTAL_AMOUNT;Total with TAX
invoice-2001.tiff;1;1;2480;3508;245913;2125;2405;83;46;2125;2405;2208;2405;2208;2451;2125;2451;USD;AAA;TA;TOTAL_AMOUNT;Total with TAX
invoice-2001.tiff;1;1;2480;3508;245914;1187;3154;60;48;1187;3154;1247;3154;1247;3202;1187;3202;UN;AA;SN;SUPPLIER_NAME;Seller/Company) name
invoice-2001.tiff;1;1;2480;3508;245915;1258;3154;113;48;1258;3154;1371;3154;1371;3202;1258;3202;JOUR;AAAA;SN;SUPPLIER_NAME;Seller/Company) name
invoice-2001.tiff;1;1;2480;3508;245916;1381;3154;212;48;1381;3154;1593;3154;1593;3202;1381;3202;AILLEURS;AAAAAAAA;SN;SUPPLIER_NAME;Seller/Company) name
invoice-2001.tiff;1;1;2480;3508;245917;1187;3202;48;45;1187;3202;1235;3202;1235;3247;1187;3247;LE;AA;SA;SUPPLIER_ADDRESS;Seller Address
invoice-2001.tiff;1;1;2480;3508;245918;1246;3202;217;45;1246;3202;1463;3202;1463;3247;1246;3247;PEROLLIER;AAAAAAAAA;SA;SUPPLIER_ADDRESS;Seller Address
invoice-2001.tiff;1;1;2480;3508;245919;1187;3248;104;45;1187;3248;1291;3248;1291;3293;1187;3293;69130;NNNNN;SA;SUPPLIER_ADDRESS;Seller Address
invoice-2001.tiff;1;1;2480;3508;245920;1333;3248;152;45;1333;3248;1485;3248;1485;3293;1333;3293;ECULLY;AAAAAA;SA;SUPPLIER_ADDRESS;Seller Address
