src;num_pages;page_id;page_width;page_height;id;col;row;width;height;x1;y1;x2;y2;x3;y3;x4;y4;contents;contents_masked;correctclass;tag;description
invoice-435.tiff;1;1;2480;3508;53662;124;62;553;175;124;62;677;62;677;237;124;237;common/logo;AAAAAASAAAA;img;IMAGE;Image
invoice-435.tiff;1;1;2480;3508;53684;1541;270;180;59;1541;270;1721;270;1721;329;1541;329;Facture;AAAAAAA;undefined;OTHER;OTHER
invoice-435.tiff;1;1;2480;3508;53685;1736;270;50;59;1736;270;1786;270;1786;329;1736;329;n°;AS;undefined;OTHER;OTHER
invoice-435.tiff;1;1;2480;3508;53686;1849;270;361;52;1849;270;2210;270;2210;322;1849;322;068-03794-11110;NNNSNNNNNSNNNNN;IN;INVOICE_NUMBER;Invoice Number
invoice-435.tiff;1;1;2480;3508;53687;1541;351;66;59;1541;351;1607;351;1607;410;1541;410;Du;AA;undefined;OTHER;OTHER
invoice-435.tiff;1;1;2480;3508;53688;1670;351;178;52;1670;351;1848;351;1848;403;1670;403;25/11/05;NNSNNSNN;IDATE;INVOICE_DATE;Invoice Date
invoice-435.tiff;1;1;2480;3508;53663;124;412;55;49;124;412;179;412;179;461;124;461;AZ;AA;SN;SUPPLIER_NAME;Seller/Company) name
invoice-435.tiff;1;1;2480;3508;53664;192;412;282;49;192;412;474;412;474;461;192;461;FORMACTION;AAAAAAAAAA;SN;SUPPLIER_NAME;Seller/Company) name
invoice-435.tiff;1;1;2480;3508;53665;124;462;23;48;124;462;147;462;147;510;124;510;3;N;SA;SUPPLIER_ADDRESS;Seller Address
invoice-435.tiff;1;1;2480;3508;53666;159;462;87;48;159;462;246;462;246;510;159;510;RUE;AAA;SA;SUPPLIER_ADDRESS;Seller Address
invoice-435.tiff;1;1;2480;3508;53667;259;462;60;48;259;462;319;462;319;510;259;510;DU;AA;SA;SUPPLIER_ADDRESS;Seller Address
invoice-435.tiff;1;1;2480;3508;53668;331;462;90;48;331;462;421;462;421;510;331;510;DUC;AAA;SA;SUPPLIER_ADDRESS;Seller Address
invoice-435.tiff;1;1;2480;3508;53669;432;462;57;48;432;462;489;462;489;510;432;510;DE;AA;SA;SUPPLIER_ADDRESS;Seller Address
invoice-435.tiff;1;1;2480;3508;53670;502;462;291;48;502;462;793;462;793;510;502;510;CUMBERLAND;AAAAAAAAAA;SA;SUPPLIER_ADDRESS;Seller Address
invoice-435.tiff;1;1;2480;3508;53671;802;462;13;48;802;462;815;462;815;510;802;510;-;S;SA;SUPPLIER_ADDRESS;Seller Address
invoice-435.tiff;1;1;2480;3508;53672;827;462;115;48;827;462;942;462;942;510;827;510;84000;NNNNN;SA;SUPPLIER_ADDRESS;Seller Address
invoice-435.tiff;1;1;2480;3508;53673;963;462;192;48;963;462;1155;462;1155;510;963;510;AVIGNON;AAAAAAA;SA;SUPPLIER_ADDRESS;Seller Address
invoice-435.tiff;1;1;2480;3508;53674;1164;462;13;48;1164;462;1177;462;1177;510;1164;510;-;S;SA;SUPPLIER_ADDRESS;Seller Address
invoice-435.tiff;1;1;2480;3508;53675;1189;462;171;48;1189;462;1360;462;1360;510;1189;510;FRANCE;AAAAAA;SA;SUPPLIER_ADDRESS;Seller Address
invoice-435.tiff;1;1;2480;3508;53676;124;510;148;48;124;510;272;510;272;558;124;558;Numéro;AAAAAA;undefined;OTHER;OTHER
invoice-435.tiff;1;1;2480;3508;53677;284;510;46;48;284;510;330;510;330;558;284;558;de;AA;undefined;OTHER;OTHER
invoice-435.tiff;1;1;2480;3508;53678;342;510;57;48;342;510;399;510;399;558;342;558;Tel;AAA;undefined;OTHER;OTHER
invoice-435.tiff;1;1;2480;3508;53679;425;510;278;48;425;510;703;510;703;558;425;558;04.03.62.32.66;NNSNNSNNSNNSNN;SCN;SUPPLIER_CONTACT_NUMBER;Seller Contact Number
invoice-435.tiff;1;1;2480;3508;53680;745;510;148;48;745;510;893;510;893;558;745;558;Numéro;AAAAAA;undefined;OTHER;OTHER
invoice-435.tiff;1;1;2480;3508;53681;904;510;46;48;904;510;950;510;950;558;904;558;de;AA;undefined;OTHER;OTHER
invoice-435.tiff;1;1;2480;3508;53682;962;510;69;48;962;510;1031;510;1031;558;962;558;Fax;AAA;undefined;OTHER;OTHER
invoice-435.tiff;1;1;2480;3508;53683;1057;510;278;48;1057;510;1335;510;1335;558;1057;558;04.03.62.08.97;NNSNNSNNSNNSNN;SFAX;SUPPLIER_FAX_NUMBER;Seller Fax Number
invoice-435.tiff;1;1;2480;3508;53689;124;895;286;59;124;895;410;895;410;954;124;954;Destinataire;AAAAAAAAAAAA;undefined;OTHER;OTHER
invoice-435.tiff;1;1;2480;3508;53690;124;954;94;49;124;954;218;954;218;1003;124;1003;Jade;AAAA;BN;BILLING_NAME;Billing Name
invoice-435.tiff;1;1;2480;3508;53691;231;954;134;49;231;954;365;954;365;1003;231;1003;Breton;AAAAAA;BN;BILLING_NAME;Billing Name
invoice-435.tiff;1;1;2480;3508;53692;124;1004;81;48;124;1004;205;1004;205;1052;124;1052;127,;NNNS;BA;BILLING_ADDRESS;Billing Address
invoice-435.tiff;1;1;2480;3508;53693;217;1004;134;48;217;1004;351;1004;351;1052;217;1052;chemin;AAAAAA;BA;BILLING_ADDRESS;Billing Address
invoice-435.tiff;1;1;2480;3508;53694;363;1004;46;48;363;1004;409;1004;409;1052;363;1052;du;AA;BA;BILLING_ADDRESS;Billing Address
invoice-435.tiff;1;1;2480;3508;53695;421;1004;88;48;421;1004;509;1004;509;1052;421;1052;janin;AAAAA;BA;BILLING_ADDRESS;Billing Address
invoice-435.tiff;1;1;2480;3508;53696;124;1052;115;48;124;1052;239;1052;239;1100;124;1100;38430;NNNNN;BA;BILLING_ADDRESS;Billing Address
invoice-435.tiff;1;1;2480;3508;53697;282;1052;421;48;282;1052;703;1052;703;1100;282;1100;Saint-Jean-de-Moirans;AAAAASAAAASAASAAAAAAA;BA;BILLING_ADDRESS;Billing Address
invoice-435.tiff;1;1;2480;3508;53710;1541;1056;127;54;1541;1056;1668;1056;1668;1110;1541;1110;Client;AAAAAA;undefined;OTHER;OTHER
invoice-435.tiff;1;1;2480;3508;53711;1681;1056;46;54;1681;1056;1727;1056;1727;1110;1681;1110;n°;AS;undefined;OTHER;OTHER
invoice-435.tiff;1;1;2480;3508;53712;2166;1056;236;48;2166;1056;2402;1056;2402;1104;2166;1104;826-097-183;NNNSNNNSNNN;CNUM;CLIENT_NUMBER;Client Number
invoice-435.tiff;1;1;2480;3508;53698;124;1100;129;48;124;1100;253;1100;253;1148;124;1148;France;AAAAAA;BA;BILLING_ADDRESS;Billing Address
invoice-435.tiff;1;1;2480;3508;53713;1541;1132;249;54;1541;1132;1790;1132;1790;1186;1541;1186;Commande;AAAAAAAA;undefined;OTHER;OTHER
invoice-435.tiff;1;1;2480;3508;53714;1803;1132;46;54;1803;1132;1849;1132;1849;1186;1803;1186;n°;AS;undefined;OTHER;OTHER
invoice-435.tiff;1;1;2480;3508;53715;2166;1132;152;48;2166;1132;2318;1132;2318;1180;2166;1180;596-020;NNNSNNN;ONUM;ORDER_NUMBER;Order Number
invoice-435.tiff;1;1;2480;3508;53699;124;1190;222;59;124;1190;346;1190;346;1249;124;1249;Livraison;AAAAAAAAA;undefined;OTHER;OTHER
invoice-435.tiff;1;1;2480;3508;53700;361;1190;27;59;361;1190;388;1190;388;1249;361;1249;à;A;undefined;OTHER;OTHER
invoice-435.tiff;1;1;2480;3508;53716;1541;1207;119;54;1541;1207;1660;1207;1660;1261;1541;1261;Mode;AAAA;undefined;OTHER;OTHER
invoice-435.tiff;1;1;2480;3508;53717;1674;1207;53;54;1674;1207;1727;1207;1727;1261;1674;1261;de;AA;undefined;OTHER;OTHER
invoice-435.tiff;1;1;2480;3508;53718;1740;1207;219;54;1740;1207;1959;1207;1959;1261;1740;1261;règlement;AAAAAAAAA;undefined;OTHER;OTHER
invoice-435.tiff;1;1;2480;3508;53719;2166;1207;127;48;2166;1207;2293;1207;2293;1255;2166;1255;Paypal;AAAAAA;PMODE;PAYMENT_MODE;Payment Mode
invoice-435.tiff;1;1;2480;3508;53701;124;1250;94;49;124;1250;218;1250;218;1299;124;1299;Jade;AAAA;SHN;SHIPPING_NAME;Shipping Name
invoice-435.tiff;1;1;2480;3508;53702;231;1250;134;49;231;1250;365;1250;365;1299;231;1299;Breton;AAAAAA;SHN;SHIPPING_NAME;Shipping Name
invoice-435.tiff;1;1;2480;3508;53703;124;1299;81;48;124;1299;205;1299;205;1347;124;1347;127,;NNNS;SHA;SHIPPING_ADDRESS;Shipping Address
invoice-435.tiff;1;1;2480;3508;53704;217;1299;134;48;217;1299;351;1299;351;1347;217;1347;chemin;AAAAAA;SHA;SHIPPING_ADDRESS;Shipping Address
invoice-435.tiff;1;1;2480;3508;53705;363;1299;46;48;363;1299;409;1299;409;1347;363;1347;du;AA;SHA;SHIPPING_ADDRESS;Shipping Address
invoice-435.tiff;1;1;2480;3508;53706;421;1299;88;48;421;1299;509;1299;509;1347;421;1347;janin;AAAAA;SHA;SHIPPING_ADDRESS;Shipping Address
invoice-435.tiff;1;1;2480;3508;53707;124;1347;115;48;124;1347;239;1347;239;1395;124;1395;38430;NNNNN;SHA;SHIPPING_ADDRESS;Shipping Address
invoice-435.tiff;1;1;2480;3508;53708;282;1347;421;48;282;1347;703;1347;703;1395;282;1395;Saint-Jean-de-Moirans;AAAAASAAAASAASAAAAAAA;SHA;SHIPPING_ADDRESS;Shipping Address
invoice-435.tiff;1;1;2480;3508;53709;124;1395;129;48;124;1395;253;1395;253;1443;124;1443;France;AAAAAA;SHA;SHIPPING_ADDRESS;Shipping Address
invoice-435.tiff;1;1;2480;3508;53720;157;1711;101;54;157;1711;258;1711;258;1765;157;1765;Non.;AAAS;undefined;OTHER;OTHER
invoice-435.tiff;1;1;2480;3508;53721;399;1711;76;54;399;1711;475;1711;475;1765;399;1765;Qté;AAA;undefined;OTHER;OTHER
invoice-435.tiff;1;1;2480;3508;53722;848;1711;262;54;848;1711;1110;1711;1110;1765;848;1765;Désignation;AAAAAAAAAAA;undefined;OTHER;OTHER
invoice-435.tiff;1;1;2480;3508;53723;1489;1711;63;54;1489;1711;1552;1711;1552;1765;1489;1765;UP;AA;undefined;OTHER;OTHER
invoice-435.tiff;1;1;2480;3508;53724;1766;1711;91;54;1766;1711;1857;1711;1857;1765;1766;1765;TVA;AAA;undefined;OTHER;OTHER
invoice-435.tiff;1;1;2480;3508;53725;1965;1711;178;54;1965;1711;2143;1711;2143;1765;1965;1765;Montant;AAAAAAA;undefined;OTHER;OTHER
invoice-435.tiff;1;1;2480;3508;53726;2156;1711;86;54;2156;1711;2242;1711;2242;1765;2156;1765;H.T.;ASAS;undefined;OTHER;OTHER
invoice-435.tiff;1;1;2480;3508;53727;196;1786;23;49;196;1786;219;1786;219;1835;196;1835;1;N;undefined;OTHER;OTHER
invoice-435.tiff;1;1;2480;3508;53728;425;1786;23;49;425;1786;448;1786;448;1835;425;1835;3;N;undefined;OTHER;OTHER
invoice-435.tiff;1;1;2480;3508;53729;583;1786;173;49;583;1786;756;1786;756;1835;583;1835;Enceinte;AAAAAAAA;undefined;OTHER;OTHER
invoice-435.tiff;1;1;2480;3508;53730;768;1786;159;49;768;1786;927;1786;927;1835;768;1835;colonne;AAAAAAA;undefined;OTHER;OTHER
invoice-435.tiff;1;1;2480;3508;53731;939;1786;111;49;939;1786;1050;1786;1050;1835;939;1835;Davis;AAAAA;undefined;OTHER;OTHER
invoice-435.tiff;1;1;2480;3508;53732;1062;1786;111;49;1062;1786;1173;1786;1173;1835;1062;1835;VINCI;AAAAA;undefined;OTHER;OTHER
invoice-435.tiff;1;1;2480;3508;53735;1407;1786;127;49;1407;1786;1534;1786;1534;1835;1407;1835;832,50;NNNSNN;undefined;OTHER;OTHER
invoice-435.tiff;1;1;2480;3508;53736;1546;1786;87;49;1546;1786;1633;1786;1633;1835;1546;1835;EUR;AAA;undefined;OTHER;OTHER
invoice-435.tiff;1;1;2480;3508;53737;1753;1786;118;49;1753;1786;1871;1786;1871;1835;1753;1835;20.0%;NNSNS;undefined;OTHER;OTHER
invoice-435.tiff;1;1;2480;3508;53738;1979;1786;150;49;1979;1786;2129;1786;2129;1835;1979;1835;2497,50;NNNNSNN;undefined;OTHER;OTHER
invoice-435.tiff;1;1;2480;3508;53739;2141;1786;87;49;2141;1786;2228;1786;2228;1835;2141;1835;EUR;AAA;undefined;OTHER;OTHER
invoice-435.tiff;1;1;2480;3508;53733;583;1836;215;49;583;1836;798;1836;798;1885;583;1885;HERITAGE;AAAAAAAA;undefined;OTHER;OTHER
invoice-435.tiff;1;1;2480;3508;53734;810;1836;50;49;810;1836;860;1836;860;1885;810;1885;X1;AN;undefined;OTHER;OTHER
invoice-435.tiff;1;1;2480;3508;53740;196;1927;23;49;196;1927;219;1927;219;1976;196;1976;2;N;undefined;OTHER;OTHER
invoice-435.tiff;1;1;2480;3508;53741;425;1927;23;49;425;1927;448;1927;448;1976;425;1976;2;N;undefined;OTHER;OTHER
invoice-435.tiff;1;1;2480;3508;53742;583;1927;155;49;583;1927;738;1927;738;1976;583;1976;Hachoir;AAAAAAA;undefined;OTHER;OTHER
invoice-435.tiff;1;1;2480;3508;53743;750;1927;212;49;750;1927;962;1927;962;1976;750;1976;Kitchenaid;AAAAAAAAAA;undefined;OTHER;OTHER
invoice-435.tiff;1;1;2480;3508;53744;974;1927;287;49;974;1927;1261;1927;1261;1976;974;1976;5KFC3516EER;NAAANNNNAAA;undefined;OTHER;OTHER
invoice-435.tiff;1;1;2480;3508;53747;1418;1927;104;49;1418;1927;1522;1927;1522;1976;1418;1976;65,83;NNSNN;undefined;OTHER;OTHER
invoice-435.tiff;1;1;2480;3508;53748;1534;1927;87;49;1534;1927;1621;1927;1621;1976;1534;1976;EUR;AAA;undefined;OTHER;OTHER
invoice-435.tiff;1;1;2480;3508;53749;1753;1927;118;49;1753;1927;1871;1927;1871;1976;1753;1976;20.0%;NNSNS;undefined;OTHER;OTHER
invoice-435.tiff;1;1;2480;3508;53750;1990;1927;127;49;1990;1927;2117;1927;2117;1976;1990;1976;131,67;NNNSNN;undefined;OTHER;OTHER
invoice-435.tiff;1;1;2480;3508;53751;2129;1927;87;49;2129;1927;2216;1927;2216;1976;2129;1976;EUR;AAA;undefined;OTHER;OTHER
invoice-435.tiff;1;1;2480;3508;53745;583;1977;129;49;583;1977;712;1977;712;2026;583;2026;Rouge;AAAAA;undefined;OTHER;OTHER
invoice-435.tiff;1;1;2480;3508;53746;724;1977;141;49;724;1977;865;1977;865;2026;724;2026;Empire;AAAAAA;undefined;OTHER;OTHER
invoice-435.tiff;1;1;2480;3508;53752;196;2068;23;49;196;2068;219;2068;219;2117;196;2117;3;N;undefined;OTHER;OTHER
invoice-435.tiff;1;1;2480;3508;53753;425;2068;23;49;425;2068;448;2068;448;2117;425;2117;2;N;undefined;OTHER;OTHER
invoice-435.tiff;1;1;2480;3508;53754;583;2068;152;49;583;2068;735;2068;735;2117;583;2117;Cookéo;AAAAAA;undefined;OTHER;OTHER
invoice-435.tiff;1;1;2480;3508;53755;747;2068;182;49;747;2068;929;2068;929;2117;747;2117;connecté;AAAAAAAA;undefined;OTHER;OTHER
invoice-435.tiff;1;1;2480;3508;53756;942;2068;180;49;942;2068;1122;2068;1122;2117;942;2117;Moulinex;AAAAAAAA;undefined;OTHER;OTHER
invoice-435.tiff;1;1;2480;3508;53757;1134;2068;152;49;1134;2068;1286;2068;1286;2117;1134;2117;Cookeo;AAAAAA;undefined;OTHER;OTHER
invoice-435.tiff;1;1;2480;3508;53758;1298;2068;24;49;1298;2068;1322;2068;1322;2117;1298;2117;+;S;undefined;OTHER;OTHER
invoice-435.tiff;1;1;2480;3508;53761;1407;2068;127;49;1407;2068;1534;2068;1534;2117;1407;2117;232,50;NNNSNN;undefined;OTHER;OTHER
invoice-435.tiff;1;1;2480;3508;53762;1546;2068;87;49;1546;2068;1633;2068;1633;2117;1546;2117;EUR;AAA;undefined;OTHER;OTHER
invoice-435.tiff;1;1;2480;3508;53763;1753;2068;118;49;1753;2068;1871;2068;1871;2117;1753;2117;20.0%;NNSNS;undefined;OTHER;OTHER
invoice-435.tiff;1;1;2480;3508;53764;1990;2068;127;49;1990;2068;2117;2068;2117;2117;1990;2117;465,00;NNNSNN;undefined;OTHER;OTHER
invoice-435.tiff;1;1;2480;3508;53765;2129;2068;87;49;2129;2068;2216;2068;2216;2117;2129;2117;EUR;AAA;undefined;OTHER;OTHER
invoice-435.tiff;1;1;2480;3508;53759;583;2118;166;49;583;2118;749;2118;749;2167;583;2167;Connect;AAAAAAA;undefined;OTHER;OTHER
invoice-435.tiff;1;1;2480;3508;53760;761;2118;196;49;761;2118;957;2118;957;2167;761;2167;CE855800;AANNNNNN;undefined;OTHER;OTHER
invoice-435.tiff;1;1;2480;3508;53766;1651;2250;165;52;1651;2250;1816;2250;1816;2302;1651;2302;Montant;AAAAAAA;undefined;OTHER;OTHER
invoice-435.tiff;1;1;2480;3508;53767;1829;2250;86;52;1829;2250;1915;2250;1915;2302;1829;2302;H.T.;ASAS;undefined;OTHER;OTHER
invoice-435.tiff;1;1;2480;3508;53768;1958;2250;150;48;1958;2250;2108;2250;2108;2298;1958;2298;3094,17;NNNNSNN;TWTX;TOTAL_WITHOUT_TAX;TWTXS
invoice-435.tiff;1;1;2480;3508;53769;2120;2250;87;48;2120;2250;2207;2250;2207;2298;2120;2298;EUR;AAA;TWTX;TOTAL_WITHOUT_TAX;TWTXS
invoice-435.tiff;1;1;2480;3508;53770;1959;2303;89;52;1959;2303;2048;2303;2048;2355;1959;2355;TVA;AAA;undefined;OTHER;OTHER
invoice-435.tiff;1;1;2480;3508;53771;2090;2303;118;48;2090;2303;2208;2303;2208;2351;2090;2351;20.0%;NNSNS;TXR;TAX_RATE;Tax Rate
invoice-435.tiff;1;1;2480;3508;53772;1672;2356;165;52;1672;2356;1837;2356;1837;2408;1672;2408;Montant;AAAAAAA;undefined;OTHER;OTHER
invoice-435.tiff;1;1;2480;3508;53773;1850;2356;89;52;1850;2356;1939;2356;1939;2408;1850;2408;TVA;AAA;undefined;OTHER;OTHER
invoice-435.tiff;1;1;2480;3508;53774;1981;2356;127;48;1981;2356;2108;2356;2108;2404;1981;2404;618,83;NNNSNN;TTX;TOTAL_TAX;Total Tax
invoice-435.tiff;1;1;2480;3508;53775;2120;2356;87;48;2120;2356;2207;2356;2207;2404;2120;2404;EUR;AAA;TTX;TOTAL_TAX;Total Tax
invoice-435.tiff;1;1;2480;3508;53776;1649;2409;165;52;1649;2409;1814;2409;1814;2461;1649;2461;Montant;AAAAAAA;undefined;OTHER;OTHER
invoice-435.tiff;1;1;2480;3508;53777;1827;2409;89;52;1827;2409;1916;2409;1916;2461;1827;2461;TTC;AAA;undefined;OTHER;OTHER
invoice-435.tiff;1;1;2480;3508;53778;1958;2409;150;48;1958;2409;2108;2409;2108;2457;1958;2457;3713,00;NNNNSNN;TA;TOTAL_AMOUNT;Total with TAX
invoice-435.tiff;1;1;2480;3508;53779;2120;2409;87;48;2120;2409;2207;2409;2207;2457;2120;2457;EUR;AAA;TA;TOTAL_AMOUNT;Total with TAX
invoice-435.tiff;1;1;2480;3508;53780;124;3154;55;49;124;3154;179;3154;179;3203;124;3203;AZ;AA;SN;SUPPLIER_NAME;Seller/Company) name
invoice-435.tiff;1;1;2480;3508;53781;192;3154;282;49;192;3154;474;3154;474;3203;192;3203;FORMACTION;AAAAAAAAAA;SN;SUPPLIER_NAME;Seller/Company) name
invoice-435.tiff;1;1;2480;3508;53782;124;3203;23;48;124;3203;147;3203;147;3251;124;3251;3;N;SA;SUPPLIER_ADDRESS;Seller Address
invoice-435.tiff;1;1;2480;3508;53783;159;3203;87;48;159;3203;246;3203;246;3251;159;3251;RUE;AAA;SA;SUPPLIER_ADDRESS;Seller Address
invoice-435.tiff;1;1;2480;3508;53784;259;3203;60;48;259;3203;319;3203;319;3251;259;3251;DU;AA;SA;SUPPLIER_ADDRESS;Seller Address
invoice-435.tiff;1;1;2480;3508;53785;331;3203;90;48;331;3203;421;3203;421;3251;331;3251;DUC;AAA;SA;SUPPLIER_ADDRESS;Seller Address
invoice-435.tiff;1;1;2480;3508;53786;432;3203;57;48;432;3203;489;3203;489;3251;432;3251;DE;AA;SA;SUPPLIER_ADDRESS;Seller Address
invoice-435.tiff;1;1;2480;3508;53787;502;3203;291;48;502;3203;793;3203;793;3251;502;3251;CUMBERLAND;AAAAAAAAAA;SA;SUPPLIER_ADDRESS;Seller Address
invoice-435.tiff;1;1;2480;3508;53788;124;3251;115;48;124;3251;239;3251;239;3299;124;3299;84000;NNNNN;SA;SUPPLIER_ADDRESS;Seller Address
invoice-435.tiff;1;1;2480;3508;53789;282;3251;192;48;282;3251;474;3251;474;3299;282;3299;AVIGNON;AAAAAAA;SA;SUPPLIER_ADDRESS;Seller Address
invoice-435.tiff;1;1;2480;3508;53790;124;3300;171;48;124;3300;295;3300;295;3348;124;3348;FRANCE;AAAAAA;SA;SUPPLIER_ADDRESS;Seller Address
