src;num_pages;page_id;page_width;page_height;id;col;row;width;height;x1;y1;x2;y2;x3;y3;x4;y4;contents;contents_masked;correctclass;tag;description
invoice-133.tiff;1;1;2480;3508;16690;1541;62;530;175;1541;62;2071;62;2071;237;1541;237;common/logo;AAAAAASAAAA;img;IMAGE;Image
invoice-133.tiff;1;1;2480;3508;16673;124;237;50;48;124;237;174;237;174;285;124;285;2A;NA;SN;SUPPLIER_NAME;Seller/Company) name
invoice-133.tiff;1;1;2480;3508;16674;186;237;57;48;186;237;243;237;243;285;186;285;LA;AA;SN;SUPPLIER_NAME;Seller/Company) name
invoice-133.tiff;1;1;2480;3508;16675;254;237;115;48;254;237;369;237;369;285;254;285;MAIN;AAAA;SN;SUPPLIER_NAME;Seller/Company) name
invoice-133.tiff;1;1;2480;3508;16676;380;237;236;48;380;237;616;237;616;285;380;285;VERTE-LES;AAAAASAAA;SN;SUPPLIER_NAME;Seller/Company) name
invoice-133.tiff;1;1;2480;3508;16677;627;237;222;48;627;237;849;237;849;285;627;285;PAYSAGES;AAAAAAAA;SN;SUPPLIER_NAME;Seller/Company) name
invoice-133.tiff;1;1;2480;3508;16686;833;237;106;45;833;237;939;237;939;282;833;282;Phone;AAAAA;undefined;OTHER;OTHER
invoice-133.tiff;1;1;2480;3508;16678;859;237;141;48;859;237;1000;237;1000;285;859;285;GIRON;AAAAA;SN;SUPPLIER_NAME;Seller/Company) name
invoice-133.tiff;1;1;2480;3508;16687;1002;237;263;45;1002;237;1265;237;1265;282;1002;282;00-64-50-63-32;NNSNNSNNSNNSNN;SCN;SUPPLIER_CONTACT_NUMBER;Seller Contact Number
invoice-133.tiff;1;1;2480;3508;16688;833;283;64;45;833;283;897;283;897;328;833;328;Fax;AAA;undefined;OTHER;OTHER
invoice-133.tiff;1;1;2480;3508;16689;960;283;263;45;960;283;1223;283;1223;328;960;328;00-64-50-83-16;NNSNNSNNSNNSNN;SFAX;SUPPLIER_FAX_NUMBER;Seller Fax Number
invoice-133.tiff;1;1;2480;3508;16679;124;285;81;45;124;285;205;285;205;330;124;330;RUE;AAA;SA;SUPPLIER_ADDRESS;Seller Address
invoice-133.tiff;1;1;2480;3508;16680;216;285;231;45;216;285;447;285;447;330;216;330;FERDINAND;AAAAAAAAA;SA;SUPPLIER_ADDRESS;Seller Address
invoice-133.tiff;1;1;2480;3508;16681;458;285;55;45;458;285;513;285;513;330;458;330;DE;AA;SA;SUPPLIER_ADDRESS;Seller Address
invoice-133.tiff;1;1;2480;3508;16682;524;285;162;45;524;285;686;285;686;330;524;330;LESSEPS;AAAAAAA;SA;SUPPLIER_ADDRESS;Seller Address
invoice-133.tiff;1;1;2480;3508;16683;124;331;104;45;124;331;228;331;228;376;124;376;33610;NNNNN;SA;SUPPLIER_ADDRESS;Seller Address
invoice-133.tiff;1;1;2480;3508;16684;270;331;178;45;270;331;448;331;448;376;270;376;CANEJAN;AAAAAAA;SA;SUPPLIER_ADDRESS;Seller Address
invoice-133.tiff;1;1;2480;3508;16685;124;377;157;45;124;377;281;377;281;422;124;422;FRANCE;AAAAAA;SA;SUPPLIER_ADDRESS;Seller Address
invoice-133.tiff;1;1;2480;3508;16691;124;749;125;57;124;749;249;749;249;806;124;806;Billed;AAAAAA;undefined;OTHER;OTHER
invoice-133.tiff;1;1;2480;3508;16692;262;749;58;57;262;749;320;749;320;806;262;806;To;AA;undefined;OTHER;OTHER
invoice-133.tiff;1;1;2480;3508;16693;124;807;118;48;124;807;242;807;242;855;124;855;Alford;AAAAAA;BN;BILLING_NAME;Billing Name
invoice-133.tiff;1;1;2480;3508;16694;253;807;148;48;253;807;401;807;401;855;253;855;Parisian;AAAAAAAA;BN;BILLING_NAME;Billing Name
invoice-133.tiff;1;1;2480;3508;16695;124;855;52;45;124;855;176;855;176;900;124;900;25,;NNS;BA;BILLING_ADDRESS;Billing Address
invoice-133.tiff;1;1;2480;3508;16696;187;855;55;45;187;855;242;855;242;900;187;900;rue;AAA;BA;BILLING_ADDRESS;Billing Address
invoice-133.tiff;1;1;2480;3508;16697;253;855;32;45;253;855;285;855;285;900;253;900;la;AA;BA;BILLING_ADDRESS;Billing Address
invoice-133.tiff;1;1;2480;3508;16698;296;855;171;45;296;855;467;855;467;900;296;900;campagne;AAAAAAAA;BA;BILLING_ADDRESS;Billing Address
invoice-133.tiff;1;1;2480;3508;16713;1541;866;142;52;1541;866;1683;866;1683;918;1541;918;Invoice;AAAAAAA;undefined;OTHER;OTHER
invoice-133.tiff;1;1;2480;3508;16714;1695;866;50;52;1695;866;1745;866;1745;918;1695;918;ID;AA;undefined;OTHER;OTHER
invoice-133.tiff;1;1;2480;3508;16715;2166;866;145;46;2166;866;2311;866;2311;912;2166;912;0021436;NNNNNNN;IN;INVOICE_NUMBER;Invoice Number
invoice-133.tiff;1;1;2480;3508;16699;124;901;104;45;124;901;228;901;228;946;124;946;61000;NNNNN;BA;BILLING_ADDRESS;Billing Address
invoice-133.tiff;1;1;2480;3508;16700;270;901;449;45;270;901;719;901;719;946;270;946;Saint-Germain-du-Corbéis;AAAAASAAAAAAASAASAAAAAAA;BA;BILLING_ADDRESS;Billing Address
invoice-133.tiff;1;1;2480;3508;16716;1541;939;142;52;1541;939;1683;939;1683;991;1541;991;Invoice;AAAAAAA;undefined;OTHER;OTHER
invoice-133.tiff;1;1;2480;3508;16717;1695;939;91;52;1695;939;1786;939;1786;991;1695;991;Date;AAAA;undefined;OTHER;OTHER
invoice-133.tiff;1;1;2480;3508;16718;2166;939;41;46;2166;939;2207;939;2207;985;2166;985;27;NN;IDATE;INVOICE_DATE;Invoice Date
invoice-133.tiff;1;1;2480;3508;16719;2218;939;63;46;2218;939;2281;939;2281;985;2218;985;jun,;AAAS;IDATE;INVOICE_DATE;Invoice Date
invoice-133.tiff;1;1;2480;3508;16720;2292;939;83;46;2292;939;2375;939;2375;985;2292;985;2009;NNNN;IDATE;INVOICE_DATE;Invoice Date
invoice-133.tiff;1;1;2480;3508;16701;124;946;120;45;124;946;244;946;244;991;124;991;France;AAAAAA;BA;BILLING_ADDRESS;Billing Address
invoice-133.tiff;1;1;2480;3508;16721;1541;1013;119;52;1541;1013;1660;1013;1660;1065;1541;1065;Client;AAAAAA;undefined;OTHER;OTHER
invoice-133.tiff;1;1;2480;3508;16722;1672;1013;50;52;1672;1013;1722;1013;1722;1065;1672;1065;ID;AA;undefined;OTHER;OTHER
invoice-133.tiff;1;1;2480;3508;16723;2166;1013;124;46;2166;1013;2290;1013;2290;1059;2166;1059;003793;NNNNNN;CNUM;CLIENT_NUMBER;Client Number
invoice-133.tiff;1;1;2480;3508;16702;124;1034;175;57;124;1034;299;1034;299;1091;124;1091;Shipped;AAAAAAA;undefined;OTHER;OTHER
invoice-133.tiff;1;1;2480;3508;16703;312;1034;58;57;312;1034;370;1034;370;1091;312;1091;To;AA;undefined;OTHER;OTHER
invoice-133.tiff;1;1;2480;3508;16724;1541;1087;119;52;1541;1087;1660;1087;1660;1139;1541;1139;Payed;AAAAA;undefined;OTHER;OTHER
invoice-133.tiff;1;1;2480;3508;16725;1672;1087;157;52;1672;1087;1829;1087;1829;1139;1672;1139;through;AAAAAAA;undefined;OTHER;OTHER
invoice-133.tiff;1;1;2480;3508;16726;2166;1087;87;46;2166;1087;2253;1087;2253;1133;2166;1133;Bank;AAAA;PMODE;PAYMENT_MODE;Payment Mode
invoice-133.tiff;1;1;2480;3508;16727;2265;1087;141;46;2265;1087;2406;1087;2406;1133;2265;1133;Transfer;AAAAAAAA;PMODE;PAYMENT_MODE;Payment Mode
invoice-133.tiff;1;1;2480;3508;16704;124;1092;118;48;124;1092;242;1092;242;1140;124;1140;Alford;AAAAAA;SHN;SHIPPING_NAME;Shipping Name
invoice-133.tiff;1;1;2480;3508;16705;253;1092;148;48;253;1092;401;1092;401;1140;253;1140;Parisian;AAAAAAAA;SHN;SHIPPING_NAME;Shipping Name
invoice-133.tiff;1;1;2480;3508;16706;124;1140;52;45;124;1140;176;1140;176;1185;124;1185;25,;NNS;SHA;SHIPPING_ADDRESS;Shipping Address
invoice-133.tiff;1;1;2480;3508;16707;187;1140;55;45;187;1140;242;1140;242;1185;187;1185;rue;AAA;SHA;SHIPPING_ADDRESS;Shipping Address
invoice-133.tiff;1;1;2480;3508;16708;253;1140;32;45;253;1140;285;1140;285;1185;253;1185;la;AA;SHA;SHIPPING_ADDRESS;Shipping Address
invoice-133.tiff;1;1;2480;3508;16709;296;1140;171;45;296;1140;467;1140;467;1185;296;1185;campagne;AAAAAAAA;SHA;SHIPPING_ADDRESS;Shipping Address
invoice-133.tiff;1;1;2480;3508;16710;124;1185;104;45;124;1185;228;1185;228;1230;124;1230;61000;NNNNN;SHA;SHIPPING_ADDRESS;Shipping Address
invoice-133.tiff;1;1;2480;3508;16711;270;1185;449;45;270;1185;719;1185;719;1230;270;1230;Saint-Germain-du-Corbéis;AAAAASAAAAAAASAASAAAAAAA;SHA;SHIPPING_ADDRESS;Shipping Address
invoice-133.tiff;1;1;2480;3508;16712;124;1231;120;45;124;1231;244;1231;244;1276;124;1276;France;AAAAAA;SHA;SHIPPING_ADDRESS;Shipping Address
invoice-133.tiff;1;1;2480;3508;16728;156;1555;104;52;156;1555;260;1555;260;1607;156;1607;S.No.;ASAAS;undefined;OTHER;OTHER
invoice-133.tiff;1;1;2480;3508;16729;349;1555;175;52;349;1555;524;1555;524;1607;349;1607;Quantity;AAAAAAAA;undefined;OTHER;OTHER
invoice-133.tiff;1;1;2480;3508;16730;781;1555;157;52;781;1555;938;1555;938;1607;781;1607;Product;AAAAAAA;undefined;OTHER;OTHER
invoice-133.tiff;1;1;2480;3508;16731;950;1555;226;52;950;1555;1176;1555;1176;1607;950;1607;Description;AAAAAAAAAAA;undefined;OTHER;OTHER
invoice-133.tiff;1;1;2480;3508;16732;1420;1555;86;52;1420;1555;1506;1555;1506;1607;1420;1607;Unit;AAAA;undefined;OTHER;OTHER
invoice-133.tiff;1;1;2480;3508;16733;1518;1555;101;52;1518;1555;1619;1555;1619;1607;1518;1607;Price;AAAAA;undefined;OTHER;OTHER
invoice-133.tiff;1;1;2480;3508;16734;1712;1555;96;52;1712;1555;1808;1555;1808;1607;1712;1607;TVA;AAA;undefined;OTHER;OTHER
invoice-133.tiff;1;1;2480;3508;16735;1820;1555;91;52;1820;1555;1911;1555;1911;1607;1820;1607;Rate;AAAA;undefined;OTHER;OTHER
invoice-133.tiff;1;1;2480;3508;16736;2051;1555;104;52;2051;1555;2155;1555;2155;1607;2051;1607;Total;AAAAA;undefined;OTHER;OTHER
invoice-133.tiff;1;1;2480;3508;16737;197;1628;20;48;197;1628;217;1628;217;1676;197;1676;1;N;undefined;OTHER;OTHER
invoice-133.tiff;1;1;2480;3508;16738;427;1628;20;48;427;1628;447;1628;447;1676;427;1676;1;N;undefined;OTHER;OTHER
invoice-133.tiff;1;1;2480;3508;16739;583;1628;182;48;583;1628;765;1628;765;1676;583;1676;Cuisinière;AAAAAAAAAA;undefined;OTHER;OTHER
invoice-133.tiff;1;1;2480;3508;16740;776;1628;60;48;776;1628;836;1628;836;1676;776;1676;gaz;AAA;undefined;OTHER;OTHER
invoice-133.tiff;1;1;2480;3508;16741;847;1628;90;48;847;1628;937;1628;937;1676;847;1676;Listo;AAAAA;undefined;OTHER;OTHER
invoice-133.tiff;1;1;2480;3508;16742;947;1628;145;48;947;1628;1092;1628;1092;1676;947;1676;CG5050;AANNNN;undefined;OTHER;OTHER
invoice-133.tiff;1;1;2480;3508;16743;1104;1628;71;48;1104;1628;1175;1628;1175;1676;1104;1676;L2b;ANA;undefined;OTHER;OTHER
invoice-133.tiff;1;1;2480;3508;16744;1463;1628;114;48;1463;1628;1577;1628;1577;1676;1463;1676;149,99;NNNSNN;undefined;OTHER;OTHER
invoice-133.tiff;1;1;2480;3508;16745;1755;1628;114;48;1755;1628;1869;1628;1869;1676;1755;1676;20.0%;NNSNS;undefined;OTHER;OTHER
invoice-133.tiff;1;1;2480;3508;16746;2046;1628;114;48;2046;1628;2160;1628;2160;1676;2046;1676;149,99;NNNSNN;undefined;OTHER;OTHER
invoice-133.tiff;1;1;2480;3508;16747;197;1718;20;48;197;1718;217;1718;217;1766;197;1766;2;N;undefined;OTHER;OTHER
invoice-133.tiff;1;1;2480;3508;16748;427;1718;20;48;427;1718;447;1718;447;1766;427;1766;4;N;undefined;OTHER;OTHER
invoice-133.tiff;1;1;2480;3508;16749;583;1718;62;48;583;1718;645;1718;645;1766;583;1766;Jeu;AAA;undefined;OTHER;OTHER
invoice-133.tiff;1;1;2480;3508;16750;656;1718;94;48;656;1718;750;1718;750;1766;656;1766;Xbox;AAAA;undefined;OTHER;OTHER
invoice-133.tiff;1;1;2480;3508;16751;761;1718;74;48;761;1718;835;1718;835;1766;761;1766;One;AAA;undefined;OTHER;OTHER
invoice-133.tiff;1;1;2480;3508;16752;846;1718;162;48;846;1718;1008;1718;1008;1766;846;1766;Bethesda;AAAAAAAA;undefined;OTHER;OTHER
invoice-133.tiff;1;1;2480;3508;16753;1018;1718;127;48;1018;1718;1145;1718;1145;1766;1018;1766;Fallout;AAAAAAA;undefined;OTHER;OTHER
invoice-133.tiff;1;1;2480;3508;16754;1156;1718;20;48;1156;1718;1176;1718;1176;1766;1156;1766;4;N;undefined;OTHER;OTHER
invoice-133.tiff;1;1;2480;3508;16755;1473;1718;93;48;1473;1718;1566;1718;1566;1766;1473;1766;20,83;NNSNN;undefined;OTHER;OTHER
invoice-133.tiff;1;1;2480;3508;16756;1755;1718;114;48;1755;1718;1869;1718;1869;1766;1755;1766;20.0%;NNSNS;undefined;OTHER;OTHER
invoice-133.tiff;1;1;2480;3508;16757;2057;1718;93;48;2057;1718;2150;1718;2150;1766;2057;1766;83,30;NNSNN;undefined;OTHER;OTHER
invoice-133.tiff;1;1;2480;3508;16758;197;1808;20;48;197;1808;217;1808;217;1856;197;1856;3;N;undefined;OTHER;OTHER
invoice-133.tiff;1;1;2480;3508;16759;427;1808;20;48;427;1808;447;1808;447;1856;427;1856;4;N;undefined;OTHER;OTHER
invoice-133.tiff;1;1;2480;3508;16760;583;1808;145;48;583;1808;728;1808;728;1856;583;1856;Friteuse;AAAAAAAA;undefined;OTHER;OTHER
invoice-133.tiff;1;1;2480;3508;16761;739;1808;159;48;739;1808;898;1808;898;1856;739;1856;Magimix;AAAAAAA;undefined;OTHER;OTHER
invoice-133.tiff;1;1;2480;3508;16762;909;1808;104;48;909;1808;1013;1808;1013;1856;909;1856;11600;NNNNN;undefined;OTHER;OTHER
invoice-133.tiff;1;1;2480;3508;16763;1024;1808;87;48;1024;1808;1111;1808;1111;1856;1024;1856;PRO;AAA;undefined;OTHER;OTHER
invoice-133.tiff;1;1;2480;3508;16764;1122;1808;62;48;1122;1808;1184;1808;1184;1856;1122;1856;500;NNN;undefined;OTHER;OTHER
invoice-133.tiff;1;1;2480;3508;16765;1195;1808;25;48;1195;1808;1220;1808;1220;1856;1195;1856;F;A;undefined;OTHER;OTHER
invoice-133.tiff;1;1;2480;3508;16766;1463;1808;114;48;1463;1808;1577;1808;1577;1856;1463;1856;165,83;NNNSNN;undefined;OTHER;OTHER
invoice-133.tiff;1;1;2480;3508;16767;1755;1808;114;48;1755;1808;1869;1808;1869;1856;1755;1856;20.0%;NNSNS;undefined;OTHER;OTHER
invoice-133.tiff;1;1;2480;3508;16768;2046;1808;114;48;2046;1808;2160;1808;2160;1856;2046;1856;663,33;NNNSNN;undefined;OTHER;OTHER
invoice-133.tiff;1;1;2480;3508;16769;1999;1939;104;51;1999;1939;2103;1939;2103;1990;1999;1990;DISC;AAAA;undefined;OTHER;OTHER
invoice-133.tiff;1;1;2480;3508;16770;2125;1939;72;46;2125;1939;2197;1939;2197;1985;2125;1985;0,00;NSNN;undefined;OTHER;OTHER
invoice-133.tiff;1;1;2480;3508;16771;1944;1990;96;51;1944;1990;2040;1990;2040;2041;1944;2041;Total;AAAAA;undefined;OTHER;OTHER
invoice-133.tiff;1;1;2480;3508;16772;2083;1990;114;46;2083;1990;2197;1990;2197;2036;2083;2036;896,62;NNNSNN;TWTX;TOTAL_WITHOUT_TAX;TWTXS
invoice-133.tiff;1;1;2480;3508;16773;1869;2042;94;51;1869;2042;1963;2042;1963;2093;1869;2093;TVA;AAA;undefined;OTHER;OTHER
invoice-133.tiff;1;1;2480;3508;16774;1975;2042;84;51;1975;2042;2059;2042;2059;2093;1975;2093;Rate;AAAA;undefined;OTHER;OTHER
invoice-133.tiff;1;1;2480;3508;16775;2100;2042;107;46;2100;2042;2207;2042;2207;2088;2100;2088;20.0%;NNSNS;TXR;TAX_RATE;Tax Rate
invoice-133.tiff;1;1;2480;3508;16776;1808;2093;71;51;1808;2093;1879;2093;1879;2144;1808;2144;Tax;AAA;undefined;OTHER;OTHER
invoice-133.tiff;1;1;2480;3508;16777;1891;2093;150;51;1891;2093;2041;2093;2041;2144;1891;2144;Amount;AAAAAA;undefined;OTHER;OTHER
invoice-133.tiff;1;1;2480;3508;16778;2083;2093;114;46;2083;2093;2197;2093;2197;2139;2083;2139;179,33;NNNSNN;TTX;TOTAL_TAX;Total Tax
invoice-133.tiff;1;1;2480;3508;16779;1745;2144;150;51;1745;2144;1895;2144;1895;2195;1745;2195;Amount;AAAAAA;undefined;OTHER;OTHER
invoice-133.tiff;1;1;2480;3508;16780;1907;2144;35;51;1907;2144;1942;2144;1942;2195;1907;2195;to;AA;undefined;OTHER;OTHER
invoice-133.tiff;1;1;2480;3508;16781;1954;2144;66;51;1954;2144;2020;2144;2020;2195;1954;2195;pay;AAA;undefined;OTHER;OTHER
invoice-133.tiff;1;1;2480;3508;16782;2062;2144;135;46;2062;2144;2197;2144;2197;2190;2062;2190;1075,95;NNNNSNN;TA;TOTAL_AMOUNT;Total with TAX
invoice-133.tiff;1;1;2480;3508;16783;124;3175;50;48;124;3175;174;3175;174;3223;124;3223;2A;NA;SN;SUPPLIER_NAME;Seller/Company) name
invoice-133.tiff;1;1;2480;3508;16784;186;3175;57;48;186;3175;243;3175;243;3223;186;3223;LA;AA;SN;SUPPLIER_NAME;Seller/Company) name
invoice-133.tiff;1;1;2480;3508;16785;254;3175;115;48;254;3175;369;3175;369;3223;254;3223;MAIN;AAAA;SN;SUPPLIER_NAME;Seller/Company) name
invoice-133.tiff;1;1;2480;3508;16786;380;3175;236;48;380;3175;616;3175;616;3223;380;3223;VERTE-LES;AAAAASAAA;SN;SUPPLIER_NAME;Seller/Company) name
invoice-133.tiff;1;1;2480;3508;16787;627;3175;222;48;627;3175;849;3175;849;3223;627;3223;PAYSAGES;AAAAAAAA;SN;SUPPLIER_NAME;Seller/Company) name
invoice-133.tiff;1;1;2480;3508;16788;859;3175;141;48;859;3175;1000;3175;1000;3223;859;3223;GIRON;AAAAA;SN;SUPPLIER_NAME;Seller/Company) name
invoice-133.tiff;1;1;2480;3508;16789;124;3223;81;45;124;3223;205;3223;205;3268;124;3268;RUE;AAA;SA;SUPPLIER_ADDRESS;Seller Address
invoice-133.tiff;1;1;2480;3508;16790;216;3223;231;45;216;3223;447;3223;447;3268;216;3268;FERDINAND;AAAAAAAAA;SA;SUPPLIER_ADDRESS;Seller Address
invoice-133.tiff;1;1;2480;3508;16791;458;3223;55;45;458;3223;513;3223;513;3268;458;3268;DE;AA;SA;SUPPLIER_ADDRESS;Seller Address
invoice-133.tiff;1;1;2480;3508;16792;524;3223;162;45;524;3223;686;3223;686;3268;524;3268;LESSEPS;AAAAAAA;SA;SUPPLIER_ADDRESS;Seller Address
invoice-133.tiff;1;1;2480;3508;16793;694;3223;104;45;694;3223;798;3223;798;3268;694;3268;33610;NNNNN;SA;SUPPLIER_ADDRESS;Seller Address
invoice-133.tiff;1;1;2480;3508;16794;807;3223;178;45;807;3223;985;3223;985;3268;807;3268;CANEJAN;AAAAAAA;SA;SUPPLIER_ADDRESS;Seller Address
invoice-133.tiff;1;1;2480;3508;16795;993;3223;157;45;993;3223;1150;3223;1150;3268;993;3268;FRANCE;AAAAAA;SA;SUPPLIER_ADDRESS;Seller Address
