src;num_pages;page_id;page_width;page_height;id;col;row;width;height;x1;y1;x2;y2;x3;y3;x4;y4;contents;contents_masked;correctclass;tag;description
invoice-231.tiff;1;1;2480;3508;28970;124;62;374;175;124;62;498;62;498;237;124;237;common/logo;AAAAAASAAAA;img;IMAGE;Image
invoice-231.tiff;1;1;2480;3508;28971;750;237;215;48;750;237;965;237;965;285;750;285;MAVI-BAT;AAAASAAA;SN;SUPPLIER_NAME;Seller/Company) name
invoice-231.tiff;1;1;2480;3508;28972;750;285;41;45;750;285;791;285;791;330;750;330;12;NN;SA;SUPPLIER_ADDRESS;Seller Address
invoice-231.tiff;1;1;2480;3508;28973;802;285;81;45;802;285;883;285;883;330;802;330;RUE;AAA;SA;SUPPLIER_ADDRESS;Seller Address
invoice-231.tiff;1;1;2480;3508;28974;893;285;97;45;893;285;990;285;990;330;893;330;JEAN;AAAA;SA;SUPPLIER_ADDRESS;Seller Address
invoice-231.tiff;1;1;2480;3508;28975;1001;285;189;45;1001;285;1190;285;1190;330;1001;330;CHARCOT;AAAAAAA;SA;SUPPLIER_ADDRESS;Seller Address
invoice-231.tiff;1;1;2480;3508;28976;1199;285;13;45;1199;285;1212;285;1212;330;1199;330;-;S;SA;SUPPLIER_ADDRESS;Seller Address
invoice-231.tiff;1;1;2480;3508;28977;1223;285;104;45;1223;285;1327;285;1327;330;1223;330;93600;NNNNN;SA;SUPPLIER_ADDRESS;Seller Address
invoice-231.tiff;1;1;2480;3508;28978;1346;285;155;45;1346;285;1501;285;1501;330;1346;330;AULNAY;AAAAAA;SA;SUPPLIER_ADDRESS;Seller Address
invoice-231.tiff;1;1;2480;3508;28979;1512;285;101;45;1512;285;1613;285;1613;330;1512;330;SOUS;AAAA;SA;SUPPLIER_ADDRESS;Seller Address
invoice-231.tiff;1;1;2480;3508;28980;1624;285;90;45;1624;285;1714;285;1714;330;1624;330;BOIS;AAAA;SA;SUPPLIER_ADDRESS;Seller Address
invoice-231.tiff;1;1;2480;3508;28981;1722;285;13;45;1722;285;1735;285;1735;330;1722;330;-;S;SA;SUPPLIER_ADDRESS;Seller Address
invoice-231.tiff;1;1;2480;3508;28982;1747;285;157;45;1747;285;1904;285;1904;330;1747;330;FRANCE;AAAAAA;SA;SUPPLIER_ADDRESS;Seller Address
invoice-231.tiff;1;1;2480;3508;28983;750;331;87;45;750;331;837;331;837;376;750;376;Siren;AAAAA;undefined;OTHER;OTHER
invoice-231.tiff;1;1;2480;3508;28984;854;331;62;45;854;331;916;331;916;376;854;376;352;NNN;SCID;SUPPLIER_ID;Seller Identifier Number (Siren)
invoice-231.tiff;1;1;2480;3508;28985;927;331;62;45;927;331;989;331;989;376;927;376;050;NNN;SCID;SUPPLIER_ID;Seller Identifier Number (Siren)
invoice-231.tiff;1;1;2480;3508;28986;1000;331;62;45;1000;331;1062;331;1062;376;1000;376;968;NNN;SCID;SUPPLIER_ID;Seller Identifier Number (Siren)
invoice-231.tiff;1;1;2480;3508;28987;1087;331;74;45;1087;331;1161;331;1161;376;1087;376;VAT;AAA;undefined;OTHER;OTHER
invoice-231.tiff;1;1;2480;3508;28988;1178;331;50;45;1178;331;1228;331;1228;376;1178;376;FR;AA;SVAT;SUPPLIER_VAT;Seller Vat Number/TVA
invoice-231.tiff;1;1;2480;3508;28989;1240;331;41;45;1240;331;1281;331;1281;376;1240;376;38;NN;SVAT;SUPPLIER_VAT;Seller Vat Number/TVA
invoice-231.tiff;1;1;2480;3508;28990;1292;331;62;45;1292;331;1354;331;1354;376;1292;376;352;NNN;SVAT;SUPPLIER_VAT;Seller Vat Number/TVA
invoice-231.tiff;1;1;2480;3508;28991;1365;331;62;45;1365;331;1427;331;1427;376;1365;376;050;NNN;SVAT;SUPPLIER_VAT;Seller Vat Number/TVA
invoice-231.tiff;1;1;2480;3508;28992;1437;331;62;45;1437;331;1499;331;1499;376;1437;376;968;NNN;SVAT;SUPPLIER_VAT;Seller Vat Number/TVA
invoice-231.tiff;1;1;2480;3508;28993;750;377;106;45;750;377;856;377;856;422;750;422;Phone;AAAAA;undefined;OTHER;OTHER
invoice-231.tiff;1;1;2480;3508;28994;881;377;249;45;881;377;1130;377;1130;422;881;422;01.35.26.08.71;NNSNNSNNSNNSNN;SCN;SUPPLIER_CONTACT_NUMBER;Seller Contact Number
invoice-231.tiff;1;1;2480;3508;28995;1173;377;64;45;1173;377;1237;377;1237;422;1173;422;Fax;AAA;undefined;OTHER;OTHER
invoice-231.tiff;1;1;2480;3508;28996;1262;377;249;45;1262;377;1511;377;1511;422;1262;422;01.35.26.27.58;NNSNNSNNSNNSNN;SFAX;SUPPLIER_FAX_NUMBER;Seller Fax Number
invoice-231.tiff;1;1;2480;3508;28997;124;749;141;57;124;749;265;749;265;806;124;806;Billing;AAAAAAA;undefined;OTHER;OTHER
invoice-231.tiff;1;1;2480;3508;28998;279;749;175;57;279;749;454;749;454;806;279;806;Address;AAAAAAA;undefined;OTHER;OTHER
invoice-231.tiff;1;1;2480;3508;28999;124;807;129;48;124;807;253;807;253;855;124;855;Amalia;AAAAAA;BN;BILLING_NAME;Billing Name
invoice-231.tiff;1;1;2480;3508;29000;265;807;150;48;265;807;415;807;415;855;265;855;Padberg;AAAAAAA;BN;BILLING_NAME;Billing Name
invoice-231.tiff;1;1;2480;3508;29001;124;855;93;45;124;855;217;855;217;900;124;900;5679,;NNNNS;BA;BILLING_ADDRESS;Billing Address
invoice-231.tiff;1;1;2480;3508;29002;229;855;187;45;229;855;416;855;416;900;229;900;lotissement;AAAAAAAAAAA;BA;BILLING_ADDRESS;Billing Address
invoice-231.tiff;1;1;2480;3508;29003;427;855;46;45;427;855;473;855;473;900;427;900;les;AAA;BA;BILLING_ADDRESS;Billing Address
invoice-231.tiff;1;1;2480;3508;29004;483;855;129;45;483;855;612;855;612;900;483;900;coteaux;AAAAAAA;BA;BILLING_ADDRESS;Billing Address
invoice-231.tiff;1;1;2480;3508;29005;623;855;41;45;623;855;664;855;664;900;623;900;du;AA;BA;BILLING_ADDRESS;Billing Address
invoice-231.tiff;1;1;2480;3508;29006;675;855;99;45;675;855;774;855;774;900;675;900;bourg;AAAAA;BA;BILLING_ADDRESS;Billing Address
invoice-231.tiff;1;1;2480;3508;29023;1541;866;142;52;1541;866;1683;866;1683;918;1541;918;Invoice;AAAAAAA;undefined;OTHER;OTHER
invoice-231.tiff;1;1;2480;3508;29024;1695;866;162;52;1695;866;1857;866;1857;918;1695;918;Number;AAAAAA;undefined;OTHER;OTHER
invoice-231.tiff;1;1;2480;3508;29025;2166;866;324;46;2166;866;2490;866;2490;912;2166;912;AK-LX-627755-15;AASAASNNNNNNSNN;IN;INVOICE_NUMBER;Invoice Number
invoice-231.tiff;1;1;2480;3508;29007;124;901;104;45;124;901;228;901;228;946;124;946;42330;NNNNN;BA;BILLING_ADDRESS;Billing Address
invoice-231.tiff;1;1;2480;3508;29008;270;901;115;45;270;901;385;901;385;946;270;946;Cuzieu;AAAAAA;BA;BILLING_ADDRESS;Billing Address
invoice-231.tiff;1;1;2480;3508;29026;1541;939;142;52;1541;939;1683;939;1683;991;1541;991;Invoice;AAAAAAA;undefined;OTHER;OTHER
invoice-231.tiff;1;1;2480;3508;29027;1695;939;91;52;1695;939;1786;939;1786;991;1695;991;Date;AAAA;undefined;OTHER;OTHER
invoice-231.tiff;1;1;2480;3508;29028;2166;939;60;46;2166;939;2226;939;2226;985;2166;985;ago;AAA;IDATE;INVOICE_DATE;Invoice Date
invoice-231.tiff;1;1;2480;3508;29029;2237;939;52;46;2237;939;2289;939;2289;985;2237;985;15,;NNS;IDATE;INVOICE_DATE;Invoice Date
invoice-231.tiff;1;1;2480;3508;29030;2299;939;83;46;2299;939;2382;939;2382;985;2299;985;1991;NNNN;IDATE;INVOICE_DATE;Invoice Date
invoice-231.tiff;1;1;2480;3508;29009;124;946;120;45;124;946;244;946;244;991;124;991;France;AAAAAA;BA;BILLING_ADDRESS;Billing Address
invoice-231.tiff;1;1;2480;3508;29031;1541;1013;119;52;1541;1013;1660;1013;1660;1065;1541;1065;Client;AAAAAA;undefined;OTHER;OTHER
invoice-231.tiff;1;1;2480;3508;29032;1672;1013;162;52;1672;1013;1834;1013;1834;1065;1672;1065;Number;AAAAAA;undefined;OTHER;OTHER
invoice-231.tiff;1;1;2480;3508;29033;2166;1013;273;46;2166;1013;2439;1013;2439;1059;2166;1059;DM-GG-038-71;AASAASNNNSNN;CNUM;CLIENT_NUMBER;Client Number
invoice-231.tiff;1;1;2480;3508;29010;124;1034;191;57;124;1034;315;1034;315;1091;124;1091;Shipping;AAAAAAAA;undefined;OTHER;OTHER
invoice-231.tiff;1;1;2480;3508;29011;329;1034;175;57;329;1034;504;1034;504;1091;329;1091;Address;AAAAAAA;undefined;OTHER;OTHER
invoice-231.tiff;1;1;2480;3508;29034;1541;1087;173;52;1541;1087;1714;1087;1714;1139;1541;1139;Payment;AAAAAAA;undefined;OTHER;OTHER
invoice-231.tiff;1;1;2480;3508;29035;1726;1087;124;52;1726;1087;1850;1087;1850;1139;1726;1139;means;AAAAA;undefined;OTHER;OTHER
invoice-231.tiff;1;1;2480;3508;29036;2166;1087;104;46;2166;1087;2270;1087;2270;1133;2166;1133;Credit;AAAAAA;PMODE;PAYMENT_MODE;Payment Mode
invoice-231.tiff;1;1;2480;3508;29037;2281;1087;71;46;2281;1087;2352;1087;2352;1133;2281;1133;card;AAAA;PMODE;PAYMENT_MODE;Payment Mode
invoice-231.tiff;1;1;2480;3508;29012;124;1092;129;48;124;1092;253;1092;253;1140;124;1140;Amalia;AAAAAA;SHN;SHIPPING_NAME;Shipping Name
invoice-231.tiff;1;1;2480;3508;29013;265;1092;150;48;265;1092;415;1092;415;1140;265;1140;Padberg;AAAAAAA;SHN;SHIPPING_NAME;Shipping Name
invoice-231.tiff;1;1;2480;3508;29014;124;1140;93;45;124;1140;217;1140;217;1185;124;1185;5679,;NNNNS;SHA;SHIPPING_ADDRESS;Shipping Address
invoice-231.tiff;1;1;2480;3508;29015;229;1140;187;45;229;1140;416;1140;416;1185;229;1185;lotissement;AAAAAAAAAAA;SHA;SHIPPING_ADDRESS;Shipping Address
invoice-231.tiff;1;1;2480;3508;29016;427;1140;46;45;427;1140;473;1140;473;1185;427;1185;les;AAA;SHA;SHIPPING_ADDRESS;Shipping Address
invoice-231.tiff;1;1;2480;3508;29017;483;1140;129;45;483;1140;612;1140;612;1185;483;1185;coteaux;AAAAAAA;SHA;SHIPPING_ADDRESS;Shipping Address
invoice-231.tiff;1;1;2480;3508;29018;623;1140;41;45;623;1140;664;1140;664;1185;623;1185;du;AA;SHA;SHIPPING_ADDRESS;Shipping Address
invoice-231.tiff;1;1;2480;3508;29019;675;1140;99;45;675;1140;774;1140;774;1185;675;1185;bourg;AAAAA;SHA;SHIPPING_ADDRESS;Shipping Address
invoice-231.tiff;1;1;2480;3508;29020;124;1185;104;45;124;1185;228;1185;228;1230;124;1230;42330;NNNNN;SHA;SHIPPING_ADDRESS;Shipping Address
invoice-231.tiff;1;1;2480;3508;29021;270;1185;115;45;270;1185;385;1185;385;1230;270;1230;Cuzieu;AAAAAA;SHA;SHIPPING_ADDRESS;Shipping Address
invoice-231.tiff;1;1;2480;3508;29022;124;1231;120;45;124;1231;244;1231;244;1276;124;1276;France;AAAAAA;SHA;SHIPPING_ADDRESS;Shipping Address
invoice-231.tiff;1;1;2480;3508;29038;440;1555;244;52;440;1555;684;1555;684;1607;440;1607;Descriptions;AAAAAAAAAAAA;undefined;OTHER;OTHER
invoice-231.tiff;1;1;2480;3508;29039;1088;1555;73;52;1088;1555;1161;1555;1161;1607;1088;1607;Qty;AAA;undefined;OTHER;OTHER
invoice-231.tiff;1;1;2480;3508;29040;1374;1555;84;52;1374;1555;1458;1555;1458;1607;1374;1607;U.P.;ASAS;undefined;OTHER;OTHER
invoice-231.tiff;1;1;2480;3508;29041;1646;1555;206;52;1646;1555;1852;1555;1852;1607;1646;1607;VAT/TVA;AAASAAA;undefined;OTHER;OTHER
invoice-231.tiff;1;1;2480;3508;29042;2003;1555;160;52;2003;1555;2163;1555;2163;1607;2003;1607;Amount;AAAAAA;undefined;OTHER;OTHER
invoice-231.tiff;1;1;2480;3508;29043;124;1628;57;48;124;1628;181;1628;181;1676;124;1676;Kit;AAA;undefined;OTHER;OTHER
invoice-231.tiff;1;1;2480;3508;29044;193;1628;41;48;193;1628;234;1628;234;1676;193;1676;de;AA;undefined;OTHER;OTHER
invoice-231.tiff;1;1;2480;3508;29045;245;1628;182;48;245;1628;427;1628;427;1676;245;1676;protection;AAAAAAAAAA;undefined;OTHER;OTHER
invoice-231.tiff;1;1;2480;3508;29046;438;1628;83;48;438;1628;521;1628;521;1676;438;1676;Hori;AAAA;undefined;OTHER;OTHER
invoice-231.tiff;1;1;2480;3508;29047;532;1628;57;48;532;1628;589;1628;589;1676;532;1676;Kit;AAA;undefined;OTHER;OTHER
invoice-231.tiff;1;1;2480;3508;29048;600;1628;41;48;600;1628;641;1628;641;1676;600;1676;de;AA;undefined;OTHER;OTHER
invoice-231.tiff;1;1;2480;3508;29049;652;1628;168;48;652;1628;820;1628;820;1676;652;1676;transport;AAAAAAAAA;undefined;OTHER;OTHER
invoice-231.tiff;1;1;2480;3508;29050;832;1628;101;48;832;1628;933;1628;933;1676;832;1676;Zelda;AAAAA;undefined;OTHER;OTHER
invoice-231.tiff;1;1;2480;3508;29052;1114;1628;20;48;1114;1628;1134;1628;1134;1676;1114;1676;2;N;undefined;OTHER;OTHER
invoice-231.tiff;1;1;2480;3508;29053;1322;1628;93;48;1322;1628;1415;1628;1415;1676;1322;1676;24,99;NNSNN;undefined;OTHER;OTHER
invoice-231.tiff;1;1;2480;3508;29054;1427;1628;83;48;1427;1628;1510;1628;1510;1676;1427;1676;USD;AAA;undefined;OTHER;OTHER
invoice-231.tiff;1;1;2480;3508;29055;1692;1628;114;48;1692;1628;1806;1628;1806;1676;1692;1676;20.0%;NNSNS;undefined;OTHER;OTHER
invoice-231.tiff;1;1;2480;3508;29056;1989;1628;93;48;1989;1628;2082;1628;2082;1676;1989;1676;49,98;NNSNN;undefined;OTHER;OTHER
invoice-231.tiff;1;1;2480;3508;29057;2093;1628;83;48;2093;1628;2176;1628;2176;1676;2093;1676;USD;AAA;undefined;OTHER;OTHER
invoice-231.tiff;1;1;2480;3508;29051;124;1676;120;48;124;1676;244;1676;244;1724;124;1724;Switch;AAAAAA;undefined;OTHER;OTHER
invoice-231.tiff;1;1;2480;3508;29058;124;1766;104;48;124;1766;228;1766;228;1814;124;1814;Barre;AAAAA;undefined;OTHER;OTHER
invoice-231.tiff;1;1;2480;3508;29059;239;1766;41;48;239;1766;280;1766;280;1814;239;1814;de;AA;undefined;OTHER;OTHER
invoice-231.tiff;1;1;2480;3508;29060;291;1766;60;48;291;1766;351;1766;351;1814;291;1814;son;AAA;undefined;OTHER;OTHER
invoice-231.tiff;1;1;2480;3508;29061;362;1766;150;48;362;1766;512;1766;512;1814;362;1814;Yamaha;AAAAAA;undefined;OTHER;OTHER
invoice-231.tiff;1;1;2480;3508;29062;523;1766;189;48;523;1766;712;1766;712;1814;523;1814;MusicCast;AAAAAAAAA;undefined;OTHER;OTHER
invoice-231.tiff;1;1;2480;3508;29063;723;1766;162;48;723;1766;885;1766;885;1814;723;1814;YSP2700;AAANNNN;undefined;OTHER;OTHER
invoice-231.tiff;1;1;2480;3508;29065;1114;1766;20;48;1114;1766;1134;1766;1134;1814;1114;1814;4;N;undefined;OTHER;OTHER
invoice-231.tiff;1;1;2480;3508;29066;1312;1766;114;48;1312;1766;1426;1766;1426;1814;1312;1814;991,66;NNNSNN;undefined;OTHER;OTHER
invoice-231.tiff;1;1;2480;3508;29067;1437;1766;83;48;1437;1766;1520;1766;1520;1814;1437;1814;USD;AAA;undefined;OTHER;OTHER
invoice-231.tiff;1;1;2480;3508;29068;1692;1766;114;48;1692;1766;1806;1766;1806;1814;1692;1814;20.0%;NNSNS;undefined;OTHER;OTHER
invoice-231.tiff;1;1;2480;3508;29069;1968;1766;135;48;1968;1766;2103;1766;2103;1814;1968;1814;3966,63;NNNNSNN;undefined;OTHER;OTHER
invoice-231.tiff;1;1;2480;3508;29070;2114;1766;83;48;2114;1766;2197;1766;2197;1814;2114;1814;USD;AAA;undefined;OTHER;OTHER
invoice-231.tiff;1;1;2480;3508;29064;124;1814;155;48;124;1814;279;1814;279;1862;124;1862;SILVER;AAAAAA;undefined;OTHER;OTHER
invoice-231.tiff;1;1;2480;3508;29071;124;1904;62;48;124;1904;186;1904;186;1952;124;1952;Jeu;AAA;undefined;OTHER;OTHER
invoice-231.tiff;1;1;2480;3508;29072;197;1904;94;48;197;1904;291;1904;291;1952;197;1952;Xbox;AAAA;undefined;OTHER;OTHER
invoice-231.tiff;1;1;2480;3508;29073;303;1904;74;48;303;1904;377;1904;377;1952;303;1952;One;AAA;undefined;OTHER;OTHER
invoice-231.tiff;1;1;2480;3508;29074;387;1904;90;48;387;1904;477;1904;477;1952;387;1952;Take;AAAA;undefined;OTHER;OTHER
invoice-231.tiff;1;1;2480;3508;29075;488;1904;20;48;488;1904;508;1904;508;1952;488;1952;2;N;undefined;OTHER;OTHER
invoice-231.tiff;1;1;2480;3508;29076;519;1904;106;48;519;1904;625;1904;625;1952;519;1952;Mafia;AAAAA;undefined;OTHER;OTHER
invoice-231.tiff;1;1;2480;3508;29077;636;1904;20;48;636;1904;656;1904;656;1952;636;1952;3;N;undefined;OTHER;OTHER
invoice-231.tiff;1;1;2480;3508;29078;1114;1904;20;48;1114;1904;1134;1904;1134;1952;1114;1952;2;N;undefined;OTHER;OTHER
invoice-231.tiff;1;1;2480;3508;29079;1333;1904;72;48;1333;1904;1405;1904;1405;1952;1333;1952;8,32;NSNN;undefined;OTHER;OTHER
invoice-231.tiff;1;1;2480;3508;29080;1416;1904;83;48;1416;1904;1499;1904;1499;1952;1416;1952;USD;AAA;undefined;OTHER;OTHER
invoice-231.tiff;1;1;2480;3508;29081;1692;1904;114;48;1692;1904;1806;1904;1806;1952;1692;1952;20.0%;NNSNS;undefined;OTHER;OTHER
invoice-231.tiff;1;1;2480;3508;29082;1989;1904;93;48;1989;1904;2082;1904;2082;1952;1989;1952;16,65;NNSNN;undefined;OTHER;OTHER
invoice-231.tiff;1;1;2480;3508;29083;2093;1904;83;48;2093;1904;2176;1904;2176;1952;2093;1952;USD;AAA;undefined;OTHER;OTHER
invoice-231.tiff;1;1;2480;3508;29084;124;1994;289;48;124;1994;413;1994;413;2042;124;2042;Programmateur;AAAAAAAAAAAAA;undefined;OTHER;OTHER
invoice-231.tiff;1;1;2480;3508;29085;424;1994;155;48;424;1994;579;1994;579;2042;424;2042;arrosage;AAAAAAAA;undefined;OTHER;OTHER
invoice-231.tiff;1;1;2480;3508;29086;590;1994;145;48;590;1994;735;1994;735;2042;590;2042;Greeniq;AAAAAAA;undefined;OTHER;OTHER
invoice-231.tiff;1;1;2480;3508;29087;746;1994;104;48;746;1994;850;1994;850;2042;746;2042;Wi-Fi;AASAA;undefined;OTHER;OTHER
invoice-231.tiff;1;1;2480;3508;29088;860;1994;20;48;860;1994;880;1994;880;2042;860;2042;6;N;undefined;OTHER;OTHER
invoice-231.tiff;1;1;2480;3508;29089;892;1994;97;48;892;1994;989;1994;989;2042;892;2042;zones;AAAAA;undefined;OTHER;OTHER
invoice-231.tiff;1;1;2480;3508;29091;1114;1994;20;48;1114;1994;1134;1994;1134;2042;1114;2042;2;N;undefined;OTHER;OTHER
invoice-231.tiff;1;1;2480;3508;29092;1312;1994;114;48;1312;1994;1426;1994;1426;2042;1312;2042;190,83;NNNSNN;undefined;OTHER;OTHER
invoice-231.tiff;1;1;2480;3508;29093;1437;1994;83;48;1437;1994;1520;1994;1520;2042;1437;2042;USD;AAA;undefined;OTHER;OTHER
invoice-231.tiff;1;1;2480;3508;29094;1692;1994;114;48;1692;1994;1806;1994;1806;2042;1692;2042;20.0%;NNSNS;undefined;OTHER;OTHER
invoice-231.tiff;1;1;2480;3508;29095;1979;1994;114;48;1979;1994;2093;1994;2093;2042;1979;2042;381,67;NNNSNN;undefined;OTHER;OTHER
invoice-231.tiff;1;1;2480;3508;29096;2104;1994;83;48;2104;1994;2187;1994;2187;2042;2104;2042;USD;AAA;undefined;OTHER;OTHER
invoice-231.tiff;1;1;2480;3508;29090;124;2042;219;48;124;2042;343;2042;343;2090;124;2090;Smartphone;AAAAAAAAAA;undefined;OTHER;OTHER
invoice-231.tiff;1;1;2480;3508;29097;1787;2173;150;51;1787;2173;1937;2173;1937;2224;1787;2224;Amount;AAAAAA;undefined;OTHER;OTHER
invoice-231.tiff;1;1;2480;3508;29098;1979;2173;135;46;1979;2173;2114;2173;2114;2219;1979;2219;4414,93;NNNNSNN;TWTX;TOTAL_WITHOUT_TAX;TWTXS
invoice-231.tiff;1;1;2480;3508;29099;2125;2173;83;46;2125;2173;2208;2173;2208;2219;2125;2219;USD;AAA;TWTX;TOTAL_WITHOUT_TAX;TWTXS
invoice-231.tiff;1;1;2480;3508;29100;1857;2224;201;51;1857;2224;2058;2224;2058;2275;1857;2275;VAT/TVA;AAASAAA;undefined;OTHER;OTHER
invoice-231.tiff;1;1;2480;3508;29101;2100;2224;107;46;2100;2224;2207;2224;2207;2270;2100;2270;20.0%;NNSNS;TXR;TAX_RATE;Tax Rate
invoice-231.tiff;1;1;2480;3508;29102;1702;2275;94;51;1702;2275;1796;2275;1796;2326;1702;2326;TVA;AAA;undefined;OTHER;OTHER
invoice-231.tiff;1;1;2480;3508;29103;1808;2275;150;51;1808;2275;1958;2275;1958;2326;1808;2326;Amount;AAAAAA;undefined;OTHER;OTHER
invoice-231.tiff;1;1;2480;3508;29104;1999;2275;114;46;1999;2275;2113;2275;2113;2321;1999;2321;882,99;NNNSNN;TTX;TOTAL_TAX;Total Tax
invoice-231.tiff;1;1;2480;3508;29105;2125;2275;83;46;2125;2275;2208;2275;2208;2321;2125;2321;USD;AAA;TTX;TOTAL_TAX;Total Tax
invoice-231.tiff;1;1;2480;3508;29106;1679;2327;96;51;1679;2327;1775;2327;1775;2378;1679;2378;Total;AAAAA;undefined;OTHER;OTHER
invoice-231.tiff;1;1;2480;3508;29107;1787;2327;150;51;1787;2327;1937;2327;1937;2378;1787;2378;Amount;AAAAAA;undefined;OTHER;OTHER
invoice-231.tiff;1;1;2480;3508;29108;1979;2327;135;46;1979;2327;2114;2327;2114;2373;1979;2373;5297,92;NNNNSNN;TA;TOTAL_AMOUNT;Total with TAX
invoice-231.tiff;1;1;2480;3508;29109;2125;2327;83;46;2125;2327;2208;2327;2208;2373;2125;2373;USD;AAA;TA;TOTAL_AMOUNT;Total with TAX
invoice-231.tiff;1;1;2480;3508;29110;1079;3175;215;48;1079;3175;1294;3175;1294;3223;1079;3223;MAVI-BAT;AAAASAAA;SN;SUPPLIER_NAME;Seller/Company) name
invoice-231.tiff;1;1;2480;3508;29111;635;3223;41;45;635;3223;676;3223;676;3268;635;3268;12;NN;SA;SUPPLIER_ADDRESS;Seller Address
invoice-231.tiff;1;1;2480;3508;29112;687;3223;81;45;687;3223;768;3223;768;3268;687;3268;RUE;AAA;SA;SUPPLIER_ADDRESS;Seller Address
invoice-231.tiff;1;1;2480;3508;29113;779;3223;97;45;779;3223;876;3223;876;3268;779;3268;JEAN;AAAA;SA;SUPPLIER_ADDRESS;Seller Address
invoice-231.tiff;1;1;2480;3508;29114;886;3223;189;45;886;3223;1075;3223;1075;3268;886;3268;CHARCOT;AAAAAAA;SA;SUPPLIER_ADDRESS;Seller Address
invoice-231.tiff;1;1;2480;3508;29115;1084;3223;104;45;1084;3223;1188;3223;1188;3268;1084;3268;93600;NNNNN;SA;SUPPLIER_ADDRESS;Seller Address
invoice-231.tiff;1;1;2480;3508;29116;1197;3223;155;45;1197;3223;1352;3223;1352;3268;1197;3268;AULNAY;AAAAAA;SA;SUPPLIER_ADDRESS;Seller Address
invoice-231.tiff;1;1;2480;3508;29117;1362;3223;101;45;1362;3223;1463;3223;1463;3268;1362;3268;SOUS;AAAA;SA;SUPPLIER_ADDRESS;Seller Address
invoice-231.tiff;1;1;2480;3508;29118;1475;3223;90;45;1475;3223;1565;3223;1565;3268;1475;3268;BOIS;AAAA;SA;SUPPLIER_ADDRESS;Seller Address
invoice-231.tiff;1;1;2480;3508;29119;1573;3223;157;45;1573;3223;1730;3223;1730;3268;1573;3268;FRANCE;AAAAAA;SA;SUPPLIER_ADDRESS;Seller Address
