src;num_pages;page_id;page_width;page_height;id;col;row;width;height;x1;y1;x2;y2;x3;y3;x4;y4;contents;contents_masked;correctclass;tag;description
invoice-1187.tiff;1;1;2480;3508;145468;1541;62;178;175;1541;62;1719;62;1719;237;1541;237;common/logo;AAAAAASAAAA;img;IMAGE;Image
invoice-1187.tiff;1;1;2480;3508;145465;124;270;155;57;124;270;279;270;279;327;124;327;Invoice;AAAAAAA;undefined;OTHER;OTHER
invoice-1187.tiff;1;1;2480;3508;145466;293;270;55;57;293;270;348;270;348;327;293;327;ID;AA;undefined;OTHER;OTHER
invoice-1187.tiff;1;1;2480;3508;145467;411;270;180;50;411;270;591;270;591;320;411;320;INV-1822;AAASNNNN;IN;INVOICE_NUMBER;Invoice Number
invoice-1187.tiff;1;1;2480;3508;145469;1541;412;236;48;1541;412;1777;412;1777;460;1541;460;INTERIEUR;AAAAAAAAA;SN;SUPPLIER_NAME;Seller/Company) name
invoice-1187.tiff;1;1;2480;3508;145470;1788;412;83;48;1788;412;1871;412;1871;460;1788;460;SUD;AAA;SN;SUPPLIER_NAME;Seller/Company) name
invoice-1187.tiff;1;1;2480;3508;145471;1541;460;20;45;1541;460;1561;460;1561;505;1541;505;2;N;SA;SUPPLIER_ADDRESS;Seller Address
invoice-1187.tiff;1;1;2480;3508;145472;1572;460;127;45;1572;460;1699;460;1699;505;1572;505;PLACE;AAAAA;SA;SUPPLIER_ADDRESS;Seller Address
invoice-1187.tiff;1;1;2480;3508;145473;1710;460;287;45;1710;460;1997;460;1997;505;1710;505;COMMANDANT;AAAAAAAAAA;SA;SUPPLIER_ADDRESS;Seller Address
invoice-1187.tiff;1;1;2480;3508;145474;2008;460;106;45;2008;460;2114;460;2114;505;2008;505;LAMY;AAAA;SA;SUPPLIER_ADDRESS;Seller Address
invoice-1187.tiff;1;1;2480;3508;145475;1541;506;104;45;1541;506;1645;506;1645;551;1541;551;06400;NNNNN;SA;SUPPLIER_ADDRESS;Seller Address
invoice-1187.tiff;1;1;2480;3508;145476;1687;506;155;45;1687;506;1842;506;1842;551;1687;551;CANNES;AAAAAA;SA;SUPPLIER_ADDRESS;Seller Address
invoice-1187.tiff;1;1;2480;3508;145477;1541;552;157;45;1541;552;1698;552;1698;597;1541;597;FRANCE;AAAAAA;SA;SUPPLIER_ADDRESS;Seller Address
invoice-1187.tiff;1;1;2480;3508;145478;1541;598;106;45;1541;598;1647;598;1647;643;1541;643;Phone;AAAAA;undefined;OTHER;OTHER
invoice-1187.tiff;1;1;2480;3508;145479;1710;598;69;45;1710;598;1779;598;1779;643;1710;643;+33;SNN;SCN;SUPPLIER_CONTACT_NUMBER;Seller Contact Number
invoice-1187.tiff;1;1;2480;3508;145480;1790;598;20;45;1790;598;1810;598;1810;643;1790;643;0;N;SCN;SUPPLIER_CONTACT_NUMBER;Seller Contact Number
invoice-1187.tiff;1;1;2480;3508;145481;1822;598;62;45;1822;598;1884;598;1884;643;1822;643;711;NNN;SCN;SUPPLIER_CONTACT_NUMBER;Seller Contact Number
invoice-1187.tiff;1;1;2480;3508;145482;1894;598;62;45;1894;598;1956;598;1956;643;1894;643;891;NNN;SCN;SUPPLIER_CONTACT_NUMBER;Seller Contact Number
invoice-1187.tiff;1;1;2480;3508;145483;1967;598;62;45;1967;598;2029;598;2029;643;1967;643;461;NNN;SCN;SUPPLIER_CONTACT_NUMBER;Seller Contact Number
invoice-1187.tiff;1;1;2480;3508;145484;1541;643;64;45;1541;643;1605;643;1605;688;1541;688;Fax;AAA;undefined;OTHER;OTHER
invoice-1187.tiff;1;1;2480;3508;145485;1668;643;69;45;1668;643;1737;643;1737;688;1668;688;+33;SNN;SFAX;SUPPLIER_FAX_NUMBER;Seller Fax Number
invoice-1187.tiff;1;1;2480;3508;145486;1749;643;20;45;1749;643;1769;643;1769;688;1749;688;0;N;SFAX;SUPPLIER_FAX_NUMBER;Seller Fax Number
invoice-1187.tiff;1;1;2480;3508;145487;1780;643;62;45;1780;643;1842;643;1842;688;1780;688;711;NNN;SFAX;SUPPLIER_FAX_NUMBER;Seller Fax Number
invoice-1187.tiff;1;1;2480;3508;145488;1853;643;62;45;1853;643;1915;643;1915;688;1853;688;891;NNN;SFAX;SUPPLIER_FAX_NUMBER;Seller Fax Number
invoice-1187.tiff;1;1;2480;3508;145489;1926;643;62;45;1926;643;1988;643;1988;688;1926;688;128;NNN;SFAX;SUPPLIER_FAX_NUMBER;Seller Fax Number
invoice-1187.tiff;1;1;2480;3508;145490;124;1016;94;57;124;1016;218;1016;218;1073;124;1073;Sold;AAAA;undefined;OTHER;OTHER
invoice-1187.tiff;1;1;2480;3508;145491;232;1016;58;57;232;1016;290;1016;290;1073;232;1073;To;AA;undefined;OTHER;OTHER
invoice-1187.tiff;1;1;2480;3508;145492;124;1073;113;48;124;1073;237;1073;237;1121;124;1121;Zelma;AAAAA;BN;BILLING_NAME;Billing Name
invoice-1187.tiff;1;1;2480;3508;145493;248;1073;169;48;248;1073;417;1073;417;1121;248;1121;Leuschke;AAAAAAAA;BN;BILLING_NAME;Billing Name
invoice-1187.tiff;1;1;2480;3508;145494;124;1121;31;45;124;1121;155;1121;155;1166;124;1166;4,;NS;BA;BILLING_ADDRESS;Billing Address
invoice-1187.tiff;1;1;2480;3508;145495;166;1121;55;45;166;1121;221;1121;221;1166;166;1166;rue;AAA;BA;BILLING_ADDRESS;Billing Address
invoice-1187.tiff;1;1;2480;3508;145496;232;1121;39;45;232;1121;271;1121;271;1166;232;1166;de;AA;BA;BILLING_ADDRESS;Billing Address
invoice-1187.tiff;1;1;2480;3508;145497;282;1121;189;45;282;1121;471;1121;471;1166;282;1166;nambsheim;AAAAAAAAA;BA;BILLING_ADDRESS;Billing Address
invoice-1187.tiff;1;1;2480;3508;145498;124;1167;104;45;124;1167;228;1167;228;1212;124;1212;68740;NNNNN;BA;BILLING_ADDRESS;Billing Address
invoice-1187.tiff;1;1;2480;3508;145499;270;1167;120;45;270;1167;390;1167;390;1212;270;1212;Balgau;AAAAAA;BA;BILLING_ADDRESS;Billing Address
invoice-1187.tiff;1;1;2480;3508;145512;1541;1206;117;52;1541;1206;1658;1206;1658;1258;1541;1258;Dated;AAAAA;undefined;OTHER;OTHER
invoice-1187.tiff;1;1;2480;3508;145513;2166;1206;60;46;2166;1206;2226;1206;2226;1252;2166;1252;ago;AAA;IDATE;INVOICE_DATE;Invoice Date
invoice-1187.tiff;1;1;2480;3508;145514;2237;1206;31;46;2237;1206;2268;1206;2268;1252;2237;1252;3,;NS;IDATE;INVOICE_DATE;Invoice Date
invoice-1187.tiff;1;1;2480;3508;145515;2278;1206;83;46;2278;1206;2361;1206;2361;1252;2278;1252;1986;NNNN;IDATE;INVOICE_DATE;Invoice Date
invoice-1187.tiff;1;1;2480;3508;145500;124;1213;120;45;124;1213;244;1213;244;1258;124;1258;France;AAAAAA;BA;BILLING_ADDRESS;Billing Address
invoice-1187.tiff;1;1;2480;3508;145516;1541;1280;119;52;1541;1280;1660;1280;1660;1332;1541;1332;Client;AAAAAA;undefined;OTHER;OTHER
invoice-1187.tiff;1;1;2480;3508;145517;1672;1280;50;52;1672;1280;1722;1280;1722;1332;1672;1332;ID;AA;undefined;OTHER;OTHER
invoice-1187.tiff;1;1;2480;3508;145518;2166;1280;150;46;2166;1280;2316;1280;2316;1326;2166;1326;CL-7129;AASNNNN;CNUM;CLIENT_NUMBER;Client Number
invoice-1187.tiff;1;1;2480;3508;145501;124;1301;105;57;124;1301;229;1301;229;1358;124;1358;Send;AAAA;undefined;OTHER;OTHER
invoice-1187.tiff;1;1;2480;3508;145502;243;1301;58;57;243;1301;301;1301;301;1358;243;1358;To;AA;undefined;OTHER;OTHER
invoice-1187.tiff;1;1;2480;3508;145503;124;1358;113;48;124;1358;237;1358;237;1406;124;1406;Zelma;AAAAA;SHN;SHIPPING_NAME;Shipping Name
invoice-1187.tiff;1;1;2480;3508;145504;248;1358;169;48;248;1358;417;1358;417;1406;248;1406;Leuschke;AAAAAAAA;SHN;SHIPPING_NAME;Shipping Name
invoice-1187.tiff;1;1;2480;3508;145505;124;1406;31;45;124;1406;155;1406;155;1451;124;1451;4,;NS;SHA;SHIPPING_ADDRESS;Shipping Address
invoice-1187.tiff;1;1;2480;3508;145506;166;1406;55;45;166;1406;221;1406;221;1451;166;1451;rue;AAA;SHA;SHIPPING_ADDRESS;Shipping Address
invoice-1187.tiff;1;1;2480;3508;145507;232;1406;39;45;232;1406;271;1406;271;1451;232;1451;de;AA;SHA;SHIPPING_ADDRESS;Shipping Address
invoice-1187.tiff;1;1;2480;3508;145508;282;1406;189;45;282;1406;471;1406;471;1451;282;1451;nambsheim;AAAAAAAAA;SHA;SHIPPING_ADDRESS;Shipping Address
invoice-1187.tiff;1;1;2480;3508;145509;124;1452;104;45;124;1452;228;1452;228;1497;124;1497;68740;NNNNN;SHA;SHIPPING_ADDRESS;Shipping Address
invoice-1187.tiff;1;1;2480;3508;145510;270;1452;120;45;270;1452;390;1452;390;1497;270;1497;Balgau;AAAAAA;SHA;SHIPPING_ADDRESS;Shipping Address
invoice-1187.tiff;1;1;2480;3508;145511;124;1498;120;45;124;1498;244;1498;244;1543;124;1543;France;AAAAAA;SHA;SHIPPING_ADDRESS;Shipping Address
invoice-1187.tiff;1;1;2480;3508;145519;364;1821;157;52;364;1821;521;1821;521;1873;364;1873;Product;AAAAAAA;undefined;OTHER;OTHER
invoice-1187.tiff;1;1;2480;3508;145520;533;1821;226;52;533;1821;759;1821;759;1873;533;1873;Description;AAAAAAAAAAA;undefined;OTHER;OTHER
invoice-1187.tiff;1;1;2480;3508;145521;1037;1821;175;52;1037;1821;1212;1821;1212;1873;1037;1873;Quantity;AAAAAAAA;undefined;OTHER;OTHER
invoice-1187.tiff;1;1;2480;3508;145522;1316;1821;86;52;1316;1821;1402;1821;1402;1873;1316;1873;Unit;AAAA;undefined;OTHER;OTHER
invoice-1187.tiff;1;1;2480;3508;145523;1414;1821;101;52;1414;1821;1515;1821;1515;1873;1414;1873;Price;AAAAA;undefined;OTHER;OTHER
invoice-1187.tiff;1;1;2480;3508;145524;1650;1821;96;52;1650;1821;1746;1821;1746;1873;1650;1873;TVA;AAA;undefined;OTHER;OTHER
invoice-1187.tiff;1;1;2480;3508;145525;1758;1821;91;52;1758;1821;1849;1821;1849;1873;1758;1873;Rate;AAAA;undefined;OTHER;OTHER
invoice-1187.tiff;1;1;2480;3508;145526;2031;1821;104;52;2031;1821;2135;1821;2135;1873;2031;1873;Total;AAAAA;undefined;OTHER;OTHER
invoice-1187.tiff;1;1;2480;3508;145527;124;1895;131;48;124;1895;255;1895;255;1943;124;1943;Casque;AAAAAA;undefined;OTHER;OTHER
invoice-1187.tiff;1;1;2480;3508;145528;267;1895;113;48;267;1895;380;1895;380;1943;267;1943;gamer;AAAAA;undefined;OTHER;OTHER
invoice-1187.tiff;1;1;2480;3508;145529;391;1895;81;48;391;1895;472;1895;472;1943;391;1943;PDP;AAA;undefined;OTHER;OTHER
invoice-1187.tiff;1;1;2480;3508;145530;482;1895;131;48;482;1895;613;1895;613;1943;482;1943;Casque;AAAAAA;undefined;OTHER;OTHER
invoice-1187.tiff;1;1;2480;3508;145531;624;1895;178;48;624;1895;802;1895;802;1943;624;1943;Afterglow;AAAAAAAAA;undefined;OTHER;OTHER
invoice-1187.tiff;1;1;2480;3508;145532;813;1895;83;48;813;1895;896;1895;896;1943;813;1943;AG9;AAN;undefined;OTHER;OTHER
invoice-1187.tiff;1;1;2480;3508;145535;1114;1895;20;48;1114;1895;1134;1895;1134;1943;1114;1943;2;N;undefined;OTHER;OTHER
invoice-1187.tiff;1;1;2480;3508;145536;1322;1895;93;48;1322;1895;1415;1895;1415;1943;1322;1943;66,66;NNSNN;undefined;OTHER;OTHER
invoice-1187.tiff;1;1;2480;3508;145537;1427;1895;83;48;1427;1895;1510;1895;1510;1943;1427;1943;USD;AAA;undefined;OTHER;OTHER
invoice-1187.tiff;1;1;2480;3508;145538;1692;1895;114;48;1692;1895;1806;1895;1806;1943;1692;1943;20.0%;NNSNS;undefined;OTHER;OTHER
invoice-1187.tiff;1;1;2480;3508;145539;1979;1895;114;48;1979;1895;2093;1895;2093;1943;1979;1943;133,32;NNNSNN;undefined;OTHER;OTHER
invoice-1187.tiff;1;1;2480;3508;145540;2104;1895;83;48;2104;1895;2187;1895;2187;1943;2104;1943;USD;AAA;undefined;OTHER;OTHER
invoice-1187.tiff;1;1;2480;3508;145533;124;1943;94;48;124;1943;218;1943;218;1991;124;1991;Xbox;AAAA;undefined;OTHER;OTHER
invoice-1187.tiff;1;1;2480;3508;145534;230;1943;74;48;230;1943;304;1943;304;1991;230;1991;One;AAA;undefined;OTHER;OTHER
invoice-1187.tiff;1;1;2480;3508;145541;124;2033;87;48;124;2033;211;2033;211;2081;124;2081;Lave;AAAA;undefined;OTHER;OTHER
invoice-1187.tiff;1;1;2480;3508;145542;223;2033;145;48;223;2033;368;2033;368;2081;223;2081;vaisselle;AAAAAAAAA;undefined;OTHER;OTHER
invoice-1187.tiff;1;1;2480;3508;145543;379;2033;41;48;379;2033;420;2033;420;2081;379;2081;60;NN;undefined;OTHER;OTHER
invoice-1187.tiff;1;1;2480;3508;145544;431;2033;53;48;431;2033;484;2033;484;2081;431;2081;cm;AA;undefined;OTHER;OTHER
invoice-1187.tiff;1;1;2480;3508;145545;495;2033;178;48;495;2033;673;2033;673;2081;495;2081;Schneider;AAAAAAAAA;undefined;OTHER;OTHER
invoice-1187.tiff;1;1;2480;3508;145546;684;2033;236;48;684;2033;920;2033;920;2081;684;2081;SDW1444VB;AAANNNNAA;undefined;OTHER;OTHER
invoice-1187.tiff;1;1;2480;3508;145549;1114;2033;20;48;1114;2033;1134;2033;1134;2081;1114;2081;1;N;undefined;OTHER;OTHER
invoice-1187.tiff;1;1;2480;3508;145550;1312;2033;114;48;1312;2033;1426;2033;1426;2081;1312;2081;583,33;NNNSNN;undefined;OTHER;OTHER
invoice-1187.tiff;1;1;2480;3508;145551;1437;2033;83;48;1437;2033;1520;2033;1520;2081;1437;2081;USD;AAA;undefined;OTHER;OTHER
invoice-1187.tiff;1;1;2480;3508;145552;1692;2033;114;48;1692;2033;1806;2033;1806;2081;1692;2081;20.0%;NNSNS;undefined;OTHER;OTHER
invoice-1187.tiff;1;1;2480;3508;145553;1979;2033;114;48;1979;2033;2093;2033;2093;2081;1979;2081;583,33;NNNSNN;undefined;OTHER;OTHER
invoice-1187.tiff;1;1;2480;3508;145554;2104;2033;83;48;2104;2033;2187;2033;2187;2081;2104;2081;USD;AAA;undefined;OTHER;OTHER
invoice-1187.tiff;1;1;2480;3508;145547;124;2081;138;48;124;2081;262;2081;262;2129;124;2129;Vintage;AAAAAAA;undefined;OTHER;OTHER
invoice-1187.tiff;1;1;2480;3508;145548;274;2081;81;48;274;2081;355;2081;355;2129;274;2129;Noir;AAAA;undefined;OTHER;OTHER
invoice-1187.tiff;1;1;2480;3508;145555;124;2171;168;48;124;2171;292;2171;292;2219;124;2219;Barbecue;AAAAAAAA;undefined;OTHER;OTHER
invoice-1187.tiff;1;1;2480;3508;145556;304;2171;175;48;304;2171;479;2171;479;2219;304;2219;électrique;AAAAAAAAAA;undefined;OTHER;OTHER
invoice-1187.tiff;1;1;2480;3508;145557;490;2171;120;48;490;2171;610;2171;610;2219;490;2219;Weber;AAAAA;undefined;OTHER;OTHER
invoice-1187.tiff;1;1;2480;3508;145558;621;2171;115;48;621;2171;736;2171;736;2219;621;2219;Q1400;ANNNN;undefined;OTHER;OTHER
invoice-1187.tiff;1;1;2480;3508;145559;747;2171;138;48;747;2171;885;2171;885;2219;747;2219;Granite;AAAAAAA;undefined;OTHER;OTHER
invoice-1187.tiff;1;1;2480;3508;145560;896;2171;81;48;896;2171;977;2171;977;2219;896;2219;gray;AAAA;undefined;OTHER;OTHER
invoice-1187.tiff;1;1;2480;3508;145561;1114;2171;20;48;1114;2171;1134;2171;1134;2219;1114;2219;3;N;undefined;OTHER;OTHER
invoice-1187.tiff;1;1;2480;3508;145562;1312;2171;114;48;1312;2171;1426;2171;1426;2219;1312;2219;249,17;NNNSNN;undefined;OTHER;OTHER
invoice-1187.tiff;1;1;2480;3508;145563;1437;2171;83;48;1437;2171;1520;2171;1520;2219;1437;2219;USD;AAA;undefined;OTHER;OTHER
invoice-1187.tiff;1;1;2480;3508;145564;1692;2171;114;48;1692;2171;1806;2171;1806;2219;1692;2219;20.0%;NNSNS;undefined;OTHER;OTHER
invoice-1187.tiff;1;1;2480;3508;145565;1979;2171;114;48;1979;2171;2093;2171;2093;2219;1979;2219;747,50;NNNSNN;undefined;OTHER;OTHER
invoice-1187.tiff;1;1;2480;3508;145566;2104;2171;83;48;2104;2171;2187;2171;2187;2219;2104;2219;USD;AAA;undefined;OTHER;OTHER
invoice-1187.tiff;1;1;2480;3508;145567;124;2260;134;48;124;2260;258;2260;258;2308;124;2308;Montre;AAAAAA;undefined;OTHER;OTHER
invoice-1187.tiff;1;1;2480;3508;145568;269;2260;92;48;269;2260;361;2260;361;2308;269;2308;sport;AAAAA;undefined;OTHER;OTHER
invoice-1187.tiff;1;1;2480;3508;145569;372;2260;81;48;372;2260;453;2260;453;2308;372;2308;GPS;AAA;undefined;OTHER;OTHER
invoice-1187.tiff;1;1;2480;3508;145570;464;2260;97;48;464;2260;561;2260;561;2308;464;2308;Polar;AAAAA;undefined;OTHER;OTHER
invoice-1187.tiff;1;1;2480;3508;145571;571;2260;101;48;571;2260;672;2260;672;2308;571;2308;M430;ANNN;undefined;OTHER;OTHER
invoice-1187.tiff;1;1;2480;3508;145572;683;2260;97;48;683;2260;780;2260;780;2308;683;2308;blanc;AAAAA;undefined;OTHER;OTHER
invoice-1187.tiff;1;1;2480;3508;145573;1114;2260;20;48;1114;2260;1134;2260;1134;2308;1114;2308;4;N;undefined;OTHER;OTHER
invoice-1187.tiff;1;1;2480;3508;145574;1312;2260;114;48;1312;2260;1426;2260;1426;2308;1312;2308;191,66;NNNSNN;undefined;OTHER;OTHER
invoice-1187.tiff;1;1;2480;3508;145575;1437;2260;83;48;1437;2260;1520;2260;1520;2308;1437;2308;USD;AAA;undefined;OTHER;OTHER
invoice-1187.tiff;1;1;2480;3508;145576;1692;2260;114;48;1692;2260;1806;2260;1806;2308;1692;2308;20.0%;NNSNS;undefined;OTHER;OTHER
invoice-1187.tiff;1;1;2480;3508;145577;1979;2260;114;48;1979;2260;2093;2260;2093;2308;1979;2308;766,63;NNNSNN;undefined;OTHER;OTHER
invoice-1187.tiff;1;1;2480;3508;145578;2104;2260;83;48;2104;2260;2187;2260;2187;2308;2104;2308;USD;AAA;undefined;OTHER;OTHER
invoice-1187.tiff;1;1;2480;3508;145579;1833;2392;104;52;1833;2392;1937;2392;1937;2444;1833;2444;Total;AAAAA;undefined;OTHER;OTHER
invoice-1187.tiff;1;1;2480;3508;145580;1979;2392;135;48;1979;2392;2114;2392;2114;2440;1979;2440;2230,77;NNNNSNN;TWTX;TOTAL_WITHOUT_TAX;TWTXS
invoice-1187.tiff;1;1;2480;3508;145581;2125;2392;83;48;2125;2392;2208;2392;2208;2440;2125;2440;USD;AAA;TWTX;TOTAL_WITHOUT_TAX;TWTXS
invoice-1187.tiff;1;1;2480;3508;145582;1710;2445;76;52;1710;2445;1786;2445;1786;2497;1710;2497;Tax;AAA;undefined;OTHER;OTHER
invoice-1187.tiff;1;1;2480;3508;145583;1797;2445;160;52;1797;2445;1957;2445;1957;2497;1797;2497;Amount;AAAAAA;undefined;OTHER;OTHER
invoice-1187.tiff;1;1;2480;3508;145584;1999;2445;114;48;1999;2445;2113;2445;2113;2493;1999;2493;446,16;NNNSNN;TTX;TOTAL_TAX;Total Tax
invoice-1187.tiff;1;1;2480;3508;145585;2125;2445;83;48;2125;2445;2208;2445;2208;2493;2125;2493;USD;AAA;TTX;TOTAL_TAX;Total Tax
invoice-1187.tiff;1;1;2480;3508;145586;1644;2497;160;52;1644;2497;1804;2497;1804;2549;1644;2549;Amount;AAAAAA;undefined;OTHER;OTHER
invoice-1187.tiff;1;1;2480;3508;145587;1816;2497;38;52;1816;2497;1854;2497;1854;2549;1816;2549;to;AA;undefined;OTHER;OTHER
invoice-1187.tiff;1;1;2480;3508;145588;1866;2497;71;52;1866;2497;1937;2497;1937;2549;1866;2549;pay;AAA;undefined;OTHER;OTHER
invoice-1187.tiff;1;1;2480;3508;145589;1979;2497;135;48;1979;2497;2114;2497;2114;2545;1979;2545;2676,93;NNNNSNN;TA;TOTAL_AMOUNT;Total with TAX
invoice-1187.tiff;1;1;2480;3508;145590;2125;2497;83;48;2125;2497;2208;2497;2208;2545;2125;2545;USD;AAA;TA;TOTAL_AMOUNT;Total with TAX
invoice-1187.tiff;1;1;2480;3508;145591;124;2879;119;52;124;2879;243;2879;243;2931;124;2931;Payed;AAAAA;undefined;OTHER;OTHER
invoice-1187.tiff;1;1;2480;3508;145592;256;2879;157;52;256;2879;413;2879;413;2931;256;2931;through;AAAAAAA;undefined;OTHER;OTHER
invoice-1187.tiff;1;1;2480;3508;145593;750;2879;87;46;750;2879;837;2879;837;2925;750;2925;Bank;AAAA;PMODE;PAYMENT_MODE;Payment Mode
invoice-1187.tiff;1;1;2480;3508;145594;848;2879;141;46;848;2879;989;2879;989;2925;848;2925;Transfer;AAAAAAAA;PMODE;PAYMENT_MODE;Payment Mode
invoice-1187.tiff;1;1;2480;3508;145595;124;3154;236;48;124;3154;360;3154;360;3202;124;3202;INTERIEUR;AAAAAAAAA;SN;SUPPLIER_NAME;Seller/Company) name
invoice-1187.tiff;1;1;2480;3508;145596;371;3154;83;48;371;3154;454;3154;454;3202;371;3202;SUD;AAA;SN;SUPPLIER_NAME;Seller/Company) name
invoice-1187.tiff;1;1;2480;3508;145597;124;3202;20;45;124;3202;144;3202;144;3247;124;3247;2;N;SA;SUPPLIER_ADDRESS;Seller Address
invoice-1187.tiff;1;1;2480;3508;145598;156;3202;127;45;156;3202;283;3202;283;3247;156;3247;PLACE;AAAAA;SA;SUPPLIER_ADDRESS;Seller Address
invoice-1187.tiff;1;1;2480;3508;145599;293;3202;287;45;293;3202;580;3202;580;3247;293;3247;COMMANDANT;AAAAAAAAAA;SA;SUPPLIER_ADDRESS;Seller Address
invoice-1187.tiff;1;1;2480;3508;145600;591;3202;106;45;591;3202;697;3202;697;3247;591;3247;LAMY;AAAA;SA;SUPPLIER_ADDRESS;Seller Address
invoice-1187.tiff;1;1;2480;3508;145601;706;3202;13;45;706;3202;719;3202;719;3247;706;3247;-;S;SA;SUPPLIER_ADDRESS;Seller Address
invoice-1187.tiff;1;1;2480;3508;145602;730;3202;104;45;730;3202;834;3202;834;3247;730;3247;06400;NNNNN;SA;SUPPLIER_ADDRESS;Seller Address
invoice-1187.tiff;1;1;2480;3508;145603;853;3202;155;45;853;3202;1008;3202;1008;3247;853;3247;CANNES;AAAAAA;SA;SUPPLIER_ADDRESS;Seller Address
invoice-1187.tiff;1;1;2480;3508;145604;1016;3202;13;45;1016;3202;1029;3202;1029;3247;1016;3247;-;S;SA;SUPPLIER_ADDRESS;Seller Address
invoice-1187.tiff;1;1;2480;3508;145605;1041;3202;157;45;1041;3202;1198;3202;1198;3247;1041;3247;FRANCE;AAAAAA;SA;SUPPLIER_ADDRESS;Seller Address
