src;num_pages;page_id;page_width;page_height;id;col;row;width;height;x1;y1;x2;y2;x3;y3;x4;y4;contents;contents_masked;correctclass;tag;description
invoice-1080.tiff;1;1;2480;3508;132568;833;62;308;175;833;62;1141;62;1141;237;833;237;common/logo;AAAAAASAAAA;img;IMAGE;Image
invoice-1080.tiff;1;1;2480;3508;132552;124;237;106;45;124;237;230;237;230;282;124;282;Phone;AAAAA;undefined;OTHER;OTHER
invoice-1080.tiff;1;1;2480;3508;132553;293;237;69;45;293;237;362;237;362;282;293;282;+33;SNN;SCN;SUPPLIER_CONTACT_NUMBER;Seller Contact Number
invoice-1080.tiff;1;1;2480;3508;132554;374;237;48;45;374;237;422;237;422;282;374;282;(0);SNS;SCN;SUPPLIER_CONTACT_NUMBER;Seller Contact Number
invoice-1080.tiff;1;1;2480;3508;132555;433;237;20;45;433;237;453;237;453;282;433;282;8;N;SCN;SUPPLIER_CONTACT_NUMBER;Seller Contact Number
invoice-1080.tiff;1;1;2480;3508;132556;464;237;41;45;464;237;505;237;505;282;464;282;65;NN;SCN;SUPPLIER_CONTACT_NUMBER;Seller Contact Number
invoice-1080.tiff;1;1;2480;3508;132557;516;237;41;45;516;237;557;237;557;282;516;282;99;NN;SCN;SUPPLIER_CONTACT_NUMBER;Seller Contact Number
invoice-1080.tiff;1;1;2480;3508;132558;568;237;41;45;568;237;609;237;609;282;568;282;03;NN;SCN;SUPPLIER_CONTACT_NUMBER;Seller Contact Number
invoice-1080.tiff;1;1;2480;3508;132559;620;237;41;45;620;237;661;237;661;282;620;282;18;NN;SCN;SUPPLIER_CONTACT_NUMBER;Seller Contact Number
invoice-1080.tiff;1;1;2480;3508;132569;1541;237;55;48;1541;237;1596;237;1596;285;1541;285;LE;AA;SN;SUPPLIER_NAME;Seller/Company) name
invoice-1080.tiff;1;1;2480;3508;132570;1607;237;169;48;1607;237;1776;237;1776;285;1607;285;PLAISIR;AAAAAAA;SN;SUPPLIER_NAME;Seller/Company) name
invoice-1080.tiff;1;1;2480;3508;132571;1787;237;85;48;1787;237;1872;237;1872;285;1787;285;PAR;AAA;SN;SUPPLIER_NAME;Seller/Company) name
invoice-1080.tiff;1;1;2480;3508;132572;1883;237;275;48;1883;237;2158;237;2158;285;1883;285;L'EQUILIBRE;ASAAAAAAAAA;SN;SUPPLIER_NAME;Seller/Company) name
invoice-1080.tiff;1;1;2480;3508;132560;124;283;64;45;124;283;188;283;188;328;124;328;Fax;AAA;undefined;OTHER;OTHER
invoice-1080.tiff;1;1;2480;3508;132561;252;283;69;45;252;283;321;283;321;328;252;328;+33;SNN;SFAX;SUPPLIER_FAX_NUMBER;Seller Fax Number
invoice-1080.tiff;1;1;2480;3508;132562;332;283;48;45;332;283;380;283;380;328;332;328;(0);SNS;SFAX;SUPPLIER_FAX_NUMBER;Seller Fax Number
invoice-1080.tiff;1;1;2480;3508;132563;391;283;20;45;391;283;411;283;411;328;391;328;8;N;SFAX;SUPPLIER_FAX_NUMBER;Seller Fax Number
invoice-1080.tiff;1;1;2480;3508;132564;422;283;41;45;422;283;463;283;463;328;422;328;65;NN;SFAX;SUPPLIER_FAX_NUMBER;Seller Fax Number
invoice-1080.tiff;1;1;2480;3508;132565;474;283;41;45;474;283;515;283;515;328;474;328;99;NN;SFAX;SUPPLIER_FAX_NUMBER;Seller Fax Number
invoice-1080.tiff;1;1;2480;3508;132566;526;283;41;45;526;283;567;283;567;328;526;328;75;NN;SFAX;SUPPLIER_FAX_NUMBER;Seller Fax Number
invoice-1080.tiff;1;1;2480;3508;132567;579;283;41;45;579;283;620;283;620;328;579;328;21;NN;SFAX;SUPPLIER_FAX_NUMBER;Seller Fax Number
invoice-1080.tiff;1;1;2480;3508;132573;1541;285;41;45;1541;285;1582;285;1582;330;1541;330;11;NN;SA;SUPPLIER_ADDRESS;Seller Address
invoice-1080.tiff;1;1;2480;3508;132574;1593;285;74;45;1593;285;1667;285;1667;330;1593;330;CRS;AAA;SA;SUPPLIER_ADDRESS;Seller Address
invoice-1080.tiff;1;1;2480;3508;132575;1678;285;60;45;1678;285;1738;285;1738;330;1678;330;DU;AA;SA;SUPPLIER_ADDRESS;Seller Address
invoice-1080.tiff;1;1;2480;3508;132576;1748;285;217;45;1748;285;1965;285;1965;330;1748;330;MARECHAL;AAAAAAAA;SA;SUPPLIER_ADDRESS;Seller Address
invoice-1080.tiff;1;1;2480;3508;132577;1976;285;178;45;1976;285;2154;285;2154;330;1976;330;LECLERC;AAAAAAA;SA;SUPPLIER_ADDRESS;Seller Address
invoice-1080.tiff;1;1;2480;3508;132578;1541;331;104;45;1541;331;1645;331;1645;376;1541;376;17100;NNNNN;SA;SUPPLIER_ADDRESS;Seller Address
invoice-1080.tiff;1;1;2480;3508;132579;1687;331;157;45;1687;331;1844;331;1844;376;1687;376;SAINTES;AAAAAAA;SA;SUPPLIER_ADDRESS;Seller Address
invoice-1080.tiff;1;1;2480;3508;132580;124;622;142;52;124;622;266;622;266;674;124;674;Invoice;AAAAAAA;undefined;OTHER;OTHER
invoice-1080.tiff;1;1;2480;3508;132581;279;622;162;52;279;622;441;622;441;674;279;674;Number;AAAAAA;undefined;OTHER;OTHER
invoice-1080.tiff;1;1;2480;3508;132582;750;622;261;46;750;622;1011;622;1011;668;750;668;FV2011005343;AANNNNNNNNNN;IN;INVOICE_NUMBER;Invoice Number
invoice-1080.tiff;1;1;2480;3508;132594;1541;648;141;57;1541;648;1682;648;1682;705;1541;705;Billing;AAAAAAA;undefined;OTHER;OTHER
invoice-1080.tiff;1;1;2480;3508;132595;1695;648;175;57;1695;648;1870;648;1870;705;1695;705;Address;AAAAAAA;undefined;OTHER;OTHER
invoice-1080.tiff;1;1;2480;3508;132583;124;696;142;52;124;696;266;696;266;748;124;748;Invoice;AAAAAAA;undefined;OTHER;OTHER
invoice-1080.tiff;1;1;2480;3508;132584;279;696;91;52;279;696;370;696;370;748;279;748;Date;AAAA;undefined;OTHER;OTHER
invoice-1080.tiff;1;1;2480;3508;132585;750;696;41;46;750;696;791;696;791;742;750;742;10;NN;IDATE;INVOICE_DATE;Invoice Date
invoice-1080.tiff;1;1;2480;3508;132586;802;696;65;46;802;696;867;696;867;742;802;742;sep,;AAAS;IDATE;INVOICE_DATE;Invoice Date
invoice-1080.tiff;1;1;2480;3508;132587;878;696;83;46;878;696;961;696;961;742;878;742;2008;NNNN;IDATE;INVOICE_DATE;Invoice Date
invoice-1080.tiff;1;1;2480;3508;132596;1541;705;124;48;1541;705;1665;705;1665;753;1541;753;Payton;AAAAAA;BN;BILLING_NAME;Billing Name
invoice-1080.tiff;1;1;2480;3508;132597;1677;705;212;48;1677;705;1889;705;1889;753;1677;753;Breitenberg;AAAAAAAAAAA;BN;BILLING_NAME;Billing Name
invoice-1080.tiff;1;1;2480;3508;132598;1900;705;16;48;1900;705;1916;705;1916;753;1900;753;I;A;BN;BILLING_NAME;Billing Name
invoice-1080.tiff;1;1;2480;3508;132599;1541;753;52;45;1541;753;1593;753;1593;798;1541;798;14,;NNS;BA;BILLING_ADDRESS;Billing Address
invoice-1080.tiff;1;1;2480;3508;132600;1604;753;55;45;1604;753;1659;753;1659;798;1604;798;rue;AAA;BA;BILLING_ADDRESS;Billing Address
invoice-1080.tiff;1;1;2480;3508;132601;1670;753;78;45;1670;753;1748;753;1748;798;1670;798;sully;AAAAA;BA;BILLING_ADDRESS;Billing Address
invoice-1080.tiff;1;1;2480;3508;132588;124;769;119;52;124;769;243;769;243;821;124;821;Client;AAAAAA;undefined;OTHER;OTHER
invoice-1080.tiff;1;1;2480;3508;132589;256;769;162;52;256;769;418;769;418;821;256;821;Number;AAAAAA;undefined;OTHER;OTHER
invoice-1080.tiff;1;1;2480;3508;132590;750;769;199;46;750;769;949;769;949;815;750;815;CL1040026;AANNNNNNN;CNUM;CLIENT_NUMBER;Client Number
invoice-1080.tiff;1;1;2480;3508;132602;1541;799;104;45;1541;799;1645;799;1645;844;1541;844;23230;NNNNN;BA;BILLING_ADDRESS;Billing Address
invoice-1080.tiff;1;1;2480;3508;132603;1687;799;129;45;1687;799;1816;799;1816;844;1687;844;Gouzon;AAAAAA;BA;BILLING_ADDRESS;Billing Address
invoice-1080.tiff;1;1;2480;3508;132591;124;843;122;52;124;843;246;843;246;895;124;895;Order;AAAAA;undefined;OTHER;OTHER
invoice-1080.tiff;1;1;2480;3508;132592;258;843;162;52;258;843;420;843;420;895;258;895;Number;AAAAAA;undefined;OTHER;OTHER
invoice-1080.tiff;1;1;2480;3508;132593;750;843;203;46;750;843;953;843;953;889;750;889;CD2015009;AANNNNNNN;ONUM;ORDER_NUMBER;Order Number
invoice-1080.tiff;1;1;2480;3508;132604;1541;845;120;45;1541;845;1661;845;1661;890;1541;890;France;AAAAAA;BA;BILLING_ADDRESS;Billing Address
invoice-1080.tiff;1;1;2480;3508;132605;364;1311;157;52;364;1311;521;1311;521;1363;364;1363;Product;AAAAAAA;undefined;OTHER;OTHER
invoice-1080.tiff;1;1;2480;3508;132606;533;1311;226;52;533;1311;759;1311;759;1363;533;1363;Description;AAAAAAAAAAA;undefined;OTHER;OTHER
invoice-1080.tiff;1;1;2480;3508;132607;1037;1311;175;52;1037;1311;1212;1311;1212;1363;1037;1363;Quantity;AAAAAAAA;undefined;OTHER;OTHER
invoice-1080.tiff;1;1;2480;3508;132608;1316;1311;86;52;1316;1311;1402;1311;1402;1363;1316;1363;Unit;AAAA;undefined;OTHER;OTHER
invoice-1080.tiff;1;1;2480;3508;132609;1414;1311;101;52;1414;1311;1515;1311;1515;1363;1414;1363;Price;AAAAA;undefined;OTHER;OTHER
invoice-1080.tiff;1;1;2480;3508;132610;1650;1311;96;52;1650;1311;1746;1311;1746;1363;1650;1363;TVA;AAA;undefined;OTHER;OTHER
invoice-1080.tiff;1;1;2480;3508;132611;1758;1311;91;52;1758;1311;1849;1311;1849;1363;1758;1363;Rate;AAAA;undefined;OTHER;OTHER
invoice-1080.tiff;1;1;2480;3508;132612;2031;1311;104;52;2031;1311;2135;1311;2135;1363;2031;1363;Total;AAAAA;undefined;OTHER;OTHER
invoice-1080.tiff;1;1;2480;3508;132613;124;1385;203;48;124;1385;327;1385;327;1433;124;1433;Ordinateur;AAAAAAAAAA;undefined;OTHER;OTHER
invoice-1080.tiff;1;1;2480;3508;132614;339;1385;150;48;339;1385;489;1385;489;1433;339;1433;portable;AAAAAAAA;undefined;OTHER;OTHER
invoice-1080.tiff;1;1;2480;3508;132615;499;1385;85;48;499;1385;584;1385;584;1433;499;1433;Asus;AAAA;undefined;OTHER;OTHER
invoice-1080.tiff;1;1;2480;3508;132616;596;1385;314;48;596;1385;910;1385;910;1433;596;1433;R702UV-BX066T;ANNNAASAANNNA;undefined;OTHER;OTHER
invoice-1080.tiff;1;1;2480;3508;132617;1114;1385;20;48;1114;1385;1134;1385;1134;1433;1114;1433;1;N;undefined;OTHER;OTHER
invoice-1080.tiff;1;1;2480;3508;132618;1310;1385;114;48;1310;1385;1424;1385;1424;1433;1310;1433;557,50;NNNSNN;undefined;OTHER;OTHER
invoice-1080.tiff;1;1;2480;3508;132619;1435;1385;87;48;1435;1385;1522;1385;1522;1433;1435;1433;EUR;AAA;undefined;OTHER;OTHER
invoice-1080.tiff;1;1;2480;3508;132620;1692;1385;114;48;1692;1385;1806;1385;1806;1433;1692;1433;20.0%;NNSNS;undefined;OTHER;OTHER
invoice-1080.tiff;1;1;2480;3508;132621;1976;1385;114;48;1976;1385;2090;1385;2090;1433;1976;1433;557,50;NNNSNN;undefined;OTHER;OTHER
invoice-1080.tiff;1;1;2480;3508;132622;2101;1385;87;48;2101;1385;2188;1385;2188;1433;2101;1433;EUR;AAA;undefined;OTHER;OTHER
invoice-1080.tiff;1;1;2480;3508;132623;124;1474;131;48;124;1474;255;1474;255;1522;124;1522;Mixeur;AAAAAA;undefined;OTHER;OTHER
invoice-1080.tiff;1;1;2480;3508;132624;267;1474;169;48;267;1474;436;1474;436;1522;267;1522;Kenwood;AAAAAAA;undefined;OTHER;OTHER
invoice-1080.tiff;1;1;2480;3508;132625;446;1474;155;48;446;1474;601;1474;601;1522;446;1522;Triblade;AAAAAAAA;undefined;OTHER;OTHER
invoice-1080.tiff;1;1;2480;3508;132626;612;1474;224;48;612;1474;836;1474;836;1522;612;1522;HDP109WG;AAANNNAA;undefined;OTHER;OTHER
invoice-1080.tiff;1;1;2480;3508;132628;1114;1474;20;48;1114;1474;1134;1474;1134;1522;1114;1522;3;N;undefined;OTHER;OTHER
invoice-1080.tiff;1;1;2480;3508;132629;1320;1474;93;48;1320;1474;1413;1474;1413;1522;1320;1522;45,83;NNSNN;undefined;OTHER;OTHER
invoice-1080.tiff;1;1;2480;3508;132630;1424;1474;87;48;1424;1474;1511;1474;1511;1522;1424;1522;EUR;AAA;undefined;OTHER;OTHER
invoice-1080.tiff;1;1;2480;3508;132631;1692;1474;114;48;1692;1474;1806;1474;1806;1522;1692;1522;20.0%;NNSNS;undefined;OTHER;OTHER
invoice-1080.tiff;1;1;2480;3508;132632;1976;1474;114;48;1976;1474;2090;1474;2090;1522;1976;1522;137,48;NNNSNN;undefined;OTHER;OTHER
invoice-1080.tiff;1;1;2480;3508;132633;2101;1474;87;48;2101;1474;2188;1474;2188;1522;2101;1522;EUR;AAA;undefined;OTHER;OTHER
invoice-1080.tiff;1;1;2480;3508;132627;124;1522;236;48;124;1522;360;1522;360;1570;124;1570;Mini-hachoir;AAAASAAAAAAA;undefined;OTHER;OTHER
invoice-1080.tiff;1;1;2480;3508;132634;124;1612;62;48;124;1612;186;1612;186;1660;124;1660;Jeu;AAA;undefined;OTHER;OTHER
invoice-1080.tiff;1;1;2480;3508;132635;197;1612;69;48;197;1612;266;1612;266;1660;197;1660;PS4;AAN;undefined;OTHER;OTHER
invoice-1080.tiff;1;1;2480;3508;132636;277;1612;104;48;277;1612;381;1612;381;1660;277;1660;Focus;AAAAA;undefined;OTHER;OTHER
invoice-1080.tiff;1;1;2480;3508;132637;392;1612;178;48;392;1612;570;1612;570;1660;392;1660;Minecraft;AAAAAAAAA;undefined;OTHER;OTHER
invoice-1080.tiff;1;1;2480;3508;132638;580;1612;13;48;580;1612;593;1612;593;1660;580;1660;:;S;undefined;OTHER;OTHER
invoice-1080.tiff;1;1;2480;3508;132639;605;1612;97;48;605;1612;702;1612;702;1660;605;1660;Story;AAAAA;undefined;OTHER;OTHER
invoice-1080.tiff;1;1;2480;3508;132640;712;1612;101;48;712;1612;813;1612;813;1660;712;1660;Mode;AAAA;undefined;OTHER;OTHER
invoice-1080.tiff;1;1;2480;3508;132641;825;1612;115;48;825;1612;940;1612;940;1660;825;1660;Saison;AAAAAA;undefined;OTHER;OTHER
invoice-1080.tiff;1;1;2480;3508;132642;951;1612;20;48;951;1612;971;1612;971;1660;951;1660;2;N;undefined;OTHER;OTHER
invoice-1080.tiff;1;1;2480;3508;132643;1114;1612;20;48;1114;1612;1134;1612;1134;1660;1114;1660;4;N;undefined;OTHER;OTHER
invoice-1080.tiff;1;1;2480;3508;132644;1320;1612;93;48;1320;1612;1413;1612;1413;1660;1320;1660;33,33;NNSNN;undefined;OTHER;OTHER
invoice-1080.tiff;1;1;2480;3508;132645;1424;1612;87;48;1424;1612;1511;1612;1511;1660;1424;1660;EUR;AAA;undefined;OTHER;OTHER
invoice-1080.tiff;1;1;2480;3508;132646;1692;1612;114;48;1692;1612;1806;1612;1806;1660;1692;1660;20.0%;NNSNS;undefined;OTHER;OTHER
invoice-1080.tiff;1;1;2480;3508;132647;1976;1612;114;48;1976;1612;2090;1612;2090;1660;1976;1660;133,30;NNNSNN;undefined;OTHER;OTHER
invoice-1080.tiff;1;1;2480;3508;132648;2101;1612;87;48;2101;1612;2188;1612;2188;1660;2101;1660;EUR;AAA;undefined;OTHER;OTHER
invoice-1080.tiff;1;1;2480;3508;132649;1861;1743;96;51;1861;1743;1957;1743;1957;1794;1861;1794;Total;AAAAA;undefined;OTHER;OTHER
invoice-1080.tiff;1;1;2480;3508;132650;1999;1743;114;46;1999;1743;2113;1743;2113;1789;1999;1789;828,27;NNNSNN;TWTX;TOTAL_WITHOUT_TAX;TWTXS
invoice-1080.tiff;1;1;2480;3508;132651;2125;1743;83;46;2125;1743;2208;1743;2208;1789;2125;1789;EUR;AAA;TWTX;TOTAL_WITHOUT_TAX;TWTXS
invoice-1080.tiff;1;1;2480;3508;132652;1725;1795;71;51;1725;1795;1796;1795;1796;1846;1725;1846;Tax;AAA;undefined;OTHER;OTHER
invoice-1080.tiff;1;1;2480;3508;132653;1808;1795;150;51;1808;1795;1958;1795;1958;1846;1808;1846;Amount;AAAAAA;undefined;OTHER;OTHER
invoice-1080.tiff;1;1;2480;3508;132654;1999;1795;114;46;1999;1795;2113;1795;2113;1841;1999;1841;165,66;NNNSNN;TTX;TOTAL_TAX;Total Tax
invoice-1080.tiff;1;1;2480;3508;132655;2125;1795;83;46;2125;1795;2208;1795;2208;1841;2125;1841;EUR;AAA;TTX;TOTAL_TAX;Total Tax
invoice-1080.tiff;1;1;2480;3508;132656;1683;1846;150;51;1683;1846;1833;1846;1833;1897;1683;1897;Amount;AAAAAA;undefined;OTHER;OTHER
invoice-1080.tiff;1;1;2480;3508;132657;1845;1846;35;51;1845;1846;1880;1846;1880;1897;1845;1897;to;AA;undefined;OTHER;OTHER
invoice-1080.tiff;1;1;2480;3508;132658;1892;1846;66;51;1892;1846;1958;1846;1958;1897;1892;1897;pay;AAA;undefined;OTHER;OTHER
invoice-1080.tiff;1;1;2480;3508;132659;1999;1846;114;46;1999;1846;2113;1846;2113;1892;1999;1892;993,93;NNNSNN;TA;TOTAL_AMOUNT;Total with TAX
invoice-1080.tiff;1;1;2480;3508;132660;2125;1846;83;46;2125;1846;2208;1846;2208;1892;2125;1892;EUR;AAA;TA;TOTAL_AMOUNT;Total with TAX
invoice-1080.tiff;1;1;2480;3508;132661;124;2225;119;52;124;2225;243;2225;243;2277;124;2277;Payed;AAAAA;undefined;OTHER;OTHER
invoice-1080.tiff;1;1;2480;3508;132662;256;2225;157;52;256;2225;413;2225;413;2277;256;2277;through;AAAAAAA;undefined;OTHER;OTHER
invoice-1080.tiff;1;1;2480;3508;132663;750;2225;87;46;750;2225;837;2225;837;2271;750;2271;Bank;AAAA;PMODE;PAYMENT_MODE;Payment Mode
invoice-1080.tiff;1;1;2480;3508;132664;848;2225;141;46;848;2225;989;2225;989;2271;848;2271;Transfer;AAAAAAAA;PMODE;PAYMENT_MODE;Payment Mode
invoice-1080.tiff;1;1;2480;3508;132665;878;3154;55;48;878;3154;933;3154;933;3202;878;3202;LE;AA;SN;SUPPLIER_NAME;Seller/Company) name
invoice-1080.tiff;1;1;2480;3508;132666;944;3154;169;48;944;3154;1113;3154;1113;3202;944;3202;PLAISIR;AAAAAAA;SN;SUPPLIER_NAME;Seller/Company) name
invoice-1080.tiff;1;1;2480;3508;132667;1124;3154;85;48;1124;3154;1209;3154;1209;3202;1124;3202;PAR;AAA;SN;SUPPLIER_NAME;Seller/Company) name
invoice-1080.tiff;1;1;2480;3508;132668;1220;3154;275;48;1220;3154;1495;3154;1495;3202;1220;3202;L'EQUILIBRE;ASAAAAAAAAA;SN;SUPPLIER_NAME;Seller/Company) name
invoice-1080.tiff;1;1;2480;3508;132669;720;3202;41;45;720;3202;761;3202;761;3247;720;3247;11;NN;SA;SUPPLIER_ADDRESS;Seller Address
invoice-1080.tiff;1;1;2480;3508;132670;772;3202;74;45;772;3202;846;3202;846;3247;772;3247;CRS;AAA;SA;SUPPLIER_ADDRESS;Seller Address
invoice-1080.tiff;1;1;2480;3508;132671;856;3202;60;45;856;3202;916;3202;916;3247;856;3247;DU;AA;SA;SUPPLIER_ADDRESS;Seller Address
invoice-1080.tiff;1;1;2480;3508;132672;927;3202;217;45;927;3202;1144;3202;1144;3247;927;3247;MARECHAL;AAAAAAAA;SA;SUPPLIER_ADDRESS;Seller Address
invoice-1080.tiff;1;1;2480;3508;132673;1155;3202;178;45;1155;3202;1333;3202;1333;3247;1155;3247;LECLERC;AAAAAAA;SA;SUPPLIER_ADDRESS;Seller Address
invoice-1080.tiff;1;1;2480;3508;132674;1341;3202;13;45;1341;3202;1354;3202;1354;3247;1341;3247;-;S;SA;SUPPLIER_ADDRESS;Seller Address
invoice-1080.tiff;1;1;2480;3508;132675;1366;3202;104;45;1366;3202;1470;3202;1470;3247;1366;3247;17100;NNNNN;SA;SUPPLIER_ADDRESS;Seller Address
invoice-1080.tiff;1;1;2480;3508;132676;1489;3202;157;45;1489;3202;1646;3202;1646;3247;1489;3247;SAINTES;AAAAAAA;SA;SUPPLIER_ADDRESS;Seller Address
