src;num_pages;page_id;page_width;page_height;id;col;row;width;height;x1;y1;x2;y2;x3;y3;x4;y4;contents;contents_masked;correctclass;tag;description
invoice-3036.tiff;1;1;2480;3508;373600;1187;62;179;175;1187;62;1366;62;1366;237;1187;237;common/logo;AAAAAASAAAA;img;IMAGE;Image
invoice-3036.tiff;1;1;2480;3508;373593;124;258;108;59;124;258;232;258;232;317;124;317;Date;AAAA;undefined;OTHER;OTHER
invoice-3036.tiff;1;1;2480;3508;373594;247;258;58;59;247;258;305;258;305;317;247;317;de;AA;undefined;OTHER;OTHER
invoice-3036.tiff;1;1;2480;3508;373595;319;258;41;59;319;258;360;258;360;317;319;317;la;AA;undefined;OTHER;OTHER
invoice-3036.tiff;1;1;2480;3508;373596;375;258;166;59;375;258;541;258;541;317;375;317;facture;AAAAAAA;undefined;OTHER;OTHER
invoice-3036.tiff;1;1;2480;3508;373597;604;258;50;52;604;258;654;258;654;310;604;310;18;NN;IDATE;INVOICE_DATE;Invoice Date
invoice-3036.tiff;1;1;2480;3508;373598;668;258;76;52;668;258;744;258;744;310;668;310;ago;AAA;IDATE;INVOICE_DATE;Invoice Date
invoice-3036.tiff;1;1;2480;3508;373599;757;258;101;52;757;258;858;258;858;310;757;310;2019;NNNN;IDATE;INVOICE_DATE;Invoice Date
invoice-3036.tiff;1;1;2480;3508;373601;1187;412;57;49;1187;412;1244;412;1244;461;1187;461;DE;AA;SN;SUPPLIER_NAME;Seller/Company) name
invoice-3036.tiff;1;1;2480;3508;373602;1256;412;55;49;1256;412;1311;412;1311;461;1256;461;LA;AA;SN;SUPPLIER_NAME;Seller/Company) name
invoice-3036.tiff;1;1;2480;3508;373603;1324;412;141;49;1324;412;1465;412;1465;461;1324;461;VOLPE;AAAAA;SN;SUPPLIER_NAME;Seller/Company) name
invoice-3036.tiff;1;1;2480;3508;373604;1476;412;118;49;1476;412;1594;412;1594;461;1476;461;NERA;AAAA;SN;SUPPLIER_NAME;Seller/Company) name
invoice-3036.tiff;1;1;2480;3508;373605;1187;462;23;48;1187;462;1210;462;1210;510;1187;510;7;N;SA;SUPPLIER_ADDRESS;Seller Address
invoice-3036.tiff;1;1;2480;3508;373606;1222;462;87;48;1222;462;1309;462;1309;510;1222;510;RUE;AAA;SA;SUPPLIER_ADDRESS;Seller Address
invoice-3036.tiff;1;1;2480;3508;373607;1321;462;60;48;1321;462;1381;462;1381;510;1321;510;DU;AA;SA;SUPPLIER_ADDRESS;Seller Address
invoice-3036.tiff;1;1;2480;3508;373608;1393;462;87;48;1393;462;1480;462;1480;510;1393;510;CHA;AAA;SA;SUPPLIER_ADDRESS;Seller Address
invoice-3036.tiff;1;1;2480;3508;373609;1493;462;57;48;1493;462;1550;462;1550;510;1493;510;DE;AA;SA;SUPPLIER_ADDRESS;Seller Address
invoice-3036.tiff;1;1;2480;3508;373610;1562;462;67;48;1562;462;1629;462;1629;510;1562;510;LIO;AAA;SA;SUPPLIER_ADDRESS;Seller Address
invoice-3036.tiff;1;1;2480;3508;373611;1638;462;115;48;1638;462;1753;462;1753;510;1638;510;63340;NNNNN;SA;SUPPLIER_ADDRESS;Seller Address
invoice-3036.tiff;1;1;2480;3508;373612;1762;462;150;48;1762;462;1912;462;1912;510;1762;510;VICHEL;AAAAAA;SA;SUPPLIER_ADDRESS;Seller Address
invoice-3036.tiff;1;1;2480;3508;373613;1187;510;69;48;1187;510;1256;510;1256;558;1187;558;Tel:;AAAS;undefined;OTHER;OTHER
invoice-3036.tiff;1;1;2480;3508;373614;1281;510;278;48;1281;510;1559;510;1559;558;1281;558;01.36.35.40.06;NNSNNSNNSNNSNN;SCN;SUPPLIER_CONTACT_NUMBER;Seller Contact Number
invoice-3036.tiff;1;1;2480;3508;373615;1601;510;81;48;1601;510;1682;510;1682;558;1601;558;Fax:;AAAS;undefined;OTHER;OTHER
invoice-3036.tiff;1;1;2480;3508;373616;1707;510;278;48;1707;510;1985;510;1985;558;1707;558;01.36.35.21.20;NNSNNSNNSNNSNN;SFAX;SUPPLIER_FAX_NUMBER;Seller Fax Number
invoice-3036.tiff;1;1;2480;3508;373620;1541;895;197;59;1541;895;1738;895;1738;954;1541;954;Adresse;AAAAAAA;undefined;OTHER;OTHER
invoice-3036.tiff;1;1;2480;3508;373621;1752;895;272;59;1752;895;2024;895;2024;954;1752;954;Facturation;AAAAAAAAAAA;undefined;OTHER;OTHER
invoice-3036.tiff;1;1;2480;3508;373622;1541;954;78;49;1541;954;1619;954;1619;1003;1541;1003;Noa;AAA;BN;BILLING_NAME;Billing Name
invoice-3036.tiff;1;1;2480;3508;373623;1631;954;118;49;1631;954;1749;954;1749;1003;1631;1003;Boyer;AAAAA;BN;BILLING_NAME;Billing Name
invoice-3036.tiff;1;1;2480;3508;373624;1541;1004;34;48;1541;1004;1575;1004;1575;1052;1541;1052;4,;NS;BA;BILLING_ADDRESS;Billing Address
invoice-3036.tiff;1;1;2480;3508;373625;1587;1004;88;48;1587;1004;1675;1004;1675;1052;1587;1052;allée;AAAAA;BA;BILLING_ADDRESS;Billing Address
invoice-3036.tiff;1;1;2480;3508;373626;1687;1004;67;48;1687;1004;1754;1004;1754;1052;1687;1052;des;AAA;BA;BILLING_ADDRESS;Billing Address
invoice-3036.tiff;1;1;2480;3508;373627;1766;1004;208;48;1766;1004;1974;1004;1974;1052;1766;1052;coquelicots;AAAAAAAAAAA;BA;BILLING_ADDRESS;Billing Address
invoice-3036.tiff;1;1;2480;3508;373628;1541;1052;115;48;1541;1052;1656;1052;1656;1100;1541;1100;31520;NNNNN;BA;BILLING_ADDRESS;Billing Address
invoice-3036.tiff;1;1;2480;3508;373629;1699;1052;426;48;1699;1052;2125;1052;2125;1100;1699;1100;Ramonville-Saint-Agne;AAAAAAAAAASAAAAASAAAA;BA;BILLING_ADDRESS;Billing Address
invoice-3036.tiff;1;1;2480;3508;373630;1541;1100;129;48;1541;1100;1670;1100;1670;1148;1541;1148;France;AAAAAA;BA;BILLING_ADDRESS;Billing Address
invoice-3036.tiff;1;1;2480;3508;373617;124;1132;218;54;124;1132;342;1132;342;1186;124;1186;FACTURE;AAAAAAA;undefined;OTHER;OTHER
invoice-3036.tiff;1;1;2480;3508;373618;356;1132;51;54;356;1132;407;1132;407;1186;356;1186;N°;AS;undefined;OTHER;OTHER
invoice-3036.tiff;1;1;2480;3508;373619;750;1132;328;48;750;1132;1078;1132;1078;1180;750;1180;988-48342-14572;NNNSNNNNNSNNNNN;IN;INVOICE_NUMBER;Invoice Number
invoice-3036.tiff;1;1;2480;3508;373631;1541;1190;197;59;1541;1190;1738;1190;1738;1249;1541;1249;Adresse;AAAAAAA;undefined;OTHER;OTHER
invoice-3036.tiff;1;1;2480;3508;373632;1752;1190;222;59;1752;1190;1974;1190;1974;1249;1752;1249;Livraison;AAAAAAAAA;undefined;OTHER;OTHER
invoice-3036.tiff;1;1;2480;3508;373633;1541;1250;78;49;1541;1250;1619;1250;1619;1299;1541;1299;Noa;AAA;SHN;SHIPPING_NAME;Shipping Name
invoice-3036.tiff;1;1;2480;3508;373634;1631;1250;118;49;1631;1250;1749;1250;1749;1299;1631;1299;Boyer;AAAAA;SHN;SHIPPING_NAME;Shipping Name
invoice-3036.tiff;1;1;2480;3508;373635;1541;1299;34;48;1541;1299;1575;1299;1575;1347;1541;1347;4,;NS;SHA;SHIPPING_ADDRESS;Shipping Address
invoice-3036.tiff;1;1;2480;3508;373636;1587;1299;88;48;1587;1299;1675;1299;1675;1347;1587;1347;allée;AAAAA;SHA;SHIPPING_ADDRESS;Shipping Address
invoice-3036.tiff;1;1;2480;3508;373637;1687;1299;67;48;1687;1299;1754;1299;1754;1347;1687;1347;des;AAA;SHA;SHIPPING_ADDRESS;Shipping Address
invoice-3036.tiff;1;1;2480;3508;373638;1766;1299;208;48;1766;1299;1974;1299;1974;1347;1766;1347;coquelicots;AAAAAAAAAAA;SHA;SHIPPING_ADDRESS;Shipping Address
invoice-3036.tiff;1;1;2480;3508;373639;1541;1347;115;48;1541;1347;1656;1347;1656;1395;1541;1395;31520;NNNNN;SHA;SHIPPING_ADDRESS;Shipping Address
invoice-3036.tiff;1;1;2480;3508;373640;1699;1347;426;48;1699;1347;2125;1347;2125;1395;1699;1395;Ramonville-Saint-Agne;AAAAAAAAAASAAAAASAAAA;SHA;SHIPPING_ADDRESS;Shipping Address
invoice-3036.tiff;1;1;2480;3508;373641;1541;1395;129;48;1541;1395;1670;1395;1670;1443;1541;1443;France;AAAAAA;SHA;SHIPPING_ADDRESS;Shipping Address
invoice-3036.tiff;1;1;2480;3508;373642;436;1711;252;54;436;1711;688;1711;688;1765;436;1765;Description;AAAAAAAAAAA;undefined;OTHER;OTHER
invoice-3036.tiff;1;1;2480;3508;373643;1032;1711;185;54;1032;1711;1217;1711;1217;1765;1032;1765;Quantité;AAAAAAAA;undefined;OTHER;OTHER
invoice-3036.tiff;1;1;2480;3508;373644;1281;1711;86;54;1281;1711;1367;1711;1367;1765;1281;1765;Prix;AAAA;undefined;OTHER;OTHER
invoice-3036.tiff;1;1;2480;3508;373645;1381;1711;170;54;1381;1711;1551;1711;1551;1765;1381;1765;Unitaire;AAAAAAAA;undefined;OTHER;OTHER
invoice-3036.tiff;1;1;2480;3508;373646;1611;1711;106;54;1611;1711;1717;1711;1717;1765;1611;1765;Taux;AAAA;undefined;OTHER;OTHER
invoice-3036.tiff;1;1;2480;3508;373647;1730;1711;53;54;1730;1711;1783;1711;1783;1765;1730;1765;de;AA;undefined;OTHER;OTHER
invoice-3036.tiff;1;1;2480;3508;373648;1797;1711;91;54;1797;1711;1888;1711;1888;1765;1797;1765;TVA;AAA;undefined;OTHER;OTHER
invoice-3036.tiff;1;1;2480;3508;373649;1957;1711;178;54;1957;1711;2135;1711;2135;1765;1957;1765;Montant;AAAAAAA;undefined;OTHER;OTHER
invoice-3036.tiff;1;1;2480;3508;373650;2148;1711;61;54;2148;1711;2209;1711;2209;1765;2148;1765;HT;AA;undefined;OTHER;OTHER
invoice-3036.tiff;1;1;2480;3508;373651;124;1786;224;49;124;1786;348;1786;348;1835;124;1835;Imprimante;AAAAAAAAAA;undefined;OTHER;OTHER
invoice-3036.tiff;1;1;2480;3508;373652;361;1786;48;49;361;1786;409;1786;409;1835;361;1835;jet;AAA;undefined;OTHER;OTHER
invoice-3036.tiff;1;1;2480;3508;373653;421;1786;146;49;421;1786;567;1786;567;1835;421;1835;d'encre;ASAAAAA;undefined;OTHER;OTHER
invoice-3036.tiff;1;1;2480;3508;373654;579;1786;57;49;579;1786;636;1786;636;1835;579;1835;HP;AA;undefined;OTHER;OTHER
invoice-3036.tiff;1;1;2480;3508;373655;648;1786;99;49;648;1786;747;1786;747;1835;648;1835;Envy;AAAA;undefined;OTHER;OTHER
invoice-3036.tiff;1;1;2480;3508;373656;760;1786;92;49;760;1786;852;1786;852;1835;760;1835;7640;NNNN;undefined;OTHER;OTHER
invoice-3036.tiff;1;1;2480;3508;373657;1113;1786;23;49;1113;1786;1136;1786;1136;1835;1113;1835;3;N;undefined;OTHER;OTHER
invoice-3036.tiff;1;1;2480;3508;373658;1335;1786;127;49;1335;1786;1462;1786;1462;1835;1335;1835;124,17;NNNSNN;undefined;OTHER;OTHER
invoice-3036.tiff;1;1;2480;3508;373659;1474;1786;23;49;1474;1786;1497;1786;1497;1835;1474;1835;$;S;undefined;OTHER;OTHER
invoice-3036.tiff;1;1;2480;3508;373660;1690;1786;118;49;1690;1786;1808;1786;1808;1835;1690;1835;20.0%;NNSNS;undefined;OTHER;OTHER
invoice-3036.tiff;1;1;2480;3508;373661;2002;1786;127;49;2002;1786;2129;1786;2129;1835;2002;1835;372,50;NNNSNN;undefined;OTHER;OTHER
invoice-3036.tiff;1;1;2480;3508;373662;2141;1786;23;49;2141;1786;2164;1786;2164;1835;2141;1835;$;S;undefined;OTHER;OTHER
invoice-3036.tiff;1;1;2480;3508;373663;1752;1919;178;54;1752;1919;1930;1919;1930;1973;1752;1973;Montant;AAAAAAA;undefined;OTHER;OTHER
invoice-3036.tiff;1;1;2480;3508;373664;1943;1919;61;54;1943;1919;2004;1919;2004;1973;1943;1973;HT;AA;undefined;OTHER;OTHER
invoice-3036.tiff;1;1;2480;3508;373665;2046;1919;127;49;2046;1919;2173;1919;2173;1968;2046;1968;372,50;NNNSNN;TWTX;TOTAL_WITHOUT_TAX;TWTXS
invoice-3036.tiff;1;1;2480;3508;373666;2185;1919;23;49;2185;1919;2208;1919;2208;1968;2185;1968;$;S;TWTX;TOTAL_WITHOUT_TAX;TWTXS
invoice-3036.tiff;1;1;2480;3508;373667;1936;1974;91;54;1936;1974;2027;1974;2027;2028;1936;2028;TVA;AAA;undefined;OTHER;OTHER
invoice-3036.tiff;1;1;2480;3508;373668;2069;1974;104;49;2069;1974;2173;1974;2173;2023;2069;2023;74,50;NNSNN;TTX;TOTAL_TAX;Total Tax
invoice-3036.tiff;1;1;2480;3508;373669;2185;1974;23;49;2185;1974;2208;1974;2208;2023;2185;2023;$;S;TTX;TOTAL_TAX;Total Tax
invoice-3036.tiff;1;1;2480;3508;373670;1793;2028;109;54;1793;2028;1902;2028;1902;2082;1793;2082;Total;AAAAA;undefined;OTHER;OTHER
invoice-3036.tiff;1;1;2480;3508;373671;1915;2028;89;54;1915;2028;2004;2028;2004;2082;1915;2082;TTC;AAA;undefined;OTHER;OTHER
invoice-3036.tiff;1;1;2480;3508;373672;2046;2028;127;49;2046;2028;2173;2028;2173;2077;2046;2077;447,00;NNNSNN;TA;TOTAL_AMOUNT;Total with TAX
invoice-3036.tiff;1;1;2480;3508;373673;2185;2028;23;49;2185;2028;2208;2028;2208;2077;2185;2077;$;S;TA;TOTAL_AMOUNT;Total with TAX
invoice-3036.tiff;1;1;2480;3508;373674;124;2412;119;54;124;2412;243;2412;243;2466;124;2466;Mode;AAAA;undefined;OTHER;OTHER
invoice-3036.tiff;1;1;2480;3508;373675;257;2412;53;54;257;2412;310;2412;310;2466;257;2466;de;AA;undefined;OTHER;OTHER
invoice-3036.tiff;1;1;2480;3508;373676;323;2412;219;54;323;2412;542;2412;542;2466;323;2466;règlement;AAAAAAAAA;undefined;OTHER;OTHER
invoice-3036.tiff;1;1;2480;3508;373677;750;2412;127;48;750;2412;877;2412;877;2460;750;2460;Paypal;AAAAAA;PMODE;PAYMENT_MODE;Payment Mode
invoice-3036.tiff;1;1;2480;3508;373678;1187;3175;57;49;1187;3175;1244;3175;1244;3224;1187;3224;DE;AA;SN;SUPPLIER_NAME;Seller/Company) name
invoice-3036.tiff;1;1;2480;3508;373679;1256;3175;55;49;1256;3175;1311;3175;1311;3224;1256;3224;LA;AA;SN;SUPPLIER_NAME;Seller/Company) name
invoice-3036.tiff;1;1;2480;3508;373680;1324;3175;141;49;1324;3175;1465;3175;1465;3224;1324;3224;VOLPE;AAAAA;SN;SUPPLIER_NAME;Seller/Company) name
invoice-3036.tiff;1;1;2480;3508;373681;1476;3175;118;49;1476;3175;1594;3175;1594;3224;1476;3224;NERA;AAAA;SN;SUPPLIER_NAME;Seller/Company) name
invoice-3036.tiff;1;1;2480;3508;373682;1187;3224;23;48;1187;3224;1210;3224;1210;3272;1187;3272;7;N;SA;SUPPLIER_ADDRESS;Seller Address
invoice-3036.tiff;1;1;2480;3508;373683;1222;3224;87;48;1222;3224;1309;3224;1309;3272;1222;3272;RUE;AAA;SA;SUPPLIER_ADDRESS;Seller Address
invoice-3036.tiff;1;1;2480;3508;373684;1321;3224;60;48;1321;3224;1381;3224;1381;3272;1321;3272;DU;AA;SA;SUPPLIER_ADDRESS;Seller Address
invoice-3036.tiff;1;1;2480;3508;373685;1393;3224;87;48;1393;3224;1480;3224;1480;3272;1393;3272;CHA;AAA;SA;SUPPLIER_ADDRESS;Seller Address
invoice-3036.tiff;1;1;2480;3508;373686;1493;3224;57;48;1493;3224;1550;3224;1550;3272;1493;3272;DE;AA;SA;SUPPLIER_ADDRESS;Seller Address
invoice-3036.tiff;1;1;2480;3508;373687;1562;3224;67;48;1562;3224;1629;3224;1629;3272;1562;3272;LIO;AAA;SA;SUPPLIER_ADDRESS;Seller Address
invoice-3036.tiff;1;1;2480;3508;373688;1187;3272;115;48;1187;3272;1302;3272;1302;3320;1187;3320;63340;NNNNN;SA;SUPPLIER_ADDRESS;Seller Address
invoice-3036.tiff;1;1;2480;3508;373689;1344;3272;150;48;1344;3272;1494;3272;1494;3320;1344;3320;VICHEL;AAAAAA;SA;SUPPLIER_ADDRESS;Seller Address
