src;num_pages;page_id;page_width;page_height;id;col;row;width;height;x1;y1;x2;y2;x3;y3;x4;y4;contents;contents_masked;correctclass;tag;description
invoice-499.tiff;1;1;2480;3508;61571;1541;62;175;175;1541;62;1716;62;1716;237;1541;237;common/logo;AAAAAASAAAA;img;IMAGE;Image
invoice-499.tiff;1;1;2480;3508;61558;124;237;335;48;124;237;459;237;459;285;124;285;JOHN'SERVICES;AAAASAAAAAAAA;SN;SUPPLIER_NAME;Seller/Company) name
invoice-499.tiff;1;1;2480;3508;61567;833;237;173;45;833;237;1006;237;1006;282;833;282;Téléphone;AAAAAAAAA;undefined;OTHER;OTHER
invoice-499.tiff;1;1;2480;3508;61568;1069;237;249;45;1069;237;1318;237;1318;282;1069;282;00.28.99.91.33;NNSNNSNNSNNSNN;SCN;SUPPLIER_CONTACT_NUMBER;Seller Contact Number
invoice-499.tiff;1;1;2480;3508;61569;833;283;162;45;833;283;995;283;995;328;833;328;Télécopie;AAAAAAAAA;undefined;OTHER;OTHER
invoice-499.tiff;1;1;2480;3508;61570;1057;283;249;45;1057;283;1306;283;1306;328;1057;328;00.28.99.90.11;NNSNNSNNSNNSNN;SFAX;SUPPLIER_FAX_NUMBER;Seller Fax Number
invoice-499.tiff;1;1;2480;3508;61559;124;285;41;45;124;285;165;285;165;330;124;330;12;NN;SA;SUPPLIER_ADDRESS;Seller Address
invoice-499.tiff;1;1;2480;3508;61560;177;285;81;45;177;285;258;285;258;330;177;330;RUE;AAA;SA;SUPPLIER_ADDRESS;Seller Address
invoice-499.tiff;1;1;2480;3508;61561;268;285;55;45;268;285;323;285;323;330;268;330;DE;AA;SA;SUPPLIER_ADDRESS;Seller Address
invoice-499.tiff;1;1;2480;3508;61562;334;285;134;45;334;285;468;285;468;330;334;330;TAILLE;AAAAAA;SA;SUPPLIER_ADDRESS;Seller Address
invoice-499.tiff;1;1;2480;3508;61563;479;285;94;45;479;285;573;285;573;330;479;330;PIED;AAAA;SA;SUPPLIER_ADDRESS;Seller Address
invoice-499.tiff;1;1;2480;3508;61564;124;331;104;45;124;331;228;331;228;376;124;376;51300;NNNNN;SA;SUPPLIER_ADDRESS;Seller Address
invoice-499.tiff;1;1;2480;3508;61565;270;331;333;45;270;331;603;331;603;376;270;376;COURDEMANGES;AAAAAAAAAAAA;SA;SUPPLIER_ADDRESS;Seller Address
invoice-499.tiff;1;1;2480;3508;61566;124;377;157;45;124;377;281;377;281;422;124;422;FRANCE;AAAAAA;SA;SUPPLIER_ADDRESS;Seller Address
invoice-499.tiff;1;1;2480;3508;61572;124;749;169;57;124;749;293;749;293;806;124;806;Adresse;AAAAAAA;undefined;OTHER;OTHER
invoice-499.tiff;1;1;2480;3508;61573;306;749;252;57;306;749;558;749;558;806;306;806;Facturation;AAAAAAAAAAA;undefined;OTHER;OTHER
invoice-499.tiff;1;1;2480;3508;61574;124;807;115;48;124;807;239;807;239;855;124;855;Perrot;AAAAAA;BN;BILLING_NAME;Billing Name
invoice-499.tiff;1;1;2480;3508;61575;251;807;106;48;251;807;357;807;357;855;251;855;Lucas;AAAAA;BN;BILLING_NAME;Billing Name
invoice-499.tiff;1;1;2480;3508;61576;124;855;52;45;124;855;176;855;176;900;124;900;21,;NNS;BA;BILLING_ADDRESS;Billing Address
invoice-499.tiff;1;1;2480;3508;61577;187;855;117;45;187;855;304;855;304;900;187;900;avenue;AAAAAA;BA;BILLING_ADDRESS;Billing Address
invoice-499.tiff;1;1;2480;3508;61578;315;855;55;45;315;855;370;855;370;900;315;900;des;AAA;BA;BILLING_ADDRESS;Billing Address
invoice-499.tiff;1;1;2480;3508;61579;381;855;71;45;381;855;452;855;452;900;381;900;lilas;AAAAA;BA;BILLING_ADDRESS;Billing Address
invoice-499.tiff;1;1;2480;3508;61594;1541;866;160;52;1541;866;1701;866;1701;918;1541;918;Numéro;AAAAAA;undefined;OTHER;OTHER
invoice-499.tiff;1;1;2480;3508;61595;1713;866;45;52;1713;866;1758;866;1758;918;1713;918;de;AA;undefined;OTHER;OTHER
invoice-499.tiff;1;1;2480;3508;61596;1770;866;139;52;1770;866;1909;866;1909;918;1770;918;facture;AAAAAAA;undefined;OTHER;OTHER
invoice-499.tiff;1;1;2480;3508;61597;2166;866;171;46;2166;866;2337;866;2337;912;2166;912;INV-1640;AAASNNNN;IN;INVOICE_NUMBER;Invoice Number
invoice-499.tiff;1;1;2480;3508;61580;124;901;104;45;124;901;228;901;228;946;124;946;64000;NNNNN;BA;BILLING_ADDRESS;Billing Address
invoice-499.tiff;1;1;2480;3508;61581;270;901;67;45;270;901;337;901;337;946;270;946;Pau;AAA;BA;BILLING_ADDRESS;Billing Address
invoice-499.tiff;1;1;2480;3508;61598;1541;939;91;52;1541;939;1632;939;1632;991;1541;991;Date;AAAA;undefined;OTHER;OTHER
invoice-499.tiff;1;1;2480;3508;61599;1644;939;45;52;1644;939;1689;939;1689;991;1644;991;de;AA;undefined;OTHER;OTHER
invoice-499.tiff;1;1;2480;3508;61600;1702;939;35;52;1702;939;1737;939;1737;991;1702;991;la;AA;undefined;OTHER;OTHER
invoice-499.tiff;1;1;2480;3508;61601;1749;939;139;52;1749;939;1888;939;1888;991;1749;991;facture;AAAAAAA;undefined;OTHER;OTHER
invoice-499.tiff;1;1;2480;3508;61602;2166;939;41;46;2166;939;2207;939;2207;985;2166;985;31;NN;IDATE;INVOICE_DATE;Invoice Date
invoice-499.tiff;1;1;2480;3508;61603;2218;939;44;46;2218;939;2262;939;2262;985;2218;985;jul;AAA;IDATE;INVOICE_DATE;Invoice Date
invoice-499.tiff;1;1;2480;3508;61604;2273;939;83;46;2273;939;2356;939;2356;985;2273;985;1982;NNNN;IDATE;INVOICE_DATE;Invoice Date
invoice-499.tiff;1;1;2480;3508;61582;124;946;120;45;124;946;244;946;244;991;124;991;France;AAAAAA;BA;BILLING_ADDRESS;Billing Address
invoice-499.tiff;1;1;2480;3508;61605;1541;1013;160;52;1541;1013;1701;1013;1701;1065;1541;1065;Numéro;AAAAAA;undefined;OTHER;OTHER
invoice-499.tiff;1;1;2480;3508;61606;1713;1013;45;52;1713;1013;1758;1013;1758;1065;1713;1065;de;AA;undefined;OTHER;OTHER
invoice-499.tiff;1;1;2480;3508;61607;1770;1013;106;52;1770;1013;1876;1013;1876;1065;1770;1065;client;AAAAAA;undefined;OTHER;OTHER
invoice-499.tiff;1;1;2480;3508;61608;2166;1013;150;46;2166;1013;2316;1013;2316;1059;2166;1059;CL-5459;AASNNNN;CNUM;CLIENT_NUMBER;Client Number
invoice-499.tiff;1;1;2480;3508;61583;124;1034;169;57;124;1034;293;1034;293;1091;124;1091;Adresse;AAAAAAA;undefined;OTHER;OTHER
invoice-499.tiff;1;1;2480;3508;61584;306;1034;205;57;306;1034;511;1034;511;1091;306;1091;Livraison;AAAAAAAAA;undefined;OTHER;OTHER
invoice-499.tiff;1;1;2480;3508;61609;1541;1087;160;52;1541;1087;1701;1087;1701;1139;1541;1139;Numéro;AAAAAA;undefined;OTHER;OTHER
invoice-499.tiff;1;1;2480;3508;61610;1713;1087;45;52;1713;1087;1758;1087;1758;1139;1713;1139;de;AA;undefined;OTHER;OTHER
invoice-499.tiff;1;1;2480;3508;61611;1770;1087;213;52;1770;1087;1983;1087;1983;1139;1770;1139;commande;AAAAAAAA;undefined;OTHER;OTHER
invoice-499.tiff;1;1;2480;3508;61612;2166;1087;171;46;2166;1087;2337;1087;2337;1133;2166;1133;COM-023;AAASNNN;ONUM;ORDER_NUMBER;Order Number
invoice-499.tiff;1;1;2480;3508;61585;124;1092;115;48;124;1092;239;1092;239;1140;124;1140;Perrot;AAAAAA;SHN;SHIPPING_NAME;Shipping Name
invoice-499.tiff;1;1;2480;3508;61586;251;1092;106;48;251;1092;357;1092;357;1140;251;1140;Lucas;AAAAA;SHN;SHIPPING_NAME;Shipping Name
invoice-499.tiff;1;1;2480;3508;61587;124;1140;52;45;124;1140;176;1140;176;1185;124;1185;21,;NNS;SHA;SHIPPING_ADDRESS;Shipping Address
invoice-499.tiff;1;1;2480;3508;61588;187;1140;117;45;187;1140;304;1140;304;1185;187;1185;avenue;AAAAAA;SHA;SHIPPING_ADDRESS;Shipping Address
invoice-499.tiff;1;1;2480;3508;61589;315;1140;55;45;315;1140;370;1140;370;1185;315;1185;des;AAA;SHA;SHIPPING_ADDRESS;Shipping Address
invoice-499.tiff;1;1;2480;3508;61590;381;1140;71;45;381;1140;452;1140;452;1185;381;1185;lilas;AAAAA;SHA;SHIPPING_ADDRESS;Shipping Address
invoice-499.tiff;1;1;2480;3508;61591;124;1185;104;45;124;1185;228;1185;228;1230;124;1230;64000;NNNNN;SHA;SHIPPING_ADDRESS;Shipping Address
invoice-499.tiff;1;1;2480;3508;61592;270;1185;67;45;270;1185;337;1185;337;1230;270;1230;Pau;AAA;SHA;SHIPPING_ADDRESS;Shipping Address
invoice-499.tiff;1;1;2480;3508;61593;124;1231;120;45;124;1231;244;1231;244;1276;124;1276;France;AAAAAA;SHA;SHIPPING_ADDRESS;Shipping Address
invoice-499.tiff;1;1;2480;3508;61613;161;1555;92;52;161;1555;253;1555;253;1607;161;1607;Non.;AAAS;undefined;OTHER;OTHER
invoice-499.tiff;1;1;2480;3508;61614;401;1555;71;52;401;1555;472;1555;472;1607;401;1607;Qté;AAA;undefined;OTHER;OTHER
invoice-499.tiff;1;1;2480;3508;61615;863;1555;231;52;863;1555;1094;1555;1094;1607;863;1607;Désignation;AAAAAAAAAAA;undefined;OTHER;OTHER
invoice-499.tiff;1;1;2480;3508;61616;1490;1555;61;52;1490;1555;1551;1555;1551;1607;1490;1607;UP;AA;undefined;OTHER;OTHER
invoice-499.tiff;1;1;2480;3508;61617;1764;1555;96;52;1764;1555;1860;1555;1860;1607;1764;1607;TVA;AAA;undefined;OTHER;OTHER
invoice-499.tiff;1;1;2480;3508;61618;1968;1555;170;52;1968;1555;2138;1555;2138;1607;1968;1607;Montant;AAAAAAA;undefined;OTHER;OTHER
invoice-499.tiff;1;1;2480;3508;61619;2150;1555;89;52;2150;1555;2239;1555;2239;1607;2150;1607;H.T.;ASAS;undefined;OTHER;OTHER
invoice-499.tiff;1;1;2480;3508;61620;197;1628;20;48;197;1628;217;1628;217;1676;197;1676;1;N;undefined;OTHER;OTHER
invoice-499.tiff;1;1;2480;3508;61621;427;1628;20;48;427;1628;447;1628;447;1676;427;1676;3;N;undefined;OTHER;OTHER
invoice-499.tiff;1;1;2480;3508;61622;583;1628;87;48;583;1628;670;1628;670;1676;583;1676;Lave;AAAA;undefined;OTHER;OTHER
invoice-499.tiff;1;1;2480;3508;61623;681;1628;145;48;681;1628;826;1628;826;1676;681;1676;vaisselle;AAAAAAAAA;undefined;OTHER;OTHER
invoice-499.tiff;1;1;2480;3508;61624;837;1628;203;48;837;1628;1040;1628;1040;1676;837;1676;encastrable;AAAAAAAAAAA;undefined;OTHER;OTHER
invoice-499.tiff;1;1;2480;3508;61625;1052;1628;99;48;1052;1628;1151;1628;1151;1676;1052;1676;Miele;AAAAA;undefined;OTHER;OTHER
invoice-499.tiff;1;1;2480;3508;61626;1161;1628;185;48;1161;1628;1346;1628;1346;1676;1161;1676;G6630SCI;ANNNNAAA;undefined;OTHER;OTHER
invoice-499.tiff;1;1;2480;3508;61628;1463;1628;114;48;1463;1628;1577;1628;1577;1676;1463;1676;874,17;NNNSNN;undefined;OTHER;OTHER
invoice-499.tiff;1;1;2480;3508;61629;1755;1628;114;48;1755;1628;1869;1628;1869;1676;1755;1676;20.0%;NNSNS;undefined;OTHER;OTHER
invoice-499.tiff;1;1;2480;3508;61630;2036;1628;135;48;2036;1628;2171;1628;2171;1676;2036;1676;2622,50;NNNNSNN;undefined;OTHER;OTHER
invoice-499.tiff;1;1;2480;3508;61627;583;1676;46;48;583;1676;629;1676;629;1724;583;1724;IN;AA;undefined;OTHER;OTHER
invoice-499.tiff;1;1;2480;3508;61631;1459;1808;160;52;1459;1808;1619;1808;1619;1860;1459;1860;TOTAL;AAAAA;undefined;OTHER;OTHER
invoice-499.tiff;1;1;2480;3508;61632;1631;1808;180;52;1631;1808;1811;1808;1811;1860;1631;1860;REMISE;AAAAAA;undefined;OTHER;OTHER
invoice-499.tiff;1;1;2480;3508;61633;1824;1808;280;52;1824;1808;2104;1808;2104;1860;1824;1860;IMMEDIATE;AAAAAAAAA;undefined;OTHER;OTHER
invoice-499.tiff;1;1;2480;3508;61634;2125;1808;72;48;2125;1808;2197;1808;2197;1856;2125;1856;0,00;NSNN;undefined;OTHER;OTHER
invoice-499.tiff;1;1;2480;3508;61635;1749;1861;170;52;1749;1861;1919;1861;1919;1913;1749;1913;Montant;AAAAAAA;undefined;OTHER;OTHER
invoice-499.tiff;1;1;2480;3508;61636;1931;1861;89;52;1931;1861;2020;1861;2020;1913;1931;1913;H.T.;ASAS;undefined;OTHER;OTHER
invoice-499.tiff;1;1;2480;3508;61637;2062;1861;135;48;2062;1861;2197;1861;2197;1909;2062;1909;2622,50;NNNNSNN;TWTX;TOTAL_WITHOUT_TAX;TWTXS
invoice-499.tiff;1;1;2480;3508;61638;1955;1914;96;52;1955;1914;2051;1914;2051;1966;1955;1966;TVA;AAA;undefined;OTHER;OTHER
invoice-499.tiff;1;1;2480;3508;61639;2093;1914;114;48;2093;1914;2207;1914;2207;1962;2093;1962;20.0%;NNSNS;TXR;TAX_RATE;Tax Rate
invoice-499.tiff;1;1;2480;3508;61640;1762;1966;170;52;1762;1966;1932;1966;1932;2018;1762;2018;Montant;AAAAAAA;undefined;OTHER;OTHER
invoice-499.tiff;1;1;2480;3508;61641;1944;1966;96;52;1944;1966;2040;1966;2040;2018;1944;2018;TVA;AAA;undefined;OTHER;OTHER
invoice-499.tiff;1;1;2480;3508;61642;2083;1966;114;48;2083;1966;2197;1966;2197;2014;2083;2014;524,50;NNNSNN;TTX;TOTAL_TAX;Total Tax
invoice-499.tiff;1;1;2480;3508;61643;1744;2019;170;52;1744;2019;1914;2019;1914;2071;1744;2071;Montant;AAAAAAA;undefined;OTHER;OTHER
invoice-499.tiff;1;1;2480;3508;61644;1926;2019;94;52;1926;2019;2020;2019;2020;2071;1926;2071;TTC;AAA;undefined;OTHER;OTHER
invoice-499.tiff;1;1;2480;3508;61645;2062;2019;135;48;2062;2019;2197;2019;2197;2067;2062;2067;3147,00;NNNNSNN;TA;TOTAL_AMOUNT;Total with TAX
invoice-499.tiff;1;1;2480;3508;61646;1541;2401;112;52;1541;2401;1653;2401;1653;2453;1541;2453;Mode;AAAA;undefined;OTHER;OTHER
invoice-499.tiff;1;1;2480;3508;61647;1665;2401;45;52;1665;2401;1710;2401;1710;2453;1665;2453;de;AA;undefined;OTHER;OTHER
invoice-499.tiff;1;1;2480;3508;61648;1722;2401;195;52;1722;2401;1917;2401;1917;2453;1722;2453;règlement;AAAAAAAAA;undefined;OTHER;OTHER
invoice-499.tiff;1;1;2480;3508;61649;2166;2401;55;46;2166;2401;2221;2401;2221;2447;2166;2447;CB;AA;PMODE;PAYMENT_MODE;Payment Mode
invoice-499.tiff;1;1;2480;3508;61650;1187;3154;335;48;1187;3154;1522;3154;1522;3202;1187;3202;JOHN'SERVICES;AAAASAAAAAAAA;SN;SUPPLIER_NAME;Seller/Company) name
invoice-499.tiff;1;1;2480;3508;61651;1187;3202;41;45;1187;3202;1228;3202;1228;3247;1187;3247;12;NN;SA;SUPPLIER_ADDRESS;Seller Address
invoice-499.tiff;1;1;2480;3508;61652;1239;3202;81;45;1239;3202;1320;3202;1320;3247;1239;3247;RUE;AAA;SA;SUPPLIER_ADDRESS;Seller Address
invoice-499.tiff;1;1;2480;3508;61653;1331;3202;55;45;1331;3202;1386;3202;1386;3247;1331;3247;DE;AA;SA;SUPPLIER_ADDRESS;Seller Address
invoice-499.tiff;1;1;2480;3508;61654;1396;3202;134;45;1396;3202;1530;3202;1530;3247;1396;3247;TAILLE;AAAAAA;SA;SUPPLIER_ADDRESS;Seller Address
invoice-499.tiff;1;1;2480;3508;61655;1541;3202;94;45;1541;3202;1635;3202;1635;3247;1541;3247;PIED;AAAA;SA;SUPPLIER_ADDRESS;Seller Address
invoice-499.tiff;1;1;2480;3508;61656;1187;3248;104;45;1187;3248;1291;3248;1291;3293;1187;3293;51300;NNNNN;SA;SUPPLIER_ADDRESS;Seller Address
invoice-499.tiff;1;1;2480;3508;61657;1333;3248;333;45;1333;3248;1666;3248;1666;3293;1333;3293;COURDEMANGES;AAAAAAAAAAAA;SA;SUPPLIER_ADDRESS;Seller Address
invoice-499.tiff;1;1;2480;3508;61658;1187;3293;157;45;1187;3293;1344;3293;1344;3338;1187;3338;FRANCE;AAAAAA;SA;SUPPLIER_ADDRESS;Seller Address
