src;num_pages;page_id;page_width;page_height;id;col;row;width;height;x1;y1;x2;y2;x3;y3;x4;y4;contents;contents_masked;correctclass;tag;description
invoice-870.tiff;1;1;2480;3508;107254;833;62;230;175;833;62;1063;62;1063;237;833;237;common/logo;AAAAAASAAAA;img;IMAGE;Image
invoice-870.tiff;1;1;2480;3508;107250;124;237;67;45;124;237;191;237;191;282;124;282;Tel:;AAAS;undefined;OTHER;OTHER
invoice-870.tiff;1;1;2480;3508;107251;254;237;249;45;254;237;503;237;503;282;254;282;09.43.22.97.12;NNSNNSNNSNNSNN;SCN;SUPPLIER_CONTACT_NUMBER;Seller Contact Number
invoice-870.tiff;1;1;2480;3508;107255;1541;237;146;48;1541;237;1687;237;1687;285;1541;285;C.M.R.I;ASASASA;SN;SUPPLIER_NAME;Seller/Company) name
invoice-870.tiff;1;1;2480;3508;107256;1699;237;85;48;1699;237;1784;237;1784;285;1699;285;BAT;AAA;SN;SUPPLIER_NAME;Seller/Company) name
invoice-870.tiff;1;1;2480;3508;107252;124;283;78;45;124;283;202;283;202;328;124;328;Fax:;AAAS;undefined;OTHER;OTHER
invoice-870.tiff;1;1;2480;3508;107253;266;283;249;45;266;283;515;283;515;328;266;328;09.43.22.30.68;NNSNNSNNSNNSNN;SFAX;SUPPLIER_FAX_NUMBER;Seller Fax Number
invoice-870.tiff;1;1;2480;3508;107257;1541;285;20;45;1541;285;1561;285;1561;330;1541;330;6;N;SA;SUPPLIER_ADDRESS;Seller Address
invoice-870.tiff;1;1;2480;3508;107258;1572;285;74;45;1572;285;1646;285;1646;330;1572;330;IMP;AAA;SA;SUPPLIER_ADDRESS;Seller Address
invoice-870.tiff;1;1;2480;3508;107259;1657;285;55;45;1657;285;1712;285;1712;330;1657;330;DE;AA;SA;SUPPLIER_ADDRESS;Seller Address
invoice-870.tiff;1;1;2480;3508;107260;1723;285;143;45;1723;285;1866;285;1866;330;1723;330;CHAMP;AAAAA;SA;SUPPLIER_ADDRESS;Seller Address
invoice-870.tiff;1;1;2480;3508;107261;1877;285;87;45;1877;285;1964;285;1964;330;1877;330;FILA;AAAA;SA;SUPPLIER_ADDRESS;Seller Address
invoice-870.tiff;1;1;2480;3508;107262;1541;331;104;45;1541;331;1645;331;1645;376;1541;376;38320;NNNNN;SA;SUPPLIER_ADDRESS;Seller Address
invoice-870.tiff;1;1;2480;3508;107263;1687;331;148;45;1687;331;1835;331;1835;376;1687;376;EYBENS;AAAAAA;SA;SUPPLIER_ADDRESS;Seller Address
invoice-870.tiff;1;1;2480;3508;107264;124;596;169;57;124;596;293;596;293;653;124;653;Adresse;AAAAAAA;undefined;OTHER;OTHER
invoice-870.tiff;1;1;2480;3508;107265;306;596;205;57;306;596;511;596;511;653;306;653;Livraison;AAAAAAAAA;undefined;OTHER;OTHER
invoice-870.tiff;1;1;2480;3508;107275;1541;596;169;57;1541;596;1710;596;1710;653;1541;653;Adresse;AAAAAAA;undefined;OTHER;OTHER
invoice-870.tiff;1;1;2480;3508;107276;1723;596;252;57;1723;596;1975;596;1975;653;1723;653;Facturation;AAAAAAAAAAA;undefined;OTHER;OTHER
invoice-870.tiff;1;1;2480;3508;107266;124;654;83;48;124;654;207;654;207;702;124;702;Jean;AAAA;SHN;SHIPPING_NAME;Shipping Name
invoice-870.tiff;1;1;2480;3508;107267;218;654;90;48;218;654;308;654;308;702;218;702;Enzo;AAAA;SHN;SHIPPING_NAME;Shipping Name
invoice-870.tiff;1;1;2480;3508;107277;1541;654;83;48;1541;654;1624;654;1624;702;1541;702;Jean;AAAA;BN;BILLING_NAME;Billing Name
invoice-870.tiff;1;1;2480;3508;107278;1635;654;90;48;1635;654;1725;654;1725;702;1635;702;Enzo;AAAA;BN;BILLING_NAME;Billing Name
invoice-870.tiff;1;1;2480;3508;107268;124;702;31;45;124;702;155;702;155;747;124;747;4,;NS;SHA;SHIPPING_ADDRESS;Shipping Address
invoice-870.tiff;1;1;2480;3508;107269;166;702;55;45;166;702;221;702;221;747;166;747;rue;AAA;SHA;SHIPPING_ADDRESS;Shipping Address
invoice-870.tiff;1;1;2480;3508;107270;232;702;39;45;232;702;271;702;271;747;232;747;de;AA;SHA;SHIPPING_ADDRESS;Shipping Address
invoice-870.tiff;1;1;2480;3508;107271;282;702;189;45;282;702;471;702;471;747;282;747;nambsheim;AAAAAAAAA;SHA;SHIPPING_ADDRESS;Shipping Address
invoice-870.tiff;1;1;2480;3508;107279;1541;702;31;45;1541;702;1572;702;1572;747;1541;747;4,;NS;BA;BILLING_ADDRESS;Billing Address
invoice-870.tiff;1;1;2480;3508;107280;1583;702;55;45;1583;702;1638;702;1638;747;1583;747;rue;AAA;BA;BILLING_ADDRESS;Billing Address
invoice-870.tiff;1;1;2480;3508;107281;1649;702;39;45;1649;702;1688;702;1688;747;1649;747;de;AA;BA;BILLING_ADDRESS;Billing Address
invoice-870.tiff;1;1;2480;3508;107282;1699;702;189;45;1699;702;1888;702;1888;747;1699;747;nambsheim;AAAAAAAAA;BA;BILLING_ADDRESS;Billing Address
invoice-870.tiff;1;1;2480;3508;107272;124;748;104;45;124;748;228;748;228;793;124;793;68740;NNNNN;SHA;SHIPPING_ADDRESS;Shipping Address
invoice-870.tiff;1;1;2480;3508;107273;270;748;120;45;270;748;390;748;390;793;270;793;Balgau;AAAAAA;SHA;SHIPPING_ADDRESS;Shipping Address
invoice-870.tiff;1;1;2480;3508;107283;1541;748;104;45;1541;748;1645;748;1645;793;1541;793;68740;NNNNN;BA;BILLING_ADDRESS;Billing Address
invoice-870.tiff;1;1;2480;3508;107284;1687;748;120;45;1687;748;1807;748;1807;793;1687;793;Balgau;AAAAAA;BA;BILLING_ADDRESS;Billing Address
invoice-870.tiff;1;1;2480;3508;107274;124;793;120;45;124;793;244;793;244;838;124;838;France;AAAAAA;SHA;SHIPPING_ADDRESS;Shipping Address
invoice-870.tiff;1;1;2480;3508;107285;1541;793;120;45;1541;793;1661;793;1661;838;1541;838;France;AAAAAA;BA;BILLING_ADDRESS;Billing Address
invoice-870.tiff;1;1;2480;3508;107286;1541;1110;160;52;1541;1110;1701;1110;1701;1162;1541;1162;Numéro;AAAAAA;undefined;OTHER;OTHER
invoice-870.tiff;1;1;2480;3508;107287;1713;1110;45;52;1713;1110;1758;1110;1758;1162;1713;1162;de;AA;undefined;OTHER;OTHER
invoice-870.tiff;1;1;2480;3508;107288;1770;1110;139;52;1770;1110;1909;1110;1909;1162;1770;1162;facture;AAAAAAA;undefined;OTHER;OTHER
invoice-870.tiff;1;1;2480;3508;107289;2166;1110;145;46;2166;1110;2311;1110;2311;1156;2166;1156;1928395;NNNNNNN;IN;INVOICE_NUMBER;Invoice Number
invoice-870.tiff;1;1;2480;3508;107290;1541;1184;91;52;1541;1184;1632;1184;1632;1236;1541;1236;Date;AAAA;undefined;OTHER;OTHER
invoice-870.tiff;1;1;2480;3508;107291;1644;1184;45;52;1644;1184;1689;1184;1689;1236;1644;1236;de;AA;undefined;OTHER;OTHER
invoice-870.tiff;1;1;2480;3508;107292;1702;1184;35;52;1702;1184;1737;1184;1737;1236;1702;1236;la;AA;undefined;OTHER;OTHER
invoice-870.tiff;1;1;2480;3508;107293;1749;1184;139;52;1749;1184;1888;1184;1888;1236;1749;1236;facture;AAAAAAA;undefined;OTHER;OTHER
invoice-870.tiff;1;1;2480;3508;107294;2166;1184;41;46;2166;1184;2207;1184;2207;1230;2166;1230;31;NN;IDATE;INVOICE_DATE;Invoice Date
invoice-870.tiff;1;1;2480;3508;107295;2218;1184;50;46;2218;1184;2268;1184;2268;1230;2218;1230;oct;AAA;IDATE;INVOICE_DATE;Invoice Date
invoice-870.tiff;1;1;2480;3508;107296;2280;1184;83;46;2280;1184;2363;1184;2363;1230;2280;1230;1999;NNNN;IDATE;INVOICE_DATE;Invoice Date
invoice-870.tiff;1;1;2480;3508;107297;1541;1258;160;52;1541;1258;1701;1258;1701;1310;1541;1310;Numéro;AAAAAA;undefined;OTHER;OTHER
invoice-870.tiff;1;1;2480;3508;107298;1713;1258;45;52;1713;1258;1758;1258;1758;1310;1713;1310;de;AA;undefined;OTHER;OTHER
invoice-870.tiff;1;1;2480;3508;107299;1770;1258;106;52;1770;1258;1876;1258;1876;1310;1770;1310;client;AAAAAA;undefined;OTHER;OTHER
invoice-870.tiff;1;1;2480;3508;107300;2166;1258;104;46;2166;1258;2270;1258;2270;1304;2166;1304;74331;NNNNN;CNUM;CLIENT_NUMBER;Client Number
invoice-870.tiff;1;1;2480;3508;107301;1541;1331;160;52;1541;1331;1701;1331;1701;1383;1541;1383;Numéro;AAAAAA;undefined;OTHER;OTHER
invoice-870.tiff;1;1;2480;3508;107302;1713;1331;45;52;1713;1331;1758;1331;1758;1383;1713;1383;de;AA;undefined;OTHER;OTHER
invoice-870.tiff;1;1;2480;3508;107303;1770;1331;213;52;1770;1331;1983;1331;1983;1383;1770;1383;commande;AAAAAAAA;undefined;OTHER;OTHER
invoice-870.tiff;1;1;2480;3508;107304;2166;1331;83;46;2166;1331;2249;1331;2249;1377;2166;1377;2825;NNNN;ONUM;ORDER_NUMBER;Order Number
invoice-870.tiff;1;1;2480;3508;107305;1541;1405;112;52;1541;1405;1653;1405;1653;1457;1541;1457;Mode;AAAA;undefined;OTHER;OTHER
invoice-870.tiff;1;1;2480;3508;107306;1665;1405;45;52;1665;1405;1710;1405;1710;1457;1665;1457;de;AA;undefined;OTHER;OTHER
invoice-870.tiff;1;1;2480;3508;107307;1722;1405;195;52;1722;1405;1917;1405;1917;1457;1722;1457;règlement;AAAAAAAAA;undefined;OTHER;OTHER
invoice-870.tiff;1;1;2480;3508;107308;2166;1405;55;46;2166;1405;2221;1405;2221;1451;2166;1451;CB;AA;PMODE;PAYMENT_MODE;Payment Mode
invoice-870.tiff;1;1;2480;3508;107309;143;1836;129;52;143;1836;272;1836;272;1888;143;1888;S.Non.;ASAAAS;undefined;OTHER;OTHER
invoice-870.tiff;1;1;2480;3508;107310;574;1836;226;52;574;1836;800;1836;800;1888;574;1888;Description;AAAAAAAAAAA;undefined;OTHER;OTHER
invoice-870.tiff;1;1;2480;3508;107311;1142;1836;173;52;1142;1836;1315;1836;1315;1888;1142;1888;Quantité;AAAAAAAA;undefined;OTHER;OTHER
invoice-870.tiff;1;1;2480;3508;107312;1391;1836;84;52;1391;1836;1475;1836;1475;1888;1391;1888;Prix;AAAA;undefined;OTHER;OTHER
invoice-870.tiff;1;1;2480;3508;107313;1487;1836;162;52;1487;1836;1649;1836;1649;1888;1487;1888;Unitaire;AAAAAAAA;undefined;OTHER;OTHER
invoice-870.tiff;1;1;2480;3508;107314;1678;1836;101;52;1678;1836;1779;1836;1779;1888;1678;1888;Taux;AAAA;undefined;OTHER;OTHER
invoice-870.tiff;1;1;2480;3508;107315;1792;1836;45;52;1792;1836;1837;1836;1837;1888;1792;1888;de;AA;undefined;OTHER;OTHER
invoice-870.tiff;1;1;2480;3508;107316;1849;1836;96;52;1849;1836;1945;1836;1945;1888;1849;1888;TVA;AAA;undefined;OTHER;OTHER
invoice-870.tiff;1;1;2480;3508;107317;1980;1836;170;52;1980;1836;2150;1836;2150;1888;1980;1888;Montant;AAAAAAA;undefined;OTHER;OTHER
invoice-870.tiff;1;1;2480;3508;107318;2162;1836;66;52;2162;1836;2228;1836;2228;1888;2162;1888;HT;AA;undefined;OTHER;OTHER
invoice-870.tiff;1;1;2480;3508;107319;197;1910;20;48;197;1910;217;1910;217;1958;197;1958;1;N;undefined;OTHER;OTHER
invoice-870.tiff;1;1;2480;3508;107320;291;1910;155;48;291;1910;446;1910;446;1958;291;1958;Enceinte;AAAAAAAA;undefined;OTHER;OTHER
invoice-870.tiff;1;1;2480;3508;107321;457;1910;222;48;457;1910;679;1910;679;1958;457;1958;bibliothèque;AAAAAAAAAAAA;undefined;OTHER;OTHER
invoice-870.tiff;1;1;2480;3508;107322;689;1910;224;48;689;1910;913;1910;913;1958;689;1958;Audioengine;AAAAAAAAAAA;undefined;OTHER;OTHER
invoice-870.tiff;1;1;2480;3508;107323;924;1910;74;48;924;1910;998;1910;998;1958;924;1958;A5+;ANS;undefined;OTHER;OTHER
invoice-870.tiff;1;1;2480;3508;107327;1218;1910;20;48;1218;1910;1238;1910;1238;1958;1218;1958;4;N;undefined;OTHER;OTHER
invoice-870.tiff;1;1;2480;3508;107328;1463;1910;114;48;1463;1910;1577;1910;1577;1958;1463;1958;382,50;NNNSNN;undefined;OTHER;OTHER
invoice-870.tiff;1;1;2480;3508;107329;1755;1910;114;48;1755;1910;1869;1910;1869;1958;1755;1958;20.0%;NNSNS;undefined;OTHER;OTHER
invoice-870.tiff;1;1;2480;3508;107330;2036;1910;135;48;2036;1910;2171;1910;2171;1958;2036;1958;1530,00;NNNNSNN;undefined;OTHER;OTHER
invoice-870.tiff;1;1;2480;3508;107324;291;1958;81;48;291;1958;372;1958;372;2006;291;2006;Noir;AAAA;undefined;OTHER;OTHER
invoice-870.tiff;1;1;2480;3508;107325;383;1958;85;48;383;1958;468;1958;468;2006;383;2006;satin;AAAAA;undefined;OTHER;OTHER
invoice-870.tiff;1;1;2480;3508;107326;479;1958;50;48;479;1958;529;1958;529;2006;479;2006;X2;AN;undefined;OTHER;OTHER
invoice-870.tiff;1;1;2480;3508;107331;197;2048;20;48;197;2048;217;2048;217;2096;197;2096;2;N;undefined;OTHER;OTHER
invoice-870.tiff;1;1;2480;3508;107332;291;2048;71;48;291;2048;362;2048;362;2096;291;2096;Dell;AAAA;undefined;OTHER;OTHER
invoice-870.tiff;1;1;2480;3508;107333;373;2048;152;48;373;2048;525;2048;525;2096;373;2096;Latitude;AAAAAAAA;undefined;OTHER;OTHER
invoice-870.tiff;1;1;2480;3508;107334;537;2048;111;48;537;2048;648;2048;648;2096;537;2096;E5530;ANNNN;undefined;OTHER;OTHER
invoice-870.tiff;1;1;2480;3508;107335;658;2048;13;48;658;2048;671;2048;671;2096;658;2096;-;S;undefined;OTHER;OTHER
invoice-870.tiff;1;1;2480;3508;107336;682;2048;166;48;682;2048;848;2048;848;2096;682;2096;Windows;AAAAAAA;undefined;OTHER;OTHER
invoice-870.tiff;1;1;2480;3508;107337;859;2048;41;48;859;2048;900;2048;900;2096;859;2096;10;NN;undefined;OTHER;OTHER
invoice-870.tiff;1;1;2480;3508;107338;1218;2048;20;48;1218;2048;1238;2048;1238;2096;1218;2096;2;N;undefined;OTHER;OTHER
invoice-870.tiff;1;1;2480;3508;107339;1463;2048;114;48;1463;2048;1577;2048;1577;2096;1463;2096;533,25;NNNSNN;undefined;OTHER;OTHER
invoice-870.tiff;1;1;2480;3508;107340;1755;2048;114;48;1755;2048;1869;2048;1869;2096;1755;2096;20.0%;NNSNS;undefined;OTHER;OTHER
invoice-870.tiff;1;1;2480;3508;107341;2036;2048;135;48;2036;2048;2171;2048;2171;2096;2036;2096;1066,50;NNNNSNN;undefined;OTHER;OTHER
invoice-870.tiff;1;1;2480;3508;107342;197;2137;20;48;197;2137;217;2137;217;2185;197;2185;3;N;undefined;OTHER;OTHER
invoice-870.tiff;1;1;2480;3508;107343;291;2137;143;48;291;2137;434;2137;434;2185;291;2185;Caméra;AAAAAA;undefined;OTHER;OTHER
invoice-870.tiff;1;1;2480;3508;107344;445;2137;92;48;445;2137;537;2137;537;2185;445;2185;sport;AAAAA;undefined;OTHER;OTHER
invoice-870.tiff;1;1;2480;3508;107345;548;2137;85;48;548;2137;633;2137;633;2185;548;2185;AEE;AAA;undefined;OTHER;OTHER
invoice-870.tiff;1;1;2480;3508;107346;644;2137;81;48;644;2137;725;2137;725;2185;644;2185;Lyfe;AAAA;undefined;OTHER;OTHER
invoice-870.tiff;1;1;2480;3508;107347;736;2137;97;48;736;2137;833;2137;833;2185;736;2185;Titan;AAAAA;undefined;OTHER;OTHER
invoice-870.tiff;1;1;2480;3508;107348;1218;2137;20;48;1218;2137;1238;2137;1238;2185;1218;2185;1;N;undefined;OTHER;OTHER
invoice-870.tiff;1;1;2480;3508;107349;1463;2137;114;48;1463;2137;1577;2137;1577;2185;1463;2185;140,83;NNNSNN;undefined;OTHER;OTHER
invoice-870.tiff;1;1;2480;3508;107350;1755;2137;114;48;1755;2137;1869;2137;1869;2185;1755;2185;20.0%;NNSNS;undefined;OTHER;OTHER
invoice-870.tiff;1;1;2480;3508;107351;2046;2137;114;48;2046;2137;2160;2137;2160;2185;2046;2185;140,83;NNNSNN;undefined;OTHER;OTHER
invoice-870.tiff;1;1;2480;3508;107352;1459;2269;160;52;1459;2269;1619;2269;1619;2321;1459;2321;TOTAL;AAAAA;undefined;OTHER;OTHER
invoice-870.tiff;1;1;2480;3508;107353;1631;2269;180;52;1631;2269;1811;2269;1811;2321;1631;2321;REMISE;AAAAAA;undefined;OTHER;OTHER
invoice-870.tiff;1;1;2480;3508;107354;1824;2269;280;52;1824;2269;2104;2269;2104;2321;1824;2321;IMMEDIATE;AAAAAAAAA;undefined;OTHER;OTHER
invoice-870.tiff;1;1;2480;3508;107355;2125;2269;72;48;2125;2269;2197;2269;2197;2317;2125;2317;0,00;NSNN;undefined;OTHER;OTHER
invoice-870.tiff;1;1;2480;3508;107356;1772;2321;170;52;1772;2321;1942;2321;1942;2373;1772;2373;Montant;AAAAAAA;undefined;OTHER;OTHER
invoice-870.tiff;1;1;2480;3508;107357;1954;2321;66;52;1954;2321;2020;2321;2020;2373;1954;2373;HT;AA;undefined;OTHER;OTHER
invoice-870.tiff;1;1;2480;3508;107358;2062;2321;135;48;2062;2321;2197;2321;2197;2369;2062;2369;2737,33;NNNNSNN;TWTX;TOTAL_WITHOUT_TAX;TWTXS
invoice-870.tiff;1;1;2480;3508;107359;1944;2374;96;52;1944;2374;2040;2374;2040;2426;1944;2426;TVA;AAA;undefined;OTHER;OTHER
invoice-870.tiff;1;1;2480;3508;107360;2083;2374;114;48;2083;2374;2197;2374;2197;2422;2083;2422;547,47;NNNSNN;TTX;TOTAL_TAX;Total Tax
invoice-870.tiff;1;1;2480;3508;107361;1810;2427;104;52;1810;2427;1914;2427;1914;2479;1810;2479;Total;AAAAA;undefined;OTHER;OTHER
invoice-870.tiff;1;1;2480;3508;107362;1926;2427;94;52;1926;2427;2020;2427;2020;2479;1926;2479;TTC;AAA;undefined;OTHER;OTHER
invoice-870.tiff;1;1;2480;3508;107363;2062;2427;135;48;2062;2427;2197;2427;2197;2475;2062;2475;3284,80;NNNNSNN;TA;TOTAL_AMOUNT;Total with TAX
invoice-870.tiff;1;1;2480;3508;107364;124;3175;146;48;124;3175;270;3175;270;3223;124;3223;C.M.R.I;ASASASA;SN;SUPPLIER_NAME;Seller/Company) name
invoice-870.tiff;1;1;2480;3508;107365;282;3175;85;48;282;3175;367;3175;367;3223;282;3223;BAT;AAA;SN;SUPPLIER_NAME;Seller/Company) name
invoice-870.tiff;1;1;2480;3508;107366;124;3223;20;45;124;3223;144;3223;144;3268;124;3268;6;N;SA;SUPPLIER_ADDRESS;Seller Address
invoice-870.tiff;1;1;2480;3508;107367;156;3223;74;45;156;3223;230;3223;230;3268;156;3268;IMP;AAA;SA;SUPPLIER_ADDRESS;Seller Address
invoice-870.tiff;1;1;2480;3508;107368;240;3223;55;45;240;3223;295;3223;295;3268;240;3268;DE;AA;SA;SUPPLIER_ADDRESS;Seller Address
invoice-870.tiff;1;1;2480;3508;107369;306;3223;143;45;306;3223;449;3223;449;3268;306;3268;CHAMP;AAAAA;SA;SUPPLIER_ADDRESS;Seller Address
invoice-870.tiff;1;1;2480;3508;107370;460;3223;87;45;460;3223;547;3223;547;3268;460;3268;FILA;AAAA;SA;SUPPLIER_ADDRESS;Seller Address
invoice-870.tiff;1;1;2480;3508;107371;124;3268;104;45;124;3268;228;3268;228;3313;124;3313;38320;NNNNN;SA;SUPPLIER_ADDRESS;Seller Address
invoice-870.tiff;1;1;2480;3508;107372;270;3268;148;45;270;3268;418;3268;418;3313;270;3313;EYBENS;AAAAAA;SA;SUPPLIER_ADDRESS;Seller Address
