src;num_pages;page_id;page_width;page_height;id;col;row;width;height;x1;y1;x2;y2;x3;y3;x4;y4;contents;contents_masked;correctclass;tag;description
invoice-2992.tiff;1;1;2480;3508;368154;833;62;631;175;833;62;1464;62;1464;237;833;237;common/logo;AAAAAASAAAA;img;IMAGE;Image
invoice-2992.tiff;1;1;2480;3508;368145;124;237;145;48;124;237;269;237;269;285;124;285;TABAC;AAAAA;SN;SUPPLIER_NAME;Seller/Company) name
invoice-2992.tiff;1;1;2480;3508;368146;281;237;108;48;281;237;389;237;389;285;281;285;JEUX;AAAA;SN;SUPPLIER_NAME;Seller/Company) name
invoice-2992.tiff;1;1;2480;3508;368155;1541;237;106;45;1541;237;1647;237;1647;282;1541;282;Phone;AAAAA;undefined;OTHER;OTHER
invoice-2992.tiff;1;1;2480;3508;368156;1710;237;263;45;1710;237;1973;237;1973;282;1710;282;02-32-02-67-16;NNSNNSNNSNNSNN;SCN;SUPPLIER_CONTACT_NUMBER;Seller Contact Number
invoice-2992.tiff;1;1;2480;3508;368157;1541;283;64;45;1541;283;1605;283;1605;328;1541;328;Fax;AAA;undefined;OTHER;OTHER
invoice-2992.tiff;1;1;2480;3508;368158;1668;283;263;45;1668;283;1931;283;1931;328;1668;328;02-32-02-84-02;NNSNNSNNSNNSNN;SFAX;SUPPLIER_FAX_NUMBER;Seller Fax Number
invoice-2992.tiff;1;1;2480;3508;368147;124;285;41;45;124;285;165;285;165;330;124;330;96;NN;SA;SUPPLIER_ADDRESS;Seller Address
invoice-2992.tiff;1;1;2480;3508;368148;177;285;81;45;177;285;258;285;258;330;177;330;RUE;AAA;SA;SUPPLIER_ADDRESS;Seller Address
invoice-2992.tiff;1;1;2480;3508;368149;268;285;243;45;268;285;511;285;511;330;268;330;RAYNOUARD;AAAAAAAAA;SA;SUPPLIER_ADDRESS;Seller Address
invoice-2992.tiff;1;1;2480;3508;368150;124;331;104;45;124;331;228;331;228;376;124;376;75016;NNNNN;SA;SUPPLIER_ADDRESS;Seller Address
invoice-2992.tiff;1;1;2480;3508;368151;270;331;111;45;270;331;381;331;381;376;270;376;PARIS;AAAAA;SA;SUPPLIER_ADDRESS;Seller Address
invoice-2992.tiff;1;1;2480;3508;368152;392;331;41;45;392;331;433;331;433;376;392;376;16;NN;SA;SUPPLIER_ADDRESS;Seller Address
invoice-2992.tiff;1;1;2480;3508;368153;124;377;157;45;124;377;281;377;281;422;124;422;FRANCE;AAAAAA;SA;SUPPLIER_ADDRESS;Seller Address
invoice-2992.tiff;1;1;2480;3508;368159;124;607;191;57;124;607;315;607;315;664;124;664;Shipping;AAAAAAAA;undefined;OTHER;OTHER
invoice-2992.tiff;1;1;2480;3508;368160;329;607;175;57;329;607;504;607;504;664;329;664;Address;AAAAAAA;undefined;OTHER;OTHER
invoice-2992.tiff;1;1;2480;3508;368170;1541;607;141;57;1541;607;1682;607;1682;664;1541;664;Billing;AAAAAAA;undefined;OTHER;OTHER
invoice-2992.tiff;1;1;2480;3508;368171;1695;607;175;57;1695;607;1870;607;1870;664;1695;664;Address;AAAAAAA;undefined;OTHER;OTHER
invoice-2992.tiff;1;1;2480;3508;368161;124;664;136;48;124;664;260;664;260;712;124;712;Sedrick;AAAAAAA;SHN;SHIPPING_NAME;Shipping Name
invoice-2992.tiff;1;1;2480;3508;368162;271;664;138;48;271;664;409;664;409;712;271;712;Stanton;AAAAAAA;SHN;SHIPPING_NAME;Shipping Name
invoice-2992.tiff;1;1;2480;3508;368172;1541;664;136;48;1541;664;1677;664;1677;712;1541;712;Sedrick;AAAAAAA;BN;BILLING_NAME;Billing Name
invoice-2992.tiff;1;1;2480;3508;368173;1688;664;138;48;1688;664;1826;664;1826;712;1688;712;Stanton;AAAAAAA;BN;BILLING_NAME;Billing Name
invoice-2992.tiff;1;1;2480;3508;368163;124;712;93;45;124;712;217;712;217;757;124;757;5029,;NNNNS;SHA;SHIPPING_ADDRESS;Shipping Address
invoice-2992.tiff;1;1;2480;3508;368164;229;712;87;45;229;712;316;712;316;757;229;757;route;AAAAA;SHA;SHIPPING_ADDRESS;Shipping Address
invoice-2992.tiff;1;1;2480;3508;368165;327;712;39;45;327;712;366;712;366;757;327;757;de;AA;SHA;SHIPPING_ADDRESS;Shipping Address
invoice-2992.tiff;1;1;2480;3508;368166;377;712;215;45;377;712;592;712;592;757;377;757;chevanceaux;AAAAAAAAAAA;SHA;SHIPPING_ADDRESS;Shipping Address
invoice-2992.tiff;1;1;2480;3508;368174;1541;712;93;45;1541;712;1634;712;1634;757;1541;757;5029,;NNNNS;BA;BILLING_ADDRESS;Billing Address
invoice-2992.tiff;1;1;2480;3508;368175;1645;712;87;45;1645;712;1732;712;1732;757;1645;757;route;AAAAA;BA;BILLING_ADDRESS;Billing Address
invoice-2992.tiff;1;1;2480;3508;368176;1744;712;39;45;1744;712;1783;712;1783;757;1744;757;de;AA;BA;BILLING_ADDRESS;Billing Address
invoice-2992.tiff;1;1;2480;3508;368177;1793;712;215;45;1793;712;2008;712;2008;757;1793;757;chevanceaux;AAAAAAAAAAA;BA;BILLING_ADDRESS;Billing Address
invoice-2992.tiff;1;1;2480;3508;368167;124;758;104;45;124;758;228;758;228;803;124;803;17270;NNNNN;SHA;SHIPPING_ADDRESS;Shipping Address
invoice-2992.tiff;1;1;2480;3508;368168;270;758;319;45;270;758;589;758;589;803;270;803;Saint-Martin-d'Ary;AAAAASAAAAAASASAAA;SHA;SHIPPING_ADDRESS;Shipping Address
invoice-2992.tiff;1;1;2480;3508;368178;1541;758;104;45;1541;758;1645;758;1645;803;1541;803;17270;NNNNN;BA;BILLING_ADDRESS;Billing Address
invoice-2992.tiff;1;1;2480;3508;368179;1687;758;319;45;1687;758;2006;758;2006;803;1687;803;Saint-Martin-d'Ary;AAAAASAAAAAASASAAA;BA;BILLING_ADDRESS;Billing Address
invoice-2992.tiff;1;1;2480;3508;368169;124;804;120;45;124;804;244;804;244;849;124;849;France;AAAAAA;SHA;SHIPPING_ADDRESS;Shipping Address
invoice-2992.tiff;1;1;2480;3508;368180;1541;804;120;45;1541;804;1661;804;1661;849;1541;849;France;AAAAAA;BA;BILLING_ADDRESS;Billing Address
invoice-2992.tiff;1;1;2480;3508;368181;1541;1047;142;52;1541;1047;1683;1047;1683;1099;1541;1099;Invoice;AAAAAAA;undefined;OTHER;OTHER
invoice-2992.tiff;1;1;2480;3508;368182;1695;1047;162;52;1695;1047;1857;1047;1857;1099;1695;1099;Number;AAAAAA;undefined;OTHER;OTHER
invoice-2992.tiff;1;1;2480;3508;368183;2166;1047;166;46;2166;1047;2332;1047;2332;1093;2166;1093;46032706;NNNNNNNN;IN;INVOICE_NUMBER;Invoice Number
invoice-2992.tiff;1;1;2480;3508;368184;1541;1121;91;52;1541;1121;1632;1121;1632;1173;1541;1173;Date;AAAA;undefined;OTHER;OTHER
invoice-2992.tiff;1;1;2480;3508;368185;2166;1121;41;46;2166;1121;2207;1121;2207;1167;2166;1167;20;NN;IDATE;INVOICE_DATE;Invoice Date
invoice-2992.tiff;1;1;2480;3508;368186;2218;1121;65;46;2218;1121;2283;1121;2283;1167;2218;1167;sep,;AAAS;IDATE;INVOICE_DATE;Invoice Date
invoice-2992.tiff;1;1;2480;3508;368187;2295;1121;83;46;2295;1121;2378;1121;2378;1167;2295;1167;1991;NNNN;IDATE;INVOICE_DATE;Invoice Date
invoice-2992.tiff;1;1;2480;3508;368188;1541;1194;122;52;1541;1194;1663;1194;1663;1246;1541;1246;Order;AAAAA;undefined;OTHER;OTHER
invoice-2992.tiff;1;1;2480;3508;368189;1675;1194;162;52;1675;1194;1837;1194;1837;1246;1675;1246;Number;AAAAAA;undefined;OTHER;OTHER
invoice-2992.tiff;1;1;2480;3508;368190;2166;1194;83;46;2166;1194;2249;1194;2249;1240;2166;1240;2350;NNNN;ONUM;ORDER_NUMBER;Order Number
invoice-2992.tiff;1;1;2480;3508;368191;440;1699;244;52;440;1699;684;1699;684;1751;440;1751;Descriptions;AAAAAAAAAAAA;undefined;OTHER;OTHER
invoice-2992.tiff;1;1;2480;3508;368192;1088;1699;73;52;1088;1699;1161;1699;1161;1751;1088;1751;Qty;AAA;undefined;OTHER;OTHER
invoice-2992.tiff;1;1;2480;3508;368193;1374;1699;84;52;1374;1699;1458;1699;1458;1751;1374;1751;U.P.;ASAS;undefined;OTHER;OTHER
invoice-2992.tiff;1;1;2480;3508;368194;1646;1699;206;52;1646;1699;1852;1699;1852;1751;1646;1751;VAT/TVA;AAASAAA;undefined;OTHER;OTHER
invoice-2992.tiff;1;1;2480;3508;368195;2003;1699;160;52;2003;1699;2163;1699;2163;1751;2003;1751;Amount;AAAAAA;undefined;OTHER;OTHER
invoice-2992.tiff;1;1;2480;3508;368196;124;1773;108;48;124;1773;232;1773;232;1821;124;1821;Robot;AAAAA;undefined;OTHER;OTHER
invoice-2992.tiff;1;1;2480;3508;368197;244;1773;150;48;244;1773;394;1773;394;1821;244;1821;pâtissier;AAAAAAAAA;undefined;OTHER;OTHER
invoice-2992.tiff;1;1;2480;3508;368198;405;1773;196;48;405;1773;601;1773;601;1821;405;1821;Kitchenaid;AAAAAAAAAA;undefined;OTHER;OTHER
invoice-2992.tiff;1;1;2480;3508;368199;612;1773;317;48;612;1773;929;1773;929;1821;612;1821;5KSM7580XECA;NAAANNNNAAAA;undefined;OTHER;OTHER
invoice-2992.tiff;1;1;2480;3508;368203;1114;1773;20;48;1114;1773;1134;1773;1134;1821;1114;1821;2;N;undefined;OTHER;OTHER
invoice-2992.tiff;1;1;2480;3508;368204;1359;1773;114;48;1359;1773;1473;1773;1473;1821;1359;1821;582,50;NNNSNN;undefined;OTHER;OTHER
invoice-2992.tiff;1;1;2480;3508;368205;1692;1773;114;48;1692;1773;1806;1773;1806;1821;1692;1821;20.0%;NNSNS;undefined;OTHER;OTHER
invoice-2992.tiff;1;1;2480;3508;368206;2015;1773;135;48;2015;1773;2150;1773;2150;1821;2015;1821;1165,00;NNNNSNN;undefined;OTHER;OTHER
invoice-2992.tiff;1;1;2480;3508;368200;124;1821;164;48;124;1821;288;1821;288;1869;124;1869;POMME;AAAAA;undefined;OTHER;OTHER
invoice-2992.tiff;1;1;2480;3508;368201;299;1821;203;48;299;1821;502;1821;502;1869;299;1869;D'AMOUR;ASAAAAA;undefined;OTHER;OTHER
invoice-2992.tiff;1;1;2480;3508;368202;513;1821;187;48;513;1821;700;1821;700;1869;513;1869;ARTISAN;AAAAAAA;undefined;OTHER;OTHER
invoice-2992.tiff;1;1;2480;3508;368207;124;1911;173;48;124;1911;297;1911;297;1959;124;1959;Medisana;AAAAAAAA;undefined;OTHER;OTHER
invoice-2992.tiff;1;1;2480;3508;368208;309;1911;60;48;309;1911;369;1911;369;1959;309;1959;AD;AA;undefined;OTHER;OTHER
invoice-2992.tiff;1;1;2480;3508;368209;379;1911;62;48;379;1911;441;1911;441;1959;379;1959;620;NNN;undefined;OTHER;OTHER
invoice-2992.tiff;1;1;2480;3508;368210;1114;1911;20;48;1114;1911;1134;1911;1134;1959;1114;1959;4;N;undefined;OTHER;OTHER
invoice-2992.tiff;1;1;2480;3508;368211;1369;1911;93;48;1369;1911;1462;1911;1462;1959;1369;1959;36,26;NNSNN;undefined;OTHER;OTHER
invoice-2992.tiff;1;1;2480;3508;368212;1692;1911;114;48;1692;1911;1806;1911;1806;1959;1692;1959;20.0%;NNSNS;undefined;OTHER;OTHER
invoice-2992.tiff;1;1;2480;3508;368213;2026;1911;114;48;2026;1911;2140;1911;2140;1959;2026;1959;145,03;NNNSNN;undefined;OTHER;OTHER
invoice-2992.tiff;1;1;2480;3508;368214;124;2000;127;48;124;2000;251;2000;251;2048;124;2048;Chaîne;AAAAAA;undefined;OTHER;OTHER
invoice-2992.tiff;1;1;2480;3508;368215;262;2000;81;48;262;2000;343;2000;343;2048;262;2048;HiFi;AAAA;undefined;OTHER;OTHER
invoice-2992.tiff;1;1;2480;3508;368216;354;2000;150;48;354;2000;504;2000;504;2048;354;2048;Yamaha;AAAAAA;undefined;OTHER;OTHER
invoice-2992.tiff;1;1;2480;3508;368217;515;2000;300;48;515;2000;815;2000;815;2048;515;2048;MCRN670BLPB;AAAANNNAAAA;undefined;OTHER;OTHER
invoice-2992.tiff;1;1;2480;3508;368218;1114;2000;20;48;1114;2000;1134;2000;1134;2048;1114;2048;3;N;undefined;OTHER;OTHER
invoice-2992.tiff;1;1;2480;3508;368219;1359;2000;114;48;1359;2000;1473;2000;1473;2048;1359;2048;679,16;NNNSNN;undefined;OTHER;OTHER
invoice-2992.tiff;1;1;2480;3508;368220;1692;2000;114;48;1692;2000;1806;2000;1806;2048;1692;2048;20.0%;NNSNS;undefined;OTHER;OTHER
invoice-2992.tiff;1;1;2480;3508;368221;2015;2000;135;48;2015;2000;2150;2000;2150;2048;2015;2048;2037,47;NNNNSNN;undefined;OTHER;OTHER
invoice-2992.tiff;1;1;2480;3508;368222;124;2090;78;48;124;2090;202;2090;202;2138;124;2138;Pèse;AAAA;undefined;OTHER;OTHER
invoice-2992.tiff;1;1;2480;3508;368223;214;2090;162;48;214;2090;376;2090;376;2138;214;2138;personne;AAAAAAAA;undefined;OTHER;OTHER
invoice-2992.tiff;1;1;2480;3508;368224;386;2090;138;48;386;2090;524;2090;524;2138;386;2138;Soehnle;AAAAAAA;undefined;OTHER;OTHER
invoice-2992.tiff;1;1;2480;3508;368225;535;2090;256;48;535;2090;791;2090;791;2138;535;2138;Pèse-Personne;AAAASAAAAAAAA;undefined;OTHER;OTHER
invoice-2992.tiff;1;1;2480;3508;368229;1114;2090;20;48;1114;2090;1134;2090;1134;2138;1114;2138;3;N;undefined;OTHER;OTHER
invoice-2992.tiff;1;1;2480;3508;368230;1369;2090;93;48;1369;2090;1462;2090;1462;2138;1369;2138;20,96;NNSNN;undefined;OTHER;OTHER
invoice-2992.tiff;1;1;2480;3508;368231;1692;2090;114;48;1692;2090;1806;2090;1806;2138;1692;2138;20.0%;NNSNS;undefined;OTHER;OTHER
invoice-2992.tiff;1;1;2480;3508;368232;2036;2090;93;48;2036;2090;2129;2090;2129;2138;2036;2138;62,87;NNSNN;undefined;OTHER;OTHER
invoice-2992.tiff;1;1;2480;3508;368226;124;2138;229;48;124;2138;353;2138;353;2186;124;2186;Electronique;AAAAAAAAAAAA;undefined;OTHER;OTHER
invoice-2992.tiff;1;1;2480;3508;368227;364;2138;13;48;364;2138;377;2138;377;2186;364;2186;-;S;undefined;OTHER;OTHER
invoice-2992.tiff;1;1;2480;3508;368228;388;2138;104;48;388;2138;492;2138;492;2186;388;2186;63829;NNNNN;undefined;OTHER;OTHER
invoice-2992.tiff;1;1;2480;3508;368233;1957;2270;146;51;1957;2270;2103;2270;2103;2321;1957;2321;@DISC;SAAAA;undefined;OTHER;OTHER
invoice-2992.tiff;1;1;2480;3508;368234;2125;2270;72;46;2125;2270;2197;2270;2197;2316;2125;2316;0,00;NSNN;undefined;OTHER;OTHER
invoice-2992.tiff;1;1;2480;3508;368235;1870;2321;150;51;1870;2321;2020;2321;2020;2372;1870;2372;Amount;AAAAAA;undefined;OTHER;OTHER
invoice-2992.tiff;1;1;2480;3508;368236;2062;2321;135;46;2062;2321;2197;2321;2197;2367;2062;2367;3410,38;NNNNSNN;TWTX;TOTAL_WITHOUT_TAX;TWTXS
invoice-2992.tiff;1;1;2480;3508;368237;1785;2372;94;51;1785;2372;1879;2372;1879;2423;1785;2423;TVA;AAA;undefined;OTHER;OTHER
invoice-2992.tiff;1;1;2480;3508;368238;1891;2372;150;51;1891;2372;2041;2372;2041;2423;1891;2423;Amount;AAAAAA;undefined;OTHER;OTHER
invoice-2992.tiff;1;1;2480;3508;368239;2083;2372;114;46;2083;2372;2197;2372;2197;2418;2083;2418;682,08;NNNSNN;TTX;TOTAL_TAX;Total Tax
invoice-2992.tiff;1;1;2480;3508;368240;1762;2423;96;51;1762;2423;1858;2423;1858;2474;1762;2474;Total;AAAAA;undefined;OTHER;OTHER
invoice-2992.tiff;1;1;2480;3508;368241;1870;2423;150;51;1870;2423;2020;2423;2020;2474;1870;2474;Amount;AAAAAA;undefined;OTHER;OTHER
invoice-2992.tiff;1;1;2480;3508;368242;2062;2423;135;46;2062;2423;2197;2423;2197;2469;2062;2469;4092,46;NNNNSNN;TA;TOTAL_AMOUNT;Total with TAX
invoice-2992.tiff;1;1;2480;3508;368243;124;3175;145;48;124;3175;269;3175;269;3223;124;3223;TABAC;AAAAA;SN;SUPPLIER_NAME;Seller/Company) name
invoice-2992.tiff;1;1;2480;3508;368244;281;3175;108;48;281;3175;389;3175;389;3223;281;3223;JEUX;AAAA;SN;SUPPLIER_NAME;Seller/Company) name
invoice-2992.tiff;1;1;2480;3508;368245;124;3223;41;45;124;3223;165;3223;165;3268;124;3268;96;NN;SA;SUPPLIER_ADDRESS;Seller Address
invoice-2992.tiff;1;1;2480;3508;368246;177;3223;81;45;177;3223;258;3223;258;3268;177;3268;RUE;AAA;SA;SUPPLIER_ADDRESS;Seller Address
invoice-2992.tiff;1;1;2480;3508;368247;268;3223;243;45;268;3223;511;3223;511;3268;268;3268;RAYNOUARD;AAAAAAAAA;SA;SUPPLIER_ADDRESS;Seller Address
invoice-2992.tiff;1;1;2480;3508;368248;124;3268;104;45;124;3268;228;3268;228;3313;124;3313;75016;NNNNN;SA;SUPPLIER_ADDRESS;Seller Address
invoice-2992.tiff;1;1;2480;3508;368249;270;3268;111;45;270;3268;381;3268;381;3313;270;3313;PARIS;AAAAA;SA;SUPPLIER_ADDRESS;Seller Address
invoice-2992.tiff;1;1;2480;3508;368250;392;3268;41;45;392;3268;433;3268;433;3313;392;3313;16;NN;SA;SUPPLIER_ADDRESS;Seller Address
invoice-2992.tiff;1;1;2480;3508;368251;124;3314;157;45;124;3314;281;3314;281;3359;124;3359;FRANCE;AAAAAA;SA;SUPPLIER_ADDRESS;Seller Address
