src;num_pages;page_id;page_width;page_height;id;col;row;width;height;x1;y1;x2;y2;x3;y3;x4;y4;contents;contents_masked;correctclass;tag;description
invoice-1640.tiff;1;1;2480;3508;201024;1541;62;170;175;1541;62;1711;62;1711;237;1541;237;common/logo;AAAAAASAAAA;img;IMAGE;Image
invoice-1640.tiff;1;1;2480;3508;201010;124;237;106;45;124;237;230;237;230;282;124;282;Phone;AAAAA;undefined;OTHER;OTHER
invoice-1640.tiff;1;1;2480;3508;201011;293;237;263;45;293;237;556;237;556;282;293;282;06-44-88-75-70;NNSNNSNNSNNSNN;SCN;SUPPLIER_CONTACT_NUMBER;Seller Contact Number
invoice-1640.tiff;1;1;2480;3508;201014;833;237;224;48;833;237;1057;237;1057;285;833;285;STEPHANE;AAAAAAAA;SN;SUPPLIER_NAME;Seller/Company) name
invoice-1640.tiff;1;1;2480;3508;201015;1068;237;236;48;1068;237;1304;237;1304;285;1068;285;LOLLIVIER;AAAAAAAAA;SN;SUPPLIER_NAME;Seller/Company) name
invoice-1640.tiff;1;1;2480;3508;201016;1314;237;344;48;1314;237;1658;237;1658;285;1314;285;PHOTOGRAPHIE;AAAAAAAAAAAA;SN;SUPPLIER_NAME;Seller/Company) name
invoice-1640.tiff;1;1;2480;3508;201012;124;283;64;45;124;283;188;283;188;328;124;328;Fax;AAA;undefined;OTHER;OTHER
invoice-1640.tiff;1;1;2480;3508;201013;252;283;263;45;252;283;515;283;515;328;252;328;06-44-88-53-08;NNSNNSNNSNNSNN;SFAX;SUPPLIER_FAX_NUMBER;Seller Fax Number
invoice-1640.tiff;1;1;2480;3508;201017;833;285;20;45;833;285;853;285;853;330;833;330;7;N;SA;SUPPLIER_ADDRESS;Seller Address
invoice-1640.tiff;1;1;2480;3508;201018;864;285;157;45;864;285;1021;285;1021;330;864;330;SQUARE;AAAAAA;SA;SUPPLIER_ADDRESS;Seller Address
invoice-1640.tiff;1;1;2480;3508;201019;1032;285;166;45;1032;285;1198;285;1198;330;1032;330;FRANCIS;AAAAAAA;SA;SUPPLIER_ADDRESS;Seller Address
invoice-1640.tiff;1;1;2480;3508;201020;1209;285;189;45;1209;285;1398;285;1398;330;1209;330;PELLERIN;AAAAAAAA;SA;SUPPLIER_ADDRESS;Seller Address
invoice-1640.tiff;1;1;2480;3508;201021;833;331;104;45;833;331;937;331;937;376;833;376;35000;NNNNN;SA;SUPPLIER_ADDRESS;Seller Address
invoice-1640.tiff;1;1;2480;3508;201022;979;331;152;45;979;331;1131;331;1131;376;979;376;RENNES;AAAAAA;SA;SUPPLIER_ADDRESS;Seller Address
invoice-1640.tiff;1;1;2480;3508;201023;833;377;157;45;833;377;990;377;990;422;833;422;FRANCE;AAAAAA;SA;SUPPLIER_ADDRESS;Seller Address
invoice-1640.tiff;1;1;2480;3508;201025;124;632;142;52;124;632;266;632;266;684;124;684;Invoice;AAAAAAA;undefined;OTHER;OTHER
invoice-1640.tiff;1;1;2480;3508;201026;279;632;67;52;279;632;346;632;346;684;279;684;No.;AAS;undefined;OTHER;OTHER
invoice-1640.tiff;1;1;2480;3508;201027;750;632;145;46;750;632;895;632;895;678;750;678;1766945;NNNNNNN;IN;INVOICE_NUMBER;Invoice Number
invoice-1640.tiff;1;1;2480;3508;201038;1541;658;125;57;1541;658;1666;658;1666;715;1541;715;Billed;AAAAAA;undefined;OTHER;OTHER
invoice-1640.tiff;1;1;2480;3508;201039;1679;658;58;57;1679;658;1737;658;1737;715;1679;715;To;AA;undefined;OTHER;OTHER
invoice-1640.tiff;1;1;2480;3508;201028;124;706;91;52;124;706;215;706;215;758;124;758;Date;AAAA;undefined;OTHER;OTHER
invoice-1640.tiff;1;1;2480;3508;201029;750;706;57;46;750;706;807;706;807;752;750;752;ene;AAA;IDATE;INVOICE_DATE;Invoice Date
invoice-1640.tiff;1;1;2480;3508;201030;818;706;52;46;818;706;870;706;870;752;818;752;15,;NNS;IDATE;INVOICE_DATE;Invoice Date
invoice-1640.tiff;1;1;2480;3508;201031;880;706;83;46;880;706;963;706;963;752;880;752;2021;NNNN;IDATE;INVOICE_DATE;Invoice Date
invoice-1640.tiff;1;1;2480;3508;201040;1541;716;58;48;1541;716;1599;716;1599;764;1541;764;Dr.;AAS;BN;BILLING_NAME;Billing Name
invoice-1640.tiff;1;1;2480;3508;201041;1611;716;129;48;1611;716;1740;716;1740;764;1611;764;Crystel;AAAAAAA;BN;BILLING_NAME;Billing Name
invoice-1640.tiff;1;1;2480;3508;201042;1751;716;127;48;1751;716;1878;716;1878;764;1751;764;Streich;AAAAAAA;BN;BILLING_NAME;Billing Name
invoice-1640.tiff;1;1;2480;3508;201043;1541;764;52;45;1541;764;1593;764;1593;809;1541;809;18,;NNS;BA;BILLING_ADDRESS;Billing Address
invoice-1640.tiff;1;1;2480;3508;201044;1604;764;117;45;1604;764;1721;764;1721;809;1604;809;avenue;AAAAAA;BA;BILLING_ADDRESS;Billing Address
invoice-1640.tiff;1;1;2480;3508;201045;1732;764;127;45;1732;764;1859;764;1859;809;1732;809;général;AAAAAAA;BA;BILLING_ADDRESS;Billing Address
invoice-1640.tiff;1;1;2480;3508;201046;1870;764;113;45;1870;764;1983;764;1983;809;1870;809;leclerc;AAAAAAA;BA;BILLING_ADDRESS;Billing Address
invoice-1640.tiff;1;1;2480;3508;201032;124;780;119;52;124;780;243;780;243;832;124;832;Client;AAAAAA;undefined;OTHER;OTHER
invoice-1640.tiff;1;1;2480;3508;201033;256;780;67;52;256;780;323;780;323;832;256;832;No.;AAS;undefined;OTHER;OTHER
invoice-1640.tiff;1;1;2480;3508;201034;750;780;104;46;750;780;854;780;854;826;750;826;75997;NNNNN;CNUM;CLIENT_NUMBER;Client Number
invoice-1640.tiff;1;1;2480;3508;201047;1541;810;104;45;1541;810;1645;810;1645;855;1541;855;06800;NNNNN;BA;BILLING_ADDRESS;Billing Address
invoice-1640.tiff;1;1;2480;3508;201048;1687;810;275;45;1687;810;1962;810;1962;855;1687;855;Cagnes-sur-Mer;AAAAAASAAASAAA;BA;BILLING_ADDRESS;Billing Address
invoice-1640.tiff;1;1;2480;3508;201035;124;853;122;52;124;853;246;853;246;905;124;905;Order;AAAAA;undefined;OTHER;OTHER
invoice-1640.tiff;1;1;2480;3508;201036;258;853;67;52;258;853;325;853;325;905;258;905;No.;AAS;undefined;OTHER;OTHER
invoice-1640.tiff;1;1;2480;3508;201037;750;853;83;46;750;853;833;853;833;899;750;899;2072;NNNN;ONUM;ORDER_NUMBER;Order Number
invoice-1640.tiff;1;1;2480;3508;201049;1541;856;120;45;1541;856;1661;856;1661;901;1541;901;France;AAAAAA;BA;BILLING_ADDRESS;Billing Address
invoice-1640.tiff;1;1;2480;3508;201050;364;1321;157;52;364;1321;521;1321;521;1373;364;1373;Product;AAAAAAA;undefined;OTHER;OTHER
invoice-1640.tiff;1;1;2480;3508;201051;533;1321;226;52;533;1321;759;1321;759;1373;533;1373;Description;AAAAAAAAAAA;undefined;OTHER;OTHER
invoice-1640.tiff;1;1;2480;3508;201052;1037;1321;175;52;1037;1321;1212;1321;1212;1373;1037;1373;Quantity;AAAAAAAA;undefined;OTHER;OTHER
invoice-1640.tiff;1;1;2480;3508;201053;1316;1321;86;52;1316;1321;1402;1321;1402;1373;1316;1373;Unit;AAAA;undefined;OTHER;OTHER
invoice-1640.tiff;1;1;2480;3508;201054;1414;1321;101;52;1414;1321;1515;1321;1515;1373;1414;1373;Price;AAAAA;undefined;OTHER;OTHER
invoice-1640.tiff;1;1;2480;3508;201055;1650;1321;96;52;1650;1321;1746;1321;1746;1373;1650;1373;TVA;AAA;undefined;OTHER;OTHER
invoice-1640.tiff;1;1;2480;3508;201056;1758;1321;91;52;1758;1321;1849;1321;1849;1373;1758;1373;Rate;AAAA;undefined;OTHER;OTHER
invoice-1640.tiff;1;1;2480;3508;201057;2031;1321;104;52;2031;1321;2135;1321;2135;1373;2031;1373;Total;AAAAA;undefined;OTHER;OTHER
invoice-1640.tiff;1;1;2480;3508;201058;124;1395;131;48;124;1395;255;1395;255;1443;124;1443;Clavier;AAAAAAA;undefined;OTHER;OTHER
invoice-1640.tiff;1;1;2480;3508;201059;267;1395;113;48;267;1395;380;1395;380;1443;267;1443;gamer;AAAAA;undefined;OTHER;OTHER
invoice-1640.tiff;1;1;2480;3508;201060;391;1395;171;48;391;1395;562;1395;562;1443;391;1443;Acreative;AAAAAAAAA;undefined;OTHER;OTHER
invoice-1640.tiff;1;1;2480;3508;201061;572;1395;131;48;572;1395;703;1395;703;1443;572;1443;Clavier;AAAAAAA;undefined;OTHER;OTHER
invoice-1640.tiff;1;1;2480;3508;201062;715;1395;152;48;715;1395;867;1395;867;1443;715;1443;Creative;AAAAAAAA;undefined;OTHER;OTHER
invoice-1640.tiff;1;1;2480;3508;201063;878;1395;113;48;878;1395;991;1395;991;1443;878;1443;Sound;AAAAA;undefined;OTHER;OTHER
invoice-1640.tiff;1;1;2480;3508;201066;1114;1395;20;48;1114;1395;1134;1395;1134;1443;1114;1443;1;N;undefined;OTHER;OTHER
invoice-1640.tiff;1;1;2480;3508;201067;1343;1395;114;48;1343;1395;1457;1395;1457;1443;1343;1443;195,00;NNNSNN;undefined;OTHER;OTHER
invoice-1640.tiff;1;1;2480;3508;201068;1468;1395;20;48;1468;1395;1488;1395;1488;1443;1468;1443;$;S;undefined;OTHER;OTHER
invoice-1640.tiff;1;1;2480;3508;201069;1692;1395;114;48;1692;1395;1806;1395;1806;1443;1692;1443;20.0%;NNSNS;undefined;OTHER;OTHER
invoice-1640.tiff;1;1;2480;3508;201070;2010;1395;114;48;2010;1395;2124;1395;2124;1443;2010;1443;195,00;NNNSNN;undefined;OTHER;OTHER
invoice-1640.tiff;1;1;2480;3508;201071;2135;1395;20;48;2135;1395;2155;1395;2155;1443;2135;1443;$;S;undefined;OTHER;OTHER
invoice-1640.tiff;1;1;2480;3508;201064;124;1443;157;48;124;1443;281;1443;281;1491;124;1491;BlasterX;AAAAAAAA;undefined;OTHER;OTHER
invoice-1640.tiff;1;1;2480;3508;201065;292;1443;180;48;292;1443;472;1443;472;1491;292;1491;Vanguard;AAAAAAAA;undefined;OTHER;OTHER
invoice-1640.tiff;1;1;2480;3508;201072;124;1533;291;48;124;1533;415;1533;415;1581;124;1581;Vidéoprojecteur;AAAAAAAAAAAAAAA;undefined;OTHER;OTHER
invoice-1640.tiff;1;1;2480;3508;201073;427;1533;97;48;427;1533;524;1533;524;1581;427;1581;home;AAAA;undefined;OTHER;OTHER
invoice-1640.tiff;1;1;2480;3508;201074;534;1533;127;48;534;1533;661;1533;661;1581;534;1581;cinéma;AAAAAA;undefined;OTHER;OTHER
invoice-1640.tiff;1;1;2480;3508;201075;672;1533;88;48;672;1533;760;1533;760;1581;672;1581;Sony;AAAA;undefined;OTHER;OTHER
invoice-1640.tiff;1;1;2480;3508;201076;770;1533;166;48;770;1533;936;1533;936;1581;770;1581;HW45ES;AANNAA;undefined;OTHER;OTHER
invoice-1640.tiff;1;1;2480;3508;201078;1114;1533;20;48;1114;1533;1134;1533;1134;1581;1114;1581;2;N;undefined;OTHER;OTHER
invoice-1640.tiff;1;1;2480;3508;201079;1333;1533;135;48;1333;1533;1468;1533;1468;1581;1333;1581;1665,83;NNNNSNN;undefined;OTHER;OTHER
invoice-1640.tiff;1;1;2480;3508;201080;1479;1533;20;48;1479;1533;1499;1533;1499;1581;1479;1581;$;S;undefined;OTHER;OTHER
invoice-1640.tiff;1;1;2480;3508;201081;1692;1533;114;48;1692;1533;1806;1533;1806;1581;1692;1581;20.0%;NNSNS;undefined;OTHER;OTHER
invoice-1640.tiff;1;1;2480;3508;201082;1999;1533;135;48;1999;1533;2134;1533;2134;1581;1999;1581;3331,67;NNNNSNN;undefined;OTHER;OTHER
invoice-1640.tiff;1;1;2480;3508;201083;2145;1533;20;48;2145;1533;2165;1533;2165;1581;2145;1581;$;S;undefined;OTHER;OTHER
invoice-1640.tiff;1;1;2480;3508;201077;124;1581;108;48;124;1581;232;1581;232;1629;124;1629;NOIR;AAAA;undefined;OTHER;OTHER
invoice-1640.tiff;1;1;2480;3508;201084;124;1671;106;48;124;1671;230;1671;230;1719;124;1719;Radio;AAAAA;undefined;OTHER;OTHER
invoice-1640.tiff;1;1;2480;3508;201085;241;1671;99;48;241;1671;340;1671;340;1719;241;1719;réveil;AAAAAA;undefined;OTHER;OTHER
invoice-1640.tiff;1;1;2480;3508;201086;351;1671;180;48;351;1671;531;1671;531;1719;351;1719;Essentielb;AAAAAAAAAA;undefined;OTHER;OTHER
invoice-1640.tiff;1;1;2480;3508;201087;542;1671;113;48;542;1671;655;1671;655;1719;542;1719;Sound;AAAAA;undefined;OTHER;OTHER
invoice-1640.tiff;1;1;2480;3508;201088;666;1671;53;48;666;1671;719;1671;719;1719;666;1719;Up;AA;undefined;OTHER;OTHER
invoice-1640.tiff;1;1;2480;3508;201089;730;1671;173;48;730;1671;903;1671;903;1719;730;1719;Bluetooth;AAAAAAAAA;undefined;OTHER;OTHER
invoice-1640.tiff;1;1;2480;3508;201090;1114;1671;20;48;1114;1671;1134;1671;1134;1719;1114;1719;4;N;undefined;OTHER;OTHER
invoice-1640.tiff;1;1;2480;3508;201091;1354;1671;93;48;1354;1671;1447;1671;1447;1719;1354;1719;37,49;NNSNN;undefined;OTHER;OTHER
invoice-1640.tiff;1;1;2480;3508;201092;1458;1671;20;48;1458;1671;1478;1671;1478;1719;1458;1719;$;S;undefined;OTHER;OTHER
invoice-1640.tiff;1;1;2480;3508;201093;1692;1671;114;48;1692;1671;1806;1671;1806;1719;1692;1719;20.0%;NNSNS;undefined;OTHER;OTHER
invoice-1640.tiff;1;1;2480;3508;201094;2010;1671;114;48;2010;1671;2124;1671;2124;1719;2010;1719;149,97;NNNSNN;undefined;OTHER;OTHER
invoice-1640.tiff;1;1;2480;3508;201095;2135;1671;20;48;2135;1671;2155;1671;2155;1719;2135;1719;$;S;undefined;OTHER;OTHER
invoice-1640.tiff;1;1;2480;3508;201096;1895;1802;104;52;1895;1802;1999;1802;1999;1854;1895;1854;Total;AAAAA;undefined;OTHER;OTHER
invoice-1640.tiff;1;1;2480;3508;201097;2041;1802;135;48;2041;1802;2176;1802;2176;1850;2041;1850;3676,63;NNNNSNN;TWTX;TOTAL_WITHOUT_TAX;TWTXS
invoice-1640.tiff;1;1;2480;3508;201098;2187;1802;20;48;2187;1802;2207;1802;2207;1850;2187;1850;$;S;TWTX;TOTAL_WITHOUT_TAX;TWTXS
invoice-1640.tiff;1;1;2480;3508;201099;1852;1855;96;52;1852;1855;1948;1855;1948;1907;1852;1907;TVA;AAA;undefined;OTHER;OTHER
invoice-1640.tiff;1;1;2480;3508;201100;1960;1855;91;52;1960;1855;2051;1855;2051;1907;1960;1907;Rate;AAAA;undefined;OTHER;OTHER
invoice-1640.tiff;1;1;2480;3508;201101;2093;1855;114;48;2093;1855;2207;1855;2207;1903;2093;1903;20.0%;NNSNS;TXR;TAX_RATE;Tax Rate
invoice-1640.tiff;1;1;2480;3508;201102;1772;1908;76;52;1772;1908;1848;1908;1848;1960;1772;1960;Tax;AAA;undefined;OTHER;OTHER
invoice-1640.tiff;1;1;2480;3508;201103;1860;1908;160;52;1860;1908;2020;1908;2020;1960;1860;1960;Amount;AAAAAA;undefined;OTHER;OTHER
invoice-1640.tiff;1;1;2480;3508;201104;2062;1908;114;48;2062;1908;2176;1908;2176;1956;2062;1956;735,33;NNNSNN;TTX;TOTAL_TAX;Total Tax
invoice-1640.tiff;1;1;2480;3508;201105;2187;1908;20;48;2187;1908;2207;1908;2207;1956;2187;1956;$;S;TTX;TOTAL_TAX;Total Tax
invoice-1640.tiff;1;1;2480;3508;201106;1707;1961;160;52;1707;1961;1867;1961;1867;2013;1707;2013;Amount;AAAAAA;undefined;OTHER;OTHER
invoice-1640.tiff;1;1;2480;3508;201107;1879;1961;38;52;1879;1961;1917;1961;1917;2013;1879;2013;to;AA;undefined;OTHER;OTHER
invoice-1640.tiff;1;1;2480;3508;201108;1928;1961;71;52;1928;1961;1999;1961;1999;2013;1928;2013;pay;AAA;undefined;OTHER;OTHER
invoice-1640.tiff;1;1;2480;3508;201109;2041;1961;135;48;2041;1961;2176;1961;2176;2009;2041;2009;4411,96;NNNNSNN;TA;TOTAL_AMOUNT;Total with TAX
invoice-1640.tiff;1;1;2480;3508;201110;2187;1961;20;48;2187;1961;2207;1961;2207;2009;2187;2009;$;S;TA;TOTAL_AMOUNT;Total with TAX
invoice-1640.tiff;1;1;2480;3508;201111;124;2342;173;52;124;2342;297;2342;297;2394;124;2394;Payment;AAAAAAA;undefined;OTHER;OTHER
invoice-1640.tiff;1;1;2480;3508;201112;309;2342;124;52;309;2342;433;2342;433;2394;309;2394;means;AAAAA;undefined;OTHER;OTHER
invoice-1640.tiff;1;1;2480;3508;201113;750;2342;104;46;750;2342;854;2342;854;2388;750;2388;Credit;AAAAAA;PMODE;PAYMENT_MODE;Payment Mode
invoice-1640.tiff;1;1;2480;3508;201114;864;2342;71;46;864;2342;935;2342;935;2388;864;2388;card;AAAA;PMODE;PAYMENT_MODE;Payment Mode
invoice-1640.tiff;1;1;2480;3508;201115;124;3154;224;48;124;3154;348;3154;348;3202;124;3202;STEPHANE;AAAAAAAA;SN;SUPPLIER_NAME;Seller/Company) name
invoice-1640.tiff;1;1;2480;3508;201116;360;3154;236;48;360;3154;596;3154;596;3202;360;3202;LOLLIVIER;AAAAAAAAA;SN;SUPPLIER_NAME;Seller/Company) name
invoice-1640.tiff;1;1;2480;3508;201117;606;3154;344;48;606;3154;950;3154;950;3202;606;3202;PHOTOGRAPHIE;AAAAAAAAAAAA;SN;SUPPLIER_NAME;Seller/Company) name
invoice-1640.tiff;1;1;2480;3508;201118;124;3202;20;45;124;3202;144;3202;144;3247;124;3247;7;N;SA;SUPPLIER_ADDRESS;Seller Address
invoice-1640.tiff;1;1;2480;3508;201119;156;3202;157;45;156;3202;313;3202;313;3247;156;3247;SQUARE;AAAAAA;SA;SUPPLIER_ADDRESS;Seller Address
invoice-1640.tiff;1;1;2480;3508;201120;324;3202;166;45;324;3202;490;3202;490;3247;324;3247;FRANCIS;AAAAAAA;SA;SUPPLIER_ADDRESS;Seller Address
invoice-1640.tiff;1;1;2480;3508;201121;501;3202;189;45;501;3202;690;3202;690;3247;501;3247;PELLERIN;AAAAAAAA;SA;SUPPLIER_ADDRESS;Seller Address
invoice-1640.tiff;1;1;2480;3508;201122;124;3248;104;45;124;3248;228;3248;228;3293;124;3293;35000;NNNNN;SA;SUPPLIER_ADDRESS;Seller Address
invoice-1640.tiff;1;1;2480;3508;201123;270;3248;152;45;270;3248;422;3248;422;3293;270;3293;RENNES;AAAAAA;SA;SUPPLIER_ADDRESS;Seller Address
invoice-1640.tiff;1;1;2480;3508;201124;124;3293;157;45;124;3293;281;3293;281;3338;124;3338;FRANCE;AAAAAA;SA;SUPPLIER_ADDRESS;Seller Address
