src;num_pages;page_id;page_width;page_height;id;col;row;width;height;x1;y1;x2;y2;x3;y3;x4;y4;contents;contents_masked;correctclass;tag;description
invoice-529.tiff;1;1;2480;3508;65292;1624;62;172;175;1624;62;1796;62;1796;237;1624;237;common/logo;AAAAAASAAAA;img;IMAGE;Image
invoice-529.tiff;1;1;2480;3508;65258;124;237;60;48;124;237;184;237;184;285;124;285;UN;AA;SN;SUPPLIER_NAME;Seller/Company) name
invoice-529.tiff;1;1;2480;3508;65259;195;237;113;48;195;237;308;237;308;285;195;285;JOUR;AAAA;SN;SUPPLIER_NAME;Seller/Company) name
invoice-529.tiff;1;1;2480;3508;65260;319;237;212;48;319;237;531;237;531;285;319;285;AILLEURS;AAAAAAAA;SN;SUPPLIER_NAME;Seller/Company) name
invoice-529.tiff;1;1;2480;3508;65261;124;285;134;45;124;285;258;285;258;330;124;330;ROUTE;AAAAA;SA;SUPPLIER_ADDRESS;Seller Address
invoice-529.tiff;1;1;2480;3508;65262;269;285;55;45;269;285;324;285;324;330;269;330;DE;AA;SA;SUPPLIER_ADDRESS;Seller Address
invoice-529.tiff;1;1;2480;3508;65263;335;285;111;45;335;285;446;285;446;330;335;330;SAINT;AAAAA;SA;SUPPLIER_ADDRESS;Seller Address
invoice-529.tiff;1;1;2480;3508;65264;457;285;113;45;457;285;570;285;570;330;457;330;MALO;AAAA;SA;SUPPLIER_ADDRESS;Seller Address
invoice-529.tiff;1;1;2480;3508;65265;578;285;104;45;578;285;682;285;682;330;578;330;35760;NNNNN;SA;SUPPLIER_ADDRESS;Seller Address
invoice-529.tiff;1;1;2480;3508;65266;691;285;111;45;691;285;802;285;802;330;691;330;SAINT;AAAAA;SA;SUPPLIER_ADDRESS;Seller Address
invoice-529.tiff;1;1;2480;3508;65267;812;285;205;45;812;285;1017;285;1017;330;812;330;GREGOIRE;AAAAAAAA;SA;SUPPLIER_ADDRESS;Seller Address
invoice-529.tiff;1;1;2480;3508;65268;1027;285;157;45;1027;285;1184;285;1184;330;1027;330;FRANCE;AAAAAA;SA;SUPPLIER_ADDRESS;Seller Address
invoice-529.tiff;1;1;2480;3508;65269;124;331;74;45;124;331;198;331;198;376;124;376;TVA;AAA;undefined;OTHER;OTHER
invoice-529.tiff;1;1;2480;3508;65270;209;331;342;45;209;331;551;331;551;376;209;376;intracommunautaire;AAAAAAAAAAAAAAAAAA;undefined;OTHER;OTHER
invoice-529.tiff;1;1;2480;3508;65271;568;331;50;45;568;331;618;331;618;376;568;376;FR;AA;SVAT;SUPPLIER_VAT;Seller Vat Number/TVA
invoice-529.tiff;1;1;2480;3508;65272;630;331;41;45;630;331;671;331;671;376;630;376;28;NN;SVAT;SUPPLIER_VAT;Seller Vat Number/TVA
invoice-529.tiff;1;1;2480;3508;65273;682;331;62;45;682;331;744;331;744;376;682;376;309;NNN;SVAT;SUPPLIER_VAT;Seller Vat Number/TVA
invoice-529.tiff;1;1;2480;3508;65274;755;331;62;45;755;331;817;331;817;376;755;376;643;NNN;SVAT;SUPPLIER_VAT;Seller Vat Number/TVA
invoice-529.tiff;1;1;2480;3508;65275;828;331;62;45;828;331;890;331;890;376;828;376;664;NNN;SVAT;SUPPLIER_VAT;Seller Vat Number/TVA
invoice-529.tiff;1;1;2480;3508;65276;124;377;173;45;124;377;297;377;297;422;124;422;Téléphone;AAAAAAAAA;undefined;OTHER;OTHER
invoice-529.tiff;1;1;2480;3508;65277;323;377;69;45;323;377;392;377;392;422;323;422;+33;SNN;SCN;SUPPLIER_CONTACT_NUMBER;Seller Contact Number
invoice-529.tiff;1;1;2480;3508;65278;403;377;48;45;403;377;451;377;451;422;403;422;(0);SNS;SCN;SUPPLIER_CONTACT_NUMBER;Seller Contact Number
invoice-529.tiff;1;1;2480;3508;65279;462;377;20;45;462;377;482;377;482;422;462;422;0;N;SCN;SUPPLIER_CONTACT_NUMBER;Seller Contact Number
invoice-529.tiff;1;1;2480;3508;65280;494;377;41;45;494;377;535;377;535;422;494;422;86;NN;SCN;SUPPLIER_CONTACT_NUMBER;Seller Contact Number
invoice-529.tiff;1;1;2480;3508;65281;546;377;41;45;546;377;587;377;587;422;546;422;49;NN;SCN;SUPPLIER_CONTACT_NUMBER;Seller Contact Number
invoice-529.tiff;1;1;2480;3508;65282;598;377;41;45;598;377;639;377;639;422;598;422;57;NN;SCN;SUPPLIER_CONTACT_NUMBER;Seller Contact Number
invoice-529.tiff;1;1;2480;3508;65283;650;377;41;45;650;377;691;377;691;422;650;422;58;NN;SCN;SUPPLIER_CONTACT_NUMBER;Seller Contact Number
invoice-529.tiff;1;1;2480;3508;65284;733;377;162;45;733;377;895;377;895;422;733;422;Télécopie;AAAAAAAAA;undefined;OTHER;OTHER
invoice-529.tiff;1;1;2480;3508;65285;920;377;69;45;920;377;989;377;989;422;920;422;+33;SNN;SFAX;SUPPLIER_FAX_NUMBER;Seller Fax Number
invoice-529.tiff;1;1;2480;3508;65286;1000;377;48;45;1000;377;1048;377;1048;422;1000;422;(0);SNS;SFAX;SUPPLIER_FAX_NUMBER;Seller Fax Number
invoice-529.tiff;1;1;2480;3508;65287;1059;377;20;45;1059;377;1079;377;1079;422;1059;422;0;N;SFAX;SUPPLIER_FAX_NUMBER;Seller Fax Number
invoice-529.tiff;1;1;2480;3508;65288;1091;377;41;45;1091;377;1132;377;1132;422;1091;422;86;NN;SFAX;SUPPLIER_FAX_NUMBER;Seller Fax Number
invoice-529.tiff;1;1;2480;3508;65289;1143;377;41;45;1143;377;1184;377;1184;422;1143;422;49;NN;SFAX;SUPPLIER_FAX_NUMBER;Seller Fax Number
invoice-529.tiff;1;1;2480;3508;65290;1195;377;41;45;1195;377;1236;377;1236;422;1195;422;26;NN;SFAX;SUPPLIER_FAX_NUMBER;Seller Fax Number
invoice-529.tiff;1;1;2480;3508;65291;1247;377;41;45;1247;377;1288;377;1288;422;1247;422;86;NN;SFAX;SUPPLIER_FAX_NUMBER;Seller Fax Number
invoice-529.tiff;1;1;2480;3508;65293;124;607;169;57;124;607;293;607;293;664;124;664;Adresse;AAAAAAA;undefined;OTHER;OTHER
invoice-529.tiff;1;1;2480;3508;65294;306;607;252;57;306;607;558;607;558;664;306;664;Facturation;AAAAAAAAAAA;undefined;OTHER;OTHER
invoice-529.tiff;1;1;2480;3508;65306;1541;618;152;52;1541;618;1693;618;1693;670;1541;670;Facture;AAAAAAA;undefined;OTHER;OTHER
invoice-529.tiff;1;1;2480;3508;65307;1705;618;43;52;1705;618;1748;618;1748;670;1705;670;n°;AS;undefined;OTHER;OTHER
invoice-529.tiff;1;1;2480;3508;65308;2166;618;208;46;2166;618;2374;618;2374;664;2166;664;9614345892;NNNNNNNNNN;IN;INVOICE_NUMBER;Invoice Number
invoice-529.tiff;1;1;2480;3508;65295;124;664;92;48;124;664;216;664;216;712;124;712;Mme;AAA;BN;BILLING_NAME;Billing Name
invoice-529.tiff;1;1;2480;3508;65296;227;664;108;48;227;664;335;664;335;712;227;712;Ethan;AAAAA;BN;BILLING_NAME;Billing Name
invoice-529.tiff;1;1;2480;3508;65297;347;664;92;48;347;664;439;664;439;712;347;712;Brun;AAAA;BN;BILLING_NAME;Billing Name
invoice-529.tiff;1;1;2480;3508;65309;1541;691;58;52;1541;691;1599;691;1599;743;1541;743;Du;AA;undefined;OTHER;OTHER
invoice-529.tiff;1;1;2480;3508;65310;2166;691;148;46;2166;691;2314;691;2314;737;2166;737;06/08/79;NNSNNSNN;IDATE;INVOICE_DATE;Invoice Date
invoice-529.tiff;1;1;2480;3508;65298;124;712;52;45;124;712;176;712;176;757;124;757;12,;NNS;BA;BILLING_ADDRESS;Billing Address
invoice-529.tiff;1;1;2480;3508;65299;187;712;55;45;187;712;242;712;242;757;187;757;rue;AAA;BA;BILLING_ADDRESS;Billing Address
invoice-529.tiff;1;1;2480;3508;65300;253;712;39;45;253;712;292;712;292;757;253;757;de;AA;BA;BILLING_ADDRESS;Billing Address
invoice-529.tiff;1;1;2480;3508;65301;303;712;32;45;303;712;335;712;335;757;303;757;la;AA;BA;BILLING_ADDRESS;Billing Address
invoice-529.tiff;1;1;2480;3508;65302;346;712;143;45;346;712;489;712;489;757;346;757;vacherie;AAAAAAAA;BA;BILLING_ADDRESS;Billing Address
invoice-529.tiff;1;1;2480;3508;65303;124;758;104;45;124;758;228;758;228;803;124;803;41370;NNNNN;BA;BILLING_ADDRESS;Billing Address
invoice-529.tiff;1;1;2480;3508;65304;270;758;430;45;270;758;700;758;700;803;270;803;Saint-Léonard-en-Beauce;AAAAASAAAAAAASAASAAAAAA;BA;BILLING_ADDRESS;Billing Address
invoice-529.tiff;1;1;2480;3508;65311;1541;765;119;52;1541;765;1660;765;1660;817;1541;817;Client;AAAAAA;undefined;OTHER;OTHER
invoice-529.tiff;1;1;2480;3508;65312;1672;765;43;52;1672;765;1715;765;1715;817;1672;817;n°;AS;undefined;OTHER;OTHER
invoice-529.tiff;1;1;2480;3508;65313;2166;765;104;46;2166;765;2270;765;2270;811;2166;811;49644;NNNNN;CNUM;CLIENT_NUMBER;Client Number
invoice-529.tiff;1;1;2480;3508;65305;124;804;120;45;124;804;244;804;244;849;124;849;France;AAAAAA;BA;BILLING_ADDRESS;Billing Address
invoice-529.tiff;1;1;2480;3508;65314;143;1270;129;52;143;1270;272;1270;272;1322;143;1322;S.Non.;ASAAAS;undefined;OTHER;OTHER
invoice-529.tiff;1;1;2480;3508;65315;574;1270;226;52;574;1270;800;1270;800;1322;574;1322;Description;AAAAAAAAAAA;undefined;OTHER;OTHER
invoice-529.tiff;1;1;2480;3508;65316;1142;1270;173;52;1142;1270;1315;1270;1315;1322;1142;1322;Quantité;AAAAAAAA;undefined;OTHER;OTHER
invoice-529.tiff;1;1;2480;3508;65317;1391;1270;84;52;1391;1270;1475;1270;1475;1322;1391;1322;Prix;AAAA;undefined;OTHER;OTHER
invoice-529.tiff;1;1;2480;3508;65318;1487;1270;162;52;1487;1270;1649;1270;1649;1322;1487;1322;Unitaire;AAAAAAAA;undefined;OTHER;OTHER
invoice-529.tiff;1;1;2480;3508;65319;1678;1270;101;52;1678;1270;1779;1270;1779;1322;1678;1322;Taux;AAAA;undefined;OTHER;OTHER
invoice-529.tiff;1;1;2480;3508;65320;1792;1270;45;52;1792;1270;1837;1270;1837;1322;1792;1322;de;AA;undefined;OTHER;OTHER
invoice-529.tiff;1;1;2480;3508;65321;1849;1270;96;52;1849;1270;1945;1270;1945;1322;1849;1322;TVA;AAA;undefined;OTHER;OTHER
invoice-529.tiff;1;1;2480;3508;65322;1980;1270;170;52;1980;1270;2150;1270;2150;1322;1980;1322;Montant;AAAAAAA;undefined;OTHER;OTHER
invoice-529.tiff;1;1;2480;3508;65323;2162;1270;66;52;2162;1270;2228;1270;2228;1322;2162;1322;HT;AA;undefined;OTHER;OTHER
invoice-529.tiff;1;1;2480;3508;65324;197;1344;20;48;197;1344;217;1344;217;1392;197;1392;1;N;undefined;OTHER;OTHER
invoice-529.tiff;1;1;2480;3508;65325;291;1344;155;48;291;1344;446;1344;446;1392;291;1392;Enceinte;AAAAAAAA;undefined;OTHER;OTHER
invoice-529.tiff;1;1;2480;3508;65326;457;1344;194;48;457;1344;651;1344;651;1392;457;1392;Multiroom;AAAAAAAAA;undefined;OTHER;OTHER
invoice-529.tiff;1;1;2480;3508;65327;662;1344;150;48;662;1344;812;1344;812;1392;662;1392;Yamaha;AAAAAA;undefined;OTHER;OTHER
invoice-529.tiff;1;1;2480;3508;65328;822;1344;189;48;822;1344;1011;1344;1011;1392;822;1392;MusicCast;AAAAAAAAA;undefined;OTHER;OTHER
invoice-529.tiff;1;1;2480;3508;65331;1218;1344;20;48;1218;1344;1238;1344;1238;1392;1218;1392;4;N;undefined;OTHER;OTHER
invoice-529.tiff;1;1;2480;3508;65332;1447;1344;114;48;1447;1344;1561;1344;1561;1392;1447;1392;159,38;NNNSNN;undefined;OTHER;OTHER
invoice-529.tiff;1;1;2480;3508;65333;1572;1344;20;48;1572;1344;1592;1344;1592;1392;1572;1392;$;S;undefined;OTHER;OTHER
invoice-529.tiff;1;1;2480;3508;65334;1755;1344;114;48;1755;1344;1869;1344;1869;1392;1755;1392;20.0%;NNSNS;undefined;OTHER;OTHER
invoice-529.tiff;1;1;2480;3508;65335;2031;1344;114;48;2031;1344;2145;1344;2145;1392;2031;1392;637,50;NNNSNN;undefined;OTHER;OTHER
invoice-529.tiff;1;1;2480;3508;65336;2156;1344;20;48;2156;1344;2176;1344;2176;1392;2156;1392;$;S;undefined;OTHER;OTHER
invoice-529.tiff;1;1;2480;3508;65329;291;1392;134;48;291;1392;425;1392;425;1440;291;1440;WX010;AANNN;undefined;OTHER;OTHER
invoice-529.tiff;1;1;2480;3508;65330;436;1392;145;48;436;1392;581;1392;581;1440;436;1440;BLANC;AAAAA;undefined;OTHER;OTHER
invoice-529.tiff;1;1;2480;3508;65337;197;1481;20;48;197;1481;217;1481;217;1529;197;1529;2;N;undefined;OTHER;OTHER
invoice-529.tiff;1;1;2480;3508;65338;291;1481;118;48;291;1481;409;1481;409;1529;291;1529;Rasoir;AAAAAA;undefined;OTHER;OTHER
invoice-529.tiff;1;1;2480;3508;65339;420;1481;175;48;420;1481;595;1481;595;1529;420;1529;électrique;AAAAAAAAAA;undefined;OTHER;OTHER
invoice-529.tiff;1;1;2480;3508;65340;606;1481;122;48;606;1481;728;1481;728;1529;606;1529;Philips;AAAAAAA;undefined;OTHER;OTHER
invoice-529.tiff;1;1;2480;3508;65341;739;1481;173;48;739;1481;912;1481;912;1529;739;1529;PQ208/17;AANNNSNN;undefined;OTHER;OTHER
invoice-529.tiff;1;1;2480;3508;65342;1218;1481;20;48;1218;1481;1238;1481;1238;1529;1218;1529;1;N;undefined;OTHER;OTHER
invoice-529.tiff;1;1;2480;3508;65343;1458;1481;93;48;1458;1481;1551;1481;1551;1529;1458;1529;22,49;NNSNN;undefined;OTHER;OTHER
invoice-529.tiff;1;1;2480;3508;65344;1562;1481;20;48;1562;1481;1582;1481;1582;1529;1562;1529;$;S;undefined;OTHER;OTHER
invoice-529.tiff;1;1;2480;3508;65345;1755;1481;114;48;1755;1481;1869;1481;1869;1529;1755;1529;20.0%;NNSNS;undefined;OTHER;OTHER
invoice-529.tiff;1;1;2480;3508;65346;2041;1481;93;48;2041;1481;2134;1481;2134;1529;2041;1529;22,49;NNSNN;undefined;OTHER;OTHER
invoice-529.tiff;1;1;2480;3508;65347;2145;1481;20;48;2145;1481;2165;1481;2165;1529;2145;1529;$;S;undefined;OTHER;OTHER
invoice-529.tiff;1;1;2480;3508;65348;197;1571;20;48;197;1571;217;1571;217;1619;197;1619;3;N;undefined;OTHER;OTHER
invoice-529.tiff;1;1;2480;3508;65349;291;1571;62;48;291;1571;353;1571;353;1619;291;1619;Jeu;AAA;undefined;OTHER;OTHER
invoice-529.tiff;1;1;2480;3508;65350;364;1571;74;48;364;1571;438;1571;438;1619;364;1619;3DS;NAA;undefined;OTHER;OTHER
invoice-529.tiff;1;1;2480;3508;65351;449;1571;164;48;449;1571;613;1571;613;1619;449;1619;Nintendo;AAAAAAAA;undefined;OTHER;OTHER
invoice-529.tiff;1;1;2480;3508;65352;623;1571;106;48;623;1571;729;1571;729;1619;623;1619;Super;AAAAA;undefined;OTHER;OTHER
invoice-529.tiff;1;1;2480;3508;65353;740;1571;118;48;740;1571;858;1571;858;1619;740;1619;Smash;AAAAA;undefined;OTHER;OTHER
invoice-529.tiff;1;1;2480;3508;65354;869;1571;83;48;869;1571;952;1571;952;1619;869;1619;Bros;AAAA;undefined;OTHER;OTHER
invoice-529.tiff;1;1;2480;3508;65355;1218;1571;20;48;1218;1571;1238;1571;1238;1619;1218;1619;1;N;undefined;OTHER;OTHER
invoice-529.tiff;1;1;2480;3508;65356;1458;1571;93;48;1458;1571;1551;1571;1551;1619;1458;1619;33,33;NNSNN;undefined;OTHER;OTHER
invoice-529.tiff;1;1;2480;3508;65357;1562;1571;20;48;1562;1571;1582;1571;1582;1619;1562;1619;$;S;undefined;OTHER;OTHER
invoice-529.tiff;1;1;2480;3508;65358;1755;1571;114;48;1755;1571;1869;1571;1869;1619;1755;1619;20.0%;NNSNS;undefined;OTHER;OTHER
invoice-529.tiff;1;1;2480;3508;65359;2041;1571;93;48;2041;1571;2134;1571;2134;1619;2041;1619;33,33;NNSNN;undefined;OTHER;OTHER
invoice-529.tiff;1;1;2480;3508;65360;2145;1571;20;48;2145;1571;2165;1571;2165;1619;2145;1619;$;S;undefined;OTHER;OTHER
invoice-529.tiff;1;1;2480;3508;65361;197;1661;20;48;197;1661;217;1661;217;1709;197;1709;4;N;undefined;OTHER;OTHER
invoice-529.tiff;1;1;2480;3508;65362;291;1661;87;48;291;1661;378;1661;378;1709;291;1709;Lave;AAAA;undefined;OTHER;OTHER
invoice-529.tiff;1;1;2480;3508;65363;390;1661;85;48;390;1661;475;1661;475;1709;390;1709;linge;AAAAA;undefined;OTHER;OTHER
invoice-529.tiff;1;1;2480;3508;65364;486;1661;115;48;486;1661;601;1661;601;1709;486;1709;hublot;AAAAAA;undefined;OTHER;OTHER
invoice-529.tiff;1;1;2480;3508;65365;612;1661;118;48;612;1661;730;1661;730;1709;612;1709;Candy;AAAAA;undefined;OTHER;OTHER
invoice-529.tiff;1;1;2480;3508;65366;740;1661;57;48;740;1661;797;1661;797;1709;740;1709;EX;AA;undefined;OTHER;OTHER
invoice-529.tiff;1;1;2480;3508;65367;809;1661;111;48;809;1661;920;1661;920;1709;809;1709;Smart;AAAAA;undefined;OTHER;OTHER
invoice-529.tiff;1;1;2480;3508;65368;930;1661;85;48;930;1661;1015;1661;1015;1709;930;1709;GVS;AAA;undefined;OTHER;OTHER
invoice-529.tiff;1;1;2480;3508;65371;1218;1661;20;48;1218;1661;1238;1661;1238;1709;1218;1709;3;N;undefined;OTHER;OTHER
invoice-529.tiff;1;1;2480;3508;65372;1447;1661;114;48;1447;1661;1561;1661;1561;1709;1447;1709;332,50;NNNSNN;undefined;OTHER;OTHER
invoice-529.tiff;1;1;2480;3508;65373;1572;1661;20;48;1572;1661;1592;1661;1592;1709;1572;1709;$;S;undefined;OTHER;OTHER
invoice-529.tiff;1;1;2480;3508;65374;1755;1661;114;48;1755;1661;1869;1661;1869;1709;1755;1709;20.0%;NNSNS;undefined;OTHER;OTHER
invoice-529.tiff;1;1;2480;3508;65375;2031;1661;114;48;2031;1661;2145;1661;2145;1709;2031;1709;997,50;NNNSNN;undefined;OTHER;OTHER
invoice-529.tiff;1;1;2480;3508;65376;2156;1661;20;48;2156;1661;2176;1661;2176;1709;2156;1709;$;S;undefined;OTHER;OTHER
invoice-529.tiff;1;1;2480;3508;65369;291;1709;62;48;291;1709;353;1709;353;1757;291;1757;129;NNN;undefined;OTHER;OTHER
invoice-529.tiff;1;1;2480;3508;65370;364;1709;122;48;364;1709;486;1709;486;1757;364;1757;DWC3;AAAN;undefined;OTHER;OTHER
invoice-529.tiff;1;1;2480;3508;65377;1772;1840;155;51;1772;1840;1927;1840;1927;1891;1772;1891;Montant;AAAAAAA;undefined;OTHER;OTHER
invoice-529.tiff;1;1;2480;3508;65378;1938;1840;61;51;1938;1840;1999;1840;1999;1891;1938;1891;HT;AA;undefined;OTHER;OTHER
invoice-529.tiff;1;1;2480;3508;65379;2041;1840;135;46;2041;1840;2176;1840;2176;1886;2041;1886;1690,82;NNNNSNN;TWTX;TOTAL_WITHOUT_TAX;TWTXS
invoice-529.tiff;1;1;2480;3508;65380;2187;1840;20;46;2187;1840;2207;1840;2207;1886;2187;1886;$;S;TWTX;TOTAL_WITHOUT_TAX;TWTXS
invoice-529.tiff;1;1;2480;3508;65381;1804;1891;94;51;1804;1891;1898;1891;1898;1942;1804;1942;Taux;AAAA;undefined;OTHER;OTHER
invoice-529.tiff;1;1;2480;3508;65382;1910;1891;43;51;1910;1891;1953;1891;1953;1942;1910;1942;de;AA;undefined;OTHER;OTHER
invoice-529.tiff;1;1;2480;3508;65383;1964;1891;94;51;1964;1891;2058;1891;2058;1942;1964;1942;TVA;AAA;undefined;OTHER;OTHER
invoice-529.tiff;1;1;2480;3508;65384;2100;1891;107;46;2100;1891;2207;1891;2207;1937;2100;1937;20.0%;NNSNS;TXR;TAX_RATE;Tax Rate
invoice-529.tiff;1;1;2480;3508;65385;1926;1942;94;51;1926;1942;2020;1942;2020;1993;1926;1993;TVA;AAA;undefined;OTHER;OTHER
invoice-529.tiff;1;1;2480;3508;65386;2062;1942;114;46;2062;1942;2176;1942;2176;1988;2062;1988;338,16;NNNSNN;TTX;TOTAL_TAX;Total Tax
invoice-529.tiff;1;1;2480;3508;65387;2187;1942;20;46;2187;1942;2207;1942;2207;1988;2187;1988;$;S;TTX;TOTAL_TAX;Total Tax
invoice-529.tiff;1;1;2480;3508;65388;1805;1994;96;51;1805;1994;1901;1994;1901;2045;1805;2045;Total;AAAAA;undefined;OTHER;OTHER
invoice-529.tiff;1;1;2480;3508;65389;1913;1994;86;51;1913;1994;1999;1994;1999;2045;1913;2045;TTC;AAA;undefined;OTHER;OTHER
invoice-529.tiff;1;1;2480;3508;65390;2041;1994;135;46;2041;1994;2176;1994;2176;2040;2041;2040;2028,98;NNNNSNN;TA;TOTAL_AMOUNT;Total with TAX
invoice-529.tiff;1;1;2480;3508;65391;2187;1994;20;46;2187;1994;2207;1994;2207;2040;2187;2040;$;S;TA;TOTAL_AMOUNT;Total with TAX
invoice-529.tiff;1;1;2480;3508;65392;124;3175;60;48;124;3175;184;3175;184;3223;124;3223;UN;AA;SN;SUPPLIER_NAME;Seller/Company) name
invoice-529.tiff;1;1;2480;3508;65393;195;3175;113;48;195;3175;308;3175;308;3223;195;3223;JOUR;AAAA;SN;SUPPLIER_NAME;Seller/Company) name
invoice-529.tiff;1;1;2480;3508;65394;319;3175;212;48;319;3175;531;3175;531;3223;319;3223;AILLEURS;AAAAAAAA;SN;SUPPLIER_NAME;Seller/Company) name
invoice-529.tiff;1;1;2480;3508;65395;124;3223;134;45;124;3223;258;3223;258;3268;124;3268;ROUTE;AAAAA;SA;SUPPLIER_ADDRESS;Seller Address
invoice-529.tiff;1;1;2480;3508;65396;269;3223;55;45;269;3223;324;3223;324;3268;269;3268;DE;AA;SA;SUPPLIER_ADDRESS;Seller Address
invoice-529.tiff;1;1;2480;3508;65397;335;3223;111;45;335;3223;446;3223;446;3268;335;3268;SAINT;AAAAA;SA;SUPPLIER_ADDRESS;Seller Address
invoice-529.tiff;1;1;2480;3508;65398;457;3223;113;45;457;3223;570;3223;570;3268;457;3268;MALO;AAAA;SA;SUPPLIER_ADDRESS;Seller Address
invoice-529.tiff;1;1;2480;3508;65399;124;3268;104;45;124;3268;228;3268;228;3313;124;3313;35760;NNNNN;SA;SUPPLIER_ADDRESS;Seller Address
invoice-529.tiff;1;1;2480;3508;65400;270;3268;111;45;270;3268;381;3268;381;3313;270;3313;SAINT;AAAAA;SA;SUPPLIER_ADDRESS;Seller Address
invoice-529.tiff;1;1;2480;3508;65401;392;3268;205;45;392;3268;597;3268;597;3313;392;3313;GREGOIRE;AAAAAAAA;SA;SUPPLIER_ADDRESS;Seller Address
invoice-529.tiff;1;1;2480;3508;65402;124;3314;157;45;124;3314;281;3314;281;3359;124;3359;FRANCE;AAAAAA;SA;SUPPLIER_ADDRESS;Seller Address
