src;num_pages;page_id;page_width;page_height;id;col;row;width;height;x1;y1;x2;y2;x3;y3;x4;y4;contents;contents_masked;correctclass;tag;description
invoice-396.tiff;1;1;2480;3508;48915;124;62;313;175;124;62;437;62;437;237;124;237;common/logo;AAAAAASAAAA;img;IMAGE;Image
invoice-396.tiff;1;1;2480;3508;48929;1541;258;108;59;1541;258;1649;258;1649;317;1541;317;Date;AAAA;undefined;OTHER;OTHER
invoice-396.tiff;1;1;2480;3508;48930;1712;258;73;52;1712;258;1785;258;1785;310;1712;310;nov;AAA;IDATE;INVOICE_DATE;Invoice Date
invoice-396.tiff;1;1;2480;3508;48931;1799;258;38;52;1799;258;1837;258;1837;310;1799;310;7,;NS;IDATE;INVOICE_DATE;Invoice Date
invoice-396.tiff;1;1;2480;3508;48932;1850;258;101;52;1850;258;1951;258;1951;310;1850;310;2007;NNNN;IDATE;INVOICE_DATE;Invoice Date
invoice-396.tiff;1;1;2480;3508;48916;124;412;145;49;124;412;269;412;269;461;124;461;TABAC;AAAAA;SN;SUPPLIER_NAME;Seller/Company) name
invoice-396.tiff;1;1;2480;3508;48917;282;412;108;49;282;412;390;412;390;461;282;461;JEUX;AAAA;SN;SUPPLIER_NAME;Seller/Company) name
invoice-396.tiff;1;1;2480;3508;48918;124;462;46;48;124;462;170;462;170;510;124;510;96;NN;SA;SUPPLIER_ADDRESS;Seller Address
invoice-396.tiff;1;1;2480;3508;48919;182;462;87;48;182;462;269;462;269;510;182;510;RUE;AAA;SA;SUPPLIER_ADDRESS;Seller Address
invoice-396.tiff;1;1;2480;3508;48920;282;462;266;48;282;462;548;462;548;510;282;510;RAYNOUARD;AAAAAAAAA;SA;SUPPLIER_ADDRESS;Seller Address
invoice-396.tiff;1;1;2480;3508;48921;124;510;115;48;124;510;239;510;239;558;124;558;75016;NNNNN;SA;SUPPLIER_ADDRESS;Seller Address
invoice-396.tiff;1;1;2480;3508;48922;282;510;125;48;282;510;407;510;407;558;282;558;PARIS;AAAAA;SA;SUPPLIER_ADDRESS;Seller Address
invoice-396.tiff;1;1;2480;3508;48923;419;510;46;48;419;510;465;510;465;558;419;558;16;NN;SA;SUPPLIER_ADDRESS;Seller Address
invoice-396.tiff;1;1;2480;3508;48924;124;558;171;48;124;558;295;558;295;606;124;606;FRANCE;AAAAAA;SA;SUPPLIER_ADDRESS;Seller Address
invoice-396.tiff;1;1;2480;3508;48925;124;606;120;48;124;606;244;606;244;654;124;654;Phone;AAAAA;undefined;OTHER;OTHER
invoice-396.tiff;1;1;2480;3508;48926;307;606;278;48;307;606;585;606;585;654;307;654;06.06.87.10.22;NNSNNSNNSNNSNN;SCN;SUPPLIER_CONTACT_NUMBER;Seller Contact Number
invoice-396.tiff;1;1;2480;3508;48927;124;654;69;48;124;654;193;654;193;702;124;702;Fax;AAA;undefined;OTHER;OTHER
invoice-396.tiff;1;1;2480;3508;48928;256;654;278;48;256;654;534;654;534;702;256;702;06.06.87.37.88;NNSNNSNNSNNSNN;SFAX;SUPPLIER_FAX_NUMBER;Seller Fax Number
invoice-396.tiff;1;1;2480;3508;48939;1541;1039;172;59;1541;1039;1713;1039;1713;1098;1541;1098;Invoice;AAAAAAA;undefined;OTHER;OTHER
invoice-396.tiff;1;1;2480;3508;48940;1727;1039;61;59;1727;1039;1788;1039;1788;1098;1727;1098;To;AA;undefined;OTHER;OTHER
invoice-396.tiff;1;1;2480;3508;48941;1541;1099;118;49;1541;1099;1659;1099;1659;1148;1541;1148;Sigrid;AAAAAA;BN;BILLING_NAME;Billing Name
invoice-396.tiff;1;1;2480;3508;48942;1671;1099;113;49;1671;1099;1784;1099;1784;1148;1671;1148;Block;AAAAA;BN;BILLING_NAME;Billing Name
invoice-396.tiff;1;1;2480;3508;48943;1541;1148;81;48;1541;1148;1622;1148;1622;1196;1541;1196;305,;NNNS;BA;BILLING_ADDRESS;Billing Address
invoice-396.tiff;1;1;2480;3508;48944;1634;1148;60;48;1634;1148;1694;1148;1694;1196;1634;1196;rue;AAA;BA;BILLING_ADDRESS;Billing Address
invoice-396.tiff;1;1;2480;3508;48945;1706;1148;67;48;1706;1148;1773;1148;1773;1196;1706;1196;des;AAA;BA;BILLING_ADDRESS;Billing Address
invoice-396.tiff;1;1;2480;3508;48946;1784;1148;192;48;1784;1148;1976;1148;1976;1196;1784;1196;montaines;AAAAAAAAA;BA;BILLING_ADDRESS;Billing Address
invoice-396.tiff;1;1;2480;3508;48947;1541;1197;115;48;1541;1197;1656;1197;1656;1245;1541;1245;01100;NNNNN;BA;BILLING_ADDRESS;Billing Address
invoice-396.tiff;1;1;2480;3508;48948;1699;1197;164;48;1699;1197;1863;1197;1863;1245;1699;1245;Groissiat;AAAAAAAAA;BA;BILLING_ADDRESS;Billing Address
invoice-396.tiff;1;1;2480;3508;48933;124;1238;157;54;124;1238;281;1238;281;1292;124;1292;Invoice;AAAAAAA;undefined;OTHER;OTHER
invoice-396.tiff;1;1;2480;3508;48934;295;1238;173;54;295;1238;468;1238;468;1292;295;1292;Number;AAAAAA;undefined;OTHER;OTHER
invoice-396.tiff;1;1;2480;3508;48935;750;1238;162;48;750;1238;912;1238;912;1286;750;1286;0071330;NNNNNNN;IN;INVOICE_NUMBER;Invoice Number
invoice-396.tiff;1;1;2480;3508;48949;1541;1245;129;48;1541;1245;1670;1245;1670;1293;1541;1293;France;AAAAAA;BA;BILLING_ADDRESS;Billing Address
invoice-396.tiff;1;1;2480;3508;48936;124;1314;127;54;124;1314;251;1314;251;1368;124;1368;Client;AAAAAA;undefined;OTHER;OTHER
invoice-396.tiff;1;1;2480;3508;48937;265;1314;173;54;265;1314;438;1314;438;1368;265;1368;Number;AAAAAA;undefined;OTHER;OTHER
invoice-396.tiff;1;1;2480;3508;48938;750;1314;139;48;750;1314;889;1314;889;1362;750;1362;003659;NNNNNN;CNUM;CLIENT_NUMBER;Client Number
invoice-396.tiff;1;1;2480;3508;48950;1541;1335;194;59;1541;1335;1735;1335;1735;1394;1541;1394;Delivery;AAAAAAAA;undefined;OTHER;OTHER
invoice-396.tiff;1;1;2480;3508;48951;1750;1335;61;59;1750;1335;1811;1335;1811;1394;1750;1394;To;AA;undefined;OTHER;OTHER
invoice-396.tiff;1;1;2480;3508;48952;1541;1394;118;49;1541;1394;1659;1394;1659;1443;1541;1443;Sigrid;AAAAAA;SHN;SHIPPING_NAME;Shipping Name
invoice-396.tiff;1;1;2480;3508;48953;1671;1394;113;49;1671;1394;1784;1394;1784;1443;1671;1443;Block;AAAAA;SHN;SHIPPING_NAME;Shipping Name
invoice-396.tiff;1;1;2480;3508;48954;1541;1444;81;48;1541;1444;1622;1444;1622;1492;1541;1492;305,;NNNS;SHA;SHIPPING_ADDRESS;Shipping Address
invoice-396.tiff;1;1;2480;3508;48955;1634;1444;60;48;1634;1444;1694;1444;1694;1492;1634;1492;rue;AAA;SHA;SHIPPING_ADDRESS;Shipping Address
invoice-396.tiff;1;1;2480;3508;48956;1706;1444;67;48;1706;1444;1773;1444;1773;1492;1706;1492;des;AAA;SHA;SHIPPING_ADDRESS;Shipping Address
invoice-396.tiff;1;1;2480;3508;48957;1784;1444;192;48;1784;1444;1976;1444;1976;1492;1784;1492;montaines;AAAAAAAAA;SHA;SHIPPING_ADDRESS;Shipping Address
invoice-396.tiff;1;1;2480;3508;48958;1541;1492;115;48;1541;1492;1656;1492;1656;1540;1541;1540;01100;NNNNN;SHA;SHIPPING_ADDRESS;Shipping Address
invoice-396.tiff;1;1;2480;3508;48959;1699;1492;164;48;1699;1492;1863;1492;1863;1540;1699;1540;Groissiat;AAAAAAAAA;SHA;SHIPPING_ADDRESS;Shipping Address
invoice-396.tiff;1;1;2480;3508;48960;1541;1540;129;48;1541;1540;1670;1540;1670;1588;1541;1588;France;AAAAAA;SHA;SHIPPING_ADDRESS;Shipping Address
invoice-396.tiff;1;1;2480;3508;48961;149;1855;117;54;149;1855;266;1855;266;1909;149;1909;S.No.;ASAAS;undefined;OTHER;OTHER
invoice-396.tiff;1;1;2480;3508;48962;344;1855;185;54;344;1855;529;1855;529;1909;344;1909;Quantity;AAAAAAAA;undefined;OTHER;OTHER
invoice-396.tiff;1;1;2480;3508;48963;760;1855;173;54;760;1855;933;1855;933;1909;760;1909;Product;AAAAAAA;undefined;OTHER;OTHER
invoice-396.tiff;1;1;2480;3508;48964;946;1855;252;54;946;1855;1198;1855;1198;1909;946;1909;Description;AAAAAAAAAAA;undefined;OTHER;OTHER
invoice-396.tiff;1;1;2480;3508;48965;1413;1855;89;54;1413;1855;1502;1855;1502;1909;1413;1909;Unit;AAAA;undefined;OTHER;OTHER
invoice-396.tiff;1;1;2480;3508;48966;1515;1855;112;54;1515;1855;1627;1855;1627;1909;1515;1909;Price;AAAAA;undefined;OTHER;OTHER
invoice-396.tiff;1;1;2480;3508;48967;1710;1855;91;54;1710;1855;1801;1855;1801;1909;1710;1909;TVA;AAA;undefined;OTHER;OTHER
invoice-396.tiff;1;1;2480;3508;48968;1815;1855;99;54;1815;1855;1914;1855;1914;1909;1815;1909;Rate;AAAA;undefined;OTHER;OTHER
invoice-396.tiff;1;1;2480;3508;48969;2049;1855;109;54;2049;1855;2158;1855;2158;1909;2049;1909;Total;AAAAA;undefined;OTHER;OTHER
invoice-396.tiff;1;1;2480;3508;48970;196;1931;23;49;196;1931;219;1931;219;1980;196;1980;1;N;undefined;OTHER;OTHER
invoice-396.tiff;1;1;2480;3508;48971;425;1931;23;49;425;1931;448;1931;448;1980;425;1980;1;N;undefined;OTHER;OTHER
invoice-396.tiff;1;1;2480;3508;48972;583;1931;129;49;583;1931;712;1931;712;1980;583;1980;Rasoir;AAAAAA;undefined;OTHER;OTHER
invoice-396.tiff;1;1;2480;3508;48973;724;1931;134;49;724;1931;858;1931;858;1980;724;1980;femme;AAAAA;undefined;OTHER;OTHER
invoice-396.tiff;1;1;2480;3508;48974;870;1931;136;49;870;1931;1006;1931;1006;1980;870;1980;Philips;AAAAAAA;undefined;OTHER;OTHER
invoice-396.tiff;1;1;2480;3508;48975;1018;1931;213;49;1018;1931;1231;1931;1231;1980;1018;1980;BRL140/10;AAANNNSNN;undefined;OTHER;OTHER
invoice-396.tiff;1;1;2480;3508;48976;1468;1931;104;49;1468;1931;1572;1931;1572;1980;1468;1980;37,49;NNSNN;undefined;OTHER;OTHER
invoice-396.tiff;1;1;2480;3508;48977;1753;1931;118;49;1753;1931;1871;1931;1871;1980;1753;1980;20.0%;NNSNS;undefined;OTHER;OTHER
invoice-396.tiff;1;1;2480;3508;48978;2052;1931;104;49;2052;1931;2156;1931;2156;1980;2052;1980;37,49;NNSNN;undefined;OTHER;OTHER
invoice-396.tiff;1;1;2480;3508;48979;196;2022;23;49;196;2022;219;2022;219;2071;196;2071;2;N;undefined;OTHER;OTHER
invoice-396.tiff;1;1;2480;3508;48980;425;2022;23;49;425;2022;448;2022;448;2071;425;2071;2;N;undefined;OTHER;OTHER
invoice-396.tiff;1;1;2480;3508;48981;583;2022;206;49;583;2022;789;2022;789;2071;583;2071;Grille-pain;AAAAAASAAAA;undefined;OTHER;OTHER
invoice-396.tiff;1;1;2480;3508;48982;800;2022;99;49;800;2022;899;2022;899;2071;800;2071;Listo;AAAAA;undefined;OTHER;OTHER
invoice-396.tiff;1;1;2480;3508;48983;912;2022;50;49;912;2022;962;2022;962;2071;912;2071;TT;AA;undefined;OTHER;OTHER
invoice-396.tiff;1;1;2480;3508;48984;974;2022;74;49;974;2022;1048;2022;1048;2071;974;2071;L1b;ANA;undefined;OTHER;OTHER
invoice-396.tiff;1;1;2480;3508;48985;1480;2022;81;49;1480;2022;1561;2022;1561;2071;1480;2071;8,32;NSNN;undefined;OTHER;OTHER
invoice-396.tiff;1;1;2480;3508;48986;1753;2022;118;49;1753;2022;1871;2022;1871;2071;1753;2071;20.0%;NNSNS;undefined;OTHER;OTHER
invoice-396.tiff;1;1;2480;3508;48987;2052;2022;104;49;2052;2022;2156;2022;2156;2071;2052;2071;16,65;NNSNN;undefined;OTHER;OTHER
invoice-396.tiff;1;1;2480;3508;48988;1985;2155;109;54;1985;2155;2094;2155;2094;2209;1985;2209;DISC;AAAA;undefined;OTHER;OTHER
invoice-396.tiff;1;1;2480;3508;48989;2115;2155;81;49;2115;2155;2196;2155;2196;2204;2115;2204;0,00;NSNN;undefined;OTHER;OTHER
invoice-396.tiff;1;1;2480;3508;48990;1941;2209;109;54;1941;2209;2050;2209;2050;2263;1941;2263;Total;AAAAA;undefined;OTHER;OTHER
invoice-396.tiff;1;1;2480;3508;48991;2092;2209;104;49;2092;2209;2196;2209;2196;2258;2092;2258;54,14;NNSNN;TWTX;TOTAL_WITHOUT_TAX;TWTXS
invoice-396.tiff;1;1;2480;3508;48992;1844;2264;91;54;1844;2264;1935;2264;1935;2318;1844;2318;TVA;AAA;undefined;OTHER;OTHER
invoice-396.tiff;1;1;2480;3508;48993;1949;2264;99;54;1949;2264;2048;2264;2048;2318;1949;2318;Rate;AAAA;undefined;OTHER;OTHER
invoice-396.tiff;1;1;2480;3508;48994;2090;2264;118;49;2090;2264;2208;2264;2208;2313;2090;2313;20.0%;NNSNS;TXR;TAX_RATE;Tax Rate
invoice-396.tiff;1;1;2480;3508;48995;1786;2319;78;54;1786;2319;1864;2319;1864;2373;1786;2373;Tax;AAA;undefined;OTHER;OTHER
invoice-396.tiff;1;1;2480;3508;48996;1877;2319;173;54;1877;2319;2050;2319;2050;2373;1877;2373;Amount;AAAAAA;undefined;OTHER;OTHER
invoice-396.tiff;1;1;2480;3508;48997;2092;2319;104;49;2092;2319;2196;2319;2196;2368;2092;2368;10,83;NNSNN;TTX;TOTAL_TAX;Total Tax
invoice-396.tiff;1;1;2480;3508;48998;1730;2373;173;54;1730;2373;1903;2373;1903;2427;1730;2427;Amount;AAAAAA;undefined;OTHER;OTHER
invoice-396.tiff;1;1;2480;3508;48999;1915;2373;43;54;1915;2373;1958;2373;1958;2427;1915;2427;to;AA;undefined;OTHER;OTHER
invoice-396.tiff;1;1;2480;3508;49000;1971;2373;78;54;1971;2373;2049;2373;2049;2427;1971;2427;pay;AAA;undefined;OTHER;OTHER
invoice-396.tiff;1;1;2480;3508;49001;2092;2373;104;49;2092;2373;2196;2373;2196;2422;2092;2422;64,97;NNSNN;TA;TOTAL_AMOUNT;Total with TAX
invoice-396.tiff;1;1;2480;3508;49002;124;2757;135;54;124;2757;259;2757;259;2811;124;2811;Payed;AAAAA;undefined;OTHER;OTHER
invoice-396.tiff;1;1;2480;3508;49003;272;2757;173;54;272;2757;445;2757;445;2811;272;2811;through;AAAAAAA;undefined;OTHER;OTHER
invoice-396.tiff;1;1;2480;3508;49004;750;2757;94;48;750;2757;844;2757;844;2805;750;2805;Bank;AAAA;PMODE;PAYMENT_MODE;Payment Mode
invoice-396.tiff;1;1;2480;3508;49005;856;2757;155;48;856;2757;1011;2757;1011;2805;856;2805;Transfer;AAAAAAAA;PMODE;PAYMENT_MODE;Payment Mode
invoice-396.tiff;1;1;2480;3508;49006;124;3154;145;49;124;3154;269;3154;269;3203;124;3203;TABAC;AAAAA;SN;SUPPLIER_NAME;Seller/Company) name
invoice-396.tiff;1;1;2480;3508;49007;282;3154;108;49;282;3154;390;3154;390;3203;282;3203;JEUX;AAAA;SN;SUPPLIER_NAME;Seller/Company) name
invoice-396.tiff;1;1;2480;3508;49008;124;3203;46;48;124;3203;170;3203;170;3251;124;3251;96;NN;SA;SUPPLIER_ADDRESS;Seller Address
invoice-396.tiff;1;1;2480;3508;49009;182;3203;87;48;182;3203;269;3203;269;3251;182;3251;RUE;AAA;SA;SUPPLIER_ADDRESS;Seller Address
invoice-396.tiff;1;1;2480;3508;49010;282;3203;266;48;282;3203;548;3203;548;3251;282;3251;RAYNOUARD;AAAAAAAAA;SA;SUPPLIER_ADDRESS;Seller Address
invoice-396.tiff;1;1;2480;3508;49011;124;3251;115;48;124;3251;239;3251;239;3299;124;3299;75016;NNNNN;SA;SUPPLIER_ADDRESS;Seller Address
invoice-396.tiff;1;1;2480;3508;49012;282;3251;125;48;282;3251;407;3251;407;3299;282;3299;PARIS;AAAAA;SA;SUPPLIER_ADDRESS;Seller Address
invoice-396.tiff;1;1;2480;3508;49013;419;3251;46;48;419;3251;465;3251;465;3299;419;3299;16;NN;SA;SUPPLIER_ADDRESS;Seller Address
invoice-396.tiff;1;1;2480;3508;49014;124;3300;171;48;124;3300;295;3300;295;3348;124;3348;FRANCE;AAAAAA;SA;SUPPLIER_ADDRESS;Seller Address
