src;num_pages;page_id;page_width;page_height;id;col;row;width;height;x1;y1;x2;y2;x3;y3;x4;y4;contents;contents_masked;correctclass;tag;description
invoice-1934.tiff;1;1;2480;3508;237551;124;62;175;175;124;62;299;62;299;237;124;237;common/logo;AAAAAASAAAA;img;IMAGE;Image
invoice-1934.tiff;1;1;2480;3508;237576;1541;270;155;57;1541;270;1696;270;1696;327;1541;327;Invoice;AAAAAAA;undefined;OTHER;OTHER
invoice-1934.tiff;1;1;2480;3508;237577;1709;270;55;57;1709;270;1764;270;1764;327;1709;327;ID;AA;undefined;OTHER;OTHER
invoice-1934.tiff;1;1;2480;3508;237578;1827;270;180;50;1827;270;2007;270;2007;320;1827;320;INV-3449;AAASNNNN;IN;INVOICE_NUMBER;Invoice Number
invoice-1934.tiff;1;1;2480;3508;237552;124;412;60;48;124;412;184;412;184;460;124;460;UN;AA;SN;SUPPLIER_NAME;Seller/Company) name
invoice-1934.tiff;1;1;2480;3508;237553;195;412;113;48;195;412;308;412;308;460;195;460;JOUR;AAAA;SN;SUPPLIER_NAME;Seller/Company) name
invoice-1934.tiff;1;1;2480;3508;237554;319;412;212;48;319;412;531;412;531;460;319;460;AILLEURS;AAAAAAAA;SN;SUPPLIER_NAME;Seller/Company) name
invoice-1934.tiff;1;1;2480;3508;237555;124;460;41;45;124;460;165;460;165;505;124;505;37;NN;SA;SUPPLIER_ADDRESS;Seller Address
invoice-1934.tiff;1;1;2480;3508;237556;177;460;81;45;177;460;258;460;258;505;177;505;RUE;AAA;SA;SUPPLIER_ADDRESS;Seller Address
invoice-1934.tiff;1;1;2480;3508;237557;268;460;76;45;268;460;344;460;344;505;268;505;DES;AAA;SA;SUPPLIER_ADDRESS;Seller Address
invoice-1934.tiff;1;1;2480;3508;237558;355;460;185;45;355;460;540;460;540;505;355;505;GRANGES;AAAAAAA;SA;SUPPLIER_ADDRESS;Seller Address
invoice-1934.tiff;1;1;2480;3508;237559;548;460;10;45;548;460;558;460;558;505;548;505;,;S;SA;SUPPLIER_ADDRESS;Seller Address
invoice-1934.tiff;1;1;2480;3508;237560;569;460;104;45;569;460;673;460;673;505;569;505;25000;NNNNN;SA;SUPPLIER_ADDRESS;Seller Address
invoice-1934.tiff;1;1;2480;3508;237561;682;460;210;45;682;460;892;460;892;505;682;505;BESANCON;AAAAAAAA;SA;SUPPLIER_ADDRESS;Seller Address
invoice-1934.tiff;1;1;2480;3508;237562;901;460;10;45;901;460;911;460;911;505;901;505;,;S;SA;SUPPLIER_ADDRESS;Seller Address
invoice-1934.tiff;1;1;2480;3508;237563;921;460;157;45;921;460;1078;460;1078;505;921;505;FRANCE;AAAAAA;SA;SUPPLIER_ADDRESS;Seller Address
invoice-1934.tiff;1;1;2480;3508;237564;124;506;106;45;124;506;230;506;230;551;124;551;Phone;AAAAA;undefined;OTHER;OTHER
invoice-1934.tiff;1;1;2480;3508;237565;256;506;69;45;256;506;325;506;325;551;256;551;+33;SNN;SCN;SUPPLIER_CONTACT_NUMBER;Seller Contact Number
invoice-1934.tiff;1;1;2480;3508;237566;336;506;20;45;336;506;356;506;356;551;336;551;0;N;SCN;SUPPLIER_CONTACT_NUMBER;Seller Contact Number
invoice-1934.tiff;1;1;2480;3508;237567;367;506;62;45;367;506;429;506;429;551;367;551;594;NNN;SCN;SUPPLIER_CONTACT_NUMBER;Seller Contact Number
invoice-1934.tiff;1;1;2480;3508;237568;440;506;62;45;440;506;502;506;502;551;440;551;700;NNN;SCN;SUPPLIER_CONTACT_NUMBER;Seller Contact Number
invoice-1934.tiff;1;1;2480;3508;237569;513;506;62;45;513;506;575;506;575;551;513;551;237;NNN;SCN;SUPPLIER_CONTACT_NUMBER;Seller Contact Number
invoice-1934.tiff;1;1;2480;3508;237570;617;506;64;45;617;506;681;506;681;551;617;551;Fax;AAA;undefined;OTHER;OTHER
invoice-1934.tiff;1;1;2480;3508;237571;707;506;69;45;707;506;776;506;776;551;707;551;+33;SNN;SFAX;SUPPLIER_FAX_NUMBER;Seller Fax Number
invoice-1934.tiff;1;1;2480;3508;237572;787;506;20;45;787;506;807;506;807;551;787;551;0;N;SFAX;SUPPLIER_FAX_NUMBER;Seller Fax Number
invoice-1934.tiff;1;1;2480;3508;237573;819;506;62;45;819;506;881;506;881;551;819;551;594;NNN;SFAX;SUPPLIER_FAX_NUMBER;Seller Fax Number
invoice-1934.tiff;1;1;2480;3508;237574;892;506;62;45;892;506;954;506;954;551;892;551;700;NNN;SFAX;SUPPLIER_FAX_NUMBER;Seller Fax Number
invoice-1934.tiff;1;1;2480;3508;237575;965;506;62;45;965;506;1027;506;1027;551;965;551;584;NNN;SFAX;SUPPLIER_FAX_NUMBER;Seller Fax Number
invoice-1934.tiff;1;1;2480;3508;237579;124;936;58;48;124;936;182;936;182;984;124;984;Dr.;AAS;BN;BILLING_NAME;Billing Name
invoice-1934.tiff;1;1;2480;3508;237580;194;936;141;48;194;936;335;936;335;984;194;984;Eusebio;AAAAAAA;BN;BILLING_NAME;Billing Name
invoice-1934.tiff;1;1;2480;3508;237581;346;936;106;48;346;936;452;936;452;984;346;984;Mann;AAAA;BN;BILLING_NAME;Billing Name
invoice-1934.tiff;1;1;2480;3508;237582;124;984;93;45;124;984;217;984;217;1029;124;1029;5013,;NNNNS;BA;BILLING_ADDRESS;Billing Address
invoice-1934.tiff;1;1;2480;3508;237583;229;984;97;45;229;984;326;984;326;1029;229;1029;guern;AAAAA;BA;BILLING_ADDRESS;Billing Address
invoice-1934.tiff;1;1;2480;3508;237584;336;984;83;45;336;984;419;984;419;1029;336;1029;ihuel;AAAAA;BA;BILLING_ADDRESS;Billing Address
invoice-1934.tiff;1;1;2480;3508;237585;124;1030;104;45;124;1030;228;1030;228;1075;124;1075;56160;NNNNN;BA;BILLING_ADDRESS;Billing Address
invoice-1934.tiff;1;1;2480;3508;237586;270;1030;108;45;270;1030;378;1030;378;1075;270;1075;Lignol;AAAAAA;BA;BILLING_ADDRESS;Billing Address
invoice-1934.tiff;1;1;2480;3508;237587;124;1076;120;45;124;1076;244;1076;244;1121;124;1121;France;AAAAAA;BA;BILLING_ADDRESS;Billing Address
invoice-1934.tiff;1;1;2480;3508;237599;1541;1105;142;52;1541;1105;1683;1105;1683;1157;1541;1157;Invoice;AAAAAAA;undefined;OTHER;OTHER
invoice-1934.tiff;1;1;2480;3508;237600;1695;1105;91;52;1695;1105;1786;1105;1786;1157;1695;1157;Date;AAAA;undefined;OTHER;OTHER
invoice-1934.tiff;1;1;2480;3508;237601;2166;1105;41;46;2166;1105;2207;1105;2207;1151;2166;1151;19;NN;IDATE;INVOICE_DATE;Invoice Date
invoice-1934.tiff;1;1;2480;3508;237602;2218;1105;68;46;2218;1105;2286;1105;2286;1151;2218;1151;ene,;AAAS;IDATE;INVOICE_DATE;Invoice Date
invoice-1934.tiff;1;1;2480;3508;237603;2297;1105;83;46;2297;1105;2380;1105;2380;1151;2297;1151;2016;NNNN;IDATE;INVOICE_DATE;Invoice Date
invoice-1934.tiff;1;1;2480;3508;237588;124;1163;105;57;124;1163;229;1163;229;1220;124;1220;Send;AAAA;undefined;OTHER;OTHER
invoice-1934.tiff;1;1;2480;3508;237589;243;1163;58;57;243;1163;301;1163;301;1220;243;1220;To;AA;undefined;OTHER;OTHER
invoice-1934.tiff;1;1;2480;3508;237590;124;1221;58;48;124;1221;182;1221;182;1269;124;1269;Dr.;AAS;SHN;SHIPPING_NAME;Shipping Name
invoice-1934.tiff;1;1;2480;3508;237591;194;1221;141;48;194;1221;335;1221;335;1269;194;1269;Eusebio;AAAAAAA;SHN;SHIPPING_NAME;Shipping Name
invoice-1934.tiff;1;1;2480;3508;237592;346;1221;106;48;346;1221;452;1221;452;1269;346;1269;Mann;AAAA;SHN;SHIPPING_NAME;Shipping Name
invoice-1934.tiff;1;1;2480;3508;237593;124;1269;93;45;124;1269;217;1269;217;1314;124;1314;5013,;NNNNS;SHA;SHIPPING_ADDRESS;Shipping Address
invoice-1934.tiff;1;1;2480;3508;237594;229;1269;97;45;229;1269;326;1269;326;1314;229;1314;guern;AAAAA;SHA;SHIPPING_ADDRESS;Shipping Address
invoice-1934.tiff;1;1;2480;3508;237595;336;1269;83;45;336;1269;419;1269;419;1314;336;1314;ihuel;AAAAA;SHA;SHIPPING_ADDRESS;Shipping Address
invoice-1934.tiff;1;1;2480;3508;237596;124;1315;104;45;124;1315;228;1315;228;1360;124;1360;56160;NNNNN;SHA;SHIPPING_ADDRESS;Shipping Address
invoice-1934.tiff;1;1;2480;3508;237597;270;1315;108;45;270;1315;378;1315;378;1360;270;1360;Lignol;AAAAAA;SHA;SHIPPING_ADDRESS;Shipping Address
invoice-1934.tiff;1;1;2480;3508;237598;124;1360;120;45;124;1360;244;1360;244;1405;124;1405;France;AAAAAA;SHA;SHIPPING_ADDRESS;Shipping Address
invoice-1934.tiff;1;1;2480;3508;237604;213;1684;73;52;213;1684;286;1684;286;1736;213;1736;Qty;AAA;undefined;OTHER;OTHER
invoice-1934.tiff;1;1;2480;3508;237605;690;1684;244;52;690;1684;934;1684;934;1736;690;1736;Descriptions;AAAAAAAAAAAA;undefined;OTHER;OTHER
invoice-1934.tiff;1;1;2480;3508;237606;1374;1684;84;52;1374;1684;1458;1684;1458;1736;1374;1736;U.P.;ASAS;undefined;OTHER;OTHER
invoice-1934.tiff;1;1;2480;3508;237607;1646;1684;206;52;1646;1684;1852;1684;1852;1736;1646;1736;VAT/TVA;AAASAAA;undefined;OTHER;OTHER
invoice-1934.tiff;1;1;2480;3508;237608;2003;1684;160;52;2003;1684;2163;1684;2163;1736;2003;1736;Amount;AAAAAA;undefined;OTHER;OTHER
invoice-1934.tiff;1;1;2480;3508;237609;239;1758;20;48;239;1758;259;1758;259;1806;239;1806;4;N;undefined;OTHER;OTHER
invoice-1934.tiff;1;1;2480;3508;237610;375;1758;145;48;375;1758;520;1758;520;1806;375;1806;Raclette;AAAAAAAA;undefined;OTHER;OTHER
invoice-1934.tiff;1;1;2480;3508;237611;531;1758;138;48;531;1758;669;1758;669;1806;531;1806;Bestron;AAAAAAA;undefined;OTHER;OTHER
invoice-1934.tiff;1;1;2480;3508;237612;680;1758;145;48;680;1758;825;1758;825;1806;680;1806;Raclette;AAAAAAAA;undefined;OTHER;OTHER
invoice-1934.tiff;1;1;2480;3508;237613;836;1758;13;48;836;1758;849;1758;849;1806;836;1806;-;S;undefined;OTHER;OTHER
invoice-1934.tiff;1;1;2480;3508;237614;860;1758;122;48;860;1758;982;1758;982;1806;860;1806;arg400;AAANNN;undefined;OTHER;OTHER
invoice-1934.tiff;1;1;2480;3508;237615;1322;1758;93;48;1322;1758;1415;1758;1415;1806;1322;1806;21,36;NNSNN;undefined;OTHER;OTHER
invoice-1934.tiff;1;1;2480;3508;237616;1427;1758;83;48;1427;1758;1510;1758;1510;1806;1427;1806;USD;AAA;undefined;OTHER;OTHER
invoice-1934.tiff;1;1;2480;3508;237617;1692;1758;114;48;1692;1758;1806;1758;1806;1806;1692;1806;20.0%;NNSNS;undefined;OTHER;OTHER
invoice-1934.tiff;1;1;2480;3508;237618;1989;1758;93;48;1989;1758;2082;1758;2082;1806;1989;1806;85,43;NNSNN;undefined;OTHER;OTHER
invoice-1934.tiff;1;1;2480;3508;237619;2093;1758;83;48;2093;1758;2176;1758;2176;1806;2093;1806;USD;AAA;undefined;OTHER;OTHER
invoice-1934.tiff;1;1;2480;3508;237620;239;1847;20;48;239;1847;259;1847;259;1895;239;1895;1;N;undefined;OTHER;OTHER
invoice-1934.tiff;1;1;2480;3508;237621;375;1847;99;48;375;1847;474;1847;474;1895;375;1895;Filtre;AAAAAA;undefined;OTHER;OTHER
invoice-1934.tiff;1;1;2480;3508;237622;484;1847;106;48;484;1847;590;1847;590;1895;484;1895;Fagor;AAAAA;undefined;OTHER;OTHER
invoice-1934.tiff;1;1;2480;3508;237623;601;1847;150;48;601;1847;751;1847;751;1895;601;1895;FG509A;AANNNA;undefined;OTHER;OTHER
invoice-1934.tiff;1;1;2480;3508;237624;762;1847;69;48;762;1847;831;1847;831;1895;762;1895;anti;AAAA;undefined;OTHER;OTHER
invoice-1934.tiff;1;1;2480;3508;237625;842;1847;138;48;842;1847;980;1847;980;1895;842;1895;calcaire;AAAAAAAA;undefined;OTHER;OTHER
invoice-1934.tiff;1;1;2480;3508;237626;991;1847;41;48;991;1847;1032;1847;1032;1895;991;1895;x2;AN;undefined;OTHER;OTHER
invoice-1934.tiff;1;1;2480;3508;237627;1043;1847;85;48;1043;1847;1128;1847;1128;1895;1043;1895;pour;AAAA;undefined;OTHER;OTHER
invoice-1934.tiff;1;1;2480;3508;237629;1333;1847;72;48;1333;1847;1405;1847;1405;1895;1333;1895;8,32;NSNN;undefined;OTHER;OTHER
invoice-1934.tiff;1;1;2480;3508;237630;1416;1847;83;48;1416;1847;1499;1847;1499;1895;1416;1895;USD;AAA;undefined;OTHER;OTHER
invoice-1934.tiff;1;1;2480;3508;237631;1692;1847;114;48;1692;1847;1806;1847;1806;1895;1692;1895;20.0%;NNSNS;undefined;OTHER;OTHER
invoice-1934.tiff;1;1;2480;3508;237632;1999;1847;72;48;1999;1847;2071;1847;2071;1895;1999;1895;8,32;NSNN;undefined;OTHER;OTHER
invoice-1934.tiff;1;1;2480;3508;237633;2083;1847;83;48;2083;1847;2166;1847;2166;1895;2083;1895;USD;AAA;undefined;OTHER;OTHER
invoice-1934.tiff;1;1;2480;3508;237628;375;1895;157;48;375;1895;532;1895;532;1943;375;1943;speed'up;AAAAASAA;undefined;OTHER;OTHER
invoice-1934.tiff;1;1;2480;3508;237634;239;1985;20;48;239;1985;259;1985;259;2033;239;2033;3;N;undefined;OTHER;OTHER
invoice-1934.tiff;1;1;2480;3508;237635;375;1985;175;48;375;1985;550;1985;550;2033;375;2033;Mijoteuse;AAAAAAAAA;undefined;OTHER;OTHER
invoice-1934.tiff;1;1;2480;3508;237636;561;1985;111;48;561;1985;672;1985;672;2033;561;2033;Crock;AAAAA;undefined;OTHER;OTHER
invoice-1934.tiff;1;1;2480;3508;237637;682;1985;60;48;682;1985;742;1985;742;2033;682;2033;Pot;AAA;undefined;OTHER;OTHER
invoice-1934.tiff;1;1;2480;3508;237638;753;1985;335;48;753;1985;1088;1985;1088;2033;753;2033;SCCPRC507B-050;AAAAAANNNASNNN;undefined;OTHER;OTHER
invoice-1934.tiff;1;1;2480;3508;237639;1322;1985;93;48;1322;1985;1415;1985;1415;2033;1322;2033;74,99;NNSNN;undefined;OTHER;OTHER
invoice-1934.tiff;1;1;2480;3508;237640;1427;1985;83;48;1427;1985;1510;1985;1510;2033;1427;2033;USD;AAA;undefined;OTHER;OTHER
invoice-1934.tiff;1;1;2480;3508;237641;1692;1985;114;48;1692;1985;1806;1985;1806;2033;1692;2033;20.0%;NNSNS;undefined;OTHER;OTHER
invoice-1934.tiff;1;1;2480;3508;237642;1979;1985;114;48;1979;1985;2093;1985;2093;2033;1979;2033;224,98;NNNSNN;undefined;OTHER;OTHER
invoice-1934.tiff;1;1;2480;3508;237643;2104;1985;83;48;2104;1985;2187;1985;2187;2033;2104;2033;USD;AAA;undefined;OTHER;OTHER
invoice-1934.tiff;1;1;2480;3508;237644;239;2075;20;48;239;2075;259;2075;259;2123;239;2123;1;N;undefined;OTHER;OTHER
invoice-1934.tiff;1;1;2480;3508;237645;375;2075;194;48;375;2075;569;2075;569;2123;375;2123;Yaourtière;AAAAAAAAAA;undefined;OTHER;OTHER
invoice-1934.tiff;1;1;2480;3508;237646;579;2075;171;48;579;2075;750;2075;750;2123;579;2123;Lagrange;AAAAAAAA;undefined;OTHER;OTHER
invoice-1934.tiff;1;1;2480;3508;237647;761;2075;124;48;761;2075;885;2075;885;2123;761;2123;459003;NNNNNN;undefined;OTHER;OTHER
invoice-1934.tiff;1;1;2480;3508;237648;896;2075;23;48;896;2075;919;2075;919;2123;896;2123;+;S;undefined;OTHER;OTHER
invoice-1934.tiff;1;1;2480;3508;237649;931;2075;20;48;931;2075;951;2075;951;2123;931;2123;2;N;undefined;OTHER;OTHER
invoice-1934.tiff;1;1;2480;3508;237650;962;2075;74;48;962;2075;1036;2075;1036;2123;962;2123;pots;AAAA;undefined;OTHER;OTHER
invoice-1934.tiff;1;1;2480;3508;237652;1322;2075;93;48;1322;2075;1415;2075;1415;2123;1322;2123;58,33;NNSNN;undefined;OTHER;OTHER
invoice-1934.tiff;1;1;2480;3508;237653;1427;2075;83;48;1427;2075;1510;2075;1510;2123;1427;2123;USD;AAA;undefined;OTHER;OTHER
invoice-1934.tiff;1;1;2480;3508;237654;1692;2075;114;48;1692;2075;1806;2075;1806;2123;1692;2123;20.0%;NNSNS;undefined;OTHER;OTHER
invoice-1934.tiff;1;1;2480;3508;237655;1989;2075;93;48;1989;2075;2082;2075;2082;2123;1989;2123;58,33;NNSNN;undefined;OTHER;OTHER
invoice-1934.tiff;1;1;2480;3508;237656;2093;2075;83;48;2093;2075;2176;2075;2176;2123;2093;2123;USD;AAA;undefined;OTHER;OTHER
invoice-1934.tiff;1;1;2480;3508;237651;375;2123;286;48;375;2123;661;2123;661;2171;375;2171;compartimentés;AAAAAAAAAAAAAA;undefined;OTHER;OTHER
invoice-1934.tiff;1;1;2480;3508;237657;1797;2254;160;52;1797;2254;1957;2254;1957;2306;1797;2306;Amount;AAAAAA;undefined;OTHER;OTHER
invoice-1934.tiff;1;1;2480;3508;237658;1999;2254;114;48;1999;2254;2113;2254;2113;2302;1999;2302;377,06;NNNSNN;TWTX;TOTAL_WITHOUT_TAX;TWTXS
invoice-1934.tiff;1;1;2480;3508;237659;2125;2254;83;48;2125;2254;2208;2254;2208;2302;2125;2302;USD;AAA;TWTX;TOTAL_WITHOUT_TAX;TWTXS
invoice-1934.tiff;1;1;2480;3508;237660;1710;2307;96;52;1710;2307;1806;2307;1806;2359;1710;2359;TVA;AAA;undefined;OTHER;OTHER
invoice-1934.tiff;1;1;2480;3508;237661;1818;2307;160;52;1818;2307;1978;2307;1978;2359;1818;2359;Amount;AAAAAA;undefined;OTHER;OTHER
invoice-1934.tiff;1;1;2480;3508;237662;2020;2307;93;48;2020;2307;2113;2307;2113;2355;2020;2355;75,41;NNSNN;TTX;TOTAL_TAX;Total Tax
invoice-1934.tiff;1;1;2480;3508;237663;2125;2307;83;48;2125;2307;2208;2307;2208;2355;2125;2355;USD;AAA;TTX;TOTAL_TAX;Total Tax
invoice-1934.tiff;1;1;2480;3508;237664;1682;2360;104;52;1682;2360;1786;2360;1786;2412;1682;2412;Total;AAAAA;undefined;OTHER;OTHER
invoice-1934.tiff;1;1;2480;3508;237665;1797;2360;160;52;1797;2360;1957;2360;1957;2412;1797;2412;Amount;AAAAAA;undefined;OTHER;OTHER
invoice-1934.tiff;1;1;2480;3508;237666;1999;2360;114;48;1999;2360;2113;2360;2113;2408;1999;2408;452,47;NNNSNN;TA;TOTAL_AMOUNT;Total with TAX
invoice-1934.tiff;1;1;2480;3508;237667;2125;2360;83;48;2125;2360;2208;2360;2208;2408;2125;2408;USD;AAA;TA;TOTAL_AMOUNT;Total with TAX
invoice-1934.tiff;1;1;2480;3508;237668;124;3175;60;48;124;3175;184;3175;184;3223;124;3223;UN;AA;SN;SUPPLIER_NAME;Seller/Company) name
invoice-1934.tiff;1;1;2480;3508;237669;195;3175;113;48;195;3175;308;3175;308;3223;195;3223;JOUR;AAAA;SN;SUPPLIER_NAME;Seller/Company) name
invoice-1934.tiff;1;1;2480;3508;237670;319;3175;212;48;319;3175;531;3175;531;3223;319;3223;AILLEURS;AAAAAAAA;SN;SUPPLIER_NAME;Seller/Company) name
invoice-1934.tiff;1;1;2480;3508;237671;124;3223;41;45;124;3223;165;3223;165;3268;124;3268;37;NN;SA;SUPPLIER_ADDRESS;Seller Address
invoice-1934.tiff;1;1;2480;3508;237672;177;3223;81;45;177;3223;258;3223;258;3268;177;3268;RUE;AAA;SA;SUPPLIER_ADDRESS;Seller Address
invoice-1934.tiff;1;1;2480;3508;237673;268;3223;76;45;268;3223;344;3223;344;3268;268;3268;DES;AAA;SA;SUPPLIER_ADDRESS;Seller Address
invoice-1934.tiff;1;1;2480;3508;237674;355;3223;185;45;355;3223;540;3223;540;3268;355;3268;GRANGES;AAAAAAA;SA;SUPPLIER_ADDRESS;Seller Address
invoice-1934.tiff;1;1;2480;3508;237675;548;3223;104;45;548;3223;652;3223;652;3268;548;3268;25000;NNNNN;SA;SUPPLIER_ADDRESS;Seller Address
invoice-1934.tiff;1;1;2480;3508;237676;661;3223;210;45;661;3223;871;3223;871;3268;661;3268;BESANCON;AAAAAAAA;SA;SUPPLIER_ADDRESS;Seller Address
invoice-1934.tiff;1;1;2480;3508;237677;880;3223;157;45;880;3223;1037;3223;1037;3268;880;3268;FRANCE;AAAAAA;SA;SUPPLIER_ADDRESS;Seller Address
