src;num_pages;page_id;page_width;page_height;id;col;row;width;height;x1;y1;x2;y2;x3;y3;x4;y4;contents;contents_masked;correctclass;tag;description
invoice-3358.tiff;1;1;2480;3508;412956;124;62;178;175;124;62;302;62;302;237;124;237;common/logo;AAAAAASAAAA;img;IMAGE;Image
invoice-3358.tiff;1;1;2480;3508;412972;1541;270;172;59;1541;270;1713;270;1713;329;1541;329;Invoice;AAAAAAA;undefined;OTHER;OTHER
invoice-3358.tiff;1;1;2480;3508;412973;1727;270;80;59;1727;270;1807;270;1807;329;1727;329;No.;AAS;undefined;OTHER;OTHER
invoice-3358.tiff;1;1;2480;3508;412974;1870;270;361;52;1870;270;2231;270;2231;322;1870;322;AM-IY-433704-66;AASAASNNNNNNSNN;IN;INVOICE_NUMBER;Invoice Number
invoice-3358.tiff;1;1;2480;3508;412957;124;412;101;49;124;412;225;412;225;461;124;461;MISS;AAAA;SN;SUPPLIER_NAME;Seller/Company) name
invoice-3358.tiff;1;1;2480;3508;412958;238;412;150;49;238;412;388;412;388;461;238;461;LOLITA;AAAAAA;SN;SUPPLIER_NAME;Seller/Company) name
invoice-3358.tiff;1;1;2480;3508;412959;124;462;23;48;124;462;147;462;147;510;124;510;8;N;SA;SUPPLIER_ADDRESS;Seller Address
invoice-3358.tiff;1;1;2480;3508;412960;159;462;136;48;159;462;295;462;295;510;159;510;PLACE;AAAAA;SA;SUPPLIER_ADDRESS;Seller Address
invoice-3358.tiff;1;1;2480;3508;412961;307;462;60;48;307;462;367;462;367;510;307;510;DU;AA;SA;SUPPLIER_ADDRESS;Seller Address
invoice-3358.tiff;1;1;2480;3508;412962;379;462;180;48;379;462;559;462;559;510;379;510;MARCHE;AAAAAA;SA;SUPPLIER_ADDRESS;Seller Address
invoice-3358.tiff;1;1;2480;3508;412963;571;462;57;48;571;462;628;462;628;510;571;510;AU;AA;SA;SUPPLIER_ADDRESS;Seller Address
invoice-3358.tiff;1;1;2480;3508;412964;641;462;78;48;641;462;719;462;719;510;641;510;BLE;AAA;SA;SUPPLIER_ADDRESS;Seller Address
invoice-3358.tiff;1;1;2480;3508;412965;728;462;115;48;728;462;843;462;843;510;728;510;37600;NNNNN;SA;SUPPLIER_ADDRESS;Seller Address
invoice-3358.tiff;1;1;2480;3508;412966;852;462;171;48;852;462;1023;462;1023;510;852;510;LOCHES;AAAAAA;SA;SUPPLIER_ADDRESS;Seller Address
invoice-3358.tiff;1;1;2480;3508;412967;1032;462;171;48;1032;462;1203;462;1203;510;1032;510;FRANCE;AAAAAA;SA;SUPPLIER_ADDRESS;Seller Address
invoice-3358.tiff;1;1;2480;3508;412968;124;510;120;48;124;510;244;510;244;558;124;558;Phone;AAAAA;undefined;OTHER;OTHER
invoice-3358.tiff;1;1;2480;3508;412969;270;510;287;48;270;510;557;510;557;558;270;558;02-94-35-53-16;NNSNNSNNSNNSNN;SCN;SUPPLIER_CONTACT_NUMBER;Seller Contact Number
invoice-3358.tiff;1;1;2480;3508;412970;599;510;69;48;599;510;668;510;668;558;599;558;Fax;AAA;undefined;OTHER;OTHER
invoice-3358.tiff;1;1;2480;3508;412971;693;510;287;48;693;510;980;510;980;558;693;558;02-94-35-52-07;NNSNNSNNSNNSNN;SFAX;SUPPLIER_FAX_NUMBER;Seller Fax Number
invoice-3358.tiff;1;1;2480;3508;412982;1541;895;108;59;1541;895;1649;895;1649;954;1541;954;Sold;AAAA;undefined;OTHER;OTHER
invoice-3358.tiff;1;1;2480;3508;412983;1663;895;61;59;1663;895;1724;895;1724;954;1663;954;To;AA;undefined;OTHER;OTHER
invoice-3358.tiff;1;1;2480;3508;412984;1541;954;92;49;1541;954;1633;954;1633;1003;1541;1003;Dino;AAAA;BN;BILLING_NAME;Billing Name
invoice-3358.tiff;1;1;2480;3508;412985;1645;954;101;49;1645;954;1746;954;1746;1003;1645;1003;Hane;AAAA;BN;BILLING_NAME;Billing Name
invoice-3358.tiff;1;1;2480;3508;412986;1541;1004;57;48;1541;1004;1598;1004;1598;1052;1541;1052;18,;NNS;BA;BILLING_ADDRESS;Billing Address
invoice-3358.tiff;1;1;2480;3508;412987;1611;1004;60;48;1611;1004;1671;1004;1671;1052;1611;1052;rue;AAA;BA;BILLING_ADDRESS;Billing Address
invoice-3358.tiff;1;1;2480;3508;412988;1682;1004;67;48;1682;1004;1749;1004;1749;1052;1682;1052;des;AAA;BA;BILLING_ADDRESS;Billing Address
invoice-3358.tiff;1;1;2480;3508;412989;1761;1004;162;48;1761;1004;1923;1004;1923;1052;1761;1052;bruyères;AAAAAAAA;BA;BILLING_ADDRESS;Billing Address
invoice-3358.tiff;1;1;2480;3508;412990;1541;1052;115;48;1541;1052;1656;1052;1656;1100;1541;1100;56260;NNNNN;BA;BILLING_ADDRESS;Billing Address
invoice-3358.tiff;1;1;2480;3508;412991;1699;1052;252;48;1699;1052;1951;1052;1951;1100;1699;1100;Larmor-Plage;AAAAAASAAAAA;BA;BILLING_ADDRESS;Billing Address
invoice-3358.tiff;1;1;2480;3508;412975;124;1094;127;54;124;1094;251;1094;251;1148;124;1148;Dated;AAAAA;undefined;OTHER;OTHER
invoice-3358.tiff;1;1;2480;3508;412976;750;1094;57;48;750;1094;807;1094;807;1142;750;1142;feb;AAA;IDATE;INVOICE_DATE;Invoice Date
invoice-3358.tiff;1;1;2480;3508;412977;819;1094;57;48;819;1094;876;1094;876;1142;819;1142;19,;NNS;IDATE;INVOICE_DATE;Invoice Date
invoice-3358.tiff;1;1;2480;3508;412978;888;1094;92;48;888;1094;980;1094;980;1142;888;1142;2007;NNNN;IDATE;INVOICE_DATE;Invoice Date
invoice-3358.tiff;1;1;2480;3508;412992;1541;1100;129;48;1541;1100;1670;1100;1670;1148;1541;1148;France;AAAAAA;BA;BILLING_ADDRESS;Billing Address
invoice-3358.tiff;1;1;2480;3508;412979;124;1169;127;54;124;1169;251;1169;251;1223;124;1223;Client;AAAAAA;undefined;OTHER;OTHER
invoice-3358.tiff;1;1;2480;3508;412980;265;1169;73;54;265;1169;338;1169;338;1223;265;1223;No.;AAS;undefined;OTHER;OTHER
invoice-3358.tiff;1;1;2480;3508;412981;750;1169;277;48;750;1169;1027;1169;1027;1217;750;1217;AM-UP-405-02;AASAASNNNSNN;CNUM;CLIENT_NUMBER;Client Number
invoice-3358.tiff;1;1;2480;3508;412993;1541;1190;122;59;1541;1190;1663;1190;1663;1249;1541;1249;Send;AAAA;undefined;OTHER;OTHER
invoice-3358.tiff;1;1;2480;3508;412994;1677;1190;61;59;1677;1190;1738;1190;1738;1249;1677;1249;To;AA;undefined;OTHER;OTHER
invoice-3358.tiff;1;1;2480;3508;412995;1541;1250;92;49;1541;1250;1633;1250;1633;1299;1541;1299;Dino;AAAA;SHN;SHIPPING_NAME;Shipping Name
invoice-3358.tiff;1;1;2480;3508;412996;1645;1250;101;49;1645;1250;1746;1250;1746;1299;1645;1299;Hane;AAAA;SHN;SHIPPING_NAME;Shipping Name
invoice-3358.tiff;1;1;2480;3508;412997;1541;1299;57;48;1541;1299;1598;1299;1598;1347;1541;1347;18,;NNS;SHA;SHIPPING_ADDRESS;Shipping Address
invoice-3358.tiff;1;1;2480;3508;412998;1611;1299;60;48;1611;1299;1671;1299;1671;1347;1611;1347;rue;AAA;SHA;SHIPPING_ADDRESS;Shipping Address
invoice-3358.tiff;1;1;2480;3508;412999;1682;1299;67;48;1682;1299;1749;1299;1749;1347;1682;1347;des;AAA;SHA;SHIPPING_ADDRESS;Shipping Address
invoice-3358.tiff;1;1;2480;3508;413000;1761;1299;162;48;1761;1299;1923;1299;1923;1347;1761;1347;bruyères;AAAAAAAA;SHA;SHIPPING_ADDRESS;Shipping Address
invoice-3358.tiff;1;1;2480;3508;413001;1541;1347;115;48;1541;1347;1656;1347;1656;1395;1541;1395;56260;NNNNN;SHA;SHIPPING_ADDRESS;Shipping Address
invoice-3358.tiff;1;1;2480;3508;413002;1699;1347;252;48;1699;1347;1951;1347;1951;1395;1699;1395;Larmor-Plage;AAAAAASAAAAA;SHA;SHIPPING_ADDRESS;Shipping Address
invoice-3358.tiff;1;1;2480;3508;413003;1541;1395;129;48;1541;1395;1670;1395;1670;1443;1541;1443;France;AAAAAA;SHA;SHIPPING_ADDRESS;Shipping Address
invoice-3358.tiff;1;1;2480;3508;413004;171;1711;73;54;171;1711;244;1711;244;1765;171;1765;No.;AAS;undefined;OTHER;OTHER
invoice-3358.tiff;1;1;2480;3508;413005;548;1711;277;54;548;1711;825;1711;825;1765;548;1765;Descriptions;AAAAAAAAAAAA;undefined;OTHER;OTHER
invoice-3358.tiff;1;1;2480;3508;413006;1190;1711;76;54;1190;1711;1266;1711;1266;1765;1190;1765;Qty;AAA;undefined;OTHER;OTHER
invoice-3358.tiff;1;1;2480;3508;413007;1476;1711;89;54;1476;1711;1565;1711;1565;1765;1476;1765;U.P.;ASAS;undefined;OTHER;OTHER
invoice-3358.tiff;1;1;2480;3508;413008;1714;1711;196;54;1714;1711;1910;1711;1910;1765;1714;1765;VAT/TVA;AAASAAA;undefined;OTHER;OTHER
invoice-3358.tiff;1;1;2480;3508;413009;2017;1711;173;54;2017;1711;2190;1711;2190;1765;2017;1765;Amount;AAAAAA;undefined;OTHER;OTHER
invoice-3358.tiff;1;1;2480;3508;413010;196;1786;23;49;196;1786;219;1786;219;1835;196;1835;1;N;undefined;OTHER;OTHER
invoice-3358.tiff;1;1;2480;3508;413011;291;1786;180;49;291;1786;471;1786;471;1835;291;1835;Répéteur;AAAAAAAA;undefined;OTHER;OTHER
invoice-3358.tiff;1;1;2480;3508;413012;483;1786;155;49;483;1786;638;1786;638;1835;483;1835;Netgear;AAAAAAA;undefined;OTHER;OTHER
invoice-3358.tiff;1;1;2480;3508;413013;650;1786;76;49;650;1786;726;1786;726;1835;650;1835;Wifi;AAAA;undefined;OTHER;OTHER
invoice-3358.tiff;1;1;2480;3508;413014;738;1786;129;49;738;1786;867;1786;867;1835;738;1835;AC750;AANNN;undefined;OTHER;OTHER
invoice-3358.tiff;1;1;2480;3508;413015;879;1786;148;49;879;1786;1027;1786;1027;1835;879;1835;EX3700;AANNNN;undefined;OTHER;OTHER
invoice-3358.tiff;1;1;2480;3508;413016;1217;1786;23;49;1217;1786;1240;1786;1240;1835;1217;1835;1;N;undefined;OTHER;OTHER
invoice-3358.tiff;1;1;2480;3508;413017;1468;1786;104;49;1468;1786;1572;1786;1572;1835;1468;1835;49,99;NNSNN;undefined;OTHER;OTHER
invoice-3358.tiff;1;1;2480;3508;413018;1753;1786;118;49;1753;1786;1871;1786;1871;1835;1753;1835;20.0%;NNSNS;undefined;OTHER;OTHER
invoice-3358.tiff;1;1;2480;3508;413019;2052;1786;104;49;2052;1786;2156;1786;2156;1835;2052;1835;49,99;NNSNN;undefined;OTHER;OTHER
invoice-3358.tiff;1;1;2480;3508;413020;196;1878;23;49;196;1878;219;1878;219;1927;196;1927;2;N;undefined;OTHER;OTHER
invoice-3358.tiff;1;1;2480;3508;413021;291;1878;261;49;291;1878;552;1878;552;1927;291;1927;Réfrigérateur;AAAAAAAAAAAAA;undefined;OTHER;OTHER
invoice-3358.tiff;1;1;2480;3508;413022;564;1878;64;49;564;1878;628;1878;628;1927;564;1927;top;AAA;undefined;OTHER;OTHER
invoice-3358.tiff;1;1;2480;3508;413023;641;1878;231;49;641;1878;872;1878;872;1927;641;1927;encastrable;AAAAAAAAAAA;undefined;OTHER;OTHER
invoice-3358.tiff;1;1;2480;3508;413024;884;1878;127;49;884;1878;1011;1878;1011;1927;884;1927;Candy;AAAAA;undefined;OTHER;OTHER
invoice-3358.tiff;1;1;2480;3508;413026;1217;1878;23;49;1217;1878;1240;1878;1240;1927;1217;1927;1;N;undefined;OTHER;OTHER
invoice-3358.tiff;1;1;2480;3508;413027;1457;1878;127;49;1457;1878;1584;1878;1584;1927;1457;1927;374,17;NNNSNN;undefined;OTHER;OTHER
invoice-3358.tiff;1;1;2480;3508;413028;1753;1878;118;49;1753;1878;1871;1878;1871;1927;1753;1927;20.0%;NNSNS;undefined;OTHER;OTHER
invoice-3358.tiff;1;1;2480;3508;413029;2040;1878;127;49;2040;1878;2167;1878;2167;1927;2040;1927;374,17;NNNSNN;undefined;OTHER;OTHER
invoice-3358.tiff;1;1;2480;3508;413025;291;1927;187;49;291;1927;478;1927;478;1976;291;1976;CRU164E;AAANNNA;undefined;OTHER;OTHER
invoice-3358.tiff;1;1;2480;3508;413030;196;2018;23;49;196;2018;219;2018;219;2067;196;2067;3;N;undefined;OTHER;OTHER
invoice-3358.tiff;1;1;2480;3508;413031;291;2018;108;49;291;2018;399;2018;399;2067;291;2067;Tapis;AAAAA;undefined;OTHER;OTHER
invoice-3358.tiff;1;1;2480;3508;413032;412;2018;48;49;412;2018;460;2018;460;2067;412;2067;de;AA;undefined;OTHER;OTHER
invoice-3358.tiff;1;1;2480;3508;413033;472;2018;125;49;472;2018;597;2018;597;2067;472;2067;souris;AAAAAA;undefined;OTHER;OTHER
invoice-3358.tiff;1;1;2480;3508;413034;608;2018;113;49;608;2018;721;2018;721;2067;608;2067;Razer;AAAAA;undefined;OTHER;OTHER
invoice-3358.tiff;1;1;2480;3508;413035;733;2018;173;49;733;2018;906;2018;906;2067;733;2067;FIREFLY;AAAAAAA;undefined;OTHER;OTHER
invoice-3358.tiff;1;1;2480;3508;413036;1217;2018;23;49;1217;2018;1240;2018;1240;2067;1217;2067;2;N;undefined;OTHER;OTHER
invoice-3358.tiff;1;1;2480;3508;413037;1468;2018;104;49;1468;2018;1572;2018;1572;2067;1468;2067;62,49;NNSNN;undefined;OTHER;OTHER
invoice-3358.tiff;1;1;2480;3508;413038;1753;2018;118;49;1753;2018;1871;2018;1871;2067;1753;2067;20.0%;NNSNS;undefined;OTHER;OTHER
invoice-3358.tiff;1;1;2480;3508;413039;2040;2018;127;49;2040;2018;2167;2018;2167;2067;2040;2067;124,98;NNNSNN;undefined;OTHER;OTHER
invoice-3358.tiff;1;1;2480;3508;413040;1854;2151;173;54;1854;2151;2027;2151;2027;2205;1854;2205;Amount;AAAAAA;undefined;OTHER;OTHER
invoice-3358.tiff;1;1;2480;3508;413041;2069;2151;127;49;2069;2151;2196;2151;2196;2200;2069;2200;549,14;NNNSNN;TWTX;TOTAL_WITHOUT_TAX;TWTXS
invoice-3358.tiff;1;1;2480;3508;413042;1852;2206;196;54;1852;2206;2048;2206;2048;2260;1852;2260;VAT/TVA;AAASAAA;undefined;OTHER;OTHER
invoice-3358.tiff;1;1;2480;3508;413043;2090;2206;118;49;2090;2206;2208;2206;2208;2255;2090;2255;20.0%;NNSNS;TXR;TAX_RATE;Tax Rate
invoice-3358.tiff;1;1;2480;3508;413044;1750;2260;91;54;1750;2260;1841;2260;1841;2314;1750;2314;TVA;AAA;undefined;OTHER;OTHER
invoice-3358.tiff;1;1;2480;3508;413045;1854;2260;173;54;1854;2260;2027;2260;2027;2314;1854;2314;Amount;AAAAAA;undefined;OTHER;OTHER
invoice-3358.tiff;1;1;2480;3508;413046;2069;2260;127;49;2069;2260;2196;2260;2196;2309;2069;2309;109,83;NNNSNN;TTX;TOTAL_TAX;Total Tax
invoice-3358.tiff;1;1;2480;3508;413047;1732;2315;109;54;1732;2315;1841;2315;1841;2369;1732;2369;Total;AAAAA;undefined;OTHER;OTHER
invoice-3358.tiff;1;1;2480;3508;413048;1854;2315;173;54;1854;2315;2027;2315;2027;2369;1854;2369;Amount;AAAAAA;undefined;OTHER;OTHER
invoice-3358.tiff;1;1;2480;3508;413049;2069;2315;127;49;2069;2315;2196;2315;2196;2364;2069;2364;658,97;NNNSNN;TA;TOTAL_AMOUNT;Total with TAX
invoice-3358.tiff;1;1;2480;3508;413050;1541;2699;191;54;1541;2699;1732;2699;1732;2753;1541;2753;Payment;AAAAAAA;undefined;OTHER;OTHER
invoice-3358.tiff;1;1;2480;3508;413051;1745;2699;145;54;1745;2699;1890;2699;1890;2753;1745;2753;means;AAAAA;undefined;OTHER;OTHER
invoice-3358.tiff;1;1;2480;3508;413052;2166;2699;94;48;2166;2699;2260;2699;2260;2747;2166;2747;Bank;AAAA;PMODE;PAYMENT_MODE;Payment Mode
invoice-3358.tiff;1;1;2480;3508;413053;2273;2699;155;48;2273;2699;2428;2699;2428;2747;2273;2747;Transfer;AAAAAAAA;PMODE;PAYMENT_MODE;Payment Mode
invoice-3358.tiff;1;1;2480;3508;413054;1986;3154;101;49;1986;3154;2087;3154;2087;3203;1986;3203;MISS;AAAA;SN;SUPPLIER_NAME;Seller/Company) name
invoice-3358.tiff;1;1;2480;3508;413055;2099;3154;150;49;2099;3154;2249;3154;2249;3203;2099;3203;LOLITA;AAAAAA;SN;SUPPLIER_NAME;Seller/Company) name
invoice-3358.tiff;1;1;2480;3508;413056;1116;3203;23;48;1116;3203;1139;3203;1139;3251;1116;3251;8;N;SA;SUPPLIER_ADDRESS;Seller Address
invoice-3358.tiff;1;1;2480;3508;413057;1151;3203;136;48;1151;3203;1287;3203;1287;3251;1151;3251;PLACE;AAAAA;SA;SUPPLIER_ADDRESS;Seller Address
invoice-3358.tiff;1;1;2480;3508;413058;1299;3203;60;48;1299;3203;1359;3203;1359;3251;1299;3251;DU;AA;SA;SUPPLIER_ADDRESS;Seller Address
invoice-3358.tiff;1;1;2480;3508;413059;1371;3203;180;48;1371;3203;1551;3203;1551;3251;1371;3251;MARCHE;AAAAAA;SA;SUPPLIER_ADDRESS;Seller Address
invoice-3358.tiff;1;1;2480;3508;413060;1563;3203;57;48;1563;3203;1620;3203;1620;3251;1563;3251;AU;AA;SA;SUPPLIER_ADDRESS;Seller Address
invoice-3358.tiff;1;1;2480;3508;413061;1633;3203;78;48;1633;3203;1711;3203;1711;3251;1633;3251;BLE;AAA;SA;SUPPLIER_ADDRESS;Seller Address
invoice-3358.tiff;1;1;2480;3508;413062;1720;3203;11;48;1720;3203;1731;3203;1731;3251;1720;3251;,;S;SA;SUPPLIER_ADDRESS;Seller Address
invoice-3358.tiff;1;1;2480;3508;413063;1743;3203;115;48;1743;3203;1858;3203;1858;3251;1743;3251;37600;NNNNN;SA;SUPPLIER_ADDRESS;Seller Address
invoice-3358.tiff;1;1;2480;3508;413064;1867;3203;171;48;1867;3203;2038;3203;2038;3251;1867;3251;LOCHES;AAAAAA;SA;SUPPLIER_ADDRESS;Seller Address
invoice-3358.tiff;1;1;2480;3508;413065;2047;3203;11;48;2047;3203;2058;3203;2058;3251;2047;3251;,;S;SA;SUPPLIER_ADDRESS;Seller Address
invoice-3358.tiff;1;1;2480;3508;413066;2070;3203;171;48;2070;3203;2241;3203;2241;3251;2070;3251;FRANCE;AAAAAA;SA;SUPPLIER_ADDRESS;Seller Address
