src;num_pages;page_id;page_width;page_height;id;col;row;width;height;x1;y1;x2;y2;x3;y3;x4;y4;contents;contents_masked;correctclass;tag;description
invoice-368.tiff;1;1;2480;3508;45439;124;62;175;175;124;62;299;62;299;237;124;237;common/logo;AAAAAASAAAA;img;IMAGE;Image
invoice-368.tiff;1;1;2480;3508;45456;1541;270;155;57;1541;270;1696;270;1696;327;1541;327;Invoice;AAAAAAA;undefined;OTHER;OTHER
invoice-368.tiff;1;1;2480;3508;45457;1709;270;73;57;1709;270;1782;270;1782;327;1709;327;No.;AAS;undefined;OTHER;OTHER
invoice-368.tiff;1;1;2480;3508;45458;1845;270;160;50;1845;270;2005;270;2005;320;1845;320;1918899;NNNNNNN;IN;INVOICE_NUMBER;Invoice Number
invoice-368.tiff;1;1;2480;3508;45459;1541;349;155;57;1541;349;1696;349;1696;406;1541;406;Invoice;AAAAAAA;undefined;OTHER;OTHER
invoice-368.tiff;1;1;2480;3508;45460;1709;349;99;57;1709;349;1808;349;1808;406;1709;406;Date;AAAA;undefined;OTHER;OTHER
invoice-368.tiff;1;1;2480;3508;45461;1872;349;45;50;1872;349;1917;349;1917;399;1872;399;23;NN;IDATE;INVOICE_DATE;Invoice Date
invoice-368.tiff;1;1;2480;3508;45462;1929;349;85;50;1929;349;2014;349;2014;399;1929;399;mar,;AAAS;IDATE;INVOICE_DATE;Invoice Date
invoice-368.tiff;1;1;2480;3508;45463;2026;349;91;50;2026;349;2117;349;2117;399;2026;399;2000;NNNN;IDATE;INVOICE_DATE;Invoice Date
invoice-368.tiff;1;1;2480;3508;45440;124;412;284;48;124;412;408;412;408;460;124;460;CLEMENTINE;AAAAAAAAAA;SN;SUPPLIER_NAME;Seller/Company) name
invoice-368.tiff;1;1;2480;3508;45441;124;460;41;45;124;460;165;460;165;505;124;505;27;NN;SA;SUPPLIER_ADDRESS;Seller Address
invoice-368.tiff;1;1;2480;3508;45442;177;460;25;45;177;460;202;460;202;505;177;505;B;A;SA;SUPPLIER_ADDRESS;Seller Address
invoice-368.tiff;1;1;2480;3508;45443;212;460;164;45;212;460;376;460;376;505;212;505;GRANDE;AAAAAA;SA;SUPPLIER_ADDRESS;Seller Address
invoice-368.tiff;1;1;2480;3508;45444;387;460;81;45;387;460;468;460;468;505;387;505;RUE;AAA;SA;SUPPLIER_ADDRESS;Seller Address
invoice-368.tiff;1;1;2480;3508;45445;477;460;13;45;477;460;490;460;490;505;477;505;-;S;SA;SUPPLIER_ADDRESS;Seller Address
invoice-368.tiff;1;1;2480;3508;45446;501;460;104;45;501;460;605;460;605;505;501;505;45110;NNNNN;SA;SUPPLIER_ADDRESS;Seller Address
invoice-368.tiff;1;1;2480;3508;45447;624;460;296;45;624;460;920;460;920;505;624;505;CHATEAUNEUF;AAAAAAAAAAA;SA;SUPPLIER_ADDRESS;Seller Address
invoice-368.tiff;1;1;2480;3508;45448;930;460;76;45;930;460;1006;460;1006;505;930;505;SUR;AAA;SA;SUPPLIER_ADDRESS;Seller Address
invoice-368.tiff;1;1;2480;3508;45449;1017;460;118;45;1017;460;1135;460;1135;505;1017;505;LOIRE;AAAAA;SA;SUPPLIER_ADDRESS;Seller Address
invoice-368.tiff;1;1;2480;3508;45450;1144;460;13;45;1144;460;1157;460;1157;505;1144;505;-;S;SA;SUPPLIER_ADDRESS;Seller Address
invoice-368.tiff;1;1;2480;3508;45451;1168;460;157;45;1168;460;1325;460;1325;505;1168;505;FRANCE;AAAAAA;SA;SUPPLIER_ADDRESS;Seller Address
invoice-368.tiff;1;1;2480;3508;45452;124;506;106;45;124;506;230;506;230;551;124;551;Phone;AAAAA;undefined;OTHER;OTHER
invoice-368.tiff;1;1;2480;3508;45453;256;506;263;45;256;506;519;506;519;551;256;551;05-57-35-42-57;NNSNNSNNSNNSNN;SCN;SUPPLIER_CONTACT_NUMBER;Seller Contact Number
invoice-368.tiff;1;1;2480;3508;45454;561;506;64;45;561;506;625;506;625;551;561;551;Fax;AAA;undefined;OTHER;OTHER
invoice-368.tiff;1;1;2480;3508;45455;651;506;263;45;651;506;914;506;914;551;651;551;05-57-35-19-67;NNSNNSNNSNNSNN;SFAX;SUPPLIER_FAX_NUMBER;Seller Fax Number
invoice-368.tiff;1;1;2480;3508;45464;124;878;125;57;124;878;249;878;249;935;124;935;Billed;AAAAAA;undefined;OTHER;OTHER
invoice-368.tiff;1;1;2480;3508;45465;262;878;58;57;262;878;320;878;320;935;262;935;To;AA;undefined;OTHER;OTHER
invoice-368.tiff;1;1;2480;3508;45466;124;936;58;48;124;936;182;936;182;984;124;984;Dr.;AAS;BN;BILLING_NAME;Billing Name
invoice-368.tiff;1;1;2480;3508;45467;194;936;152;48;194;936;346;936;346;984;194;984;Jaquelin;AAAAAAAA;BN;BILLING_NAME;Billing Name
invoice-368.tiff;1;1;2480;3508;45468;357;936;141;48;357;936;498;936;498;984;357;984;Mueller;AAAAAAA;BN;BILLING_NAME;Billing Name
invoice-368.tiff;1;1;2480;3508;45469;124;984;52;45;124;984;176;984;176;1029;124;1029;20,;NNS;BA;BILLING_ADDRESS;Billing Address
invoice-368.tiff;1;1;2480;3508;45470;187;984;117;45;187;984;304;984;304;1029;187;1029;avenue;AAAAAA;BA;BILLING_ADDRESS;Billing Address
invoice-368.tiff;1;1;2480;3508;45471;315;984;41;45;315;984;356;984;356;1029;315;1029;du;AA;BA;BILLING_ADDRESS;Billing Address
invoice-368.tiff;1;1;2480;3508;45472;367;984;127;45;367;984;494;984;494;1029;367;1029;bourcet;AAAAAAA;BA;BILLING_ADDRESS;Billing Address
invoice-368.tiff;1;1;2480;3508;45473;124;1030;104;45;124;1030;228;1030;228;1075;124;1075;38240;NNNNN;BA;BILLING_ADDRESS;Billing Address
invoice-368.tiff;1;1;2480;3508;45474;270;1030;124;45;270;1030;394;1030;394;1075;270;1075;Meylan;AAAAAA;BA;BILLING_ADDRESS;Billing Address
invoice-368.tiff;1;1;2480;3508;45475;124;1076;120;45;124;1076;244;1076;244;1121;124;1121;France;AAAAAA;BA;BILLING_ADDRESS;Billing Address
invoice-368.tiff;1;1;2480;3508;45488;1541;1105;119;52;1541;1105;1660;1105;1660;1157;1541;1157;Client;AAAAAA;undefined;OTHER;OTHER
invoice-368.tiff;1;1;2480;3508;45489;1672;1105;67;52;1672;1105;1739;1105;1739;1157;1672;1157;No.;AAS;undefined;OTHER;OTHER
invoice-368.tiff;1;1;2480;3508;45490;2166;1105;104;46;2166;1105;2270;1105;2270;1151;2166;1151;77608;NNNNN;CNUM;CLIENT_NUMBER;Client Number
invoice-368.tiff;1;1;2480;3508;45476;124;1163;175;57;124;1163;299;1163;299;1220;124;1220;Shipped;AAAAAAA;undefined;OTHER;OTHER
invoice-368.tiff;1;1;2480;3508;45477;312;1163;58;57;312;1163;370;1163;370;1220;312;1220;To;AA;undefined;OTHER;OTHER
invoice-368.tiff;1;1;2480;3508;45478;124;1221;58;48;124;1221;182;1221;182;1269;124;1269;Dr.;AAS;SHN;SHIPPING_NAME;Shipping Name
invoice-368.tiff;1;1;2480;3508;45479;194;1221;152;48;194;1221;346;1221;346;1269;194;1269;Jaquelin;AAAAAAAA;SHN;SHIPPING_NAME;Shipping Name
invoice-368.tiff;1;1;2480;3508;45480;357;1221;141;48;357;1221;498;1221;498;1269;357;1269;Mueller;AAAAAAA;SHN;SHIPPING_NAME;Shipping Name
invoice-368.tiff;1;1;2480;3508;45481;124;1269;52;45;124;1269;176;1269;176;1314;124;1314;20,;NNS;SHA;SHIPPING_ADDRESS;Shipping Address
invoice-368.tiff;1;1;2480;3508;45482;187;1269;117;45;187;1269;304;1269;304;1314;187;1314;avenue;AAAAAA;SHA;SHIPPING_ADDRESS;Shipping Address
invoice-368.tiff;1;1;2480;3508;45483;315;1269;41;45;315;1269;356;1269;356;1314;315;1314;du;AA;SHA;SHIPPING_ADDRESS;Shipping Address
invoice-368.tiff;1;1;2480;3508;45484;367;1269;127;45;367;1269;494;1269;494;1314;367;1314;bourcet;AAAAAAA;SHA;SHIPPING_ADDRESS;Shipping Address
invoice-368.tiff;1;1;2480;3508;45485;124;1315;104;45;124;1315;228;1315;228;1360;124;1360;38240;NNNNN;SHA;SHIPPING_ADDRESS;Shipping Address
invoice-368.tiff;1;1;2480;3508;45486;270;1315;124;45;270;1315;394;1315;394;1360;270;1360;Meylan;AAAAAA;SHA;SHIPPING_ADDRESS;Shipping Address
invoice-368.tiff;1;1;2480;3508;45487;124;1360;120;45;124;1360;244;1360;244;1405;124;1405;France;AAAAAA;SHA;SHIPPING_ADDRESS;Shipping Address
invoice-368.tiff;1;1;2480;3508;45491;174;1684;67;52;174;1684;241;1684;241;1736;174;1736;No.;AAS;undefined;OTHER;OTHER
invoice-368.tiff;1;1;2480;3508;45492;400;1684;73;52;400;1684;473;1684;473;1736;400;1736;Qty;AAA;undefined;OTHER;OTHER
invoice-368.tiff;1;1;2480;3508;45493;856;1684;244;52;856;1684;1100;1684;1100;1736;856;1736;Descriptions;AAAAAAAAAAAA;undefined;OTHER;OTHER
invoice-368.tiff;1;1;2480;3508;45494;1478;1684;84;52;1478;1684;1562;1684;1562;1736;1478;1736;U.P.;ASAS;undefined;OTHER;OTHER
invoice-368.tiff;1;1;2480;3508;45495;1709;1684;206;52;1709;1684;1915;1684;1915;1736;1709;1736;VAT/TVA;AAASAAA;undefined;OTHER;OTHER
invoice-368.tiff;1;1;2480;3508;45496;2023;1684;160;52;2023;1684;2183;1684;2183;1736;2023;1736;Amount;AAAAAA;undefined;OTHER;OTHER
invoice-368.tiff;1;1;2480;3508;45497;197;1758;20;48;197;1758;217;1758;217;1806;197;1806;1;N;undefined;OTHER;OTHER
invoice-368.tiff;1;1;2480;3508;45498;427;1758;20;48;427;1758;447;1758;447;1806;427;1806;3;N;undefined;OTHER;OTHER
invoice-368.tiff;1;1;2480;3508;45499;583;1758;217;48;583;1758;800;1758;800;1806;583;1806;Hoverboard;AAAAAAAAAA;undefined;OTHER;OTHER
invoice-368.tiff;1;1;2480;3508;45500;811;1758;136;48;811;1758;947;1758;947;1806;811;1806;Weebot;AAAAAA;undefined;OTHER;OTHER
invoice-368.tiff;1;1;2480;3508;45501;958;1758;157;48;958;1758;1115;1758;1115;1806;958;1806;Huracan;AAAAAAA;undefined;OTHER;OTHER
invoice-368.tiff;1;1;2480;3508;45502;1126;1758;81;48;1126;1758;1207;1758;1207;1806;1126;1806;Noir;AAAA;undefined;OTHER;OTHER
invoice-368.tiff;1;1;2480;3508;45507;1416;1758;114;48;1416;1758;1530;1758;1530;1806;1416;1806;332,50;NNNSNN;undefined;OTHER;OTHER
invoice-368.tiff;1;1;2480;3508;45508;1541;1758;83;48;1541;1758;1624;1758;1624;1806;1541;1806;USD;AAA;undefined;OTHER;OTHER
invoice-368.tiff;1;1;2480;3508;45509;1755;1758;114;48;1755;1758;1869;1758;1869;1806;1755;1806;20.0%;NNSNS;undefined;OTHER;OTHER
invoice-368.tiff;1;1;2480;3508;45510;1999;1758;114;48;1999;1758;2113;1758;2113;1806;1999;1806;997,50;NNNSNN;undefined;OTHER;OTHER
invoice-368.tiff;1;1;2480;3508;45511;2125;1758;83;48;2125;1758;2208;1758;2208;1806;2125;1806;USD;AAA;undefined;OTHER;OTHER
invoice-368.tiff;1;1;2480;3508;45503;583;1806;173;48;583;1806;756;1806;756;1854;583;1854;Bluetooth;AAAAAAAAA;undefined;OTHER;OTHER
invoice-368.tiff;1;1;2480;3508;45504;767;1806;13;48;767;1806;780;1806;780;1854;767;1854;-;S;undefined;OTHER;OTHER
invoice-368.tiff;1;1;2480;3508;45505;791;1806;20;48;791;1806;811;1806;811;1854;791;1854;8;N;undefined;OTHER;OTHER
invoice-368.tiff;1;1;2480;3508;45506;822;1806;122;48;822;1806;944;1806;944;1854;822;1854;Pouces;AAAAAA;undefined;OTHER;OTHER
invoice-368.tiff;1;1;2480;3508;45512;197;1895;20;48;197;1895;217;1895;217;1943;197;1943;2;N;undefined;OTHER;OTHER
invoice-368.tiff;1;1;2480;3508;45513;427;1895;20;48;427;1895;447;1895;447;1943;427;1943;4;N;undefined;OTHER;OTHER
invoice-368.tiff;1;1;2480;3508;45514;583;1895;134;48;583;1895;717;1895;717;1943;583;1943;Eponge;AAAAAA;undefined;OTHER;OTHER
invoice-368.tiff;1;1;2480;3508;45515;728;1895;148;48;728;1895;876;1895;876;1943;728;1943;Starwax;AAAAAAA;undefined;OTHER;OTHER
invoice-368.tiff;1;1;2480;3508;45516;886;1895;199;48;886;1895;1085;1895;1085;1943;886;1943;EPONGES;AAAAAAA;undefined;OTHER;OTHER
invoice-368.tiff;1;1;2480;3508;45517;1096;1895;231;48;1096;1895;1327;1895;1327;1943;1096;1943;MAGIQUES;AAAAAAAA;undefined;OTHER;OTHER
invoice-368.tiff;1;1;2480;3508;45519;1437;1895;72;48;1437;1895;1509;1895;1509;1943;1437;1943;3,74;NSNN;undefined;OTHER;OTHER
invoice-368.tiff;1;1;2480;3508;45520;1520;1895;83;48;1520;1895;1603;1895;1603;1943;1520;1943;USD;AAA;undefined;OTHER;OTHER
invoice-368.tiff;1;1;2480;3508;45521;1755;1895;114;48;1755;1895;1869;1895;1869;1943;1755;1943;20.0%;NNSNS;undefined;OTHER;OTHER
invoice-368.tiff;1;1;2480;3508;45522;2010;1895;93;48;2010;1895;2103;1895;2103;1943;2010;1943;14,97;NNSNN;undefined;OTHER;OTHER
invoice-368.tiff;1;1;2480;3508;45523;2114;1895;83;48;2114;1895;2197;1895;2197;1943;2114;1943;USD;AAA;undefined;OTHER;OTHER
invoice-368.tiff;1;1;2480;3508;45518;583;1943;50;48;583;1943;633;1943;633;1991;583;1991;X2;AN;undefined;OTHER;OTHER
invoice-368.tiff;1;1;2480;3508;45524;1911;2075;109;52;1911;2075;2020;2075;2020;2127;1911;2127;DISC;AAAA;undefined;OTHER;OTHER
invoice-368.tiff;1;1;2480;3508;45525;2041;2075;72;48;2041;2075;2113;2075;2113;2123;2041;2123;0,00;NSNN;undefined;OTHER;OTHER
invoice-368.tiff;1;1;2480;3508;45526;2125;2075;83;48;2125;2075;2208;2075;2208;2123;2125;2123;USD;AAA;undefined;OTHER;OTHER
invoice-368.tiff;1;1;2480;3508;45527;1777;2128;160;52;1777;2128;1937;2128;1937;2180;1777;2180;Amount;AAAAAA;undefined;OTHER;OTHER
invoice-368.tiff;1;1;2480;3508;45528;1979;2128;135;48;1979;2128;2114;2128;2114;2176;1979;2176;1012,47;NNNNSNN;TWTX;TOTAL_WITHOUT_TAX;TWTXS
invoice-368.tiff;1;1;2480;3508;45529;2125;2128;83;48;2125;2128;2208;2128;2208;2176;2125;2176;USD;AAA;TWTX;TOTAL_WITHOUT_TAX;TWTXS
invoice-368.tiff;1;1;2480;3508;45530;1845;2180;206;52;1845;2180;2051;2180;2051;2232;1845;2232;VAT/TVA;AAASAAA;undefined;OTHER;OTHER
invoice-368.tiff;1;1;2480;3508;45531;2093;2180;114;48;2093;2180;2207;2180;2207;2228;2093;2228;20.0%;NNSNS;TXR;TAX_RATE;Tax Rate
invoice-368.tiff;1;1;2480;3508;45532;1689;2233;96;52;1689;2233;1785;2233;1785;2285;1689;2285;TVA;AAA;undefined;OTHER;OTHER
invoice-368.tiff;1;1;2480;3508;45533;1797;2233;160;52;1797;2233;1957;2233;1957;2285;1797;2285;Amount;AAAAAA;undefined;OTHER;OTHER
invoice-368.tiff;1;1;2480;3508;45534;1999;2233;114;48;1999;2233;2113;2233;2113;2281;1999;2281;202,49;NNNSNN;TTX;TOTAL_TAX;Total Tax
invoice-368.tiff;1;1;2480;3508;45535;2125;2233;83;48;2125;2233;2208;2233;2208;2281;2125;2281;USD;AAA;TTX;TOTAL_TAX;Total Tax
invoice-368.tiff;1;1;2480;3508;45536;1661;2286;104;52;1661;2286;1765;2286;1765;2338;1661;2338;Total;AAAAA;undefined;OTHER;OTHER
invoice-368.tiff;1;1;2480;3508;45537;1777;2286;160;52;1777;2286;1937;2286;1937;2338;1777;2338;Amount;AAAAAA;undefined;OTHER;OTHER
invoice-368.tiff;1;1;2480;3508;45538;1979;2286;135;48;1979;2286;2114;2286;2114;2334;1979;2334;1214,96;NNNNSNN;TA;TOTAL_AMOUNT;Total with TAX
invoice-368.tiff;1;1;2480;3508;45539;2125;2286;83;48;2125;2286;2208;2286;2208;2334;2125;2334;USD;AAA;TA;TOTAL_AMOUNT;Total with TAX
invoice-368.tiff;1;1;2480;3508;45540;1045;3154;284;48;1045;3154;1329;3154;1329;3202;1045;3202;CLEMENTINE;AAAAAAAAAA;SN;SUPPLIER_NAME;Seller/Company) name
invoice-368.tiff;1;1;2480;3508;45541;612;3202;41;45;612;3202;653;3202;653;3247;612;3247;27;NN;SA;SUPPLIER_ADDRESS;Seller Address
invoice-368.tiff;1;1;2480;3508;45542;664;3202;25;45;664;3202;689;3202;689;3247;664;3247;B;A;SA;SUPPLIER_ADDRESS;Seller Address
invoice-368.tiff;1;1;2480;3508;45543;700;3202;164;45;700;3202;864;3202;864;3247;700;3247;GRANDE;AAAAAA;SA;SUPPLIER_ADDRESS;Seller Address
invoice-368.tiff;1;1;2480;3508;45544;875;3202;81;45;875;3202;956;3202;956;3247;875;3247;RUE;AAA;SA;SUPPLIER_ADDRESS;Seller Address
invoice-368.tiff;1;1;2480;3508;45545;964;3202;104;45;964;3202;1068;3202;1068;3247;964;3247;45110;NNNNN;SA;SUPPLIER_ADDRESS;Seller Address
invoice-368.tiff;1;1;2480;3508;45546;1076;3202;296;45;1076;3202;1372;3202;1372;3247;1076;3247;CHATEAUNEUF;AAAAAAAAAAA;SA;SUPPLIER_ADDRESS;Seller Address
invoice-368.tiff;1;1;2480;3508;45547;1383;3202;76;45;1383;3202;1459;3202;1459;3247;1383;3247;SUR;AAA;SA;SUPPLIER_ADDRESS;Seller Address
invoice-368.tiff;1;1;2480;3508;45548;1470;3202;118;45;1470;3202;1588;3202;1588;3247;1470;3247;LOIRE;AAAAA;SA;SUPPLIER_ADDRESS;Seller Address
invoice-368.tiff;1;1;2480;3508;45549;1596;3202;157;45;1596;3202;1753;3202;1753;3247;1596;3247;FRANCE;AAAAAA;SA;SUPPLIER_ADDRESS;Seller Address
