src;num_pages;page_id;page_width;page_height;id;col;row;width;height;x1;y1;x2;y2;x3;y3;x4;y4;contents;contents_masked;correctclass;tag;description
invoice-2501.tiff;1;1;2480;3508;307811;833;62;180;175;833;62;1013;62;1013;237;833;237;common/logo;AAAAAASAAAA;img;IMAGE;Image
invoice-2501.tiff;1;1;2480;3508;307807;124;237;106;45;124;237;230;237;230;282;124;282;Phone;AAAAA;undefined;OTHER;OTHER
invoice-2501.tiff;1;1;2480;3508;307808;293;237;249;45;293;237;542;237;542;282;293;282;04.06.44.60.76;NNSNNSNNSNNSNN;SCN;SUPPLIER_CONTACT_NUMBER;Seller Contact Number
invoice-2501.tiff;1;1;2480;3508;307812;1541;237;106;48;1541;237;1647;237;1647;285;1541;285;THAI;AAAA;SN;SUPPLIER_NAME;Seller/Company) name
invoice-2501.tiff;1;1;2480;3508;307813;1658;237;236;48;1658;237;1894;237;1894;285;1658;285;ANCHALEE;AAAAAAAA;SN;SUPPLIER_NAME;Seller/Company) name
invoice-2501.tiff;1;1;2480;3508;307809;124;283;64;45;124;283;188;283;188;328;124;328;Fax;AAA;undefined;OTHER;OTHER
invoice-2501.tiff;1;1;2480;3508;307810;252;283;249;45;252;283;501;283;501;328;252;328;04.06.44.88.71;NNSNNSNNSNNSNN;SFAX;SUPPLIER_FAX_NUMBER;Seller Fax Number
invoice-2501.tiff;1;1;2480;3508;307814;1541;285;20;45;1541;285;1561;285;1561;330;1541;330;1;N;SA;SUPPLIER_ADDRESS;Seller Address
invoice-2501.tiff;1;1;2480;3508;307815;1572;285;81;45;1572;285;1653;285;1653;330;1572;330;RUE;AAA;SA;SUPPLIER_ADDRESS;Seller Address
invoice-2501.tiff;1;1;2480;3508;307816;1664;285;231;45;1664;285;1895;285;1895;330;1664;330;FERDINAND;AAAAAAAAA;SA;SUPPLIER_ADDRESS;Seller Address
invoice-2501.tiff;1;1;2480;3508;307817;1906;285;134;45;1906;285;2040;285;2040;330;1906;330;DUVAL;AAAAA;SA;SUPPLIER_ADDRESS;Seller Address
invoice-2501.tiff;1;1;2480;3508;307818;1541;331;104;45;1541;331;1645;331;1645;376;1541;376;75004;NNNNN;SA;SUPPLIER_ADDRESS;Seller Address
invoice-2501.tiff;1;1;2480;3508;307819;1687;331;111;45;1687;331;1798;331;1798;376;1687;376;PARIS;AAAAA;SA;SUPPLIER_ADDRESS;Seller Address
invoice-2501.tiff;1;1;2480;3508;307820;1809;331;20;45;1809;331;1829;331;1829;376;1809;376;4;N;SA;SUPPLIER_ADDRESS;Seller Address
invoice-2501.tiff;1;1;2480;3508;307821;1541;377;157;45;1541;377;1698;377;1698;422;1541;422;FRANCE;AAAAAA;SA;SUPPLIER_ADDRESS;Seller Address
invoice-2501.tiff;1;1;2480;3508;307830;1541;607;155;57;1541;607;1696;607;1696;664;1541;664;Deliver;AAAAAAA;undefined;OTHER;OTHER
invoice-2501.tiff;1;1;2480;3508;307831;1709;607;58;57;1709;607;1767;607;1767;664;1709;664;To;AA;undefined;OTHER;OTHER
invoice-2501.tiff;1;1;2480;3508;307822;124;664;85;48;124;664;209;664;209;712;124;712;Jude;AAAA;BN;BILLING_NAME;Billing Name
invoice-2501.tiff;1;1;2480;3508;307823;221;664;152;48;221;664;373;664;373;712;221;712;Schuppe;AAAAAAA;BN;BILLING_NAME;Billing Name
invoice-2501.tiff;1;1;2480;3508;307832;1541;664;85;48;1541;664;1626;664;1626;712;1541;712;Jude;AAAA;SHN;SHIPPING_NAME;Shipping Name
invoice-2501.tiff;1;1;2480;3508;307833;1637;664;152;48;1637;664;1789;664;1789;712;1637;712;Schuppe;AAAAAAA;SHN;SHIPPING_NAME;Shipping Name
invoice-2501.tiff;1;1;2480;3508;307824;124;712;31;45;124;712;155;712;155;757;124;757;1,;NS;BA;BILLING_ADDRESS;Billing Address
invoice-2501.tiff;1;1;2480;3508;307825;166;712;55;45;166;712;221;712;221;757;166;757;rue;AAA;BA;BILLING_ADDRESS;Billing Address
invoice-2501.tiff;1;1;2480;3508;307826;232;712;243;45;232;712;475;712;475;757;232;757;chateaubriand;AAAAAAAAAAAAA;BA;BILLING_ADDRESS;Billing Address
invoice-2501.tiff;1;1;2480;3508;307834;1541;712;31;45;1541;712;1572;712;1572;757;1541;757;1,;NS;SHA;SHIPPING_ADDRESS;Shipping Address
invoice-2501.tiff;1;1;2480;3508;307835;1583;712;55;45;1583;712;1638;712;1638;757;1583;757;rue;AAA;SHA;SHIPPING_ADDRESS;Shipping Address
invoice-2501.tiff;1;1;2480;3508;307836;1649;712;243;45;1649;712;1892;712;1892;757;1649;757;chateaubriand;AAAAAAAAAAAAA;SHA;SHIPPING_ADDRESS;Shipping Address
invoice-2501.tiff;1;1;2480;3508;307827;124;758;104;45;124;758;228;758;228;803;124;803;22130;NNNNN;BA;BILLING_ADDRESS;Billing Address
invoice-2501.tiff;1;1;2480;3508;307828;270;758;148;45;270;758;418;758;418;803;270;803;Plancoët;AAAAAAAA;BA;BILLING_ADDRESS;Billing Address
invoice-2501.tiff;1;1;2480;3508;307837;1541;758;104;45;1541;758;1645;758;1645;803;1541;803;22130;NNNNN;SHA;SHIPPING_ADDRESS;Shipping Address
invoice-2501.tiff;1;1;2480;3508;307838;1687;758;148;45;1687;758;1835;758;1835;803;1687;803;Plancoët;AAAAAAAA;SHA;SHIPPING_ADDRESS;Shipping Address
invoice-2501.tiff;1;1;2480;3508;307829;124;804;120;45;124;804;244;804;244;849;124;849;France;AAAAAA;BA;BILLING_ADDRESS;Billing Address
invoice-2501.tiff;1;1;2480;3508;307839;1541;804;120;45;1541;804;1661;804;1661;849;1541;849;France;AAAAAA;SHA;SHIPPING_ADDRESS;Shipping Address
invoice-2501.tiff;1;1;2480;3508;307840;1541;1084;142;52;1541;1084;1683;1084;1683;1136;1541;1136;Invoice;AAAAAAA;undefined;OTHER;OTHER
invoice-2501.tiff;1;1;2480;3508;307841;1695;1084;50;52;1695;1084;1745;1084;1745;1136;1695;1136;ID;AA;undefined;OTHER;OTHER
invoice-2501.tiff;1;1;2480;3508;307842;2166;1084;175;46;2166;1084;2341;1084;2341;1130;2166;1130;FC500773;AANNNNNN;IN;INVOICE_NUMBER;Invoice Number
invoice-2501.tiff;1;1;2480;3508;307843;1541;1158;117;52;1541;1158;1658;1158;1658;1210;1541;1210;Dated;AAAAA;undefined;OTHER;OTHER
invoice-2501.tiff;1;1;2480;3508;307844;2166;1158;20;46;2166;1158;2186;1158;2186;1204;2166;1204;9;N;IDATE;INVOICE_DATE;Invoice Date
invoice-2501.tiff;1;1;2480;3508;307845;2197;1158;63;46;2197;1158;2260;1158;2260;1204;2197;1204;abr,;AAAS;IDATE;INVOICE_DATE;Invoice Date
invoice-2501.tiff;1;1;2480;3508;307846;2271;1158;83;46;2271;1158;2354;1158;2354;1204;2271;1204;1988;NNNN;IDATE;INVOICE_DATE;Invoice Date
invoice-2501.tiff;1;1;2480;3508;307847;1541;1231;119;52;1541;1231;1660;1231;1660;1283;1541;1283;Client;AAAAAA;undefined;OTHER;OTHER
invoice-2501.tiff;1;1;2480;3508;307848;1672;1231;50;52;1672;1231;1722;1231;1722;1283;1672;1283;ID;AA;undefined;OTHER;OTHER
invoice-2501.tiff;1;1;2480;3508;307849;2166;1231;157;46;2166;1231;2323;1231;2323;1277;2166;1277;CL55160;AANNNNN;CNUM;CLIENT_NUMBER;Client Number
invoice-2501.tiff;1;1;2480;3508;307850;1541;1305;119;52;1541;1305;1660;1305;1660;1357;1541;1357;Payed;AAAAA;undefined;OTHER;OTHER
invoice-2501.tiff;1;1;2480;3508;307851;1672;1305;157;52;1672;1305;1829;1305;1829;1357;1672;1357;through;AAAAAAA;undefined;OTHER;OTHER
invoice-2501.tiff;1;1;2480;3508;307852;2166;1305;87;46;2166;1305;2253;1305;2253;1351;2166;1351;Bank;AAAA;PMODE;PAYMENT_MODE;Payment Mode
invoice-2501.tiff;1;1;2480;3508;307853;2265;1305;141;46;2265;1305;2406;1305;2406;1351;2265;1351;Transfer;AAAAAAAA;PMODE;PAYMENT_MODE;Payment Mode
invoice-2501.tiff;1;1;2480;3508;307854;174;1773;67;52;174;1773;241;1773;241;1825;174;1825;No.;AAS;undefined;OTHER;OTHER
invoice-2501.tiff;1;1;2480;3508;307855;565;1773;244;52;565;1773;809;1773;809;1825;565;1825;Descriptions;AAAAAAAAAAAA;undefined;OTHER;OTHER
invoice-2501.tiff;1;1;2480;3508;307856;1192;1773;73;52;1192;1773;1265;1773;1265;1825;1192;1825;Qty;AAA;undefined;OTHER;OTHER
invoice-2501.tiff;1;1;2480;3508;307857;1478;1773;84;52;1478;1773;1562;1773;1562;1825;1478;1825;U.P.;ASAS;undefined;OTHER;OTHER
invoice-2501.tiff;1;1;2480;3508;307858;1709;1773;206;52;1709;1773;1915;1773;1915;1825;1709;1825;VAT/TVA;AAASAAA;undefined;OTHER;OTHER
invoice-2501.tiff;1;1;2480;3508;307859;2023;1773;160;52;2023;1773;2183;1773;2183;1825;2023;1825;Amount;AAAAAA;undefined;OTHER;OTHER
invoice-2501.tiff;1;1;2480;3508;307860;197;1847;20;48;197;1847;217;1847;217;1895;197;1895;1;N;undefined;OTHER;OTHER
invoice-2501.tiff;1;1;2480;3508;307861;291;1847;131;48;291;1847;422;1847;422;1895;291;1895;Casque;AAAAAA;undefined;OTHER;OTHER
invoice-2501.tiff;1;1;2480;3508;307862;434;1847;99;48;434;1847;533;1847;533;1895;434;1895;Sport;AAAAA;undefined;OTHER;OTHER
invoice-2501.tiff;1;1;2480;3508;307863;543;1847;76;48;543;1847;619;1847;619;1895;543;1895;JBL;AAA;undefined;OTHER;OTHER
invoice-2501.tiff;1;1;2480;3508;307864;630;1847;124;48;630;1847;754;1847;754;1895;630;1895;Reflect;AAAAAAA;undefined;OTHER;OTHER
invoice-2501.tiff;1;1;2480;3508;307865;766;1847;138;48;766;1847;904;1847;904;1895;766;1895;contour;AAAAAAA;undefined;OTHER;OTHER
invoice-2501.tiff;1;1;2480;3508;307866;915;1847;101;48;915;1847;1016;1847;1016;1895;915;1895;rouge;AAAAA;undefined;OTHER;OTHER
invoice-2501.tiff;1;1;2480;3508;307867;1218;1847;20;48;1218;1847;1238;1847;1238;1895;1218;1895;2;N;undefined;OTHER;OTHER
invoice-2501.tiff;1;1;2480;3508;307868;1458;1847;93;48;1458;1847;1551;1847;1551;1895;1458;1895;83,32;NNSNN;undefined;OTHER;OTHER
invoice-2501.tiff;1;1;2480;3508;307869;1562;1847;20;48;1562;1847;1582;1847;1582;1895;1562;1895;$;S;undefined;OTHER;OTHER
invoice-2501.tiff;1;1;2480;3508;307870;1755;1847;114;48;1755;1847;1869;1847;1869;1895;1755;1895;20.0%;NNSNS;undefined;OTHER;OTHER
invoice-2501.tiff;1;1;2480;3508;307871;2031;1847;114;48;2031;1847;2145;1847;2145;1895;2031;1895;166,65;NNNSNN;undefined;OTHER;OTHER
invoice-2501.tiff;1;1;2480;3508;307872;2156;1847;20;48;2156;1847;2176;1847;2176;1895;2156;1895;$;S;undefined;OTHER;OTHER
invoice-2501.tiff;1;1;2480;3508;307873;1870;1978;150;51;1870;1978;2020;1978;2020;2029;1870;2029;Amount;AAAAAA;undefined;OTHER;OTHER
invoice-2501.tiff;1;1;2480;3508;307874;2062;1978;114;46;2062;1978;2176;1978;2176;2024;2062;2024;166,65;NNNSNN;TWTX;TOTAL_WITHOUT_TAX;TWTXS
invoice-2501.tiff;1;1;2480;3508;307875;2187;1978;20;46;2187;1978;2207;1978;2207;2024;2187;2024;$;S;TWTX;TOTAL_WITHOUT_TAX;TWTXS
invoice-2501.tiff;1;1;2480;3508;307876;1785;2029;94;51;1785;2029;1879;2029;1879;2080;1785;2080;TVA;AAA;undefined;OTHER;OTHER
invoice-2501.tiff;1;1;2480;3508;307877;1891;2029;150;51;1891;2029;2041;2029;2041;2080;1891;2080;Amount;AAAAAA;undefined;OTHER;OTHER
invoice-2501.tiff;1;1;2480;3508;307878;2083;2029;93;46;2083;2029;2176;2029;2176;2075;2083;2075;33,33;NNSNN;TTX;TOTAL_TAX;Total Tax
invoice-2501.tiff;1;1;2480;3508;307879;2187;2029;20;46;2187;2029;2207;2029;2207;2075;2187;2075;$;S;TTX;TOTAL_TAX;Total Tax
invoice-2501.tiff;1;1;2480;3508;307880;1762;2080;96;51;1762;2080;1858;2080;1858;2131;1762;2131;Total;AAAAA;undefined;OTHER;OTHER
invoice-2501.tiff;1;1;2480;3508;307881;1870;2080;150;51;1870;2080;2020;2080;2020;2131;1870;2131;Amount;AAAAAA;undefined;OTHER;OTHER
invoice-2501.tiff;1;1;2480;3508;307882;2062;2080;114;46;2062;2080;2176;2080;2176;2126;2062;2126;199,98;NNNSNN;TA;TOTAL_AMOUNT;Total with TAX
invoice-2501.tiff;1;1;2480;3508;307883;2187;2080;20;46;2187;2080;2207;2080;2207;2126;2187;2126;$;S;TA;TOTAL_AMOUNT;Total with TAX
invoice-2501.tiff;1;1;2480;3508;307884;1187;3175;106;48;1187;3175;1293;3175;1293;3223;1187;3223;THAI;AAAA;SN;SUPPLIER_NAME;Seller/Company) name
invoice-2501.tiff;1;1;2480;3508;307885;1304;3175;236;48;1304;3175;1540;3175;1540;3223;1304;3223;ANCHALEE;AAAAAAAA;SN;SUPPLIER_NAME;Seller/Company) name
invoice-2501.tiff;1;1;2480;3508;307886;1187;3223;20;45;1187;3223;1207;3223;1207;3268;1187;3268;1;N;SA;SUPPLIER_ADDRESS;Seller Address
invoice-2501.tiff;1;1;2480;3508;307887;1218;3223;81;45;1218;3223;1299;3223;1299;3268;1218;3268;RUE;AAA;SA;SUPPLIER_ADDRESS;Seller Address
invoice-2501.tiff;1;1;2480;3508;307888;1310;3223;231;45;1310;3223;1541;3223;1541;3268;1310;3268;FERDINAND;AAAAAAAAA;SA;SUPPLIER_ADDRESS;Seller Address
invoice-2501.tiff;1;1;2480;3508;307889;1552;3223;134;45;1552;3223;1686;3223;1686;3268;1552;3268;DUVAL;AAAAA;SA;SUPPLIER_ADDRESS;Seller Address
invoice-2501.tiff;1;1;2480;3508;307890;1187;3268;104;45;1187;3268;1291;3268;1291;3313;1187;3313;75004;NNNNN;SA;SUPPLIER_ADDRESS;Seller Address
invoice-2501.tiff;1;1;2480;3508;307891;1333;3268;111;45;1333;3268;1444;3268;1444;3313;1333;3313;PARIS;AAAAA;SA;SUPPLIER_ADDRESS;Seller Address
invoice-2501.tiff;1;1;2480;3508;307892;1454;3268;20;45;1454;3268;1474;3268;1474;3313;1454;3313;4;N;SA;SUPPLIER_ADDRESS;Seller Address
invoice-2501.tiff;1;1;2480;3508;307893;1187;3314;157;45;1187;3314;1344;3314;1344;3359;1187;3359;FRANCE;AAAAAA;SA;SUPPLIER_ADDRESS;Seller Address
