src;num_pages;page_id;page_width;page_height;id;col;row;width;height;x1;y1;x2;y2;x3;y3;x4;y4;contents;contents_masked;correctclass;tag;description
invoice-2062.tiff;1;1;2480;3508;253635;1541;62;443;175;1541;62;1984;62;1984;237;1541;237;common/logo;AAAAAASAAAA;img;IMAGE;Image
invoice-2062.tiff;1;1;2480;3508;253628;124;270;172;59;124;270;296;270;296;329;124;329;Invoice;AAAAAAA;undefined;OTHER;OTHER
invoice-2062.tiff;1;1;2480;3508;253629;311;270;50;59;311;270;361;270;361;329;311;329;ID;AA;undefined;OTHER;OTHER
invoice-2062.tiff;1;1;2480;3508;253630;423;270;178;52;423;270;601;270;601;322;423;322;0075999;NNNNNNN;IN;INVOICE_NUMBER;Invoice Number
invoice-2062.tiff;1;1;2480;3508;253631;124;351;138;59;124;351;262;351;262;410;124;410;Dated;AAAAA;undefined;OTHER;OTHER
invoice-2062.tiff;1;1;2480;3508;253632;326;351;73;52;326;351;399;351;399;403;326;403;sep;AAA;IDATE;INVOICE_DATE;Invoice Date
invoice-2062.tiff;1;1;2480;3508;253633;413;351;38;52;413;351;451;351;451;403;413;403;1,;NS;IDATE;INVOICE_DATE;Invoice Date
invoice-2062.tiff;1;1;2480;3508;253634;463;351;101;52;463;351;564;351;564;403;463;403;1982;NNNN;IDATE;INVOICE_DATE;Invoice Date
invoice-2062.tiff;1;1;2480;3508;253636;1541;412;141;49;1541;412;1682;412;1682;461;1541;461;TERRE;AAAAA;SN;SUPPLIER_NAME;Seller/Company) name
invoice-2062.tiff;1;1;2480;3508;253637;1694;412;57;49;1694;412;1751;412;1751;461;1694;461;DE;AA;SN;SUPPLIER_NAME;Seller/Company) name
invoice-2062.tiff;1;1;2480;3508;253638;1763;412;155;49;1763;412;1918;412;1918;461;1763;461;SIENNE;AAAAAA;SN;SUPPLIER_NAME;Seller/Company) name
invoice-2062.tiff;1;1;2480;3508;253639;1541;462;46;48;1541;462;1587;462;1587;510;1541;510;18;NN;SA;SUPPLIER_ADDRESS;Seller Address
invoice-2062.tiff;1;1;2480;3508;253640;1599;462;87;48;1599;462;1686;462;1686;510;1599;510;RUE;AAA;SA;SUPPLIER_ADDRESS;Seller Address
invoice-2062.tiff;1;1;2480;3508;253641;1699;462;60;48;1699;462;1759;462;1759;510;1699;510;DU;AA;SA;SUPPLIER_ADDRESS;Seller Address
invoice-2062.tiff;1;1;2480;3508;253642;1770;462;180;48;1770;462;1950;462;1950;510;1770;510;MARCHE;AAAAAA;SA;SUPPLIER_ADDRESS;Seller Address
invoice-2062.tiff;1;1;2480;3508;253643;1541;510;115;48;1541;510;1656;510;1656;558;1541;558;07140;NNNNN;SA;SUPPLIER_ADDRESS;Seller Address
invoice-2062.tiff;1;1;2480;3508;253644;1699;510;78;48;1699;510;1777;510;1777;558;1699;558;LES;AAA;SA;SUPPLIER_ADDRESS;Seller Address
invoice-2062.tiff;1;1;2480;3508;253645;1789;510;113;48;1789;510;1902;510;1902;558;1789;558;VANS;AAAA;SA;SUPPLIER_ADDRESS;Seller Address
invoice-2062.tiff;1;1;2480;3508;253646;1541;558;171;48;1541;558;1712;558;1712;606;1541;606;FRANCE;AAAAAA;SA;SUPPLIER_ADDRESS;Seller Address
invoice-2062.tiff;1;1;2480;3508;253647;1541;606;120;48;1541;606;1661;606;1661;654;1541;654;Phone;AAAAA;undefined;OTHER;OTHER
invoice-2062.tiff;1;1;2480;3508;253648;1724;606;278;48;1724;606;2002;606;2002;654;1724;654;02.52.99.19.31;NNSNNSNNSNNSNN;SCN;SUPPLIER_CONTACT_NUMBER;Seller Contact Number
invoice-2062.tiff;1;1;2480;3508;253649;1541;654;69;48;1541;654;1610;654;1610;702;1541;702;Fax;AAA;undefined;OTHER;OTHER
invoice-2062.tiff;1;1;2480;3508;253650;1673;654;278;48;1673;654;1951;654;1951;702;1673;702;02.52.99.46.72;NNSNNSNNSNNSNN;SFAX;SUPPLIER_FAX_NUMBER;Seller Fax Number
invoice-2062.tiff;1;1;2480;3508;253658;1541;1039;172;59;1541;1039;1713;1039;1713;1098;1541;1098;Invoice;AAAAAAA;undefined;OTHER;OTHER
invoice-2062.tiff;1;1;2480;3508;253659;1727;1039;61;59;1727;1039;1788;1039;1788;1098;1727;1098;To;AA;undefined;OTHER;OTHER
invoice-2062.tiff;1;1;2480;3508;253660;1541;1099;143;49;1541;1099;1684;1099;1684;1148;1541;1148;Jaeden;AAAAAA;BN;BILLING_NAME;Billing Name
invoice-2062.tiff;1;1;2480;3508;253661;1696;1099;134;49;1696;1099;1830;1099;1830;1148;1696;1148;Carroll;AAAAAAA;BN;BILLING_NAME;Billing Name
invoice-2062.tiff;1;1;2480;3508;253662;1541;1148;34;48;1541;1148;1575;1148;1575;1196;1541;1196;3,;NS;BA;BILLING_ADDRESS;Billing Address
invoice-2062.tiff;1;1;2480;3508;253663;1587;1148;60;48;1587;1148;1647;1148;1647;1196;1587;1196;rue;AAA;BA;BILLING_ADDRESS;Billing Address
invoice-2062.tiff;1;1;2480;3508;253664;1659;1148;108;48;1659;1148;1767;1148;1767;1196;1659;1196;louise;AAAAAA;BA;BILLING_ADDRESS;Billing Address
invoice-2062.tiff;1;1;2480;3508;253665;1780;1148;120;48;1780;1148;1900;1148;1900;1196;1780;1196;michel;AAAAAA;BA;BILLING_ADDRESS;Billing Address
invoice-2062.tiff;1;1;2480;3508;253666;1541;1197;115;48;1541;1197;1656;1197;1656;1245;1541;1245;57250;NNNNN;BA;BILLING_ADDRESS;Billing Address
invoice-2062.tiff;1;1;2480;3508;253667;1699;1197;335;48;1699;1197;2034;1197;2034;1245;1699;1245;Moyeuvre-Grande;AAAAAAAASAAAAAA;BA;BILLING_ADDRESS;Billing Address
invoice-2062.tiff;1;1;2480;3508;253651;124;1238;127;54;124;1238;251;1238;251;1292;124;1292;Client;AAAAAA;undefined;OTHER;OTHER
invoice-2062.tiff;1;1;2480;3508;253652;265;1238;45;54;265;1238;310;1238;310;1292;265;1292;ID;AA;undefined;OTHER;OTHER
invoice-2062.tiff;1;1;2480;3508;253653;750;1238;139;48;750;1238;889;1238;889;1286;750;1286;005361;NNNNNN;CNUM;CLIENT_NUMBER;Client Number
invoice-2062.tiff;1;1;2480;3508;253668;1541;1245;129;48;1541;1245;1670;1245;1670;1293;1541;1293;France;AAAAAA;BA;BILLING_ADDRESS;Billing Address
invoice-2062.tiff;1;1;2480;3508;253654;124;1314;191;54;124;1314;315;1314;315;1368;124;1368;Payment;AAAAAAA;undefined;OTHER;OTHER
invoice-2062.tiff;1;1;2480;3508;253655;328;1314;94;54;328;1314;422;1314;422;1368;328;1368;type;AAAA;undefined;OTHER;OTHER
invoice-2062.tiff;1;1;2480;3508;253656;750;1314;94;48;750;1314;844;1314;844;1362;750;1362;Bank;AAAA;PMODE;PAYMENT_MODE;Payment Mode
invoice-2062.tiff;1;1;2480;3508;253657;856;1314;155;48;856;1314;1011;1314;1011;1362;856;1362;Transfer;AAAAAAAA;PMODE;PAYMENT_MODE;Payment Mode
invoice-2062.tiff;1;1;2480;3508;253669;1541;1335;194;59;1541;1335;1735;1335;1735;1394;1541;1394;Delivery;AAAAAAAA;undefined;OTHER;OTHER
invoice-2062.tiff;1;1;2480;3508;253670;1750;1335;61;59;1750;1335;1811;1335;1811;1394;1750;1394;To;AA;undefined;OTHER;OTHER
invoice-2062.tiff;1;1;2480;3508;253671;1541;1394;143;49;1541;1394;1684;1394;1684;1443;1541;1443;Jaeden;AAAAAA;SHN;SHIPPING_NAME;Shipping Name
invoice-2062.tiff;1;1;2480;3508;253672;1696;1394;134;49;1696;1394;1830;1394;1830;1443;1696;1443;Carroll;AAAAAAA;SHN;SHIPPING_NAME;Shipping Name
invoice-2062.tiff;1;1;2480;3508;253673;1541;1444;34;48;1541;1444;1575;1444;1575;1492;1541;1492;3,;NS;SHA;SHIPPING_ADDRESS;Shipping Address
invoice-2062.tiff;1;1;2480;3508;253674;1587;1444;60;48;1587;1444;1647;1444;1647;1492;1587;1492;rue;AAA;SHA;SHIPPING_ADDRESS;Shipping Address
invoice-2062.tiff;1;1;2480;3508;253675;1659;1444;108;48;1659;1444;1767;1444;1767;1492;1659;1492;louise;AAAAAA;SHA;SHIPPING_ADDRESS;Shipping Address
invoice-2062.tiff;1;1;2480;3508;253676;1780;1444;120;48;1780;1444;1900;1444;1900;1492;1780;1492;michel;AAAAAA;SHA;SHIPPING_ADDRESS;Shipping Address
invoice-2062.tiff;1;1;2480;3508;253677;1541;1492;115;48;1541;1492;1656;1492;1656;1540;1541;1540;57250;NNNNN;SHA;SHIPPING_ADDRESS;Shipping Address
invoice-2062.tiff;1;1;2480;3508;253678;1699;1492;335;48;1699;1492;2034;1492;2034;1540;1699;1540;Moyeuvre-Grande;AAAAAAAASAAAAAA;SHA;SHIPPING_ADDRESS;Shipping Address
invoice-2062.tiff;1;1;2480;3508;253679;1541;1540;129;48;1541;1540;1670;1540;1670;1588;1541;1588;France;AAAAAA;SHA;SHIPPING_ADDRESS;Shipping Address
invoice-2062.tiff;1;1;2480;3508;253680;157;1855;185;54;157;1855;342;1855;342;1909;157;1909;Quantity;AAAAAAAA;undefined;OTHER;OTHER
invoice-2062.tiff;1;1;2480;3508;253681;593;1855;173;54;593;1855;766;1855;766;1909;593;1909;Product;AAAAAAA;undefined;OTHER;OTHER
invoice-2062.tiff;1;1;2480;3508;253682;779;1855;252;54;779;1855;1031;1855;1031;1909;779;1909;Description;AAAAAAAAAAA;undefined;OTHER;OTHER
invoice-2062.tiff;1;1;2480;3508;253683;1309;1855;89;54;1309;1855;1398;1855;1398;1909;1309;1909;Unit;AAAA;undefined;OTHER;OTHER
invoice-2062.tiff;1;1;2480;3508;253684;1411;1855;112;54;1411;1855;1523;1855;1523;1909;1411;1909;Price;AAAAA;undefined;OTHER;OTHER
invoice-2062.tiff;1;1;2480;3508;253685;1648;1855;91;54;1648;1855;1739;1855;1739;1909;1648;1909;TVA;AAA;undefined;OTHER;OTHER
invoice-2062.tiff;1;1;2480;3508;253686;1752;1855;99;54;1752;1855;1851;1855;1851;1909;1752;1909;Rate;AAAA;undefined;OTHER;OTHER
invoice-2062.tiff;1;1;2480;3508;253687;2028;1855;109;54;2028;1855;2137;1855;2137;1909;2028;1909;Total;AAAAA;undefined;OTHER;OTHER
invoice-2062.tiff;1;1;2480;3508;253688;238;1931;23;49;238;1931;261;1931;261;1980;238;1980;1;N;undefined;OTHER;OTHER
invoice-2062.tiff;1;1;2480;3508;253689;375;1931;111;49;375;1931;486;1931;486;1980;375;1980;Siège;AAAAA;undefined;OTHER;OTHER
invoice-2062.tiff;1;1;2480;3508;253690;497;1931;132;49;497;1931;629;1931;629;1980;497;1980;Gamer;AAAAA;undefined;OTHER;OTHER
invoice-2062.tiff;1;1;2480;3508;253691;641;1931;187;49;641;1931;828;1931;828;1980;641;1980;Subsonic;AAAAAAAA;undefined;OTHER;OTHER
invoice-2062.tiff;1;1;2480;3508;253692;840;1931;111;49;840;1931;951;1931;951;1980;840;1980;Siège;AAAAA;undefined;OTHER;OTHER
invoice-2062.tiff;1;1;2480;3508;253693;963;1931;87;49;963;1931;1050;1931;1050;1980;963;1980;SRC;AAA;undefined;OTHER;OTHER
invoice-2062.tiff;1;1;2480;3508;253694;1062;1931;92;49;1062;1931;1154;1931;1154;1980;1062;1980;1000;NNNN;undefined;OTHER;OTHER
invoice-2062.tiff;1;1;2480;3508;253697;1352;1931;127;49;1352;1931;1479;1931;1479;1980;1352;1980;249,99;NNNSNN;undefined;OTHER;OTHER
invoice-2062.tiff;1;1;2480;3508;253698;1690;1931;118;49;1690;1931;1808;1931;1808;1980;1690;1980;20.0%;NNSNS;undefined;OTHER;OTHER
invoice-2062.tiff;1;1;2480;3508;253699;2019;1931;127;49;2019;1931;2146;1931;2146;1980;2019;1980;249,99;NNNSNN;undefined;OTHER;OTHER
invoice-2062.tiff;1;1;2480;3508;253695;375;1980;143;49;375;1980;518;1980;518;2029;375;2029;Driving;AAAAAAA;undefined;OTHER;OTHER
invoice-2062.tiff;1;1;2480;3508;253696;530;1980;152;49;530;1980;682;1980;682;2029;530;2029;Cockpit;AAAAAAA;undefined;OTHER;OTHER
invoice-2062.tiff;1;1;2480;3508;253700;238;2072;23;49;238;2072;261;2072;261;2121;238;2121;2;N;undefined;OTHER;OTHER
invoice-2062.tiff;1;1;2480;3508;253701;375;2072;159;49;375;2072;534;2072;534;2121;375;2121;Support;AAAAAAA;undefined;OTHER;OTHER
invoice-2062.tiff;1;1;2480;3508;253702;546;2072;113;49;546;2072;659;2072;659;2121;546;2121;mural;AAAAA;undefined;OTHER;OTHER
invoice-2062.tiff;1;1;2480;3508;253703;671;2072;53;49;671;2072;724;2072;724;2121;671;2121;TV;AA;undefined;OTHER;OTHER
invoice-2062.tiff;1;1;2480;3508;253704;736;2072;146;49;736;2072;882;2072;882;2121;736;2121;Vogel's;AAAAASA;undefined;OTHER;OTHER
invoice-2062.tiff;1;1;2480;3508;253705;894;2072;97;49;894;2072;991;2072;991;2121;894;2121;THIN;AAAA;undefined;OTHER;OTHER
invoice-2062.tiff;1;1;2480;3508;253706;1003;2072;69;49;1003;2072;1072;2072;1072;2121;1003;2121;215;NNN;undefined;OTHER;OTHER
invoice-2062.tiff;1;1;2480;3508;253707;1084;2072;83;49;1084;2072;1167;2072;1167;2121;1084;2121;LED;AAA;undefined;OTHER;OTHER
invoice-2062.tiff;1;1;2480;3508;253709;1364;2072;104;49;1364;2072;1468;2072;1468;2121;1364;2121;91,66;NNSNN;undefined;OTHER;OTHER
invoice-2062.tiff;1;1;2480;3508;253710;1690;2072;118;49;1690;2072;1808;2072;1808;2121;1690;2121;20.0%;NNSNS;undefined;OTHER;OTHER
invoice-2062.tiff;1;1;2480;3508;253711;2019;2072;127;49;2019;2072;2146;2072;2146;2121;2019;2121;183,32;NNNSNN;undefined;OTHER;OTHER
invoice-2062.tiff;1;1;2480;3508;253708;375;2121;134;49;375;2121;509;2121;509;2170;375;2170;26-55P;NNSNNA;undefined;OTHER;OTHER
invoice-2062.tiff;1;1;2480;3508;253712;238;2212;23;49;238;2212;261;2212;261;2261;238;2261;2;N;undefined;OTHER;OTHER
invoice-2062.tiff;1;1;2480;3508;253713;375;2212;219;49;375;2212;594;2212;594;2261;375;2261;Adaptateur;AAAAAAAAAA;undefined;OTHER;OTHER
invoice-2062.tiff;1;1;2480;3508;253714;606;2212;106;49;606;2212;712;2212;712;2261;606;2261;HDMI;AAAA;undefined;OTHER;OTHER
invoice-2062.tiff;1;1;2480;3508;253715;724;2212;208;49;724;2212;932;2212;932;2261;724;2261;Essentielb;AAAAAAAAAA;undefined;OTHER;OTHER
invoice-2062.tiff;1;1;2480;3508;253716;944;2212;97;49;944;2212;1041;2212;1041;2261;944;2261;Mini-;AAAAS;undefined;OTHER;OTHER
invoice-2062.tiff;1;1;2480;3508;253718;1364;2212;104;49;1364;2212;1468;2212;1468;2261;1364;2261;24,99;NNSNN;undefined;OTHER;OTHER
invoice-2062.tiff;1;1;2480;3508;253719;1690;2212;118;49;1690;2212;1808;2212;1808;2261;1690;2261;20.0%;NNSNS;undefined;OTHER;OTHER
invoice-2062.tiff;1;1;2480;3508;253720;2031;2212;104;49;2031;2212;2135;2212;2135;2261;2031;2261;49,98;NNSNN;undefined;OTHER;OTHER
invoice-2062.tiff;1;1;2480;3508;253717;375;2262;231;49;375;2262;606;2262;606;2311;375;2311;DisplayPort;AAAAAAAAAAA;undefined;OTHER;OTHER
invoice-2062.tiff;1;1;2480;3508;253721;1940;2395;154;54;1940;2395;2094;2395;2094;2449;1940;2449;@DISC;SAAAA;undefined;OTHER;OTHER
invoice-2062.tiff;1;1;2480;3508;253722;2115;2395;81;49;2115;2395;2196;2395;2196;2444;2115;2444;0,00;NSNN;undefined;OTHER;OTHER
invoice-2062.tiff;1;1;2480;3508;253723;1918;2449;109;54;1918;2449;2027;2449;2027;2503;1918;2503;Total;AAAAA;undefined;OTHER;OTHER
invoice-2062.tiff;1;1;2480;3508;253724;2069;2450;127;49;2069;2450;2196;2450;2196;2499;2069;2499;483,29;NNNSNN;TWTX;TOTAL_WITHOUT_TAX;TWTXS
invoice-2062.tiff;1;1;2480;3508;253725;1786;2504;78;54;1786;2504;1864;2504;1864;2558;1786;2558;Tax;AAA;undefined;OTHER;OTHER
invoice-2062.tiff;1;1;2480;3508;253726;1877;2504;173;54;1877;2504;2050;2504;2050;2558;1877;2558;Amount;AAAAAA;undefined;OTHER;OTHER
invoice-2062.tiff;1;1;2480;3508;253727;2092;2504;104;49;2092;2504;2196;2504;2196;2553;2092;2553;96,66;NNSNN;TTX;TOTAL_TAX;Total Tax
invoice-2062.tiff;1;1;2480;3508;253728;1706;2559;173;54;1706;2559;1879;2559;1879;2613;1706;2613;Amount;AAAAAA;undefined;OTHER;OTHER
invoice-2062.tiff;1;1;2480;3508;253729;1892;2559;43;54;1892;2559;1935;2559;1935;2613;1892;2613;to;AA;undefined;OTHER;OTHER
invoice-2062.tiff;1;1;2480;3508;253730;1948;2559;78;54;1948;2559;2026;2559;2026;2613;1948;2613;pay;AAA;undefined;OTHER;OTHER
invoice-2062.tiff;1;1;2480;3508;253731;2069;2559;127;49;2069;2559;2196;2559;2196;2608;2069;2608;579,95;NNNSNN;TA;TOTAL_AMOUNT;Total with TAX
invoice-2062.tiff;1;1;2480;3508;253732;998;3175;141;49;998;3175;1139;3175;1139;3224;998;3224;TERRE;AAAAA;SN;SUPPLIER_NAME;Seller/Company) name
invoice-2062.tiff;1;1;2480;3508;253733;1151;3175;57;49;1151;3175;1208;3175;1208;3224;1151;3224;DE;AA;SN;SUPPLIER_NAME;Seller/Company) name
invoice-2062.tiff;1;1;2480;3508;253734;1221;3175;155;49;1221;3175;1376;3175;1376;3224;1221;3224;SIENNE;AAAAAA;SN;SUPPLIER_NAME;Seller/Company) name
invoice-2062.tiff;1;1;2480;3508;253735;720;3224;46;48;720;3224;766;3224;766;3272;720;3272;18;NN;SA;SUPPLIER_ADDRESS;Seller Address
invoice-2062.tiff;1;1;2480;3508;253736;778;3224;87;48;778;3224;865;3224;865;3272;778;3272;RUE;AAA;SA;SUPPLIER_ADDRESS;Seller Address
invoice-2062.tiff;1;1;2480;3508;253737;877;3224;60;48;877;3224;937;3224;937;3272;877;3272;DU;AA;SA;SUPPLIER_ADDRESS;Seller Address
invoice-2062.tiff;1;1;2480;3508;253738;949;3224;180;48;949;3224;1129;3224;1129;3272;949;3272;MARCHE;AAAAAA;SA;SUPPLIER_ADDRESS;Seller Address
invoice-2062.tiff;1;1;2480;3508;253739;1138;3224;115;48;1138;3224;1253;3224;1253;3272;1138;3272;07140;NNNNN;SA;SUPPLIER_ADDRESS;Seller Address
invoice-2062.tiff;1;1;2480;3508;253740;1262;3224;78;48;1262;3224;1340;3224;1340;3272;1262;3272;LES;AAA;SA;SUPPLIER_ADDRESS;Seller Address
invoice-2062.tiff;1;1;2480;3508;253741;1353;3224;113;48;1353;3224;1466;3224;1466;3272;1353;3272;VANS;AAAA;SA;SUPPLIER_ADDRESS;Seller Address
invoice-2062.tiff;1;1;2480;3508;253742;1474;3224;171;48;1474;3224;1645;3224;1645;3272;1474;3272;FRANCE;AAAAAA;SA;SUPPLIER_ADDRESS;Seller Address
