src;num_pages;page_id;page_width;page_height;id;col;row;width;height;x1;y1;x2;y2;x3;y3;x4;y4;contents;contents_masked;correctclass;tag;description
invoice-2861.tiff;1;1;2480;3508;351977;1541;62;623;175;1541;62;2164;62;2164;237;1541;237;common/logo;AAAAAASAAAA;img;IMAGE;Image
invoice-2861.tiff;1;1;2480;3508;351956;124;237;148;48;124;237;272;237;272;285;124;285;CARRE;AAAAA;SN;SUPPLIER_NAME;Seller/Company) name
invoice-2861.tiff;1;1;2480;3508;351957;283;237;208;48;283;237;491;237;491;285;283;285;SERVICES;AAAAAAAA;SN;SUPPLIER_NAME;Seller/Company) name
invoice-2861.tiff;1;1;2480;3508;351965;833;237;106;45;833;237;939;237;939;282;833;282;Phone;AAAAA;undefined;OTHER;OTHER
invoice-2861.tiff;1;1;2480;3508;351966;1002;237;69;45;1002;237;1071;237;1071;282;1002;282;+33;SNN;SCN;SUPPLIER_CONTACT_NUMBER;Seller Contact Number
invoice-2861.tiff;1;1;2480;3508;351967;1082;237;20;45;1082;237;1102;237;1102;282;1082;282;0;N;SCN;SUPPLIER_CONTACT_NUMBER;Seller Contact Number
invoice-2861.tiff;1;1;2480;3508;351968;1113;237;62;45;1113;237;1175;237;1175;282;1113;282;466;NNN;SCN;SUPPLIER_CONTACT_NUMBER;Seller Contact Number
invoice-2861.tiff;1;1;2480;3508;351969;1186;237;62;45;1186;237;1248;237;1248;282;1186;282;347;NNN;SCN;SUPPLIER_CONTACT_NUMBER;Seller Contact Number
invoice-2861.tiff;1;1;2480;3508;351970;1259;237;62;45;1259;237;1321;237;1321;282;1259;282;691;NNN;SCN;SUPPLIER_CONTACT_NUMBER;Seller Contact Number
invoice-2861.tiff;1;1;2480;3508;351971;833;283;64;45;833;283;897;283;897;328;833;328;Fax;AAA;undefined;OTHER;OTHER
invoice-2861.tiff;1;1;2480;3508;351972;960;283;69;45;960;283;1029;283;1029;328;960;328;+33;SNN;SFAX;SUPPLIER_FAX_NUMBER;Seller Fax Number
invoice-2861.tiff;1;1;2480;3508;351973;1040;283;20;45;1040;283;1060;283;1060;328;1040;328;0;N;SFAX;SUPPLIER_FAX_NUMBER;Seller Fax Number
invoice-2861.tiff;1;1;2480;3508;351974;1072;283;62;45;1072;283;1134;283;1134;328;1072;328;466;NNN;SFAX;SUPPLIER_FAX_NUMBER;Seller Fax Number
invoice-2861.tiff;1;1;2480;3508;351975;1144;283;62;45;1144;283;1206;283;1206;328;1144;328;347;NNN;SFAX;SUPPLIER_FAX_NUMBER;Seller Fax Number
invoice-2861.tiff;1;1;2480;3508;351976;1217;283;62;45;1217;283;1279;283;1279;328;1217;328;777;NNN;SFAX;SUPPLIER_FAX_NUMBER;Seller Fax Number
invoice-2861.tiff;1;1;2480;3508;351958;124;285;62;45;124;285;186;285;186;330;124;330;344;NNN;SA;SUPPLIER_ADDRESS;Seller Address
invoice-2861.tiff;1;1;2480;3508;351959;197;285;159;45;197;285;356;285;356;330;197;330;AVENUE;AAAAAA;SA;SUPPLIER_ADDRESS;Seller Address
invoice-2861.tiff;1;1;2480;3508;351960;368;285;76;45;368;285;444;285;444;330;368;330;DES;AAA;SA;SUPPLIER_ADDRESS;Seller Address
invoice-2861.tiff;1;1;2480;3508;351961;454;285;111;45;454;285;565;285;565;330;454;330;AIRES;AAAAA;SA;SUPPLIER_ADDRESS;Seller Address
invoice-2861.tiff;1;1;2480;3508;351962;124;331;104;45;124;331;228;331;228;376;124;376;13120;NNNNN;SA;SUPPLIER_ADDRESS;Seller Address
invoice-2861.tiff;1;1;2480;3508;351963;270;331;217;45;270;331;487;331;487;376;270;376;GARDANNE;AAAAAAAA;SA;SUPPLIER_ADDRESS;Seller Address
invoice-2861.tiff;1;1;2480;3508;351964;124;377;157;45;124;377;281;377;281;422;124;422;FRANCE;AAAAAA;SA;SUPPLIER_ADDRESS;Seller Address
invoice-2861.tiff;1;1;2480;3508;351978;124;807;83;48;124;807;207;807;207;855;124;855;Miss;AAAA;BN;BILLING_NAME;Billing Name
invoice-2861.tiff;1;1;2480;3508;351979;218;807;104;48;218;807;322;807;322;855;218;855;Kaley;AAAAA;BN;BILLING_NAME;Billing Name
invoice-2861.tiff;1;1;2480;3508;351980;333;807;141;48;333;807;474;807;474;855;333;855;Hackett;AAAAAAA;BN;BILLING_NAME;Billing Name
invoice-2861.tiff;1;1;2480;3508;351981;124;855;52;45;124;855;176;855;176;900;124;900;10,;NNS;BA;BILLING_ADDRESS;Billing Address
invoice-2861.tiff;1;1;2480;3508;351982;187;855;55;45;187;855;242;855;242;900;187;900;rue;AAA;BA;BILLING_ADDRESS;Billing Address
invoice-2861.tiff;1;1;2480;3508;351983;253;855;99;45;253;855;352;855;352;900;253;900;albert;AAAAAA;BA;BILLING_ADDRESS;Billing Address
invoice-2861.tiff;1;1;2480;3508;351984;363;855;120;45;363;855;483;855;483;900;363;900;thomas;AAAAAA;BA;BILLING_ADDRESS;Billing Address
invoice-2861.tiff;1;1;2480;3508;351985;124;901;104;45;124;901;228;901;228;946;124;946;59210;NNNNN;BA;BILLING_ADDRESS;Billing Address
invoice-2861.tiff;1;1;2480;3508;351986;270;901;377;45;270;901;647;901;647;946;270;946;Coudekerque-Branche;AAAAAAAAAAASAAAAAAA;BA;BILLING_ADDRESS;Billing Address
invoice-2861.tiff;1;1;2480;3508;352000;1541;903;142;52;1541;903;1683;903;1683;955;1541;955;Invoice;AAAAAAA;undefined;OTHER;OTHER
invoice-2861.tiff;1;1;2480;3508;352001;1695;903;162;52;1695;903;1857;903;1857;955;1695;955;Number;AAAAAA;undefined;OTHER;OTHER
invoice-2861.tiff;1;1;2480;3508;352002;2166;903;145;46;2166;903;2311;903;2311;949;2166;949;0091399;NNNNNNN;IN;INVOICE_NUMBER;Invoice Number
invoice-2861.tiff;1;1;2480;3508;351987;124;946;120;45;124;946;244;946;244;991;124;991;France;AAAAAA;BA;BILLING_ADDRESS;Billing Address
invoice-2861.tiff;1;1;2480;3508;352003;1541;976;91;52;1541;976;1632;976;1632;1028;1541;1028;Date;AAAA;undefined;OTHER;OTHER
invoice-2861.tiff;1;1;2480;3508;352004;2166;976;57;46;2166;976;2223;976;2223;1022;2166;1022;ene;AAA;IDATE;INVOICE_DATE;Invoice Date
invoice-2861.tiff;1;1;2480;3508;352005;2234;976;31;46;2234;976;2265;976;2265;1022;2234;1022;8,;NS;IDATE;INVOICE_DATE;Invoice Date
invoice-2861.tiff;1;1;2480;3508;352006;2276;976;83;46;2276;976;2359;976;2359;1022;2276;1022;1978;NNNN;IDATE;INVOICE_DATE;Invoice Date
invoice-2861.tiff;1;1;2480;3508;351988;124;1034;175;57;124;1034;299;1034;299;1091;124;1091;Shipped;AAAAAAA;undefined;OTHER;OTHER
invoice-2861.tiff;1;1;2480;3508;351989;312;1034;58;57;312;1034;370;1034;370;1091;312;1091;To;AA;undefined;OTHER;OTHER
invoice-2861.tiff;1;1;2480;3508;352007;1541;1050;119;52;1541;1050;1660;1050;1660;1102;1541;1102;Client;AAAAAA;undefined;OTHER;OTHER
invoice-2861.tiff;1;1;2480;3508;352008;1672;1050;162;52;1672;1050;1834;1050;1834;1102;1672;1102;Number;AAAAAA;undefined;OTHER;OTHER
invoice-2861.tiff;1;1;2480;3508;352009;2166;1050;124;46;2166;1050;2290;1050;2290;1096;2166;1096;000042;NNNNNN;CNUM;CLIENT_NUMBER;Client Number
invoice-2861.tiff;1;1;2480;3508;351990;124;1092;83;48;124;1092;207;1092;207;1140;124;1140;Miss;AAAA;SHN;SHIPPING_NAME;Shipping Name
invoice-2861.tiff;1;1;2480;3508;351991;218;1092;104;48;218;1092;322;1092;322;1140;218;1140;Kaley;AAAAA;SHN;SHIPPING_NAME;Shipping Name
invoice-2861.tiff;1;1;2480;3508;351992;333;1092;141;48;333;1092;474;1092;474;1140;333;1140;Hackett;AAAAAAA;SHN;SHIPPING_NAME;Shipping Name
invoice-2861.tiff;1;1;2480;3508;351993;124;1140;52;45;124;1140;176;1140;176;1185;124;1185;10,;NNS;SHA;SHIPPING_ADDRESS;Shipping Address
invoice-2861.tiff;1;1;2480;3508;351994;187;1140;55;45;187;1140;242;1140;242;1185;187;1185;rue;AAA;SHA;SHIPPING_ADDRESS;Shipping Address
invoice-2861.tiff;1;1;2480;3508;351995;253;1140;99;45;253;1140;352;1140;352;1185;253;1185;albert;AAAAAA;SHA;SHIPPING_ADDRESS;Shipping Address
invoice-2861.tiff;1;1;2480;3508;351996;363;1140;120;45;363;1140;483;1140;483;1185;363;1185;thomas;AAAAAA;SHA;SHIPPING_ADDRESS;Shipping Address
invoice-2861.tiff;1;1;2480;3508;351997;124;1185;104;45;124;1185;228;1185;228;1230;124;1230;59210;NNNNN;SHA;SHIPPING_ADDRESS;Shipping Address
invoice-2861.tiff;1;1;2480;3508;351998;270;1185;377;45;270;1185;647;1185;647;1230;270;1230;Coudekerque-Branche;AAAAAAAAAAASAAAAAAA;SHA;SHIPPING_ADDRESS;Shipping Address
invoice-2861.tiff;1;1;2480;3508;351999;124;1231;120;45;124;1231;244;1231;244;1276;124;1276;France;AAAAAA;SHA;SHIPPING_ADDRESS;Shipping Address
invoice-2861.tiff;1;1;2480;3508;352010;213;1555;73;52;213;1555;286;1555;286;1607;213;1607;Qty;AAA;undefined;OTHER;OTHER
invoice-2861.tiff;1;1;2480;3508;352011;690;1555;244;52;690;1555;934;1555;934;1607;690;1607;Descriptions;AAAAAAAAAAAA;undefined;OTHER;OTHER
invoice-2861.tiff;1;1;2480;3508;352012;1374;1555;84;52;1374;1555;1458;1555;1458;1607;1374;1607;U.P.;ASAS;undefined;OTHER;OTHER
invoice-2861.tiff;1;1;2480;3508;352013;1646;1555;206;52;1646;1555;1852;1555;1852;1607;1646;1607;VAT/TVA;AAASAAA;undefined;OTHER;OTHER
invoice-2861.tiff;1;1;2480;3508;352014;2003;1555;160;52;2003;1555;2163;1555;2163;1607;2003;1607;Amount;AAAAAA;undefined;OTHER;OTHER
invoice-2861.tiff;1;1;2480;3508;352015;239;1628;20;48;239;1628;259;1628;259;1676;239;1676;4;N;undefined;OTHER;OTHER
invoice-2861.tiff;1;1;2480;3508;352016;375;1628;62;48;375;1628;437;1628;437;1676;375;1676;Jeu;AAA;undefined;OTHER;OTHER
invoice-2861.tiff;1;1;2480;3508;352017;447;1628;120;48;447;1628;567;1628;567;1676;447;1676;Switch;AAAAAA;undefined;OTHER;OTHER
invoice-2861.tiff;1;1;2480;3508;352018;578;1628;141;48;578;1628;719;1628;719;1676;578;1676;Warner;AAAAAA;undefined;OTHER;OTHER
invoice-2861.tiff;1;1;2480;3508;352019;730;1628;87;48;730;1628;817;1628;817;1676;730;1676;Lego;AAAA;undefined;OTHER;OTHER
invoice-2861.tiff;1;1;2480;3508;352020;828;1628;141;48;828;1628;969;1628;969;1676;828;1676;Ninjago;AAAAAAA;undefined;OTHER;OTHER
invoice-2861.tiff;1;1;2480;3508;352021;980;1628;69;48;980;1628;1049;1628;1049;1676;980;1676;The;AAA;undefined;OTHER;OTHER
invoice-2861.tiff;1;1;2480;3508;352022;1060;1628;111;48;1060;1628;1171;1628;1171;1676;1060;1676;Movie;AAAAA;undefined;OTHER;OTHER
invoice-2861.tiff;1;1;2480;3508;352026;1354;1628;93;48;1354;1628;1447;1628;1447;1676;1354;1676;49,99;NNSNN;undefined;OTHER;OTHER
invoice-2861.tiff;1;1;2480;3508;352027;1458;1628;20;48;1458;1628;1478;1628;1478;1676;1458;1676;$;S;undefined;OTHER;OTHER
invoice-2861.tiff;1;1;2480;3508;352028;1692;1628;114;48;1692;1628;1806;1628;1806;1676;1692;1676;20.0%;NNSNS;undefined;OTHER;OTHER
invoice-2861.tiff;1;1;2480;3508;352029;2010;1628;114;48;2010;1628;2124;1628;2124;1676;2010;1676;199,97;NNNSNN;undefined;OTHER;OTHER
invoice-2861.tiff;1;1;2480;3508;352030;2135;1628;20;48;2135;1628;2155;1628;2155;1676;2135;1676;$;S;undefined;OTHER;OTHER
invoice-2861.tiff;1;1;2480;3508;352023;375;1676;71;48;375;1676;446;1676;446;1724;375;1724;Day;AAA;undefined;OTHER;OTHER
invoice-2861.tiff;1;1;2480;3508;352024;457;1676;74;48;457;1676;531;1676;531;1724;457;1724;One;AAA;undefined;OTHER;OTHER
invoice-2861.tiff;1;1;2480;3508;352025;541;1676;61;48;541;1676;602;1676;602;1724;541;1724;Ed.;AAS;undefined;OTHER;OTHER
invoice-2861.tiff;1;1;2480;3508;352031;239;1766;20;48;239;1766;259;1766;259;1814;239;1814;3;N;undefined;OTHER;OTHER
invoice-2861.tiff;1;1;2480;3508;352032;375;1766;245;48;375;1766;620;1766;620;1814;375;1814;Réfrigérateur;AAAAAAAAAAAAA;undefined;OTHER;OTHER
invoice-2861.tiff;1;1;2480;3508;352033;630;1766;94;48;630;1766;724;1766;724;1814;630;1814;multi;AAAAA;undefined;OTHER;OTHER
invoice-2861.tiff;1;1;2480;3508;352034;735;1766;111;48;735;1766;846;1766;846;1814;735;1814;portes;AAAAAA;undefined;OTHER;OTHER
invoice-2861.tiff;1;1;2480;3508;352035;857;1766;162;48;857;1766;1019;1766;1019;1814;857;1814;Samsung;AAAAAAA;undefined;OTHER;OTHER
invoice-2861.tiff;1;1;2480;3508;352037;1333;1766;135;48;1333;1766;1468;1766;1468;1814;1333;1814;1816,67;NNNNSNN;undefined;OTHER;OTHER
invoice-2861.tiff;1;1;2480;3508;352038;1479;1766;20;48;1479;1766;1499;1766;1499;1814;1479;1814;$;S;undefined;OTHER;OTHER
invoice-2861.tiff;1;1;2480;3508;352039;1692;1766;114;48;1692;1766;1806;1766;1806;1814;1692;1814;20.0%;NNSNS;undefined;OTHER;OTHER
invoice-2861.tiff;1;1;2480;3508;352040;1999;1766;135;48;1999;1766;2134;1766;2134;1814;1999;1814;5450,00;NNNNSNN;undefined;OTHER;OTHER
invoice-2861.tiff;1;1;2480;3508;352041;2145;1766;20;48;2145;1766;2165;1766;2165;1814;2145;1814;$;S;undefined;OTHER;OTHER
invoice-2861.tiff;1;1;2480;3508;352036;375;1814;284;48;375;1814;659;1814;659;1862;375;1862;RF24HSESBSR;AANNAAAAAAA;undefined;OTHER;OTHER
invoice-2861.tiff;1;1;2480;3508;352042;1910;1946;173;52;1910;1946;2083;1946;2083;1998;1910;1998;Discount;AAAAAAAA;undefined;OTHER;OTHER
invoice-2861.tiff;1;1;2480;3508;352043;2104;1946;72;48;2104;1946;2176;1946;2176;1994;2104;1994;0,00;NSNN;undefined;OTHER;OTHER
invoice-2861.tiff;1;1;2480;3508;352044;2187;1946;20;48;2187;1946;2207;1946;2207;1994;2187;1994;$;S;undefined;OTHER;OTHER
invoice-2861.tiff;1;1;2480;3508;352045;1839;1998;160;52;1839;1998;1999;1998;1999;2050;1839;2050;Amount;AAAAAA;undefined;OTHER;OTHER
invoice-2861.tiff;1;1;2480;3508;352046;2041;1998;135;48;2041;1998;2176;1998;2176;2046;2041;2046;5649,97;NNNNSNN;TWTX;TOTAL_WITHOUT_TAX;TWTXS
invoice-2861.tiff;1;1;2480;3508;352047;2187;1998;20;48;2187;1998;2207;1998;2207;2046;2187;2046;$;S;TWTX;TOTAL_WITHOUT_TAX;TWTXS
invoice-2861.tiff;1;1;2480;3508;352048;1731;2051;96;52;1731;2051;1827;2051;1827;2103;1731;2103;TVA;AAA;undefined;OTHER;OTHER
invoice-2861.tiff;1;1;2480;3508;352049;1839;2051;160;52;1839;2051;1999;2051;1999;2103;1839;2103;Amount;AAAAAA;undefined;OTHER;OTHER
invoice-2861.tiff;1;1;2480;3508;352050;2041;2051;135;48;2041;2051;2176;2051;2176;2099;2041;2099;1129,99;NNNNSNN;TTX;TOTAL_TAX;Total Tax
invoice-2861.tiff;1;1;2480;3508;352051;2187;2051;20;48;2187;2051;2207;2051;2207;2099;2187;2099;$;S;TTX;TOTAL_TAX;Total Tax
invoice-2861.tiff;1;1;2480;3508;352052;1723;2104;104;52;1723;2104;1827;2104;1827;2156;1723;2156;Total;AAAAA;undefined;OTHER;OTHER
invoice-2861.tiff;1;1;2480;3508;352053;1839;2104;160;52;1839;2104;1999;2104;1999;2156;1839;2156;Amount;AAAAAA;undefined;OTHER;OTHER
invoice-2861.tiff;1;1;2480;3508;352054;2041;2104;135;48;2041;2104;2176;2104;2176;2152;2041;2152;6779,96;NNNNSNN;TA;TOTAL_AMOUNT;Total with TAX
invoice-2861.tiff;1;1;2480;3508;352055;2187;2104;20;48;2187;2104;2207;2104;2207;2152;2187;2152;$;S;TA;TOTAL_AMOUNT;Total with TAX
invoice-2861.tiff;1;1;2480;3508;352056;1883;3175;148;48;1883;3175;2031;3175;2031;3223;1883;3223;CARRE;AAAAA;SN;SUPPLIER_NAME;Seller/Company) name
invoice-2861.tiff;1;1;2480;3508;352057;2041;3175;208;48;2041;3175;2249;3175;2249;3223;2041;3223;SERVICES;AAAAAAAA;SN;SUPPLIER_NAME;Seller/Company) name
invoice-2861.tiff;1;1;2480;3508;352058;1227;3223;62;45;1227;3223;1289;3223;1289;3268;1227;3268;344;NNN;SA;SUPPLIER_ADDRESS;Seller Address
invoice-2861.tiff;1;1;2480;3508;352059;1300;3223;159;45;1300;3223;1459;3223;1459;3268;1300;3268;AVENUE;AAAAAA;SA;SUPPLIER_ADDRESS;Seller Address
invoice-2861.tiff;1;1;2480;3508;352060;1470;3223;76;45;1470;3223;1546;3223;1546;3268;1470;3268;DES;AAA;SA;SUPPLIER_ADDRESS;Seller Address
invoice-2861.tiff;1;1;2480;3508;352061;1557;3223;111;45;1557;3223;1668;3223;1668;3268;1557;3268;AIRES;AAAAA;SA;SUPPLIER_ADDRESS;Seller Address
invoice-2861.tiff;1;1;2480;3508;352062;1676;3223;13;45;1676;3223;1689;3223;1689;3268;1676;3268;-;S;SA;SUPPLIER_ADDRESS;Seller Address
invoice-2861.tiff;1;1;2480;3508;352063;1700;3223;104;45;1700;3223;1804;3223;1804;3268;1700;3268;13120;NNNNN;SA;SUPPLIER_ADDRESS;Seller Address
invoice-2861.tiff;1;1;2480;3508;352064;1823;3223;217;45;1823;3223;2040;3223;2040;3268;1823;3268;GARDANNE;AAAAAAAA;SA;SUPPLIER_ADDRESS;Seller Address
invoice-2861.tiff;1;1;2480;3508;352065;2049;3223;13;45;2049;3223;2062;3223;2062;3268;2049;3268;-;S;SA;SUPPLIER_ADDRESS;Seller Address
invoice-2861.tiff;1;1;2480;3508;352066;2073;3223;157;45;2073;3223;2230;3223;2230;3268;2073;3268;FRANCE;AAAAAA;SA;SUPPLIER_ADDRESS;Seller Address
