src;num_pages;page_id;page_width;page_height;id;col;row;width;height;x1;y1;x2;y2;x3;y3;x4;y4;contents;contents_masked;correctclass;tag;description
invoice-3382.tiff;1;1;2480;3508;415817;124;62;804;175;124;62;928;62;928;237;124;237;common/logo;AAAAAASAAAA;img;IMAGE;Image
invoice-3382.tiff;1;1;2480;3508;415834;1541;270;166;57;1541;270;1707;270;1707;327;1541;327;Facture;AAAAAAA;undefined;OTHER;OTHER
invoice-3382.tiff;1;1;2480;3508;415835;1720;270;47;57;1720;270;1767;270;1767;327;1720;327;n°;AS;undefined;OTHER;OTHER
invoice-3382.tiff;1;1;2480;3508;415836;1831;270;183;50;1831;270;2014;270;2014;320;1831;320;47941211;NNNNNNNN;IN;INVOICE_NUMBER;Invoice Number
invoice-3382.tiff;1;1;2480;3508;415837;1541;349;63;57;1541;349;1604;349;1604;406;1541;406;Du;AA;undefined;OTHER;OTHER
invoice-3382.tiff;1;1;2480;3508;415838;1668;349;162;50;1668;349;1830;349;1830;399;1668;399;16/05/21;NNSNNSNN;IDATE;INVOICE_DATE;Invoice Date
invoice-3382.tiff;1;1;2480;3508;415818;124;412;189;48;124;412;313;412;313;460;124;460;CABINET;AAAAAAA;SN;SUPPLIER_NAME;Seller/Company) name
invoice-3382.tiff;1;1;2480;3508;415819;325;412;141;48;325;412;466;412;466;460;325;460;PLACE;AAAAA;SN;SUPPLIER_NAME;Seller/Company) name
invoice-3382.tiff;1;1;2480;3508;415820;476;412;30;48;476;412;506;412;506;460;476;460;A;A;SN;SUPPLIER_NAME;Seller/Company) name
invoice-3382.tiff;1;1;2480;3508;415821;124;460;41;45;124;460;165;460;165;505;124;505;11;NN;SA;SUPPLIER_ADDRESS;Seller Address
invoice-3382.tiff;1;1;2480;3508;415822;177;460;81;45;177;460;258;460;258;505;177;505;RUE;AAA;SA;SUPPLIER_ADDRESS;Seller Address
invoice-3382.tiff;1;1;2480;3508;415823;268;460;60;45;268;460;328;460;328;505;268;505;DU;AA;SA;SUPPLIER_ADDRESS;Seller Address
invoice-3382.tiff;1;1;2480;3508;415824;339;460;287;45;339;460;626;460;626;505;339;505;COMMANDANT;AAAAAAAAAA;SA;SUPPLIER_ADDRESS;Seller Address
invoice-3382.tiff;1;1;2480;3508;415825;636;460;97;45;636;460;733;460;733;505;636;505;JEAN;AAAA;SA;SUPPLIER_ADDRESS;Seller Address
invoice-3382.tiff;1;1;2480;3508;415826;744;460;187;45;744;460;931;460;931;505;744;505;LEGRAND;AAAAAAA;SA;SUPPLIER_ADDRESS;Seller Address
invoice-3382.tiff;1;1;2480;3508;415827;940;460;104;45;940;460;1044;460;1044;505;940;505;90000;NNNNN;SA;SUPPLIER_ADDRESS;Seller Address
invoice-3382.tiff;1;1;2480;3508;415828;1052;460;178;45;1052;460;1230;460;1230;505;1052;505;BELFORT;AAAAAAA;SA;SUPPLIER_ADDRESS;Seller Address
invoice-3382.tiff;1;1;2480;3508;415829;1239;460;157;45;1239;460;1396;460;1396;505;1239;505;FRANCE;AAAAAA;SA;SUPPLIER_ADDRESS;Seller Address
invoice-3382.tiff;1;1;2480;3508;415830;124;506;173;45;124;506;297;506;297;551;124;551;Téléphone;AAAAAAAAA;undefined;OTHER;OTHER
invoice-3382.tiff;1;1;2480;3508;415831;323;506;263;45;323;506;586;506;586;551;323;551;08-25-18-12-66;NNSNNSNNSNNSNN;SCN;SUPPLIER_CONTACT_NUMBER;Seller Contact Number
invoice-3382.tiff;1;1;2480;3508;415832;629;506;162;45;629;506;791;506;791;551;629;551;Télécopie;AAAAAAAAA;undefined;OTHER;OTHER
invoice-3382.tiff;1;1;2480;3508;415833;816;506;263;45;816;506;1079;506;1079;551;816;551;08-25-18-60-65;NNSNNSNNSNNSNN;SFAX;SUPPLIER_FAX_NUMBER;Seller Fax Number
invoice-3382.tiff;1;1;2480;3508;415839;124;936;88;48;124;936;212;936;212;984;124;984;Elisa;AAAAA;BN;BILLING_NAME;Billing Name
invoice-3382.tiff;1;1;2480;3508;415840;223;936;81;48;223;936;304;936;304;984;223;984;Noel;AAAA;BN;BILLING_NAME;Billing Name
invoice-3382.tiff;1;1;2480;3508;415841;124;984;31;45;124;984;155;984;155;1029;124;1029;8,;NS;BA;BILLING_ADDRESS;Billing Address
invoice-3382.tiff;1;1;2480;3508;415842;166;984;187;45;166;984;353;984;353;1029;166;1029;lotissement;AAAAAAAAAAA;BA;BILLING_ADDRESS;Billing Address
invoice-3382.tiff;1;1;2480;3508;415843;364;984;41;45;364;984;405;984;405;1029;364;1029;du;AA;BA;BILLING_ADDRESS;Billing Address
invoice-3382.tiff;1;1;2480;3508;415844;416;984;50;45;416;984;466;984;466;1029;416;1029;val;AAA;BA;BILLING_ADDRESS;Billing Address
invoice-3382.tiff;1;1;2480;3508;415845;478;984;39;45;478;984;517;984;517;1029;478;1029;de;AA;BA;BILLING_ADDRESS;Billing Address
invoice-3382.tiff;1;1;2480;3508;415846;527;984;117;45;527;984;644;984;644;1029;527;1029;canche;AAAAAA;BA;BILLING_ADDRESS;Billing Address
invoice-3382.tiff;1;1;2480;3508;415847;124;1030;104;45;124;1030;228;1030;228;1075;124;1075;62390;NNNNN;BA;BILLING_ADDRESS;Billing Address
invoice-3382.tiff;1;1;2480;3508;415848;270;1030;180;45;270;1030;450;1030;450;1075;270;1075;Aubrometz;AAAAAAAAA;BA;BILLING_ADDRESS;Billing Address
invoice-3382.tiff;1;1;2480;3508;415849;124;1076;120;45;124;1076;244;1076;244;1121;124;1121;France;AAAAAA;BA;BILLING_ADDRESS;Billing Address
invoice-3382.tiff;1;1;2480;3508;415863;1541;1105;226;52;1541;1105;1767;1105;1767;1157;1541;1157;Commande;AAAAAAAA;undefined;OTHER;OTHER
invoice-3382.tiff;1;1;2480;3508;415864;1779;1105;43;52;1779;1105;1822;1105;1822;1157;1779;1157;n°;AS;undefined;OTHER;OTHER
invoice-3382.tiff;1;1;2480;3508;415865;2166;1105;83;46;2166;1105;2249;1105;2249;1151;2166;1151;2118;NNNN;ONUM;ORDER_NUMBER;Order Number
invoice-3382.tiff;1;1;2480;3508;415850;124;1163;205;57;124;1163;329;1163;329;1220;124;1220;Livraison;AAAAAAAAA;undefined;OTHER;OTHER
invoice-3382.tiff;1;1;2480;3508;415851;343;1163;25;57;343;1163;368;1163;368;1220;343;1220;à;A;undefined;OTHER;OTHER
invoice-3382.tiff;1;1;2480;3508;415852;124;1221;88;48;124;1221;212;1221;212;1269;124;1269;Elisa;AAAAA;SHN;SHIPPING_NAME;Shipping Name
invoice-3382.tiff;1;1;2480;3508;415853;223;1221;81;48;223;1221;304;1221;304;1269;223;1269;Noel;AAAA;SHN;SHIPPING_NAME;Shipping Name
invoice-3382.tiff;1;1;2480;3508;415854;124;1269;31;45;124;1269;155;1269;155;1314;124;1314;8,;NS;SHA;SHIPPING_ADDRESS;Shipping Address
invoice-3382.tiff;1;1;2480;3508;415855;166;1269;187;45;166;1269;353;1269;353;1314;166;1314;lotissement;AAAAAAAAAAA;SHA;SHIPPING_ADDRESS;Shipping Address
invoice-3382.tiff;1;1;2480;3508;415856;364;1269;41;45;364;1269;405;1269;405;1314;364;1314;du;AA;SHA;SHIPPING_ADDRESS;Shipping Address
invoice-3382.tiff;1;1;2480;3508;415857;416;1269;50;45;416;1269;466;1269;466;1314;416;1314;val;AAA;SHA;SHIPPING_ADDRESS;Shipping Address
invoice-3382.tiff;1;1;2480;3508;415858;478;1269;39;45;478;1269;517;1269;517;1314;478;1314;de;AA;SHA;SHIPPING_ADDRESS;Shipping Address
invoice-3382.tiff;1;1;2480;3508;415859;527;1269;117;45;527;1269;644;1269;644;1314;527;1314;canche;AAAAAA;SHA;SHIPPING_ADDRESS;Shipping Address
invoice-3382.tiff;1;1;2480;3508;415860;124;1315;104;45;124;1315;228;1315;228;1360;124;1360;62390;NNNNN;SHA;SHIPPING_ADDRESS;Shipping Address
invoice-3382.tiff;1;1;2480;3508;415861;270;1315;180;45;270;1315;450;1315;450;1360;270;1360;Aubrometz;AAAAAAAAA;SHA;SHIPPING_ADDRESS;Shipping Address
invoice-3382.tiff;1;1;2480;3508;415862;124;1360;120;45;124;1360;244;1360;244;1405;124;1405;France;AAAAAA;SHA;SHIPPING_ADDRESS;Shipping Address
invoice-3382.tiff;1;1;2480;3508;415866;449;1684;226;52;449;1684;675;1684;675;1736;449;1736;Description;AAAAAAAAAAA;undefined;OTHER;OTHER
invoice-3382.tiff;1;1;2480;3508;415867;1038;1684;173;52;1038;1684;1211;1684;1211;1736;1038;1736;Quantité;AAAAAAAA;undefined;OTHER;OTHER
invoice-3382.tiff;1;1;2480;3508;415868;1287;1684;84;52;1287;1684;1371;1684;1371;1736;1287;1736;Prix;AAAA;undefined;OTHER;OTHER
invoice-3382.tiff;1;1;2480;3508;415869;1382;1684;162;52;1382;1684;1544;1684;1544;1736;1382;1736;Unitaire;AAAAAAAA;undefined;OTHER;OTHER
invoice-3382.tiff;1;1;2480;3508;415870;1616;1684;101;52;1616;1684;1717;1684;1717;1736;1616;1736;Taux;AAAA;undefined;OTHER;OTHER
invoice-3382.tiff;1;1;2480;3508;415871;1729;1684;45;52;1729;1684;1774;1684;1774;1736;1729;1736;de;AA;undefined;OTHER;OTHER
invoice-3382.tiff;1;1;2480;3508;415872;1786;1684;96;52;1786;1684;1882;1684;1882;1736;1786;1736;TVA;AAA;undefined;OTHER;OTHER
invoice-3382.tiff;1;1;2480;3508;415873;1959;1684;170;52;1959;1684;2129;1684;2129;1736;1959;1736;Montant;AAAAAAA;undefined;OTHER;OTHER
invoice-3382.tiff;1;1;2480;3508;415874;2141;1684;66;52;2141;1684;2207;1684;2207;1736;2141;1736;HT;AA;undefined;OTHER;OTHER
invoice-3382.tiff;1;1;2480;3508;415875;124;1758;141;48;124;1758;265;1758;265;1806;124;1806;Blender;AAAAAAA;undefined;OTHER;OTHER
invoice-3382.tiff;1;1;2480;3508;415876;276;1758;196;48;276;1758;472;1758;472;1806;276;1806;Kitchenaid;AAAAAAAAAA;undefined;OTHER;OTHER
invoice-3382.tiff;1;1;2480;3508;415877;483;1758;164;48;483;1758;647;1758;647;1806;483;1806;Diamond;AAAAAAA;undefined;OTHER;OTHER
invoice-3382.tiff;1;1;2480;3508;415878;658;1758;273;48;658;1758;931;1758;931;1806;658;1806;5KSB1585EER;NAAANNNNAAA;undefined;OTHER;OTHER
invoice-3382.tiff;1;1;2480;3508;415881;1114;1758;20;48;1114;1758;1134;1758;1134;1806;1114;1806;1;N;undefined;OTHER;OTHER
invoice-3382.tiff;1;1;2480;3508;415882;1343;1758;114;48;1343;1758;1457;1758;1457;1806;1343;1806;165,83;NNNSNN;undefined;OTHER;OTHER
invoice-3382.tiff;1;1;2480;3508;415883;1468;1758;20;48;1468;1758;1488;1758;1488;1806;1468;1806;$;S;undefined;OTHER;OTHER
invoice-3382.tiff;1;1;2480;3508;415884;1692;1758;114;48;1692;1758;1806;1758;1806;1806;1692;1806;20.0%;NNSNS;undefined;OTHER;OTHER
invoice-3382.tiff;1;1;2480;3508;415885;2010;1758;114;48;2010;1758;2124;1758;2124;1806;2010;1806;165,83;NNNSNN;undefined;OTHER;OTHER
invoice-3382.tiff;1;1;2480;3508;415886;2135;1758;20;48;2135;1758;2155;1758;2155;1806;2135;1806;$;S;undefined;OTHER;OTHER
invoice-3382.tiff;1;1;2480;3508;415879;124;1806;113;48;124;1806;237;1806;237;1854;124;1854;Rouge;AAAAA;undefined;OTHER;OTHER
invoice-3382.tiff;1;1;2480;3508;415880;248;1806;134;48;248;1806;382;1806;382;1854;248;1854;Empire;AAAAAA;undefined;OTHER;OTHER
invoice-3382.tiff;1;1;2480;3508;415887;1772;1937;170;52;1772;1937;1942;1937;1942;1989;1772;1989;Montant;AAAAAAA;undefined;OTHER;OTHER
invoice-3382.tiff;1;1;2480;3508;415888;1954;1937;66;52;1954;1937;2020;1937;2020;1989;1954;1989;HT;AA;undefined;OTHER;OTHER
invoice-3382.tiff;1;1;2480;3508;415889;2062;1937;114;48;2062;1937;2176;1937;2176;1985;2062;1985;165,83;NNNSNN;TWTX;TOTAL_WITHOUT_TAX;TWTXS
invoice-3382.tiff;1;1;2480;3508;415890;2187;1937;20;48;2187;1937;2207;1937;2207;1985;2187;1985;$;S;TWTX;TOTAL_WITHOUT_TAX;TWTXS
invoice-3382.tiff;1;1;2480;3508;415891;1944;1990;96;52;1944;1990;2040;1990;2040;2042;1944;2042;TVA;AAA;undefined;OTHER;OTHER
invoice-3382.tiff;1;1;2480;3508;415892;2083;1990;93;48;2083;1990;2176;1990;2176;2038;2083;2038;33,17;NNSNN;TTX;TOTAL_TAX;Total Tax
invoice-3382.tiff;1;1;2480;3508;415893;2187;1990;20;48;2187;1990;2207;1990;2207;2038;2187;2038;$;S;TTX;TOTAL_TAX;Total Tax
invoice-3382.tiff;1;1;2480;3508;415894;1810;2043;104;52;1810;2043;1914;2043;1914;2095;1810;2095;Total;AAAAA;undefined;OTHER;OTHER
invoice-3382.tiff;1;1;2480;3508;415895;1926;2043;94;52;1926;2043;2020;2043;2020;2095;1926;2095;TTC;AAA;undefined;OTHER;OTHER
invoice-3382.tiff;1;1;2480;3508;415896;2062;2043;114;48;2062;2043;2176;2043;2176;2091;2062;2091;199,00;NNNSNN;TA;TOTAL_AMOUNT;Total with TAX
invoice-3382.tiff;1;1;2480;3508;415897;2187;2043;20;48;2187;2043;2207;2043;2207;2091;2187;2091;$;S;TA;TOTAL_AMOUNT;Total with TAX
invoice-3382.tiff;1;1;2480;3508;415898;1187;3175;189;48;1187;3175;1376;3175;1376;3223;1187;3223;CABINET;AAAAAAA;SN;SUPPLIER_NAME;Seller/Company) name
invoice-3382.tiff;1;1;2480;3508;415899;1387;3175;141;48;1387;3175;1528;3175;1528;3223;1387;3223;PLACE;AAAAA;SN;SUPPLIER_NAME;Seller/Company) name
invoice-3382.tiff;1;1;2480;3508;415900;1539;3175;30;48;1539;3175;1569;3175;1569;3223;1539;3223;A;A;SN;SUPPLIER_NAME;Seller/Company) name
invoice-3382.tiff;1;1;2480;3508;415901;1187;3223;41;45;1187;3223;1228;3223;1228;3268;1187;3268;11;NN;SA;SUPPLIER_ADDRESS;Seller Address
invoice-3382.tiff;1;1;2480;3508;415902;1239;3223;81;45;1239;3223;1320;3223;1320;3268;1239;3268;RUE;AAA;SA;SUPPLIER_ADDRESS;Seller Address
invoice-3382.tiff;1;1;2480;3508;415903;1331;3223;60;45;1331;3223;1391;3223;1391;3268;1331;3268;DU;AA;SA;SUPPLIER_ADDRESS;Seller Address
invoice-3382.tiff;1;1;2480;3508;415904;1401;3223;287;45;1401;3223;1688;3223;1688;3268;1401;3268;COMMANDANT;AAAAAAAAAA;SA;SUPPLIER_ADDRESS;Seller Address
invoice-3382.tiff;1;1;2480;3508;415905;1699;3223;97;45;1699;3223;1796;3223;1796;3268;1699;3268;JEAN;AAAA;SA;SUPPLIER_ADDRESS;Seller Address
invoice-3382.tiff;1;1;2480;3508;415906;1806;3223;187;45;1806;3223;1993;3223;1993;3268;1806;3268;LEGRAND;AAAAAAA;SA;SUPPLIER_ADDRESS;Seller Address
invoice-3382.tiff;1;1;2480;3508;415907;1187;3268;104;45;1187;3268;1291;3268;1291;3313;1187;3313;90000;NNNNN;SA;SUPPLIER_ADDRESS;Seller Address
invoice-3382.tiff;1;1;2480;3508;415908;1333;3268;178;45;1333;3268;1511;3268;1511;3313;1333;3313;BELFORT;AAAAAAA;SA;SUPPLIER_ADDRESS;Seller Address
invoice-3382.tiff;1;1;2480;3508;415909;1187;3314;157;45;1187;3314;1344;3314;1344;3359;1187;3359;FRANCE;AAAAAA;SA;SUPPLIER_ADDRESS;Seller Address
