src;num_pages;page_id;page_width;page_height;id;col;row;width;height;x1;y1;x2;y2;x3;y3;x4;y4;contents;contents_masked;correctclass;tag;description
invoice-841.tiff;1;1;2480;3508;103604;124;62;193;175;124;62;317;62;317;237;124;237;common/logo;AAAAAASAAAA;img;IMAGE;Image
invoice-841.tiff;1;1;2480;3508;103619;1541;258;99;57;1541;258;1640;258;1640;315;1541;315;Date;AAAA;undefined;OTHER;OTHER
invoice-841.tiff;1;1;2480;3508;103620;1654;258;50;57;1654;258;1704;258;1704;315;1654;315;de;AA;undefined;OTHER;OTHER
invoice-841.tiff;1;1;2480;3508;103621;1716;258;38;57;1716;258;1754;258;1754;315;1716;315;la;AA;undefined;OTHER;OTHER
invoice-841.tiff;1;1;2480;3508;103622;1768;258;152;57;1768;258;1920;258;1920;315;1768;315;facture;AAAAAAA;undefined;OTHER;OTHER
invoice-841.tiff;1;1;2480;3508;103623;1983;258;45;50;1983;258;2028;258;2028;308;1983;308;30;NN;IDATE;INVOICE_DATE;Invoice Date
invoice-841.tiff;1;1;2480;3508;103624;2040;258;61;50;2040;258;2101;258;2101;308;2040;308;sep;AAA;IDATE;INVOICE_DATE;Invoice Date
invoice-841.tiff;1;1;2480;3508;103625;2113;258;91;50;2113;258;2204;258;2204;308;2113;308;1997;NNNN;IDATE;INVOICE_DATE;Invoice Date
invoice-841.tiff;1;1;2480;3508;103605;124;412;240;48;124;412;364;412;364;460;124;460;INDIVISION;AAAAAAAAAA;SN;SUPPLIER_NAME;Seller/Company) name
invoice-841.tiff;1;1;2480;3508;103606;376;412;134;48;376;412;510;412;510;460;376;460;VASSE;AAAAA;SN;SUPPLIER_NAME;Seller/Company) name
invoice-841.tiff;1;1;2480;3508;103607;520;412;155;48;520;412;675;412;675;460;520;460;SAVOIS;AAAAAA;SN;SUPPLIER_NAME;Seller/Company) name
invoice-841.tiff;1;1;2480;3508;103608;124;460;41;45;124;460;165;460;165;505;124;505;73;NN;SA;SUPPLIER_ADDRESS;Seller Address
invoice-841.tiff;1;1;2480;3508;103609;177;460;240;45;177;460;417;460;417;505;177;505;BOULEVARD;AAAAAAAAA;SA;SUPPLIER_ADDRESS;Seller Address
invoice-841.tiff;1;1;2480;3508;103610;428;460;145;45;428;460;573;460;573;505;428;505;VICTOR;AAAAAA;SA;SUPPLIER_ADDRESS;Seller Address
invoice-841.tiff;1;1;2480;3508;103611;584;460;120;45;584;460;704;460;704;505;584;505;HUGO;AAAA;SA;SUPPLIER_ADDRESS;Seller Address
invoice-841.tiff;1;1;2480;3508;103612;124;506;104;45;124;506;228;506;228;551;124;551;92110;NNNNN;SA;SUPPLIER_ADDRESS;Seller Address
invoice-841.tiff;1;1;2480;3508;103613;270;506;145;45;270;506;415;506;415;551;270;551;CLICHY;AAAAAA;SA;SUPPLIER_ADDRESS;Seller Address
invoice-841.tiff;1;1;2480;3508;103614;124;552;157;45;124;552;281;552;281;597;124;597;FRANCE;AAAAAA;SA;SUPPLIER_ADDRESS;Seller Address
invoice-841.tiff;1;1;2480;3508;103615;124;598;173;45;124;598;297;598;297;643;124;643;Téléphone;AAAAAAAAA;undefined;OTHER;OTHER
invoice-841.tiff;1;1;2480;3508;103616;361;598;263;45;361;598;624;598;624;643;361;643;04-64-21-19-11;NNSNNSNNSNNSNN;SCN;SUPPLIER_CONTACT_NUMBER;Seller Contact Number
invoice-841.tiff;1;1;2480;3508;103617;124;643;162;45;124;643;286;643;286;688;124;688;Télécopie;AAAAAAAAA;undefined;OTHER;OTHER
invoice-841.tiff;1;1;2480;3508;103618;349;643;263;45;349;643;612;643;612;688;349;688;04-64-21-83-42;NNSNNSNNSNNSNN;SFAX;SUPPLIER_FAX_NUMBER;Seller Fax Number
invoice-841.tiff;1;1;2480;3508;103626;124;1016;169;57;124;1016;293;1016;293;1073;124;1073;Adresse;AAAAAAA;undefined;OTHER;OTHER
invoice-841.tiff;1;1;2480;3508;103627;306;1016;50;57;306;1016;356;1016;356;1073;306;1073;de;AA;undefined;OTHER;OTHER
invoice-841.tiff;1;1;2480;3508;103628;369;1016;252;57;369;1016;621;1016;621;1073;369;1073;Facturation;AAAAAAAAAAA;undefined;OTHER;OTHER
invoice-841.tiff;1;1;2480;3508;103629;124;1073;81;48;124;1073;205;1073;205;1121;124;1121;Mlle;AAAA;BN;BILLING_NAME;Billing Name
invoice-841.tiff;1;1;2480;3508;103630;216;1073;124;48;216;1073;340;1073;340;1121;216;1121;Jeanne;AAAAAA;BN;BILLING_NAME;Billing Name
invoice-841.tiff;1;1;2480;3508;103631;351;1073;108;48;351;1073;459;1073;459;1121;351;1121;Morel;AAAAA;BN;BILLING_NAME;Billing Name
invoice-841.tiff;1;1;2480;3508;103632;124;1121;52;45;124;1121;176;1121;176;1166;124;1166;26,;NNS;BA;BILLING_ADDRESS;Billing Address
invoice-841.tiff;1;1;2480;3508;103633;187;1121;55;45;187;1121;242;1121;242;1166;187;1166;rue;AAA;BA;BILLING_ADDRESS;Billing Address
invoice-841.tiff;1;1;2480;3508;103634;253;1121;55;45;253;1121;308;1121;308;1166;253;1166;des;AAA;BA;BILLING_ADDRESS;Billing Address
invoice-841.tiff;1;1;2480;3508;103635;319;1121;159;45;319;1121;478;1121;478;1166;319;1166;vanneaux;AAAAAAAA;BA;BILLING_ADDRESS;Billing Address
invoice-841.tiff;1;1;2480;3508;103636;124;1167;104;45;124;1167;228;1167;228;1212;124;1212;85520;NNNNN;BA;BILLING_ADDRESS;Billing Address
invoice-841.tiff;1;1;2480;3508;103637;270;1167;226;45;270;1167;496;1167;496;1212;270;1212;Jard-sur-Mer;AAAASAAASAAA;BA;BILLING_ADDRESS;Billing Address
invoice-841.tiff;1;1;2480;3508;103652;1541;1169;221;52;1541;1169;1762;1169;1762;1221;1541;1221;FACTURE;AAAAAAA;undefined;OTHER;OTHER
invoice-841.tiff;1;1;2480;3508;103653;1774;1169;56;52;1774;1169;1830;1169;1830;1221;1774;1221;No;AA;undefined;OTHER;OTHER
invoice-841.tiff;1;1;2480;3508;103654;2166;1169;222;46;2166;1169;2388;1169;2388;1215;2166;1215;8562-736861;NNNNSNNNNNN;IN;INVOICE_NUMBER;Invoice Number
invoice-841.tiff;1;1;2480;3508;103638;124;1213;120;45;124;1213;244;1213;244;1258;124;1258;France;AAAAAA;BA;BILLING_ADDRESS;Billing Address
invoice-841.tiff;1;1;2480;3508;103655;1541;1243;175;52;1541;1243;1716;1243;1716;1295;1541;1295;CLIENT;AAAAAA;undefined;OTHER;OTHER
invoice-841.tiff;1;1;2480;3508;103656;1728;1243;56;52;1728;1243;1784;1243;1784;1295;1728;1295;No;AA;undefined;OTHER;OTHER
invoice-841.tiff;1;1;2480;3508;103657;2166;1243;159;46;2166;1243;2325;1243;2325;1289;2166;1289;755-0824;NNNSNNNN;CNUM;CLIENT_NUMBER;Client Number
invoice-841.tiff;1;1;2480;3508;103639;124;1301;169;57;124;1301;293;1301;293;1358;124;1358;Adresse;AAAAAAA;undefined;OTHER;OTHER
invoice-841.tiff;1;1;2480;3508;103640;306;1301;50;57;306;1301;356;1301;356;1358;306;1358;de;AA;undefined;OTHER;OTHER
invoice-841.tiff;1;1;2480;3508;103641;369;1301;205;57;369;1301;574;1301;574;1358;369;1358;Livraison;AAAAAAAAA;undefined;OTHER;OTHER
invoice-841.tiff;1;1;2480;3508;103658;1541;1317;285;52;1541;1317;1826;1317;1826;1369;1541;1369;COMMANDE;AAAAAAAA;undefined;OTHER;OTHER
invoice-841.tiff;1;1;2480;3508;103659;1838;1317;56;52;1838;1317;1894;1317;1894;1369;1838;1369;No;AA;undefined;OTHER;OTHER
invoice-841.tiff;1;1;2480;3508;103660;2166;1317;138;46;2166;1317;2304;1317;2304;1363;2166;1363;107-952;NNNSNNN;ONUM;ORDER_NUMBER;Order Number
invoice-841.tiff;1;1;2480;3508;103642;124;1358;81;48;124;1358;205;1358;205;1406;124;1406;Mlle;AAAA;SHN;SHIPPING_NAME;Shipping Name
invoice-841.tiff;1;1;2480;3508;103643;216;1358;124;48;216;1358;340;1358;340;1406;216;1406;Jeanne;AAAAAA;SHN;SHIPPING_NAME;Shipping Name
invoice-841.tiff;1;1;2480;3508;103644;351;1358;108;48;351;1358;459;1358;459;1406;351;1406;Morel;AAAAA;SHN;SHIPPING_NAME;Shipping Name
invoice-841.tiff;1;1;2480;3508;103645;124;1406;52;45;124;1406;176;1406;176;1451;124;1451;26,;NNS;SHA;SHIPPING_ADDRESS;Shipping Address
invoice-841.tiff;1;1;2480;3508;103646;187;1406;55;45;187;1406;242;1406;242;1451;187;1451;rue;AAA;SHA;SHIPPING_ADDRESS;Shipping Address
invoice-841.tiff;1;1;2480;3508;103647;253;1406;55;45;253;1406;308;1406;308;1451;253;1451;des;AAA;SHA;SHIPPING_ADDRESS;Shipping Address
invoice-841.tiff;1;1;2480;3508;103648;319;1406;159;45;319;1406;478;1406;478;1451;319;1451;vanneaux;AAAAAAAA;SHA;SHIPPING_ADDRESS;Shipping Address
invoice-841.tiff;1;1;2480;3508;103649;124;1452;104;45;124;1452;228;1452;228;1497;124;1497;85520;NNNNN;SHA;SHIPPING_ADDRESS;Shipping Address
invoice-841.tiff;1;1;2480;3508;103650;270;1452;226;45;270;1452;496;1452;496;1497;270;1497;Jard-sur-Mer;AAAASAAASAAA;SHA;SHIPPING_ADDRESS;Shipping Address
invoice-841.tiff;1;1;2480;3508;103651;124;1498;120;45;124;1498;244;1498;244;1543;124;1543;France;AAAAAA;SHA;SHIPPING_ADDRESS;Shipping Address
invoice-841.tiff;1;1;2480;3508;103661;446;1821;231;52;446;1821;677;1821;677;1873;446;1873;Désignation;AAAAAAAAAAA;undefined;OTHER;OTHER
invoice-841.tiff;1;1;2480;3508;103662;1089;1821;71;52;1089;1821;1160;1821;1160;1873;1089;1873;Qté;AAA;undefined;OTHER;OTHER
invoice-841.tiff;1;1;2480;3508;103663;1386;1821;61;52;1386;1821;1447;1821;1447;1873;1386;1873;UP;AA;undefined;OTHER;OTHER
invoice-841.tiff;1;1;2480;3508;103664;1701;1821;96;52;1701;1821;1797;1821;1797;1873;1701;1873;TVA;AAA;undefined;OTHER;OTHER
invoice-841.tiff;1;1;2480;3508;103665;1947;1821;170;52;1947;1821;2117;1821;2117;1873;1947;1873;Montant;AAAAAAA;undefined;OTHER;OTHER
invoice-841.tiff;1;1;2480;3508;103666;2129;1821;89;52;2129;1821;2218;1821;2218;1873;2129;1873;H.T.;ASAS;undefined;OTHER;OTHER
invoice-841.tiff;1;1;2480;3508;103667;124;1895;122;48;124;1895;246;1895;246;1943;124;1943;Disque;AAAAAA;undefined;OTHER;OTHER
invoice-841.tiff;1;1;2480;3508;103668;258;1895;64;48;258;1895;322;1895;322;1943;258;1943;dur;AAA;undefined;OTHER;OTHER
invoice-841.tiff;1;1;2480;3508;103669;333;1895;131;48;333;1895;464;1895;464;1943;333;1943;externe;AAAAAAA;undefined;OTHER;OTHER
invoice-841.tiff;1;1;2480;3508;103670;475;1895;136;48;475;1895;611;1895;611;1943;475;1943;Seagate;AAAAAAA;undefined;OTHER;OTHER
invoice-841.tiff;1;1;2480;3508;103671;622;1895;75;48;622;1895;697;1895;697;1943;622;1943;2,5'';NSNSS;undefined;OTHER;OTHER
invoice-841.tiff;1;1;2480;3508;103672;708;1895;69;48;708;1895;777;1895;777;1943;708;1943;4To;NAA;undefined;OTHER;OTHER
invoice-841.tiff;1;1;2480;3508;103673;788;1895;94;48;788;1895;882;1895;882;1943;788;1943;Xbox;AAAA;undefined;OTHER;OTHER
invoice-841.tiff;1;1;2480;3508;103674;893;1895;106;48;893;1895;999;1895;999;1943;893;1943;Game;AAAA;undefined;OTHER;OTHER
invoice-841.tiff;1;1;2480;3508;103676;1114;1895;20;48;1114;1895;1134;1895;1134;1943;1114;1943;1;N;undefined;OTHER;OTHER
invoice-841.tiff;1;1;2480;3508;103677;1359;1895;114;48;1359;1895;1473;1895;1473;1943;1359;1943;215,83;NNNSNN;undefined;OTHER;OTHER
invoice-841.tiff;1;1;2480;3508;103678;1692;1895;114;48;1692;1895;1806;1895;1806;1943;1692;1943;20.0%;NNSNS;undefined;OTHER;OTHER
invoice-841.tiff;1;1;2480;3508;103679;2026;1895;114;48;2026;1895;2140;1895;2140;1943;2026;1943;215,83;NNNSNN;undefined;OTHER;OTHER
invoice-841.tiff;1;1;2480;3508;103675;124;1943;99;48;124;1943;223;1943;223;1991;124;1991;Drive;AAAAA;undefined;OTHER;OTHER
invoice-841.tiff;1;1;2480;3508;103680;124;2033;245;48;124;2033;369;2033;369;2081;124;2081;Identificateur;AAAAAAAAAAAAAA;undefined;OTHER;OTHER
invoice-841.tiff;1;1;2480;3508;103681;380;2033;83;48;380;2033;463;2033;463;2081;380;2081;Dotz;AAAA;undefined;OTHER;OTHER
invoice-841.tiff;1;1;2480;3508;103682;474;2033;85;48;474;2033;559;2033;559;2081;474;2081;pour;AAAA;undefined;OTHER;OTHER
invoice-841.tiff;1;1;2480;3508;103683;570;2033;92;48;570;2033;662;2033;662;2081;570;2081;câble;AAAAA;undefined;OTHER;OTHER
invoice-841.tiff;1;1;2480;3508;103684;673;2033;87;48;673;2033;760;2033;760;2081;673;2081;Pack;AAAA;undefined;OTHER;OTHER
invoice-841.tiff;1;1;2480;3508;103685;771;2033;41;48;771;2033;812;2033;812;2081;771;2081;de;AA;undefined;OTHER;OTHER
invoice-841.tiff;1;1;2480;3508;103686;823;2033;41;48;823;2033;864;2033;864;2081;823;2081;12;NN;undefined;OTHER;OTHER
invoice-841.tiff;1;1;2480;3508;103687;1114;2033;20;48;1114;2033;1134;2033;1134;2081;1114;2081;1;N;undefined;OTHER;OTHER
invoice-841.tiff;1;1;2480;3508;103688;1369;2033;93;48;1369;2033;1462;2033;1462;2081;1369;2081;12,49;NNSNN;undefined;OTHER;OTHER
invoice-841.tiff;1;1;2480;3508;103689;1692;2033;114;48;1692;2033;1806;2033;1806;2081;1692;2081;20.0%;NNSNS;undefined;OTHER;OTHER
invoice-841.tiff;1;1;2480;3508;103690;2036;2033;93;48;2036;2033;2129;2033;2129;2081;2036;2081;12,49;NNSNN;undefined;OTHER;OTHER
invoice-841.tiff;1;1;2480;3508;103691;124;2123;104;48;124;2123;228;2123;228;2171;124;2171;Câble;AAAAA;undefined;OTHER;OTHER
invoice-841.tiff;1;1;2480;3508;103692;239;2123;118;48;239;2123;357;2123;357;2171;239;2171;HDMI;AAAA;undefined;OTHER;OTHER
invoice-841.tiff;1;1;2480;3508;103693;368;2123;180;48;368;2123;548;2123;548;2171;368;2171;Essentielb;AAAAAAAAAA;undefined;OTHER;OTHER
invoice-841.tiff;1;1;2480;3508;103694;559;2123;71;48;559;2123;630;2123;630;2171;559;2171;Plat;AAAA;undefined;OTHER;OTHER
invoice-841.tiff;1;1;2480;3508;103695;641;2123;60;48;641;2123;701;2123;701;2171;641;2171;2M;NA;undefined;OTHER;OTHER
invoice-841.tiff;1;1;2480;3508;103696;711;2123;192;48;711;2123;903;2123;903;2171;711;2171;Anthracite;AAAAAAAAAA;undefined;OTHER;OTHER
invoice-841.tiff;1;1;2480;3508;103697;1114;2123;20;48;1114;2123;1134;2123;1134;2171;1114;2171;2;N;undefined;OTHER;OTHER
invoice-841.tiff;1;1;2480;3508;103698;1369;2123;93;48;1369;2123;1462;2123;1462;2171;1369;2171;12,49;NNSNN;undefined;OTHER;OTHER
invoice-841.tiff;1;1;2480;3508;103699;1692;2123;114;48;1692;2123;1806;2123;1806;2171;1692;2171;20.0%;NNSNS;undefined;OTHER;OTHER
invoice-841.tiff;1;1;2480;3508;103700;2036;2123;93;48;2036;2123;2129;2123;2129;2171;2036;2171;24,98;NNSNN;undefined;OTHER;OTHER
invoice-841.tiff;1;1;2480;3508;103701;124;2212;185;48;124;2212;309;2212;309;2260;124;2260;Chauffage;AAAAAAAAA;undefined;OTHER;OTHER
invoice-841.tiff;1;1;2480;3508;103702;320;2212;157;48;320;2212;477;2212;477;2260;320;2260;soufflant;AAAAAAAAA;undefined;OTHER;OTHER
invoice-841.tiff;1;1;2480;3508;103703;488;2212;129;48;488;2212;617;2212;617;2260;488;2260;Taurus;AAAAAA;undefined;OTHER;OTHER
invoice-841.tiff;1;1;2480;3508;103704;628;2212;185;48;628;2212;813;2212;813;2260;628;2260;Chauffage;AAAAAAAAA;undefined;OTHER;OTHER
invoice-841.tiff;1;1;2480;3508;103705;824;2212;164;48;824;2212;988;2212;988;2260;824;2260;Soufflant;AAAAAAAAA;undefined;OTHER;OTHER
invoice-841.tiff;1;1;2480;3508;103711;1114;2212;20;48;1114;2212;1134;2212;1134;2260;1114;2260;3;N;undefined;OTHER;OTHER
invoice-841.tiff;1;1;2480;3508;103712;1369;2212;93;48;1369;2212;1462;2212;1462;2260;1369;2260;29,80;NNSNN;undefined;OTHER;OTHER
invoice-841.tiff;1;1;2480;3508;103713;1692;2212;114;48;1692;2212;1806;2212;1806;2260;1692;2260;20.0%;NNSNS;undefined;OTHER;OTHER
invoice-841.tiff;1;1;2480;3508;103714;2036;2212;93;48;2036;2212;2129;2212;2129;2260;2036;2260;89,40;NNSNN;undefined;OTHER;OTHER
invoice-841.tiff;1;1;2480;3508;103706;124;2260;13;48;124;2260;137;2260;137;2308;124;2308;-;S;undefined;OTHER;OTHER
invoice-841.tiff;1;1;2480;3508;103707;149;2260;171;48;149;2260;320;2260;320;2308;149;2308;tropicano;AAAAAAAAA;undefined;OTHER;OTHER
invoice-841.tiff;1;1;2480;3508;103708;331;2260;20;48;331;2260;351;2260;351;2308;331;2308;3;N;undefined;OTHER;OTHER
invoice-841.tiff;1;1;2480;3508;103709;362;2260;37;48;362;2260;399;2260;399;2308;362;2308;cr;AA;undefined;OTHER;OTHER
invoice-841.tiff;1;1;2480;3508;103710;409;2260;31;48;409;2260;440;2260;440;2308;409;2308;...;SSS;undefined;OTHER;OTHER
invoice-841.tiff;1;1;2480;3508;103715;124;2350;55;48;124;2350;179;2350;179;2398;124;2398;PC;AA;undefined;OTHER;OTHER
invoice-841.tiff;1;1;2480;3508;103716;190;2350;124;48;190;2350;314;2350;314;2398;190;2398;Gamer;AAAAA;undefined;OTHER;OTHER
invoice-841.tiff;1;1;2480;3508;103717;326;2350;85;48;326;2350;411;2350;411;2398;326;2398;Asus;AAAA;undefined;OTHER;OTHER
invoice-841.tiff;1;1;2480;3508;103718;422;2350;472;48;422;2350;894;2350;894;2398;422;2398;G11CD-K-FR070T+Ecran;ANNAASASAANNNASAAAAA;undefined;OTHER;OTHER
invoice-841.tiff;1;1;2480;3508;103719;905;2350;55;48;905;2350;960;2350;960;2398;905;2398;PC;AA;undefined;OTHER;OTHER
invoice-841.tiff;1;1;2480;3508;103723;1114;2350;20;48;1114;2350;1134;2350;1134;2398;1114;2398;2;N;undefined;OTHER;OTHER
invoice-841.tiff;1;1;2480;3508;103724;1380;2350;72;48;1380;2350;1452;2350;1452;2398;1380;2398;0,00;NSNN;undefined;OTHER;OTHER
invoice-841.tiff;1;1;2480;3508;103725;1692;2350;114;48;1692;2350;1806;2350;1806;2398;1692;2398;20.0%;NNSNS;undefined;OTHER;OTHER
invoice-841.tiff;1;1;2480;3508;103726;2046;2350;72;48;2046;2350;2118;2350;2118;2398;2046;2398;0,00;NSNN;undefined;OTHER;OTHER
invoice-841.tiff;1;1;2480;3508;103720;124;2398;124;48;124;2398;248;2398;248;2446;124;2446;Gamer;AAAAA;undefined;OTHER;OTHER
invoice-841.tiff;1;1;2480;3508;103721;260;2398;85;48;260;2398;345;2398;345;2446;260;2446;Asus;AAAA;undefined;OTHER;OTHER
invoice-841.tiff;1;1;2480;3508;103722;356;2398;157;48;356;2398;513;2398;513;2446;356;2446;VG245H;AANNNA;undefined;OTHER;OTHER
invoice-841.tiff;1;1;2480;3508;103727;1770;2529;170;52;1770;2529;1940;2529;1940;2581;1770;2581;Montant;AAAAAAA;undefined;OTHER;OTHER
invoice-841.tiff;1;1;2480;3508;103728;1952;2529;89;52;1952;2529;2041;2529;2041;2581;1952;2581;H.T.;ASAS;undefined;OTHER;OTHER
invoice-841.tiff;1;1;2480;3508;103729;2083;2529;114;48;2083;2529;2197;2529;2197;2577;2083;2577;342,71;NNNSNN;TWTX;TOTAL_WITHOUT_TAX;TWTXS
invoice-841.tiff;1;1;2480;3508;103730;1955;2582;96;52;1955;2582;2051;2582;2051;2634;1955;2634;TVA;AAA;undefined;OTHER;OTHER
invoice-841.tiff;1;1;2480;3508;103731;2093;2582;114;48;2093;2582;2207;2582;2207;2630;2093;2630;20.0%;NNSNS;TXR;TAX_RATE;Tax Rate
invoice-841.tiff;1;1;2480;3508;103732;1783;2635;170;52;1783;2635;1953;2635;1953;2687;1783;2687;Montant;AAAAAAA;undefined;OTHER;OTHER
invoice-841.tiff;1;1;2480;3508;103733;1965;2635;96;52;1965;2635;2061;2635;2061;2687;1965;2687;TVA;AAA;undefined;OTHER;OTHER
invoice-841.tiff;1;1;2480;3508;103734;2104;2635;93;48;2104;2635;2197;2635;2197;2683;2104;2683;68,54;NNSNN;TTX;TOTAL_TAX;Total Tax
invoice-841.tiff;1;1;2480;3508;103735;1765;2688;170;52;1765;2688;1935;2688;1935;2740;1765;2740;Montant;AAAAAAA;undefined;OTHER;OTHER
invoice-841.tiff;1;1;2480;3508;103736;1947;2688;94;52;1947;2688;2041;2688;2041;2740;1947;2740;TTC;AAA;undefined;OTHER;OTHER
invoice-841.tiff;1;1;2480;3508;103737;2083;2688;114;48;2083;2688;2197;2688;2197;2736;2083;2736;411,25;NNNSNN;TA;TOTAL_AMOUNT;Total with TAX
invoice-841.tiff;1;1;2480;3508;103738;124;3175;240;48;124;3175;364;3175;364;3223;124;3223;INDIVISION;AAAAAAAAAA;SN;SUPPLIER_NAME;Seller/Company) name
invoice-841.tiff;1;1;2480;3508;103739;376;3175;134;48;376;3175;510;3175;510;3223;376;3223;VASSE;AAAAA;SN;SUPPLIER_NAME;Seller/Company) name
invoice-841.tiff;1;1;2480;3508;103740;520;3175;155;48;520;3175;675;3175;675;3223;520;3223;SAVOIS;AAAAAA;SN;SUPPLIER_NAME;Seller/Company) name
invoice-841.tiff;1;1;2480;3508;103741;124;3223;41;45;124;3223;165;3223;165;3268;124;3268;73;NN;SA;SUPPLIER_ADDRESS;Seller Address
invoice-841.tiff;1;1;2480;3508;103742;177;3223;240;45;177;3223;417;3223;417;3268;177;3268;BOULEVARD;AAAAAAAAA;SA;SUPPLIER_ADDRESS;Seller Address
invoice-841.tiff;1;1;2480;3508;103743;428;3223;145;45;428;3223;573;3223;573;3268;428;3268;VICTOR;AAAAAA;SA;SUPPLIER_ADDRESS;Seller Address
invoice-841.tiff;1;1;2480;3508;103744;584;3223;120;45;584;3223;704;3223;704;3268;584;3268;HUGO;AAAA;SA;SUPPLIER_ADDRESS;Seller Address
invoice-841.tiff;1;1;2480;3508;103745;124;3268;104;45;124;3268;228;3268;228;3313;124;3313;92110;NNNNN;SA;SUPPLIER_ADDRESS;Seller Address
invoice-841.tiff;1;1;2480;3508;103746;270;3268;145;45;270;3268;415;3268;415;3313;270;3313;CLICHY;AAAAAA;SA;SUPPLIER_ADDRESS;Seller Address
invoice-841.tiff;1;1;2480;3508;103747;124;3314;157;45;124;3314;281;3314;281;3359;124;3359;FRANCE;AAAAAA;SA;SUPPLIER_ADDRESS;Seller Address
