src;num_pages;page_id;page_width;page_height;id;col;row;width;height;x1;y1;x2;y2;x3;y3;x4;y4;contents;contents_masked;correctclass;tag;description
invoice-2930.tiff;1;1;2480;3508;360513;124;62;397;175;124;62;521;62;521;237;124;237;common/logo;AAAAAASAAAA;img;IMAGE;Image
invoice-2930.tiff;1;1;2480;3508;360532;1541;270;241;59;1541;270;1782;270;1782;329;1541;329;Référence;AAAAAAAAA;undefined;OTHER;OTHER
invoice-2930.tiff;1;1;2480;3508;360533;1797;270;58;59;1797;270;1855;270;1855;329;1797;329;de;AA;undefined;OTHER;OTHER
invoice-2930.tiff;1;1;2480;3508;360534;1869;270;41;59;1869;270;1910;270;1910;329;1869;329;la;AA;undefined;OTHER;OTHER
invoice-2930.tiff;1;1;2480;3508;360535;1925;270;166;59;1925;270;2091;270;2091;329;1925;329;facture;AAAAAAA;undefined;OTHER;OTHER
invoice-2930.tiff;1;1;2480;3508;360536;2154;270;178;52;2154;270;2332;270;2332;322;2154;322;0077280;NNNNNNN;IN;INVOICE_NUMBER;Invoice Number
invoice-2930.tiff;1;1;2480;3508;360514;124;412;53;49;124;412;177;412;177;461;124;461;LE;AA;SN;SUPPLIER_NAME;Seller/Company) name
invoice-2930.tiff;1;1;2480;3508;360515;189;412;152;49;189;412;341;412;341;461;189;461;PALAIS;AAAAAA;SN;SUPPLIER_NAME;Seller/Company) name
invoice-2930.tiff;1;1;2480;3508;360516;354;412;57;49;354;412;411;412;411;461;354;461;DE;AA;SN;SUPPLIER_NAME;Seller/Company) name
invoice-2930.tiff;1;1;2480;3508;360517;423;412;118;49;423;412;541;412;541;461;423;461;SOUS;AAAA;SN;SUPPLIER_NAME;Seller/Company) name
invoice-2930.tiff;1;1;2480;3508;360518;124;462;46;48;124;462;170;462;170;510;124;510;60;NN;SA;SUPPLIER_ADDRESS;Seller Address
invoice-2930.tiff;1;1;2480;3508;360519;182;462;171;48;182;462;353;462;353;510;182;510;AVENUE;AAAAAA;SA;SUPPLIER_ADDRESS;Seller Address
invoice-2930.tiff;1;1;2480;3508;360520;365;462;60;48;365;462;425;462;425;510;365;510;DU;AA;SA;SUPPLIER_ADDRESS;Seller Address
invoice-2930.tiff;1;1;2480;3508;360521;437;462;231;48;437;462;668;462;668;510;437;510;MARECHAL;AAAAAAAA;SA;SUPPLIER_ADDRESS;Seller Address
invoice-2930.tiff;1;1;2480;3508;360522;680;462;162;48;680;462;842;462;842;510;680;510;JOFFRE;AAAAAA;SA;SUPPLIER_ADDRESS;Seller Address
invoice-2930.tiff;1;1;2480;3508;360523;851;462;11;48;851;462;862;462;862;510;851;510;,;S;SA;SUPPLIER_ADDRESS;Seller Address
invoice-2930.tiff;1;1;2480;3508;360524;874;462;115;48;874;462;989;462;989;510;874;510;92000;NNNNN;SA;SUPPLIER_ADDRESS;Seller Address
invoice-2930.tiff;1;1;2480;3508;360525;998;462;229;48;998;462;1227;462;1227;510;998;510;NANTERRE;AAAAAAAA;SA;SUPPLIER_ADDRESS;Seller Address
invoice-2930.tiff;1;1;2480;3508;360526;1235;462;11;48;1235;462;1246;462;1246;510;1235;510;,;S;SA;SUPPLIER_ADDRESS;Seller Address
invoice-2930.tiff;1;1;2480;3508;360527;1259;462;171;48;1259;462;1430;462;1430;510;1259;510;FRANCE;AAAAAA;SA;SUPPLIER_ADDRESS;Seller Address
invoice-2930.tiff;1;1;2480;3508;360528;124;510;69;48;124;510;193;510;193;558;124;558;Tel:;AAAS;undefined;OTHER;OTHER
invoice-2930.tiff;1;1;2480;3508;360529;219;510;278;48;219;510;497;510;497;558;219;558;06.50.71.56.40;NNSNNSNNSNNSNN;SCN;SUPPLIER_CONTACT_NUMBER;Seller Contact Number
invoice-2930.tiff;1;1;2480;3508;360530;539;510;81;48;539;510;620;510;620;558;539;558;Fax:;AAAS;undefined;OTHER;OTHER
invoice-2930.tiff;1;1;2480;3508;360531;645;510;278;48;645;510;923;510;923;558;645;558;06.50.71.69.39;NNSNNSNNSNNSNN;SFAX;SUPPLIER_FAX_NUMBER;Seller Fax Number
invoice-2930.tiff;1;1;2480;3508;360537;124;895;286;59;124;895;410;895;410;954;124;954;Destinataire;AAAAAAAAAAAA;undefined;OTHER;OTHER
invoice-2930.tiff;1;1;2480;3508;360538;124;954;83;49;124;954;207;954;207;1003;124;1003;Prof;AAAA;BN;BILLING_NAME;Billing Name
invoice-2930.tiff;1;1;2480;3508;360539;219;954;148;49;219;954;367;954;367;1003;219;1003;Nicolas;AAAAAAA;BN;BILLING_NAME;Billing Name
invoice-2930.tiff;1;1;2480;3508;360540;379;954;134;49;379;954;513;954;513;1003;379;1003;Guerin;AAAAAA;BN;BILLING_NAME;Billing Name
invoice-2930.tiff;1;1;2480;3508;360541;124;1004;34;48;124;1004;158;1004;158;1052;124;1052;2,;NS;BA;BILLING_ADDRESS;Billing Address
invoice-2930.tiff;1;1;2480;3508;360542;171;1004;60;48;171;1004;231;1004;231;1052;171;1052;rue;AAA;BA;BILLING_ADDRESS;Billing Address
invoice-2930.tiff;1;1;2480;3508;360543;243;1004;148;48;243;1004;391;1004;391;1052;243;1052;auguste;AAAAAAA;BA;BILLING_ADDRESS;Billing Address
invoice-2930.tiff;1;1;2480;3508;360544;402;1004;134;48;402;1004;536;1004;536;1052;402;1052;blanqui;AAAAAAA;BA;BILLING_ADDRESS;Billing Address
invoice-2930.tiff;1;1;2480;3508;360545;124;1052;115;48;124;1052;239;1052;239;1100;124;1100;22000;NNNNN;BA;BILLING_ADDRESS;Billing Address
invoice-2930.tiff;1;1;2480;3508;360546;282;1052;226;48;282;1052;508;1052;508;1100;282;1100;Saint-Brieuc;AAAAASAAAAAA;BA;BILLING_ADDRESS;Billing Address
invoice-2930.tiff;1;1;2480;3508;360561;1541;1094;99;54;1541;1094;1640;1094;1640;1148;1541;1148;Date;AAAA;undefined;OTHER;OTHER
invoice-2930.tiff;1;1;2480;3508;360562;1653;1094;53;54;1653;1094;1706;1094;1706;1148;1653;1148;de;AA;undefined;OTHER;OTHER
invoice-2930.tiff;1;1;2480;3508;360563;1719;1094;38;54;1719;1094;1757;1094;1757;1148;1719;1148;la;AA;undefined;OTHER;OTHER
invoice-2930.tiff;1;1;2480;3508;360564;1770;1094;152;54;1770;1094;1922;1094;1922;1148;1770;1148;facture;AAAAAAA;undefined;OTHER;OTHER
invoice-2930.tiff;1;1;2480;3508;360565;2166;1094;162;48;2166;1094;2328;1094;2328;1142;2166;1142;10/02/87;NNSNNSNN;IDATE;INVOICE_DATE;Invoice Date
invoice-2930.tiff;1;1;2480;3508;360547;124;1100;129;48;124;1100;253;1100;253;1148;124;1148;France;AAAAAA;BA;BILLING_ADDRESS;Billing Address
invoice-2930.tiff;1;1;2480;3508;360566;1541;1169;221;54;1541;1169;1762;1169;1762;1223;1541;1223;Référence;AAAAAAAAA;undefined;OTHER;OTHER
invoice-2930.tiff;1;1;2480;3508;360567;1776;1169;53;54;1776;1169;1829;1169;1829;1223;1776;1223;de;AA;undefined;OTHER;OTHER
invoice-2930.tiff;1;1;2480;3508;360568;1842;1169;38;54;1842;1169;1880;1169;1880;1223;1842;1223;la;AA;undefined;OTHER;OTHER
invoice-2930.tiff;1;1;2480;3508;360569;1893;1169;241;54;1893;1169;2134;1169;2134;1223;1893;1223;commande;AAAAAAAA;undefined;OTHER;OTHER
invoice-2930.tiff;1;1;2480;3508;360570;2166;1169;115;48;2166;1169;2281;1169;2281;1217;2166;1217;99272;NNNNN;ONUM;ORDER_NUMBER;Order Number
invoice-2930.tiff;1;1;2480;3508;360548;124;1190;222;59;124;1190;346;1190;346;1249;124;1249;Livraison;AAAAAAAAA;undefined;OTHER;OTHER
invoice-2930.tiff;1;1;2480;3508;360549;361;1190;27;59;361;1190;388;1190;388;1249;361;1249;à;A;undefined;OTHER;OTHER
invoice-2930.tiff;1;1;2480;3508;360550;124;1250;83;49;124;1250;207;1250;207;1299;124;1299;Prof;AAAA;SHN;SHIPPING_NAME;Shipping Name
invoice-2930.tiff;1;1;2480;3508;360551;219;1250;148;49;219;1250;367;1250;367;1299;219;1299;Nicolas;AAAAAAA;SHN;SHIPPING_NAME;Shipping Name
invoice-2930.tiff;1;1;2480;3508;360552;379;1250;134;49;379;1250;513;1250;513;1299;379;1299;Guerin;AAAAAA;SHN;SHIPPING_NAME;Shipping Name
invoice-2930.tiff;1;1;2480;3508;360553;124;1299;34;48;124;1299;158;1299;158;1347;124;1347;3,;NS;SHA;SHIPPING_ADDRESS;Shipping Address
invoice-2930.tiff;1;1;2480;3508;360554;171;1299;60;48;171;1299;231;1299;231;1347;171;1347;rue;AAA;SHA;SHIPPING_ADDRESS;Shipping Address
invoice-2930.tiff;1;1;2480;3508;360555;243;1299;46;48;243;1299;289;1299;289;1347;243;1347;du;AA;SHA;SHIPPING_ADDRESS;Shipping Address
invoice-2930.tiff;1;1;2480;3508;360556;301;1299;71;48;301;1299;372;1299;372;1347;301;1347;vieil;AAAAA;SHA;SHIPPING_ADDRESS;Shipping Address
invoice-2930.tiff;1;1;2480;3508;360557;384;1299;141;48;384;1299;525;1299;525;1347;384;1347;armand;AAAAAA;SHA;SHIPPING_ADDRESS;Shipping Address
invoice-2930.tiff;1;1;2480;3508;360558;124;1347;115;48;124;1347;239;1347;239;1395;124;1395;68760;NNNNN;SHA;SHIPPING_ADDRESS;Shipping Address
invoice-2930.tiff;1;1;2480;3508;360559;282;1347;275;48;282;1347;557;1347;557;1395;282;1395;Willer-sur-Thur;AAAAAASAAASAAAA;SHA;SHIPPING_ADDRESS;Shipping Address
invoice-2930.tiff;1;1;2480;3508;360560;124;1395;129;48;124;1395;253;1395;253;1443;124;1443;France;AAAAAA;SHA;SHIPPING_ADDRESS;Shipping Address
invoice-2930.tiff;1;1;2480;3508;360571;431;1711;262;54;431;1711;693;1711;693;1765;431;1765;Désignation;AAAAAAAAAAA;undefined;OTHER;OTHER
invoice-2930.tiff;1;1;2480;3508;360572;1086;1711;76;54;1086;1711;1162;1711;1162;1765;1086;1765;Qté;AAA;undefined;OTHER;OTHER
invoice-2930.tiff;1;1;2480;3508;360573;1384;1711;63;54;1384;1711;1447;1711;1447;1765;1384;1765;UP;AA;undefined;OTHER;OTHER
invoice-2930.tiff;1;1;2480;3508;360574;1704;1711;91;54;1704;1711;1795;1711;1795;1765;1704;1765;TVA;AAA;undefined;OTHER;OTHER
invoice-2930.tiff;1;1;2480;3508;360575;1944;1711;178;54;1944;1711;2122;1711;2122;1765;1944;1765;Montant;AAAAAAA;undefined;OTHER;OTHER
invoice-2930.tiff;1;1;2480;3508;360576;2135;1711;86;54;2135;1711;2221;1711;2221;1765;2135;1765;H.T.;ASAS;undefined;OTHER;OTHER
invoice-2930.tiff;1;1;2480;3508;360577;124;1786;155;49;124;1786;279;1786;279;1835;124;1835;Serveur;AAAAAAA;undefined;OTHER;OTHER
invoice-2930.tiff;1;1;2480;3508;360578;291;1786;87;49;291;1786;378;1786;378;1835;291;1835;NAS;AAA;undefined;OTHER;OTHER
invoice-2930.tiff;1;1;2480;3508;360579;391;1786;187;49;391;1786;578;1786;578;1835;391;1835;Synology;AAAAAAAA;undefined;OTHER;OTHER
invoice-2930.tiff;1;1;2480;3508;360580;590;1786;210;49;590;1786;800;1786;800;1835;590;1835;DS216play;AANNNAAAA;undefined;OTHER;OTHER
invoice-2930.tiff;1;1;2480;3508;360581;1113;1786;23;49;1113;1786;1136;1786;1136;1835;1113;1835;3;N;undefined;OTHER;OTHER
invoice-2930.tiff;1;1;2480;3508;360582;1303;1786;127;49;1303;1786;1430;1786;1430;1835;1303;1835;215,00;NNNSNN;undefined;OTHER;OTHER
invoice-2930.tiff;1;1;2480;3508;360583;1442;1786;87;49;1442;1786;1529;1786;1529;1835;1442;1835;EUR;AAA;undefined;OTHER;OTHER
invoice-2930.tiff;1;1;2480;3508;360584;1690;1786;118;49;1690;1786;1808;1786;1808;1835;1690;1835;20.0%;NNSNS;undefined;OTHER;OTHER
invoice-2930.tiff;1;1;2480;3508;360585;1969;1786;127;49;1969;1786;2096;1786;2096;1835;1969;1835;645,00;NNNSNN;undefined;OTHER;OTHER
invoice-2930.tiff;1;1;2480;3508;360586;2108;1786;87;49;2108;1786;2195;1786;2195;1835;2108;1835;EUR;AAA;undefined;OTHER;OTHER
invoice-2930.tiff;1;1;2480;3508;360587;124;1878;219;49;124;1878;343;1878;343;1927;124;1927;Adaptateur;AAAAAAAAAA;undefined;OTHER;OTHER
invoice-2930.tiff;1;1;2480;3508;360588;356;1878;92;49;356;1878;448;1878;448;1927;356;1927;Jack;AAAA;undefined;OTHER;OTHER
invoice-2930.tiff;1;1;2480;3508;360589;460;1878;208;49;460;1878;668;1878;668;1927;460;1927;Essentielb;AAAAAAAAAA;undefined;OTHER;OTHER
invoice-2930.tiff;1;1;2480;3508;360590;680;1878;92;49;680;1878;772;1878;772;1927;680;1927;Jack;AAAA;undefined;OTHER;OTHER
invoice-2930.tiff;1;1;2480;3508;360591;784;1878;97;49;784;1878;881;1878;881;1927;784;1927;3,5-F;NSNSA;undefined;OTHER;OTHER
invoice-2930.tiff;1;1;2480;3508;360593;1113;1878;23;49;1113;1878;1136;1878;1136;1927;1113;1927;2;N;undefined;OTHER;OTHER
invoice-2930.tiff;1;1;2480;3508;360594;1326;1878;81;49;1326;1878;1407;1878;1407;1927;1326;1927;4,99;NSNN;undefined;OTHER;OTHER
invoice-2930.tiff;1;1;2480;3508;360595;1419;1878;87;49;1419;1878;1506;1878;1506;1927;1419;1927;EUR;AAA;undefined;OTHER;OTHER
invoice-2930.tiff;1;1;2480;3508;360596;1690;1878;118;49;1690;1878;1808;1878;1808;1927;1690;1927;20.0%;NNSNS;undefined;OTHER;OTHER
invoice-2930.tiff;1;1;2480;3508;360597;1993;1878;81;49;1993;1878;2074;1878;2074;1927;1993;1927;9,98;NSNN;undefined;OTHER;OTHER
invoice-2930.tiff;1;1;2480;3508;360598;2085;1878;87;49;2085;1878;2172;1878;2172;1927;2085;1927;EUR;AAA;undefined;OTHER;OTHER
invoice-2930.tiff;1;1;2480;3508;360592;124;1927;118;49;124;1927;242;1927;242;1976;124;1976;/2,5-M;SNSNSA;undefined;OTHER;OTHER
invoice-2930.tiff;1;1;2480;3508;360599;1674;2060;165;52;1674;2060;1839;2060;1839;2112;1674;2112;Montant;AAAAAAA;undefined;OTHER;OTHER
invoice-2930.tiff;1;1;2480;3508;360600;1853;2060;86;52;1853;2060;1939;2060;1939;2112;1853;2112;H.T.;ASAS;undefined;OTHER;OTHER
invoice-2930.tiff;1;1;2480;3508;360601;1981;2060;127;48;1981;2060;2108;2060;2108;2108;1981;2108;654,98;NNNSNN;TWTX;TOTAL_WITHOUT_TAX;TWTXS
invoice-2930.tiff;1;1;2480;3508;360602;2120;2060;87;48;2120;2060;2207;2060;2207;2108;2120;2108;EUR;AAA;TWTX;TOTAL_WITHOUT_TAX;TWTXS
invoice-2930.tiff;1;1;2480;3508;360603;1959;2113;89;52;1959;2113;2048;2113;2048;2165;1959;2165;TVA;AAA;undefined;OTHER;OTHER
invoice-2930.tiff;1;1;2480;3508;360604;2090;2113;118;48;2090;2113;2208;2113;2208;2161;2090;2161;20.0%;NNSNS;TXR;TAX_RATE;Tax Rate
invoice-2930.tiff;1;1;2480;3508;360605;1672;2166;165;52;1672;2166;1837;2166;1837;2218;1672;2218;Montant;AAAAAAA;undefined;OTHER;OTHER
invoice-2930.tiff;1;1;2480;3508;360606;1850;2166;89;52;1850;2166;1939;2166;1939;2218;1850;2218;TVA;AAA;undefined;OTHER;OTHER
invoice-2930.tiff;1;1;2480;3508;360607;1981;2166;127;48;1981;2166;2108;2166;2108;2214;1981;2214;131,00;NNNSNN;TTX;TOTAL_TAX;Total Tax
invoice-2930.tiff;1;1;2480;3508;360608;2120;2166;87;48;2120;2166;2207;2166;2207;2214;2120;2214;EUR;AAA;TTX;TOTAL_TAX;Total Tax
invoice-2930.tiff;1;1;2480;3508;360609;1672;2219;165;52;1672;2219;1837;2219;1837;2271;1672;2271;Montant;AAAAAAA;undefined;OTHER;OTHER
invoice-2930.tiff;1;1;2480;3508;360610;1850;2219;89;52;1850;2219;1939;2219;1939;2271;1850;2271;TTC;AAA;undefined;OTHER;OTHER
invoice-2930.tiff;1;1;2480;3508;360611;1981;2219;127;48;1981;2219;2108;2219;2108;2267;1981;2267;785,98;NNNSNN;TA;TOTAL_AMOUNT;Total with TAX
invoice-2930.tiff;1;1;2480;3508;360612;2120;2219;87;48;2120;2219;2207;2219;2207;2267;2120;2267;EUR;AAA;TA;TOTAL_AMOUNT;Total with TAX
invoice-2930.tiff;1;1;2480;3508;360613;1541;2601;145;54;1541;2601;1686;2601;1686;2655;1541;2655;Moyen;AAAAA;undefined;OTHER;OTHER
invoice-2930.tiff;1;1;2480;3508;360614;1699;2601;53;54;1699;2601;1752;2601;1752;2655;1699;2655;de;AA;undefined;OTHER;OTHER
invoice-2930.tiff;1;1;2480;3508;360615;1765;2601;201;54;1765;2601;1966;2601;1966;2655;1765;2655;paiement;AAAAAAAA;undefined;OTHER;OTHER
invoice-2930.tiff;1;1;2480;3508;360616;2166;2601;57;48;2166;2601;2223;2601;2223;2649;2166;2649;CB;AA;PMODE;PAYMENT_MODE;Payment Mode
invoice-2930.tiff;1;1;2480;3508;360617;124;3154;53;49;124;3154;177;3154;177;3203;124;3203;LE;AA;SN;SUPPLIER_NAME;Seller/Company) name
invoice-2930.tiff;1;1;2480;3508;360618;189;3154;152;49;189;3154;341;3154;341;3203;189;3203;PALAIS;AAAAAA;SN;SUPPLIER_NAME;Seller/Company) name
invoice-2930.tiff;1;1;2480;3508;360619;354;3154;57;49;354;3154;411;3154;411;3203;354;3203;DE;AA;SN;SUPPLIER_NAME;Seller/Company) name
invoice-2930.tiff;1;1;2480;3508;360620;423;3154;118;49;423;3154;541;3154;541;3203;423;3203;SOUS;AAAA;SN;SUPPLIER_NAME;Seller/Company) name
invoice-2930.tiff;1;1;2480;3508;360621;124;3203;46;48;124;3203;170;3203;170;3251;124;3251;60;NN;SA;SUPPLIER_ADDRESS;Seller Address
invoice-2930.tiff;1;1;2480;3508;360622;182;3203;171;48;182;3203;353;3203;353;3251;182;3251;AVENUE;AAAAAA;SA;SUPPLIER_ADDRESS;Seller Address
invoice-2930.tiff;1;1;2480;3508;360623;365;3203;60;48;365;3203;425;3203;425;3251;365;3251;DU;AA;SA;SUPPLIER_ADDRESS;Seller Address
invoice-2930.tiff;1;1;2480;3508;360624;437;3203;231;48;437;3203;668;3203;668;3251;437;3251;MARECHAL;AAAAAAAA;SA;SUPPLIER_ADDRESS;Seller Address
invoice-2930.tiff;1;1;2480;3508;360625;680;3203;162;48;680;3203;842;3203;842;3251;680;3251;JOFFRE;AAAAAA;SA;SUPPLIER_ADDRESS;Seller Address
invoice-2930.tiff;1;1;2480;3508;360626;851;3203;11;48;851;3203;862;3203;862;3251;851;3251;,;S;SA;SUPPLIER_ADDRESS;Seller Address
invoice-2930.tiff;1;1;2480;3508;360627;874;3203;115;48;874;3203;989;3203;989;3251;874;3251;92000;NNNNN;SA;SUPPLIER_ADDRESS;Seller Address
invoice-2930.tiff;1;1;2480;3508;360628;998;3203;229;48;998;3203;1227;3203;1227;3251;998;3251;NANTERRE;AAAAAAAA;SA;SUPPLIER_ADDRESS;Seller Address
invoice-2930.tiff;1;1;2480;3508;360629;1235;3203;11;48;1235;3203;1246;3203;1246;3251;1235;3251;,;S;SA;SUPPLIER_ADDRESS;Seller Address
invoice-2930.tiff;1;1;2480;3508;360630;1259;3203;171;48;1259;3203;1430;3203;1430;3251;1259;3251;FRANCE;AAAAAA;SA;SUPPLIER_ADDRESS;Seller Address
