src;num_pages;page_id;page_width;page_height;id;col;row;width;height;x1;y1;x2;y2;x3;y3;x4;y4;contents;contents_masked;correctclass;tag;description
invoice-2620.tiff;1;1;2480;3508;322324;124;62;197;175;124;62;321;62;321;237;124;237;common/logo;AAAAAASAAAA;img;IMAGE;Image
invoice-2620.tiff;1;1;2480;3508;322325;750;237;150;48;750;237;900;237;900;285;750;285;FERME;AAAAA;SN;SUPPLIER_NAME;Seller/Company) name
invoice-2620.tiff;1;1;2480;3508;322326;910;237;57;48;910;237;967;237;967;285;910;285;DE;AA;SN;SUPPLIER_NAME;Seller/Company) name
invoice-2620.tiff;1;1;2480;3508;322327;979;237;57;48;979;237;1036;237;1036;285;979;285;LA;AA;SN;SUPPLIER_NAME;Seller/Company) name
invoice-2620.tiff;1;1;2480;3508;322328;1047;237;212;48;1047;237;1259;237;1259;285;1047;285;FRETIERE;AAAAAAAA;SN;SUPPLIER_NAME;Seller/Company) name
invoice-2620.tiff;1;1;2480;3508;322329;750;285;62;45;750;285;812;285;812;330;750;330;494;NNN;SA;SUPPLIER_ADDRESS;Seller Address
invoice-2620.tiff;1;1;2480;3508;322330;822;285;159;45;822;285;981;285;981;330;822;330;CHEMIN;AAAAAA;SA;SUPPLIER_ADDRESS;Seller Address
invoice-2620.tiff;1;1;2480;3508;322331;993;285;55;45;993;285;1048;285;1048;330;993;330;DE;AA;SA;SUPPLIER_ADDRESS;Seller Address
invoice-2620.tiff;1;1;2480;3508;322332;1059;285;189;45;1059;285;1248;285;1248;330;1059;330;FRETIERE;AAAAAAAA;SA;SUPPLIER_ADDRESS;Seller Address
invoice-2620.tiff;1;1;2480;3508;322333;1257;285;13;45;1257;285;1270;285;1270;330;1257;330;-;S;SA;SUPPLIER_ADDRESS;Seller Address
invoice-2620.tiff;1;1;2480;3508;322334;1281;285;104;45;1281;285;1385;285;1385;330;1281;330;01560;NNNNN;SA;SUPPLIER_ADDRESS;Seller Address
invoice-2620.tiff;1;1;2480;3508;322335;1404;285;173;45;1404;285;1577;285;1577;330;1404;330;CURCIAT;AAAAAAA;SA;SUPPLIER_ADDRESS;Seller Address
invoice-2620.tiff;1;1;2480;3508;322336;1588;285;224;45;1588;285;1812;285;1812;330;1588;330;DONGALON;AAAAAAAA;SA;SUPPLIER_ADDRESS;Seller Address
invoice-2620.tiff;1;1;2480;3508;322337;1821;285;13;45;1821;285;1834;285;1834;330;1821;330;-;S;SA;SUPPLIER_ADDRESS;Seller Address
invoice-2620.tiff;1;1;2480;3508;322338;1845;285;157;45;1845;285;2002;285;2002;330;1845;330;FRANCE;AAAAAA;SA;SUPPLIER_ADDRESS;Seller Address
invoice-2620.tiff;1;1;2480;3508;322339;750;331;74;45;750;331;824;331;824;376;750;376;TVA;AAA;undefined;OTHER;OTHER
invoice-2620.tiff;1;1;2480;3508;322340;834;331;182;45;834;331;1016;331;1016;376;834;376;Intracomm;AAAAAAAAA;undefined;OTHER;OTHER
invoice-2620.tiff;1;1;2480;3508;322341;1034;331;280;45;1034;331;1314;331;1314;376;1034;376;FR42079764274;AANNNNNNNNNNN;SVAT;SUPPLIER_VAT;Seller Vat Number/TVA
invoice-2620.tiff;1;1;2480;3508;322342;750;377;134;45;750;377;884;377;884;422;750;422;Numéro;AAAAAA;undefined;OTHER;OTHER
invoice-2620.tiff;1;1;2480;3508;322343;894;377;39;45;894;377;933;377;933;422;894;422;de;AA;undefined;OTHER;OTHER
invoice-2620.tiff;1;1;2480;3508;322344;944;377;53;45;944;377;997;377;997;422;944;422;Tel;AAA;undefined;OTHER;OTHER
invoice-2620.tiff;1;1;2480;3508;322345;1022;377;263;45;1022;377;1285;377;1285;422;1022;422;00-85-87-76-33;NNSNNSNNSNNSNN;SCN;SUPPLIER_CONTACT_NUMBER;Seller Contact Number
invoice-2620.tiff;1;1;2480;3508;322346;1328;377;134;45;1328;377;1462;377;1462;422;1328;422;Numéro;AAAAAA;undefined;OTHER;OTHER
invoice-2620.tiff;1;1;2480;3508;322347;1472;377;39;45;1472;377;1511;377;1511;422;1472;422;de;AA;undefined;OTHER;OTHER
invoice-2620.tiff;1;1;2480;3508;322348;1522;377;64;45;1522;377;1586;377;1586;422;1522;422;Fax;AAA;undefined;OTHER;OTHER
invoice-2620.tiff;1;1;2480;3508;322349;1612;377;263;45;1612;377;1875;377;1875;422;1612;422;00-85-87-49-16;NNSNNSNNSNNSNN;SFAX;SUPPLIER_FAX_NUMBER;Seller Fax Number
invoice-2620.tiff;1;1;2480;3508;322350;124;669;221;52;124;669;345;669;345;721;124;721;FACTURE;AAAAAAA;undefined;OTHER;OTHER
invoice-2620.tiff;1;1;2480;3508;322351;357;669;56;52;357;669;413;669;413;721;357;721;No;AA;undefined;OTHER;OTHER
invoice-2620.tiff;1;1;2480;3508;322352;750;669;166;46;750;669;916;669;916;715;750;715;39138630;NNNNNNNN;IN;INVOICE_NUMBER;Invoice Number
invoice-2620.tiff;1;1;2480;3508;322368;1541;732;169;57;1541;732;1710;732;1710;789;1541;789;Adresse;AAAAAAA;undefined;OTHER;OTHER
invoice-2620.tiff;1;1;2480;3508;322369;1723;732;252;57;1723;732;1975;732;1975;789;1723;789;Facturation;AAAAAAAAAAA;undefined;OTHER;OTHER
invoice-2620.tiff;1;1;2480;3508;322353;124;743;91;52;124;743;215;743;215;795;124;795;Date;AAAA;undefined;OTHER;OTHER
invoice-2620.tiff;1;1;2480;3508;322354;228;743;45;52;228;743;273;743;273;795;228;795;de;AA;undefined;OTHER;OTHER
invoice-2620.tiff;1;1;2480;3508;322355;285;743;35;52;285;743;320;743;320;795;285;795;la;AA;undefined;OTHER;OTHER
invoice-2620.tiff;1;1;2480;3508;322356;332;743;139;52;332;743;471;743;471;795;332;795;facture;AAAAAAA;undefined;OTHER;OTHER
invoice-2620.tiff;1;1;2480;3508;322357;750;743;148;46;750;743;898;743;898;789;750;789;01/01/02;NNSNNSNN;IDATE;INVOICE_DATE;Invoice Date
invoice-2620.tiff;1;1;2480;3508;322370;1541;789;99;48;1541;789;1640;789;1640;837;1541;837;Denis;AAAAA;BN;BILLING_NAME;Billing Name
invoice-2620.tiff;1;1;2480;3508;322371;1651;789;141;48;1651;789;1792;789;1792;837;1651;837;Antoine;AAAAAAA;BN;BILLING_NAME;Billing Name
invoice-2620.tiff;1;1;2480;3508;322358;124;817;175;52;124;817;299;817;299;869;124;869;CLIENT;AAAAAA;undefined;OTHER;OTHER
invoice-2620.tiff;1;1;2480;3508;322359;312;817;56;52;312;817;368;817;368;869;312;869;No;AA;undefined;OTHER;OTHER
invoice-2620.tiff;1;1;2480;3508;322360;750;817;104;46;750;817;854;817;854;863;750;863;22908;NNNNN;CNUM;CLIENT_NUMBER;Client Number
invoice-2620.tiff;1;1;2480;3508;322372;1541;838;52;45;1541;838;1593;838;1593;883;1541;883;38,;NNS;BA;BILLING_ADDRESS;Billing Address
invoice-2620.tiff;1;1;2480;3508;322373;1604;838;55;45;1604;838;1659;838;1659;883;1604;883;rue;AAA;BA;BILLING_ADDRESS;Billing Address
invoice-2620.tiff;1;1;2480;3508;322374;1670;838;71;45;1670;838;1741;838;1741;883;1670;883;jean;AAAA;BA;BILLING_ADDRESS;Billing Address
invoice-2620.tiff;1;1;2480;3508;322375;1752;838;90;45;1752;838;1842;838;1842;883;1752;883;fievet;AAAAAA;BA;BILLING_ADDRESS;Billing Address
invoice-2620.tiff;1;1;2480;3508;322376;1541;883;104;45;1541;883;1645;883;1645;928;1541;928;59250;NNNNN;BA;BILLING_ADDRESS;Billing Address
invoice-2620.tiff;1;1;2480;3508;322377;1687;883;127;45;1687;883;1814;883;1814;928;1687;928;Halluin;AAAAAAA;BA;BILLING_ADDRESS;Billing Address
invoice-2620.tiff;1;1;2480;3508;322361;124;890;285;52;124;890;409;890;409;942;124;942;COMMANDE;AAAAAAAA;undefined;OTHER;OTHER
invoice-2620.tiff;1;1;2480;3508;322362;421;890;56;52;421;890;477;890;477;942;421;942;No;AA;undefined;OTHER;OTHER
invoice-2620.tiff;1;1;2480;3508;322363;750;890;83;46;750;890;833;890;833;936;750;936;1508;NNNN;ONUM;ORDER_NUMBER;Order Number
invoice-2620.tiff;1;1;2480;3508;322378;1541;929;120;45;1541;929;1661;929;1661;974;1541;974;France;AAAAAA;BA;BILLING_ADDRESS;Billing Address
invoice-2620.tiff;1;1;2480;3508;322364;124;964;134;52;124;964;258;964;258;1016;124;1016;Moyen;AAAAA;undefined;OTHER;OTHER
invoice-2620.tiff;1;1;2480;3508;322365;271;964;45;52;271;964;316;964;316;1016;271;1016;de;AA;undefined;OTHER;OTHER
invoice-2620.tiff;1;1;2480;3508;322366;328;964;180;52;328;964;508;964;508;1016;328;1016;paiement;AAAAAAAA;undefined;OTHER;OTHER
invoice-2620.tiff;1;1;2480;3508;322367;750;964;127;46;750;964;877;964;877;1010;750;1010;Chèque;AAAAAA;PMODE;PAYMENT_MODE;Payment Mode
invoice-2620.tiff;1;1;2480;3508;322379;446;1395;231;52;446;1395;677;1395;677;1447;446;1447;Désignation;AAAAAAAAAAA;undefined;OTHER;OTHER
invoice-2620.tiff;1;1;2480;3508;322380;1089;1395;71;52;1089;1395;1160;1395;1160;1447;1089;1447;Qté;AAA;undefined;OTHER;OTHER
invoice-2620.tiff;1;1;2480;3508;322381;1386;1395;61;52;1386;1395;1447;1395;1447;1447;1386;1447;UP;AA;undefined;OTHER;OTHER
invoice-2620.tiff;1;1;2480;3508;322382;1701;1395;96;52;1701;1395;1797;1395;1797;1447;1701;1447;TVA;AAA;undefined;OTHER;OTHER
invoice-2620.tiff;1;1;2480;3508;322383;1947;1395;170;52;1947;1395;2117;1395;2117;1447;1947;1447;Montant;AAAAAAA;undefined;OTHER;OTHER
invoice-2620.tiff;1;1;2480;3508;322384;2129;1395;89;52;2129;1395;2218;1395;2218;1447;2129;1447;H.T.;ASAS;undefined;OTHER;OTHER
invoice-2620.tiff;1;1;2480;3508;322385;124;1469;164;48;124;1469;288;1469;288;1517;124;1517;Cafetière;AAAAAAAAA;undefined;OTHER;OTHER
invoice-2620.tiff;1;1;2480;3508;322386;299;1469;266;48;299;1469;565;1469;565;1517;299;1517;programmable;AAAAAAAAAAAA;undefined;OTHER;OTHER
invoice-2620.tiff;1;1;2480;3508;322387;576;1469;92;48;576;1469;668;1469;668;1517;576;1517;Tefal;AAAAA;undefined;OTHER;OTHER
invoice-2620.tiff;1;1;2480;3508;322388;679;1469;194;48;679;1469;873;1469;873;1517;679;1517;CM461811;AANNNNNN;undefined;OTHER;OTHER
invoice-2620.tiff;1;1;2480;3508;322390;1114;1469;20;48;1114;1469;1134;1469;1134;1517;1114;1517;1;N;undefined;OTHER;OTHER
invoice-2620.tiff;1;1;2480;3508;322391;1322;1469;93;48;1322;1469;1415;1469;1415;1517;1322;1517;41,66;NNSNN;undefined;OTHER;OTHER
invoice-2620.tiff;1;1;2480;3508;322392;1427;1469;83;48;1427;1469;1510;1469;1510;1517;1427;1517;USD;AAA;undefined;OTHER;OTHER
invoice-2620.tiff;1;1;2480;3508;322393;1692;1469;114;48;1692;1469;1806;1469;1806;1517;1692;1517;20.0%;NNSNS;undefined;OTHER;OTHER
invoice-2620.tiff;1;1;2480;3508;322394;1989;1469;93;48;1989;1469;2082;1469;2082;1517;1989;1517;41,66;NNSNN;undefined;OTHER;OTHER
invoice-2620.tiff;1;1;2480;3508;322395;2093;1469;83;48;2093;1469;2176;1469;2176;1517;2093;1517;USD;AAA;undefined;OTHER;OTHER
invoice-2620.tiff;1;1;2480;3508;322389;124;1517;131;48;124;1517;255;1517;255;1565;124;1565;Maison;AAAAAA;undefined;OTHER;OTHER
invoice-2620.tiff;1;1;2480;3508;322396;124;1607;291;48;124;1607;415;1607;415;1655;124;1655;Vidéoprojecteur;AAAAAAAAAAAAAAA;undefined;OTHER;OTHER
invoice-2620.tiff;1;1;2480;3508;322397;427;1607;217;48;427;1607;644;1607;644;1655;427;1655;bureautique;AAAAAAAAAAA;undefined;OTHER;OTHER
invoice-2620.tiff;1;1;2480;3508;322398;655;1607;85;48;655;1607;740;1607;740;1655;655;1655;Acer;AAAA;undefined;OTHER;OTHER
invoice-2620.tiff;1;1;2480;3508;322399;751;1607;173;48;751;1607;924;1607;924;1655;751;1655;H5382BD;ANNNNAA;undefined;OTHER;OTHER
invoice-2620.tiff;1;1;2480;3508;322400;1114;1607;20;48;1114;1607;1134;1607;1134;1655;1114;1655;2;N;undefined;OTHER;OTHER
invoice-2620.tiff;1;1;2480;3508;322401;1312;1607;114;48;1312;1607;1426;1607;1426;1655;1312;1655;383,33;NNNSNN;undefined;OTHER;OTHER
invoice-2620.tiff;1;1;2480;3508;322402;1437;1607;83;48;1437;1607;1520;1607;1520;1655;1437;1655;USD;AAA;undefined;OTHER;OTHER
invoice-2620.tiff;1;1;2480;3508;322403;1692;1607;114;48;1692;1607;1806;1607;1806;1655;1692;1655;20.0%;NNSNS;undefined;OTHER;OTHER
invoice-2620.tiff;1;1;2480;3508;322404;1979;1607;114;48;1979;1607;2093;1607;2093;1655;1979;1655;766,65;NNNSNN;undefined;OTHER;OTHER
invoice-2620.tiff;1;1;2480;3508;322405;2104;1607;83;48;2104;1607;2187;1607;2187;1655;2104;1655;USD;AAA;undefined;OTHER;OTHER
invoice-2620.tiff;1;1;2480;3508;322406;124;1696;113;48;124;1696;237;1696;237;1744;124;1744;Bande;AAAAA;undefined;OTHER;OTHER
invoice-2620.tiff;1;1;2480;3508;322407;248;1696;67;48;248;1696;315;1696;315;1744;248;1744;cire;AAAA;undefined;OTHER;OTHER
invoice-2620.tiff;1;1;2480;3508;322408;326;1696;80;48;326;1696;406;1696;406;1744;326;1744;Veet;AAAA;undefined;OTHER;OTHER
invoice-2620.tiff;1;1;2480;3508;322409;417;1696;168;48;417;1696;585;1696;585;1744;417;1744;Recharge;AAAAAAAA;undefined;OTHER;OTHER
invoice-2620.tiff;1;1;2480;3508;322410;597;1696;129;48;597;1696;726;1696;726;1744;597;1744;Bandes;AAAAAA;undefined;OTHER;OTHER
invoice-2620.tiff;1;1;2480;3508;322411;737;1696;169;48;737;1696;906;1696;906;1744;737;1744;EasyWax;AAAAAAA;undefined;OTHER;OTHER
invoice-2620.tiff;1;1;2480;3508;322412;1114;1696;20;48;1114;1696;1134;1696;1134;1744;1114;1744;4;N;undefined;OTHER;OTHER
invoice-2620.tiff;1;1;2480;3508;322413;1333;1696;72;48;1333;1696;1405;1696;1405;1744;1333;1744;4,99;NSNN;undefined;OTHER;OTHER
invoice-2620.tiff;1;1;2480;3508;322414;1416;1696;83;48;1416;1696;1499;1696;1499;1744;1416;1744;USD;AAA;undefined;OTHER;OTHER
invoice-2620.tiff;1;1;2480;3508;322415;1692;1696;114;48;1692;1696;1806;1696;1806;1744;1692;1744;20.0%;NNSNS;undefined;OTHER;OTHER
invoice-2620.tiff;1;1;2480;3508;322416;1989;1696;93;48;1989;1696;2082;1696;2082;1744;1989;1744;19,97;NNSNN;undefined;OTHER;OTHER
invoice-2620.tiff;1;1;2480;3508;322417;2093;1696;83;48;2093;1696;2176;1696;2176;1744;2093;1744;USD;AAA;undefined;OTHER;OTHER
invoice-2620.tiff;1;1;2480;3508;322418;124;1786;194;48;124;1786;318;1786;318;1834;124;1834;Aspirateur;AAAAAAAAAA;undefined;OTHER;OTHER
invoice-2620.tiff;1;1;2480;3508;322419;329;1786;76;48;329;1786;405;1786;405;1834;329;1834;sans;AAAA;undefined;OTHER;OTHER
invoice-2620.tiff;1;1;2480;3508;322420;416;1786;55;48;416;1786;471;1786;471;1834;416;1834;sac;AAA;undefined;OTHER;OTHER
invoice-2620.tiff;1;1;2480;3508;322421;482;1786;185;48;482;1786;667;1786;667;1834;482;1834;Electrolux;AAAAAAAAAA;undefined;OTHER;OTHER
invoice-2620.tiff;1;1;2480;3508;322422;678;1786;101;48;678;1786;779;1786;779;1834;678;1834;Silent;AAAAAA;undefined;OTHER;OTHER
invoice-2620.tiff;1;1;2480;3508;322423;790;1786;187;48;790;1786;977;1786;977;1834;790;1834;Performer;AAAAAAAAA;undefined;OTHER;OTHER
invoice-2620.tiff;1;1;2480;3508;322426;1114;1786;20;48;1114;1786;1134;1786;1134;1834;1114;1834;1;N;undefined;OTHER;OTHER
invoice-2620.tiff;1;1;2480;3508;322427;1312;1786;114;48;1312;1786;1426;1786;1426;1834;1312;1834;127,40;NNNSNN;undefined;OTHER;OTHER
invoice-2620.tiff;1;1;2480;3508;322428;1437;1786;83;48;1437;1786;1520;1786;1520;1834;1437;1834;USD;AAA;undefined;OTHER;OTHER
invoice-2620.tiff;1;1;2480;3508;322429;1692;1786;114;48;1692;1786;1806;1786;1806;1834;1692;1834;20.0%;NNSNS;undefined;OTHER;OTHER
invoice-2620.tiff;1;1;2480;3508;322430;1979;1786;114;48;1979;1786;2093;1786;2093;1834;1979;1834;127,40;NNNSNN;undefined;OTHER;OTHER
invoice-2620.tiff;1;1;2480;3508;322431;2104;1786;83;48;2104;1786;2187;1786;2187;1834;2104;1834;USD;AAA;undefined;OTHER;OTHER
invoice-2620.tiff;1;1;2480;3508;322424;124;1834;155;48;124;1834;279;1834;279;1882;124;1882;Cyclonic;AAAAAAAA;undefined;OTHER;OTHER
invoice-2620.tiff;1;1;2480;3508;322425;290;1834;259;48;290;1834;549;1834;549;1882;290;1882;ZSPCSILENT;AAAAAAAAAA;undefined;OTHER;OTHER
invoice-2620.tiff;1;1;2480;3508;322432;124;1924;120;48;124;1924;244;1924;244;1972;124;1972;Bridge;AAAAAA;undefined;OTHER;OTHER
invoice-2620.tiff;1;1;2480;3508;322433;255;1924;194;48;255;1924;449;1924;449;1972;255;1972;Multiroom;AAAAAAAAA;undefined;OTHER;OTHER
invoice-2620.tiff;1;1;2480;3508;322434;460;1924;104;48;460;1924;564;1924;564;1972;460;1972;Sonos;AAAAA;undefined;OTHER;OTHER
invoice-2620.tiff;1;1;2480;3508;322435;575;1924;208;48;575;1924;783;1924;783;1972;575;1972;CONNECT;AAAAAAA;undefined;OTHER;OTHER
invoice-2620.tiff;1;1;2480;3508;322436;793;1924;13;48;793;1924;806;1924;806;1972;793;1972;:;S;undefined;OTHER;OTHER
invoice-2620.tiff;1;1;2480;3508;322437;818;1924;94;48;818;1924;912;1924;912;1972;818;1972;AMP;AAA;undefined;OTHER;OTHER
invoice-2620.tiff;1;1;2480;3508;322438;1114;1924;20;48;1114;1924;1134;1924;1134;1972;1114;1972;2;N;undefined;OTHER;OTHER
invoice-2620.tiff;1;1;2480;3508;322439;1312;1924;114;48;1312;1924;1426;1924;1426;1972;1312;1972;474,17;NNNSNN;undefined;OTHER;OTHER
invoice-2620.tiff;1;1;2480;3508;322440;1437;1924;83;48;1437;1924;1520;1924;1520;1972;1437;1972;USD;AAA;undefined;OTHER;OTHER
invoice-2620.tiff;1;1;2480;3508;322441;1692;1924;114;48;1692;1924;1806;1924;1806;1972;1692;1972;20.0%;NNSNS;undefined;OTHER;OTHER
invoice-2620.tiff;1;1;2480;3508;322442;1979;1924;114;48;1979;1924;2093;1924;2093;1972;1979;1972;948,33;NNNSNN;undefined;OTHER;OTHER
invoice-2620.tiff;1;1;2480;3508;322443;2104;1924;83;48;2104;1924;2187;1924;2187;1972;2104;1972;USD;AAA;undefined;OTHER;OTHER
invoice-2620.tiff;1;1;2480;3508;322444;1666;2055;170;52;1666;2055;1836;2055;1836;2107;1666;2107;Montant;AAAAAAA;undefined;OTHER;OTHER
invoice-2620.tiff;1;1;2480;3508;322445;1848;2055;89;52;1848;2055;1937;2055;1937;2107;1848;2107;H.T.;ASAS;undefined;OTHER;OTHER
invoice-2620.tiff;1;1;2480;3508;322446;1979;2055;135;48;1979;2055;2114;2055;2114;2103;1979;2103;1904,01;NNNNSNN;TWTX;TOTAL_WITHOUT_TAX;TWTXS
invoice-2620.tiff;1;1;2480;3508;322447;2125;2055;83;48;2125;2055;2208;2055;2208;2103;2125;2103;USD;AAA;TWTX;TOTAL_WITHOUT_TAX;TWTXS
invoice-2620.tiff;1;1;2480;3508;322448;1679;2108;170;52;1679;2108;1849;2108;1849;2160;1679;2160;Montant;AAAAAAA;undefined;OTHER;OTHER
invoice-2620.tiff;1;1;2480;3508;322449;1861;2108;96;52;1861;2108;1957;2108;1957;2160;1861;2160;TVA;AAA;undefined;OTHER;OTHER
invoice-2620.tiff;1;1;2480;3508;322450;1999;2108;114;48;1999;2108;2113;2108;2113;2156;1999;2156;380,80;NNNSNN;TTX;TOTAL_TAX;Total Tax
invoice-2620.tiff;1;1;2480;3508;322451;2125;2108;83;48;2125;2108;2208;2108;2208;2156;2125;2156;USD;AAA;TTX;TOTAL_TAX;Total Tax
invoice-2620.tiff;1;1;2480;3508;322452;1661;2161;170;52;1661;2161;1831;2161;1831;2213;1661;2213;Montant;AAAAAAA;undefined;OTHER;OTHER
invoice-2620.tiff;1;1;2480;3508;322453;1843;2161;94;52;1843;2161;1937;2161;1937;2213;1843;2213;TTC;AAA;undefined;OTHER;OTHER
invoice-2620.tiff;1;1;2480;3508;322454;1979;2161;135;48;1979;2161;2114;2161;2114;2209;1979;2209;2284,81;NNNNSNN;TA;TOTAL_AMOUNT;Total with TAX
invoice-2620.tiff;1;1;2480;3508;322455;2125;2161;83;48;2125;2161;2208;2161;2208;2209;2125;2209;USD;AAA;TA;TOTAL_AMOUNT;Total with TAX
invoice-2620.tiff;1;1;2480;3508;322456;1187;3175;150;48;1187;3175;1337;3175;1337;3223;1187;3223;FERME;AAAAA;SN;SUPPLIER_NAME;Seller/Company) name
invoice-2620.tiff;1;1;2480;3508;322457;1348;3175;57;48;1348;3175;1405;3175;1405;3223;1348;3223;DE;AA;SN;SUPPLIER_NAME;Seller/Company) name
invoice-2620.tiff;1;1;2480;3508;322458;1416;3175;57;48;1416;3175;1473;3175;1473;3223;1416;3223;LA;AA;SN;SUPPLIER_NAME;Seller/Company) name
invoice-2620.tiff;1;1;2480;3508;322459;1484;3175;212;48;1484;3175;1696;3175;1696;3223;1484;3223;FRETIERE;AAAAAAAA;SN;SUPPLIER_NAME;Seller/Company) name
invoice-2620.tiff;1;1;2480;3508;322460;1187;3223;62;45;1187;3223;1249;3223;1249;3268;1187;3268;494;NNN;SA;SUPPLIER_ADDRESS;Seller Address
invoice-2620.tiff;1;1;2480;3508;322461;1260;3223;159;45;1260;3223;1419;3223;1419;3268;1260;3268;CHEMIN;AAAAAA;SA;SUPPLIER_ADDRESS;Seller Address
invoice-2620.tiff;1;1;2480;3508;322462;1430;3223;55;45;1430;3223;1485;3223;1485;3268;1430;3268;DE;AA;SA;SUPPLIER_ADDRESS;Seller Address
invoice-2620.tiff;1;1;2480;3508;322463;1496;3223;189;45;1496;3223;1685;3223;1685;3268;1496;3268;FRETIERE;AAAAAAAA;SA;SUPPLIER_ADDRESS;Seller Address
invoice-2620.tiff;1;1;2480;3508;322464;1187;3268;104;45;1187;3268;1291;3268;1291;3313;1187;3313;01560;NNNNN;SA;SUPPLIER_ADDRESS;Seller Address
invoice-2620.tiff;1;1;2480;3508;322465;1333;3268;173;45;1333;3268;1506;3268;1506;3313;1333;3313;CURCIAT;AAAAAAA;SA;SUPPLIER_ADDRESS;Seller Address
invoice-2620.tiff;1;1;2480;3508;322466;1517;3268;224;45;1517;3268;1741;3268;1741;3313;1517;3313;DONGALON;AAAAAAAA;SA;SUPPLIER_ADDRESS;Seller Address
invoice-2620.tiff;1;1;2480;3508;322467;1187;3314;157;45;1187;3314;1344;3314;1344;3359;1187;3359;FRANCE;AAAAAA;SA;SUPPLIER_ADDRESS;Seller Address
