src;num_pages;page_id;page_width;page_height;id;col;row;width;height;x1;y1;x2;y2;x3;y3;x4;y4;contents;contents_masked;correctclass;tag;description
invoice-3213.tiff;1;1;2480;3508;395364;1187;62;175;175;1187;62;1362;62;1362;237;1187;237;common/logo;AAAAAASAAAA;img;IMAGE;Image
invoice-3213.tiff;1;1;2480;3508;395356;124;270;172;59;124;270;296;270;296;329;124;329;Invoice;AAAAAAA;undefined;OTHER;OTHER
invoice-3213.tiff;1;1;2480;3508;395357;311;270;50;59;311;270;361;270;361;329;311;329;ID;AA;undefined;OTHER;OTHER
invoice-3213.tiff;1;1;2480;3508;395358;423;270;313;52;423;270;736;270;736;322;423;322;FV2016008689;AANNNNNNNNNN;IN;INVOICE_NUMBER;Invoice Number
invoice-3213.tiff;1;1;2480;3508;395359;124;351;172;59;124;351;296;351;296;410;124;410;Invoice;AAAAAAA;undefined;OTHER;OTHER
invoice-3213.tiff;1;1;2480;3508;395360;311;351;108;59;311;351;419;351;419;410;311;410;Date;AAAA;undefined;OTHER;OTHER
invoice-3213.tiff;1;1;2480;3508;395361;482;351;58;52;482;351;540;351;540;403;482;403;dic;AAA;IDATE;INVOICE_DATE;Invoice Date
invoice-3213.tiff;1;1;2480;3508;395362;553;351;38;52;553;351;591;351;591;403;553;403;9,;NS;IDATE;INVOICE_DATE;Invoice Date
invoice-3213.tiff;1;1;2480;3508;395363;604;351;101;52;604;351;705;351;705;403;604;403;1994;NNNN;IDATE;INVOICE_DATE;Invoice Date
invoice-3213.tiff;1;1;2480;3508;395365;1187;412;118;49;1187;412;1305;412;1305;461;1187;461;CCAS;AAAA;SN;SUPPLIER_NAME;Seller/Company) name
invoice-3213.tiff;1;1;2480;3508;395366;1195;462;13;48;1195;462;1208;462;1208;510;1195;510;-;S;SA;SUPPLIER_ADDRESS;Seller Address
invoice-3213.tiff;1;1;2480;3508;395367;1221;462;115;48;1221;462;1336;462;1336;510;1221;510;80140;NNNNN;SA;SUPPLIER_ADDRESS;Seller Address
invoice-3213.tiff;1;1;2480;3508;395368;1357;462;245;48;1357;462;1602;462;1602;510;1357;510;BIENCOURT;AAAAAAAAA;SA;SUPPLIER_ADDRESS;Seller Address
invoice-3213.tiff;1;1;2480;3508;395369;1610;462;13;48;1610;462;1623;462;1623;510;1610;510;-;S;SA;SUPPLIER_ADDRESS;Seller Address
invoice-3213.tiff;1;1;2480;3508;395370;1636;462;171;48;1636;462;1807;462;1807;510;1636;510;FRANCE;AAAAAA;SA;SUPPLIER_ADDRESS;Seller Address
invoice-3213.tiff;1;1;2480;3508;395371;1187;510;120;48;1187;510;1307;510;1307;558;1187;558;Phone;AAAAA;undefined;OTHER;OTHER
invoice-3213.tiff;1;1;2480;3508;395372;1332;510;278;48;1332;510;1610;510;1610;558;1332;558;06.37.31.73.77;NNSNNSNNSNNSNN;SCN;SUPPLIER_CONTACT_NUMBER;Seller Contact Number
invoice-3213.tiff;1;1;2480;3508;395373;1652;510;69;48;1652;510;1721;510;1721;558;1652;558;Fax;AAA;undefined;OTHER;OTHER
invoice-3213.tiff;1;1;2480;3508;395374;1747;510;278;48;1747;510;2025;510;2025;558;1747;558;06.37.31.21.89;NNSNNSNNSNNSNN;SFAX;SUPPLIER_FAX_NUMBER;Seller Fax Number
invoice-3213.tiff;1;1;2480;3508;395378;1541;954;88;49;1541;954;1629;954;1629;1003;1541;1003;Asia;AAAA;BN;BILLING_NAME;Billing Name
invoice-3213.tiff;1;1;2480;3508;395379;1641;954;152;49;1641;954;1793;954;1793;1003;1641;1003;Wehner;AAAAAA;BN;BILLING_NAME;Billing Name
invoice-3213.tiff;1;1;2480;3508;395380;1805;954;11;49;1805;954;1816;954;1816;1003;1805;1003;I;A;BN;BILLING_NAME;Billing Name
invoice-3213.tiff;1;1;2480;3508;395381;1541;1004;104;48;1541;1004;1645;1004;1645;1052;1541;1052;4435,;NNNNS;BA;BILLING_ADDRESS;Billing Address
invoice-3213.tiff;1;1;2480;3508;395382;1657;1004;94;48;1657;1004;1751;1004;1751;1052;1657;1052;route;AAAAA;BA;BILLING_ADDRESS;Billing Address
invoice-3213.tiff;1;1;2480;3508;395383;1764;1004;46;48;1764;1004;1810;1004;1810;1052;1764;1052;de;AA;BA;BILLING_ADDRESS;Billing Address
invoice-3213.tiff;1;1;2480;3508;395384;1821;1004;150;48;1821;1004;1971;1004;1971;1052;1821;1052;bourges;AAAAAAA;BA;BILLING_ADDRESS;Billing Address
invoice-3213.tiff;1;1;2480;3508;395385;1541;1052;115;48;1541;1052;1656;1052;1656;1100;1541;1100;18390;NNNNN;BA;BILLING_ADDRESS;Billing Address
invoice-3213.tiff;1;1;2480;3508;395386;1699;1052;131;48;1699;1052;1830;1052;1830;1100;1699;1100;Osmoy;AAAAA;BA;BILLING_ADDRESS;Billing Address
invoice-3213.tiff;1;1;2480;3508;395387;1541;1100;129;48;1541;1100;1670;1100;1670;1148;1541;1148;France;AAAAAA;BA;BILLING_ADDRESS;Billing Address
invoice-3213.tiff;1;1;2480;3508;395375;124;1132;124;54;124;1132;248;1132;248;1186;124;1186;Order;AAAAA;undefined;OTHER;OTHER
invoice-3213.tiff;1;1;2480;3508;395376;262;1132;45;54;262;1132;307;1132;307;1186;262;1186;ID;AA;undefined;OTHER;OTHER
invoice-3213.tiff;1;1;2480;3508;395377;750;1132;222;48;750;1132;972;1132;972;1180;750;1180;CD2011000;AANNNNNNN;ONUM;ORDER_NUMBER;Order Number
invoice-3213.tiff;1;1;2480;3508;395388;1541;1190;122;59;1541;1190;1663;1190;1663;1249;1541;1249;Send;AAAA;undefined;OTHER;OTHER
invoice-3213.tiff;1;1;2480;3508;395389;1677;1190;61;59;1677;1190;1738;1190;1738;1249;1677;1249;To;AA;undefined;OTHER;OTHER
invoice-3213.tiff;1;1;2480;3508;395390;1541;1250;88;49;1541;1250;1629;1250;1629;1299;1541;1299;Asia;AAAA;SHN;SHIPPING_NAME;Shipping Name
invoice-3213.tiff;1;1;2480;3508;395391;1641;1250;152;49;1641;1250;1793;1250;1793;1299;1641;1299;Wehner;AAAAAA;SHN;SHIPPING_NAME;Shipping Name
invoice-3213.tiff;1;1;2480;3508;395392;1805;1250;11;49;1805;1250;1816;1250;1816;1299;1805;1299;I;A;SHN;SHIPPING_NAME;Shipping Name
invoice-3213.tiff;1;1;2480;3508;395393;1541;1299;81;48;1541;1299;1622;1299;1622;1347;1541;1347;113,;NNNS;SHA;SHIPPING_ADDRESS;Shipping Address
invoice-3213.tiff;1;1;2480;3508;395394;1634;1299;94;48;1634;1299;1728;1299;1728;1347;1634;1347;route;AAAAA;SHA;SHIPPING_ADDRESS;Shipping Address
invoice-3213.tiff;1;1;2480;3508;395395;1740;1299;46;48;1740;1299;1786;1299;1786;1347;1740;1347;de;AA;SHA;SHIPPING_ADDRESS;Shipping Address
invoice-3213.tiff;1;1;2480;3508;395396;1798;1299;226;48;1798;1299;2024;1299;2024;1347;1798;1347;saint-aignan;AAAAASAAAAAA;SHA;SHIPPING_ADDRESS;Shipping Address
invoice-3213.tiff;1;1;2480;3508;395397;1541;1347;115;48;1541;1347;1656;1347;1656;1395;1541;1395;41110;NNNNN;SHA;SHIPPING_ADDRESS;Shipping Address
invoice-3213.tiff;1;1;2480;3508;395398;1699;1347;312;48;1699;1347;2011;1347;2011;1395;1699;1395;Mareuil-sur-Cher;AAAAAAASAAASAAAA;SHA;SHIPPING_ADDRESS;Shipping Address
invoice-3213.tiff;1;1;2480;3508;395399;1541;1395;129;48;1541;1395;1670;1395;1670;1443;1541;1443;France;AAAAAA;SHA;SHIPPING_ADDRESS;Shipping Address
invoice-3213.tiff;1;1;2480;3508;395400;157;1711;185;54;157;1711;342;1711;342;1765;157;1765;Quantity;AAAAAAAA;undefined;OTHER;OTHER
invoice-3213.tiff;1;1;2480;3508;395401;593;1711;173;54;593;1711;766;1711;766;1765;593;1765;Product;AAAAAAA;undefined;OTHER;OTHER
invoice-3213.tiff;1;1;2480;3508;395402;779;1711;252;54;779;1711;1031;1711;1031;1765;779;1765;Description;AAAAAAAAAAA;undefined;OTHER;OTHER
invoice-3213.tiff;1;1;2480;3508;395403;1309;1711;89;54;1309;1711;1398;1711;1398;1765;1309;1765;Unit;AAAA;undefined;OTHER;OTHER
invoice-3213.tiff;1;1;2480;3508;395404;1411;1711;112;54;1411;1711;1523;1711;1523;1765;1411;1765;Price;AAAAA;undefined;OTHER;OTHER
invoice-3213.tiff;1;1;2480;3508;395405;1648;1711;91;54;1648;1711;1739;1711;1739;1765;1648;1765;TVA;AAA;undefined;OTHER;OTHER
invoice-3213.tiff;1;1;2480;3508;395406;1752;1711;99;54;1752;1711;1851;1711;1851;1765;1752;1765;Rate;AAAA;undefined;OTHER;OTHER
invoice-3213.tiff;1;1;2480;3508;395407;2028;1711;109;54;2028;1711;2137;1711;2137;1765;2028;1765;Total;AAAAA;undefined;OTHER;OTHER
invoice-3213.tiff;1;1;2480;3508;395408;238;1786;23;49;238;1786;261;1786;261;1835;238;1835;3;N;undefined;OTHER;OTHER
invoice-3213.tiff;1;1;2480;3508;395409;375;1786;120;49;375;1786;495;1786;495;1835;375;1835;Drone;AAAAA;undefined;OTHER;OTHER
invoice-3213.tiff;1;1;2480;3508;395410;506;1786;83;49;506;1786;589;1786;589;1835;506;1835;T2M;ANA;undefined;OTHER;OTHER
invoice-3213.tiff;1;1;2480;3508;395411;601;1786;83;49;601;1786;684;1786;684;1835;601;1835;Mini;AAAA;undefined;OTHER;OTHER
invoice-3213.tiff;1;1;2480;3508;395412;696;1786;111;49;696;1786;807;1786;807;1835;696;1835;Joker;AAAAA;undefined;OTHER;OTHER
invoice-3213.tiff;1;1;2480;3508;395413;819;1786;298;49;819;1786;1117;1786;1117;1835;819;1835;Quadrocopt√®re;AAAAAAAAAAAAA;undefined;OTHER;OTHER
invoice-3213.tiff;1;1;2480;3508;395414;1129;1786;60;49;1129;1786;1189;1786;1189;1835;1129;1835;RC;AA;undefined;OTHER;OTHER
invoice-3213.tiff;1;1;2480;3508;395415;1314;1786;104;49;1314;1786;1418;1786;1418;1835;1314;1835;33,33;NNSNN;undefined;OTHER;OTHER
invoice-3213.tiff;1;1;2480;3508;395416;1430;1786;87;49;1430;1786;1517;1786;1517;1835;1430;1835;EUR;AAA;undefined;OTHER;OTHER
invoice-3213.tiff;1;1;2480;3508;395417;1690;1786;118;49;1690;1786;1808;1786;1808;1835;1690;1835;20.0%;NNSNS;undefined;OTHER;OTHER
invoice-3213.tiff;1;1;2480;3508;395418;1981;1786;104;49;1981;1786;2085;1786;2085;1835;1981;1835;99,98;NNSNN;undefined;OTHER;OTHER
invoice-3213.tiff;1;1;2480;3508;395419;2097;1786;87;49;2097;1786;2184;1786;2184;1835;2097;1835;EUR;AAA;undefined;OTHER;OTHER
invoice-3213.tiff;1;1;2480;3508;395420;238;1878;23;49;238;1878;261;1878;261;1927;238;1927;2;N;undefined;OTHER;OTHER
invoice-3213.tiff;1;1;2480;3508;395421;375;1878;88;49;375;1878;463;1878;463;1927;375;1927;GPS;AAA;undefined;OTHER;OTHER
invoice-3213.tiff;1;1;2480;3508;395422;474;1878;131;49;474;1878;605;1878;605;1927;474;1927;Mappy;AAAAA;undefined;OTHER;OTHER
invoice-3213.tiff;1;1;2480;3508;395423;618;1878;104;49;618;1878;722;1878;722;1927;618;1927;MAXI;AAAA;undefined;OTHER;OTHER
invoice-3213.tiff;1;1;2480;3508;395424;733;1878;97;49;733;1878;830;1878;830;1927;733;1927;E738;ANNN;undefined;OTHER;OTHER
invoice-3213.tiff;1;1;2480;3508;395425;1314;1878;104;49;1314;1878;1418;1878;1418;1927;1314;1927;82,50;NNSNN;undefined;OTHER;OTHER
invoice-3213.tiff;1;1;2480;3508;395426;1430;1878;87;49;1430;1878;1517;1878;1517;1927;1430;1927;EUR;AAA;undefined;OTHER;OTHER
invoice-3213.tiff;1;1;2480;3508;395427;1690;1878;118;49;1690;1878;1808;1878;1808;1927;1690;1927;20.0%;NNSNS;undefined;OTHER;OTHER
invoice-3213.tiff;1;1;2480;3508;395428;1969;1878;127;49;1969;1878;2096;1878;2096;1927;1969;1927;165,00;NNNSNN;undefined;OTHER;OTHER
invoice-3213.tiff;1;1;2480;3508;395429;2108;1878;87;49;2108;1878;2195;1878;2195;1927;2108;1927;EUR;AAA;undefined;OTHER;OTHER
invoice-3213.tiff;1;1;2480;3508;395430;1897;2010;109;52;1897;2010;2006;2010;2006;2062;1897;2062;DISC;AAAA;undefined;OTHER;OTHER
invoice-3213.tiff;1;1;2480;3508;395431;2027;2010;81;48;2027;2010;2108;2010;2108;2058;2027;2058;0,00;NSNN;undefined;OTHER;OTHER
invoice-3213.tiff;1;1;2480;3508;395432;2120;2010;87;48;2120;2010;2207;2010;2207;2058;2120;2058;EUR;AAA;undefined;OTHER;OTHER
invoice-3213.tiff;1;1;2480;3508;395433;1837;2063;101;52;1837;2063;1938;2063;1938;2115;1837;2115;Total;AAAAA;undefined;OTHER;OTHER
invoice-3213.tiff;1;1;2480;3508;395434;1981;2063;127;48;1981;2063;2108;2063;2108;2111;1981;2111;264,98;NNNSNN;TWTX;TOTAL_WITHOUT_TAX;TWTXS
invoice-3213.tiff;1;1;2480;3508;395435;2120;2063;87;48;2120;2063;2207;2063;2207;2111;2120;2111;EUR;AAA;TWTX;TOTAL_WITHOUT_TAX;TWTXS
invoice-3213.tiff;1;1;2480;3508;395436;1849;2116;89;52;1849;2116;1938;2116;1938;2168;1849;2168;TVA;AAA;undefined;OTHER;OTHER
invoice-3213.tiff;1;1;2480;3508;395437;1951;2116;96;52;1951;2116;2047;2116;2047;2168;1951;2168;Rate;AAAA;undefined;OTHER;OTHER
invoice-3213.tiff;1;1;2480;3508;395438;2090;2116;118;48;2090;2116;2208;2116;2208;2164;2090;2164;20.0%;NNSNS;TXR;TAX_RATE;Tax Rate
invoice-3213.tiff;1;1;2480;3508;395439;1715;2169;76;52;1715;2169;1791;2169;1791;2221;1715;2221;Tax;AAA;undefined;OTHER;OTHER
invoice-3213.tiff;1;1;2480;3508;395440;1804;2169;157;52;1804;2169;1961;2169;1961;2221;1804;2221;Amount;AAAAAA;undefined;OTHER;OTHER
invoice-3213.tiff;1;1;2480;3508;395441;2004;2169;104;48;2004;2169;2108;2169;2108;2217;2004;2217;52,99;NNSNN;TTX;TOTAL_TAX;Total Tax
invoice-3213.tiff;1;1;2480;3508;395442;2120;2169;87;48;2120;2169;2207;2169;2207;2217;2120;2217;EUR;AAA;TTX;TOTAL_TAX;Total Tax
invoice-3213.tiff;1;1;2480;3508;395443;1644;2222;157;52;1644;2222;1801;2222;1801;2274;1644;2274;Amount;AAAAAA;undefined;OTHER;OTHER
invoice-3213.tiff;1;1;2480;3508;395444;1814;2222;38;52;1814;2222;1852;2222;1852;2274;1814;2274;to;AA;undefined;OTHER;OTHER
invoice-3213.tiff;1;1;2480;3508;395445;1865;2222;73;52;1865;2222;1938;2222;1938;2274;1865;2274;pay;AAA;undefined;OTHER;OTHER
invoice-3213.tiff;1;1;2480;3508;395446;1981;2222;127;48;1981;2222;2108;2222;2108;2270;1981;2270;317,97;NNNSNN;TA;TOTAL_AMOUNT;Total with TAX
invoice-3213.tiff;1;1;2480;3508;395447;2120;2222;87;48;2120;2222;2207;2222;2207;2270;2120;2270;EUR;AAA;TA;TOTAL_AMOUNT;Total with TAX
invoice-3213.tiff;1;1;2480;3508;395448;2131;3154;118;49;2131;3154;2249;3154;2249;3203;2131;3203;CCAS;AAAA;SN;SUPPLIER_NAME;Seller/Company) name
invoice-3213.tiff;1;1;2480;3508;395449;1692;3203;115;48;1692;3203;1807;3203;1807;3251;1692;3251;80140;NNNNN;SA;SUPPLIER_ADDRESS;Seller Address
invoice-3213.tiff;1;1;2480;3508;395450;1816;3203;245;48;1816;3203;2061;3203;2061;3251;1816;3251;BIENCOURT;AAAAAAAAA;SA;SUPPLIER_ADDRESS;Seller Address
invoice-3213.tiff;1;1;2480;3508;395451;2070;3203;171;48;2070;3203;2241;3203;2241;3251;2070;3251;FRANCE;AAAAAA;SA;SUPPLIER_ADDRESS;Seller Address
