src;num_pages;page_id;page_width;page_height;id;col;row;width;height;x1;y1;x2;y2;x3;y3;x4;y4;contents;contents_masked;correctclass;tag;description
invoice-1025.tiff;1;1;2480;3508;126126;833;62;172;175;833;62;1005;62;1005;237;833;237;common/logo;AAAAAASAAAA;img;IMAGE;Image
invoice-1025.tiff;1;1;2480;3508;126115;124;237;164;48;124;237;288;237;288;285;124;285;FLEURS;AAAAAA;SN;SUPPLIER_NAME;Seller/Company) name
invoice-1025.tiff;1;1;2480;3508;126116;299;237;189;48;299;237;488;237;488;285;299;285;D'ANTAN;ASAAAAA;SN;SUPPLIER_NAME;Seller/Company) name
invoice-1025.tiff;1;1;2480;3508;126127;1541;237;106;45;1541;237;1647;237;1647;282;1541;282;Phone;AAAAA;undefined;OTHER;OTHER
invoice-1025.tiff;1;1;2480;3508;126128;1710;237;263;45;1710;237;1973;237;1973;282;1710;282;06-07-40-19-58;NNSNNSNNSNNSNN;SCN;SUPPLIER_CONTACT_NUMBER;Seller Contact Number
invoice-1025.tiff;1;1;2480;3508;126129;1541;283;64;45;1541;283;1605;283;1605;328;1541;328;Fax;AAA;undefined;OTHER;OTHER
invoice-1025.tiff;1;1;2480;3508;126130;1668;283;263;45;1668;283;1931;283;1931;328;1668;328;06-07-40-98-17;NNSNNSNNSNNSNN;SFAX;SUPPLIER_FAX_NUMBER;Seller Fax Number
invoice-1025.tiff;1;1;2480;3508;126117;124;285;20;45;124;285;144;285;144;330;124;330;6;N;SA;SUPPLIER_ADDRESS;Seller Address
invoice-1025.tiff;1;1;2480;3508;126118;156;285;81;45;156;285;237;285;237;330;156;330;RUE;AAA;SA;SUPPLIER_ADDRESS;Seller Address
invoice-1025.tiff;1;1;2480;3508;126119;247;285;55;45;247;285;302;285;302;330;247;330;DE;AA;SA;SUPPLIER_ADDRESS;Seller Address
invoice-1025.tiff;1;1;2480;3508;126120;313;285;48;45;313;285;361;285;361;330;313;330;LA;AA;SA;SUPPLIER_ADDRESS;Seller Address
invoice-1025.tiff;1;1;2480;3508;126121;372;285;254;45;372;285;626;285;626;330;372;330;REPUBLIQUE;AAAAAAAAAA;SA;SUPPLIER_ADDRESS;Seller Address
invoice-1025.tiff;1;1;2480;3508;126122;124;331;104;45;124;331;228;331;228;376;124;376;51490;NNNNN;SA;SUPPLIER_ADDRESS;Seller Address
invoice-1025.tiff;1;1;2480;3508;126123;270;331;314;45;270;331;584;331;584;376;270;376;PONTFAVERGER;AAAAAAAAAAAA;SA;SUPPLIER_ADDRESS;Seller Address
invoice-1025.tiff;1;1;2480;3508;126124;596;331;319;45;596;331;915;331;915;376;596;376;MORONVILLIERS;AAAAAAAAAAAAA;SA;SUPPLIER_ADDRESS;Seller Address
invoice-1025.tiff;1;1;2480;3508;126125;124;377;157;45;124;377;281;377;281;422;124;422;FRANCE;AAAAAA;SA;SUPPLIER_ADDRESS;Seller Address
invoice-1025.tiff;1;1;2480;3508;126131;124;807;90;48;124;807;214;807;214;855;124;855;Fidel;AAAAA;BN;BILLING_NAME;Billing Name
invoice-1025.tiff;1;1;2480;3508;126132;225;807;113;48;225;807;338;807;338;855;225;855;Fisher;AAAAAA;BN;BILLING_NAME;Billing Name
invoice-1025.tiff;1;1;2480;3508;126133;124;855;52;45;124;855;176;855;176;900;124;900;18,;NNS;BA;BILLING_ADDRESS;Billing Address
invoice-1025.tiff;1;1;2480;3508;126134;187;855;55;45;187;855;242;855;242;900;187;900;rue;AAA;BA;BILLING_ADDRESS;Billing Address
invoice-1025.tiff;1;1;2480;3508;126135;253;855;55;45;253;855;308;855;308;900;253;900;des;AAA;BA;BILLING_ADDRESS;Billing Address
invoice-1025.tiff;1;1;2480;3508;126136;319;855;145;45;319;855;464;855;464;900;319;900;bruyères;AAAAAAAA;BA;BILLING_ADDRESS;Billing Address
invoice-1025.tiff;1;1;2480;3508;126137;124;901;104;45;124;901;228;901;228;946;124;946;56260;NNNNN;BA;BILLING_ADDRESS;Billing Address
invoice-1025.tiff;1;1;2480;3508;126138;270;901;238;45;270;901;508;901;508;946;270;946;Larmor-Plage;AAAAAASAAAAA;BA;BILLING_ADDRESS;Billing Address
invoice-1025.tiff;1;1;2480;3508;126151;1541;903;142;52;1541;903;1683;903;1683;955;1541;955;Invoice;AAAAAAA;undefined;OTHER;OTHER
invoice-1025.tiff;1;1;2480;3508;126152;1695;903;162;52;1695;903;1857;903;1857;955;1695;955;Number;AAAAAA;undefined;OTHER;OTHER
invoice-1025.tiff;1;1;2480;3508;126153;2166;903;175;46;2166;903;2341;903;2341;949;2166;949;FC500709;AANNNNNN;IN;INVOICE_NUMBER;Invoice Number
invoice-1025.tiff;1;1;2480;3508;126139;124;946;120;45;124;946;244;946;244;991;124;991;France;AAAAAA;BA;BILLING_ADDRESS;Billing Address
invoice-1025.tiff;1;1;2480;3508;126154;1541;976;142;52;1541;976;1683;976;1683;1028;1541;1028;Invoice;AAAAAAA;undefined;OTHER;OTHER
invoice-1025.tiff;1;1;2480;3508;126155;1695;976;91;52;1695;976;1786;976;1786;1028;1695;1028;Date;AAAA;undefined;OTHER;OTHER
invoice-1025.tiff;1;1;2480;3508;126156;2166;976;41;46;2166;976;2207;976;2207;1022;2166;1022;27;NN;IDATE;INVOICE_DATE;Invoice Date
invoice-1025.tiff;1;1;2480;3508;126157;2218;976;61;46;2218;976;2279;976;2279;1022;2218;1022;dic,;AAAS;IDATE;INVOICE_DATE;Invoice Date
invoice-1025.tiff;1;1;2480;3508;126158;2290;976;83;46;2290;976;2373;976;2373;1022;2290;1022;1995;NNNN;IDATE;INVOICE_DATE;Invoice Date
invoice-1025.tiff;1;1;2480;3508;126140;124;1034;180;57;124;1034;304;1034;304;1091;124;1091;Delivery;AAAAAAAA;undefined;OTHER;OTHER
invoice-1025.tiff;1;1;2480;3508;126141;318;1034;175;57;318;1034;493;1034;493;1091;318;1091;Address;AAAAAAA;undefined;OTHER;OTHER
invoice-1025.tiff;1;1;2480;3508;126159;1541;1050;122;52;1541;1050;1663;1050;1663;1102;1541;1102;Order;AAAAA;undefined;OTHER;OTHER
invoice-1025.tiff;1;1;2480;3508;126160;1675;1050;162;52;1675;1050;1837;1050;1837;1102;1675;1102;Number;AAAAAA;undefined;OTHER;OTHER
invoice-1025.tiff;1;1;2480;3508;126161;2166;1050;148;46;2166;1050;2314;1050;2314;1096;2166;1096;CM5202;AANNNN;ONUM;ORDER_NUMBER;Order Number
invoice-1025.tiff;1;1;2480;3508;126142;124;1092;90;48;124;1092;214;1092;214;1140;124;1140;Fidel;AAAAA;SHN;SHIPPING_NAME;Shipping Name
invoice-1025.tiff;1;1;2480;3508;126143;225;1092;113;48;225;1092;338;1092;338;1140;225;1140;Fisher;AAAAAA;SHN;SHIPPING_NAME;Shipping Name
invoice-1025.tiff;1;1;2480;3508;126144;124;1140;52;45;124;1140;176;1140;176;1185;124;1185;18,;NNS;SHA;SHIPPING_ADDRESS;Shipping Address
invoice-1025.tiff;1;1;2480;3508;126145;187;1140;55;45;187;1140;242;1140;242;1185;187;1185;rue;AAA;SHA;SHIPPING_ADDRESS;Shipping Address
invoice-1025.tiff;1;1;2480;3508;126146;253;1140;55;45;253;1140;308;1140;308;1185;253;1185;des;AAA;SHA;SHIPPING_ADDRESS;Shipping Address
invoice-1025.tiff;1;1;2480;3508;126147;319;1140;145;45;319;1140;464;1140;464;1185;319;1185;bruyères;AAAAAAAA;SHA;SHIPPING_ADDRESS;Shipping Address
invoice-1025.tiff;1;1;2480;3508;126148;124;1185;104;45;124;1185;228;1185;228;1230;124;1230;56260;NNNNN;SHA;SHIPPING_ADDRESS;Shipping Address
invoice-1025.tiff;1;1;2480;3508;126149;270;1185;238;45;270;1185;508;1185;508;1230;270;1230;Larmor-Plage;AAAAAASAAAAA;SHA;SHIPPING_ADDRESS;Shipping Address
invoice-1025.tiff;1;1;2480;3508;126150;124;1231;120;45;124;1231;244;1231;244;1276;124;1276;France;AAAAAA;SHA;SHIPPING_ADDRESS;Shipping Address
invoice-1025.tiff;1;1;2480;3508;126162;174;1555;67;52;174;1555;241;1555;241;1607;174;1607;No.;AAS;undefined;OTHER;OTHER
invoice-1025.tiff;1;1;2480;3508;126163;565;1555;244;52;565;1555;809;1555;809;1607;565;1607;Descriptions;AAAAAAAAAAAA;undefined;OTHER;OTHER
invoice-1025.tiff;1;1;2480;3508;126164;1192;1555;73;52;1192;1555;1265;1555;1265;1607;1192;1607;Qty;AAA;undefined;OTHER;OTHER
invoice-1025.tiff;1;1;2480;3508;126165;1478;1555;84;52;1478;1555;1562;1555;1562;1607;1478;1607;U.P.;ASAS;undefined;OTHER;OTHER
invoice-1025.tiff;1;1;2480;3508;126166;1709;1555;206;52;1709;1555;1915;1555;1915;1607;1709;1607;VAT/TVA;AAASAAA;undefined;OTHER;OTHER
invoice-1025.tiff;1;1;2480;3508;126167;2023;1555;160;52;2023;1555;2183;1555;2183;1607;2023;1607;Amount;AAAAAA;undefined;OTHER;OTHER
invoice-1025.tiff;1;1;2480;3508;126168;197;1628;20;48;197;1628;217;1628;217;1676;197;1676;1;N;undefined;OTHER;OTHER
invoice-1025.tiff;1;1;2480;3508;126169;291;1628;101;48;291;1628;392;1628;392;1676;291;1676;Table;AAAAA;undefined;OTHER;OTHER
invoice-1025.tiff;1;1;2480;3508;126170;403;1628;169;48;403;1628;572;1628;572;1676;403;1676;induction;AAAAAAAAA;undefined;OTHER;OTHER
invoice-1025.tiff;1;1;2480;3508;126171;583;1628;76;48;583;1628;659;1628;659;1676;583;1676;Neff;AAAA;undefined;OTHER;OTHER
invoice-1025.tiff;1;1;2480;3508;126172;670;1628;217;48;670;1628;887;1628;887;1676;670;1676;T66TT60N0;ANNAANNAN;undefined;OTHER;OTHER
invoice-1025.tiff;1;1;2480;3508;126173;1218;1628;20;48;1218;1628;1238;1628;1238;1676;1218;1676;4;N;undefined;OTHER;OTHER
invoice-1025.tiff;1;1;2480;3508;126174;1447;1628;114;48;1447;1628;1561;1628;1561;1676;1447;1676;999,17;NNNSNN;undefined;OTHER;OTHER
invoice-1025.tiff;1;1;2480;3508;126175;1572;1628;20;48;1572;1628;1592;1628;1592;1676;1572;1676;$;S;undefined;OTHER;OTHER
invoice-1025.tiff;1;1;2480;3508;126176;1755;1628;114;48;1755;1628;1869;1628;1869;1676;1755;1676;20.0%;NNSNS;undefined;OTHER;OTHER
invoice-1025.tiff;1;1;2480;3508;126177;2020;1628;135;48;2020;1628;2155;1628;2155;1676;2020;1676;3996,67;NNNNSNN;undefined;OTHER;OTHER
invoice-1025.tiff;1;1;2480;3508;126178;2166;1628;20;48;2166;1628;2186;1628;2186;1676;2166;1676;$;S;undefined;OTHER;OTHER
invoice-1025.tiff;1;1;2480;3508;126179;197;1718;20;48;197;1718;217;1718;217;1766;197;1766;2;N;undefined;OTHER;OTHER
invoice-1025.tiff;1;1;2480;3508;126180;291;1718;145;48;291;1718;436;1718;436;1766;291;1766;Friteuse;AAAAAAAA;undefined;OTHER;OTHER
invoice-1025.tiff;1;1;2480;3508;126181;447;1718;159;48;447;1718;606;1718;606;1766;447;1766;Delonghi;AAAAAAAA;undefined;OTHER;OTHER
invoice-1025.tiff;1;1;2480;3508;126182;618;1718;173;48;618;1718;791;1718;791;1766;618;1766;FH1130/1;AANNNNSN;undefined;OTHER;OTHER
invoice-1025.tiff;1;1;2480;3508;126183;802;1718;226;48;802;1718;1028;1718;1028;1766;802;1766;MULTIFRY;AAAAAAAA;undefined;OTHER;OTHER
invoice-1025.tiff;1;1;2480;3508;126185;1218;1718;20;48;1218;1718;1238;1718;1238;1766;1218;1766;3;N;undefined;OTHER;OTHER
invoice-1025.tiff;1;1;2480;3508;126186;1447;1718;114;48;1447;1718;1561;1718;1561;1766;1447;1766;108,32;NNNSNN;undefined;OTHER;OTHER
invoice-1025.tiff;1;1;2480;3508;126187;1572;1718;20;48;1572;1718;1592;1718;1592;1766;1572;1766;$;S;undefined;OTHER;OTHER
invoice-1025.tiff;1;1;2480;3508;126188;1755;1718;114;48;1755;1718;1869;1718;1869;1766;1755;1766;20.0%;NNSNS;undefined;OTHER;OTHER
invoice-1025.tiff;1;1;2480;3508;126189;2031;1718;114;48;2031;1718;2145;1718;2145;1766;2031;1766;324,97;NNNSNN;undefined;OTHER;OTHER
invoice-1025.tiff;1;1;2480;3508;126190;2156;1718;20;48;2156;1718;2176;1718;2176;1766;2156;1766;$;S;undefined;OTHER;OTHER
invoice-1025.tiff;1;1;2480;3508;126184;291;1766;155;48;291;1766;446;1766;446;1814;291;1814;YOUNG;AAAAA;undefined;OTHER;OTHER
invoice-1025.tiff;1;1;2480;3508;126191;197;1856;20;48;197;1856;217;1856;217;1904;197;1904;3;N;undefined;OTHER;OTHER
invoice-1025.tiff;1;1;2480;3508;126192;291;1856;134;48;291;1856;425;1856;425;1904;291;1904;Montre;AAAAAA;undefined;OTHER;OTHER
invoice-1025.tiff;1;1;2480;3508;126193;436;1856;173;48;436;1856;609;1856;609;1904;436;1904;connectée;AAAAAAAAA;undefined;OTHER;OTHER
invoice-1025.tiff;1;1;2480;3508;126194;620;1856;106;48;620;1856;726;1856;726;1904;620;1904;Apple;AAAAA;undefined;OTHER;OTHER
invoice-1025.tiff;1;1;2480;3508;126195;737;1856;118;48;737;1856;855;1856;855;1904;737;1904;Watch;AAAAA;undefined;OTHER;OTHER
invoice-1025.tiff;1;1;2480;3508;126196;865;1856;120;48;865;1856;985;1856;985;1904;865;1904;42MM;NNAA;undefined;OTHER;OTHER
invoice-1025.tiff;1;1;2480;3508;126197;996;1856;64;48;996;1856;1060;1856;1060;1904;996;1904;Alu;AAA;undefined;OTHER;OTHER
invoice-1025.tiff;1;1;2480;3508;126202;1218;1856;20;48;1218;1856;1238;1856;1238;1904;1218;1904;1;N;undefined;OTHER;OTHER
invoice-1025.tiff;1;1;2480;3508;126203;1447;1856;114;48;1447;1856;1561;1856;1561;1904;1447;1904;399,17;NNNSNN;undefined;OTHER;OTHER
invoice-1025.tiff;1;1;2480;3508;126204;1572;1856;20;48;1572;1856;1592;1856;1592;1904;1572;1904;$;S;undefined;OTHER;OTHER
invoice-1025.tiff;1;1;2480;3508;126205;1755;1856;114;48;1755;1856;1869;1856;1869;1904;1755;1904;20.0%;NNSNS;undefined;OTHER;OTHER
invoice-1025.tiff;1;1;2480;3508;126206;2031;1856;114;48;2031;1856;2145;1856;2145;1904;2031;1904;399,17;NNNSNN;undefined;OTHER;OTHER
invoice-1025.tiff;1;1;2480;3508;126207;2156;1856;20;48;2156;1856;2176;1856;2176;1904;2156;1904;$;S;undefined;OTHER;OTHER
invoice-1025.tiff;1;1;2480;3508;126198;291;1904;171;48;291;1904;462;1904;462;1952;291;1952;Gris/Noir;AAAASAAAA;undefined;OTHER;OTHER
invoice-1025.tiff;1;1;2480;3508;126199;473;1904;106;48;473;1904;579;1904;579;1952;473;1952;Series;AAAAAA;undefined;OTHER;OTHER
invoice-1025.tiff;1;1;2480;3508;126200;590;1904;20;48;590;1904;610;1904;610;1952;590;1952;3;N;undefined;OTHER;OTHER
invoice-1025.tiff;1;1;2480;3508;126201;621;1904;145;48;621;1904;766;1904;766;1952;621;1952;Cellular;AAAAAAAA;undefined;OTHER;OTHER
invoice-1025.tiff;1;1;2480;3508;126208;1849;2035;150;51;1849;2035;1999;2035;1999;2086;1849;2086;Amount;AAAAAA;undefined;OTHER;OTHER
invoice-1025.tiff;1;1;2480;3508;126209;2041;2035;135;46;2041;2035;2176;2035;2176;2081;2041;2081;4720,81;NNNNSNN;TWTX;TOTAL_WITHOUT_TAX;TWTXS
invoice-1025.tiff;1;1;2480;3508;126210;2187;2035;20;46;2187;2035;2207;2035;2207;2081;2187;2081;$;S;TWTX;TOTAL_WITHOUT_TAX;TWTXS
invoice-1025.tiff;1;1;2480;3508;126211;1857;2086;201;51;1857;2086;2058;2086;2058;2137;1857;2137;VAT/TVA;AAASAAA;undefined;OTHER;OTHER
invoice-1025.tiff;1;1;2480;3508;126212;2100;2086;107;46;2100;2086;2207;2086;2207;2132;2100;2132;20.0%;NNSNS;TXR;TAX_RATE;Tax Rate
invoice-1025.tiff;1;1;2480;3508;126213;1764;2138;94;51;1764;2138;1858;2138;1858;2189;1764;2189;TVA;AAA;undefined;OTHER;OTHER
invoice-1025.tiff;1;1;2480;3508;126214;1870;2138;150;51;1870;2138;2020;2138;2020;2189;1870;2189;Amount;AAAAAA;undefined;OTHER;OTHER
invoice-1025.tiff;1;1;2480;3508;126215;2062;2138;114;46;2062;2138;2176;2138;2176;2184;2062;2184;944,16;NNNSNN;TTX;TOTAL_TAX;Total Tax
invoice-1025.tiff;1;1;2480;3508;126216;2187;2138;20;46;2187;2138;2207;2138;2207;2184;2187;2184;$;S;TTX;TOTAL_TAX;Total Tax
invoice-1025.tiff;1;1;2480;3508;126217;1741;2189;96;51;1741;2189;1837;2189;1837;2240;1741;2240;Total;AAAAA;undefined;OTHER;OTHER
invoice-1025.tiff;1;1;2480;3508;126218;1849;2189;150;51;1849;2189;1999;2189;1999;2240;1849;2240;Amount;AAAAAA;undefined;OTHER;OTHER
invoice-1025.tiff;1;1;2480;3508;126219;2041;2189;135;46;2041;2189;2176;2189;2176;2235;2041;2235;5664,97;NNNNSNN;TA;TOTAL_AMOUNT;Total with TAX
invoice-1025.tiff;1;1;2480;3508;126220;2187;2189;20;46;2187;2189;2207;2189;2207;2235;2187;2235;$;S;TA;TOTAL_AMOUNT;Total with TAX
invoice-1025.tiff;1;1;2480;3508;126221;1187;3154;164;48;1187;3154;1351;3154;1351;3202;1187;3202;FLEURS;AAAAAA;SN;SUPPLIER_NAME;Seller/Company) name
invoice-1025.tiff;1;1;2480;3508;126222;1362;3154;189;48;1362;3154;1551;3154;1551;3202;1362;3202;D'ANTAN;ASAAAAA;SN;SUPPLIER_NAME;Seller/Company) name
invoice-1025.tiff;1;1;2480;3508;126223;1187;3202;20;45;1187;3202;1207;3202;1207;3247;1187;3247;6;N;SA;SUPPLIER_ADDRESS;Seller Address
invoice-1025.tiff;1;1;2480;3508;126224;1218;3202;81;45;1218;3202;1299;3202;1299;3247;1218;3247;RUE;AAA;SA;SUPPLIER_ADDRESS;Seller Address
invoice-1025.tiff;1;1;2480;3508;126225;1310;3202;55;45;1310;3202;1365;3202;1365;3247;1310;3247;DE;AA;SA;SUPPLIER_ADDRESS;Seller Address
invoice-1025.tiff;1;1;2480;3508;126226;1376;3202;48;45;1376;3202;1424;3202;1424;3247;1376;3247;LA;AA;SA;SUPPLIER_ADDRESS;Seller Address
invoice-1025.tiff;1;1;2480;3508;126227;1435;3202;254;45;1435;3202;1689;3202;1689;3247;1435;3247;REPUBLIQUE;AAAAAAAAAA;SA;SUPPLIER_ADDRESS;Seller Address
invoice-1025.tiff;1;1;2480;3508;126228;1187;3248;104;45;1187;3248;1291;3248;1291;3293;1187;3293;51490;NNNNN;SA;SUPPLIER_ADDRESS;Seller Address
invoice-1025.tiff;1;1;2480;3508;126229;1333;3248;314;45;1333;3248;1647;3248;1647;3293;1333;3293;PONTFAVERGER;AAAAAAAAAAAA;SA;SUPPLIER_ADDRESS;Seller Address
invoice-1025.tiff;1;1;2480;3508;126230;1658;3248;319;45;1658;3248;1977;3248;1977;3293;1658;3293;MORONVILLIERS;AAAAAAAAAAAAA;SA;SUPPLIER_ADDRESS;Seller Address
invoice-1025.tiff;1;1;2480;3508;126231;1187;3293;157;45;1187;3293;1344;3293;1344;3338;1187;3338;FRANCE;AAAAAA;SA;SUPPLIER_ADDRESS;Seller Address
