src;num_pages;page_id;page_width;page_height;id;col;row;width;height;x1;y1;x2;y2;x3;y3;x4;y4;contents;contents_masked;correctclass;tag;description
invoice-3223.tiff;1;1;2480;3508;396668;1624;62;156;175;1624;62;1780;62;1780;237;1624;237;common/logo;AAAAAASAAAA;img;IMAGE;Image
invoice-3223.tiff;1;1;2480;3508;396638;124;237;173;48;124;237;297;237;297;285;124;285;LECHAP;AAAAAA;SN;SUPPLIER_NAME;Seller/Company) name
invoice-3223.tiff;1;1;2480;3508;396639;124;285;41;45;124;285;165;285;165;330;124;330;53;NN;SA;SUPPLIER_ADDRESS;Seller Address
invoice-3223.tiff;1;1;2480;3508;396640;177;285;164;45;177;285;341;285;341;330;177;330;GRANDE;AAAAAA;SA;SUPPLIER_ADDRESS;Seller Address
invoice-3223.tiff;1;1;2480;3508;396641;351;285;81;45;351;285;432;285;432;330;351;330;RUE;AAA;SA;SUPPLIER_ADDRESS;Seller Address
invoice-3223.tiff;1;1;2480;3508;396642;441;285;10;45;441;285;451;285;451;330;441;330;,;S;SA;SUPPLIER_ADDRESS;Seller Address
invoice-3223.tiff;1;1;2480;3508;396643;461;285;127;45;461;285;588;285;588;330;461;330;PERCY;AAAAA;SA;SUPPLIER_ADDRESS;Seller Address
invoice-3223.tiff;1;1;2480;3508;396644;599;285;53;45;599;285;652;285;652;330;599;330;EN;AA;SA;SUPPLIER_ADDRESS;Seller Address
invoice-3223.tiff;1;1;2480;3508;396645;663;285;111;45;663;285;774;285;774;330;663;330;AUGE;AAAA;SA;SUPPLIER_ADDRESS;Seller Address
invoice-3223.tiff;1;1;2480;3508;396646;791;285;10;45;791;285;801;285;801;330;791;330;,;S;SA;SUPPLIER_ADDRESS;Seller Address
invoice-3223.tiff;1;1;2480;3508;396647;812;285;104;45;812;285;916;285;916;330;812;330;14270;NNNNN;SA;SUPPLIER_ADDRESS;Seller Address
invoice-3223.tiff;1;1;2480;3508;396648;924;285;185;45;924;285;1109;285;1109;330;924;330;MEZIDON;AAAAAAA;SA;SUPPLIER_ADDRESS;Seller Address
invoice-3223.tiff;1;1;2480;3508;396649;1120;285;148;45;1120;285;1268;285;1268;330;1120;330;VALLEE;AAAAAA;SA;SUPPLIER_ADDRESS;Seller Address
invoice-3223.tiff;1;1;2480;3508;396650;1278;285;150;45;1278;285;1428;285;1428;330;1278;330;D'AUGE;ASAAAA;SA;SUPPLIER_ADDRESS;Seller Address
invoice-3223.tiff;1;1;2480;3508;396651;1437;285;10;45;1437;285;1447;285;1447;330;1437;330;,;S;SA;SUPPLIER_ADDRESS;Seller Address
invoice-3223.tiff;1;1;2480;3508;396652;1457;285;157;45;1457;285;1614;285;1614;330;1457;330;FRANCE;AAAAAA;SA;SUPPLIER_ADDRESS;Seller Address
invoice-3223.tiff;1;1;2480;3508;396653;124;331;87;45;124;331;211;331;211;376;124;376;Siren;AAAAA;undefined;OTHER;OTHER
invoice-3223.tiff;1;1;2480;3508;396654;229;331;62;45;229;331;291;331;291;376;229;376;333;NNN;SCID;SUPPLIER_ID;Seller Identifier Number (Siren)
invoice-3223.tiff;1;1;2480;3508;396655;302;331;62;45;302;331;364;331;364;376;302;376;287;NNN;SCID;SUPPLIER_ID;Seller Identifier Number (Siren)
invoice-3223.tiff;1;1;2480;3508;396656;375;331;62;45;375;331;437;331;437;376;375;376;979;NNN;SCID;SUPPLIER_ID;Seller Identifier Number (Siren)
invoice-3223.tiff;1;1;2480;3508;396657;462;331;74;45;462;331;536;331;536;376;462;376;VAT;AAA;undefined;OTHER;OTHER
invoice-3223.tiff;1;1;2480;3508;396658;547;331;134;45;547;331;681;331;681;376;547;376;Number;AAAAAA;undefined;OTHER;OTHER
invoice-3223.tiff;1;1;2480;3508;396659;698;331;50;45;698;331;748;331;748;376;698;376;FR;AA;SVAT;SUPPLIER_VAT;Seller Vat Number/TVA
invoice-3223.tiff;1;1;2480;3508;396660;759;331;41;45;759;331;800;331;800;376;759;376;74;NN;SVAT;SUPPLIER_VAT;Seller Vat Number/TVA
invoice-3223.tiff;1;1;2480;3508;396661;811;331;62;45;811;331;873;331;873;376;811;376;333;NNN;SVAT;SUPPLIER_VAT;Seller Vat Number/TVA
invoice-3223.tiff;1;1;2480;3508;396662;884;331;62;45;884;331;946;331;946;376;884;376;287;NNN;SVAT;SUPPLIER_VAT;Seller Vat Number/TVA
invoice-3223.tiff;1;1;2480;3508;396663;957;331;62;45;957;331;1019;331;1019;376;957;376;979;NNN;SVAT;SUPPLIER_VAT;Seller Vat Number/TVA
invoice-3223.tiff;1;1;2480;3508;396664;124;377;106;45;124;377;230;377;230;422;124;422;Phone;AAAAA;undefined;OTHER;OTHER
invoice-3223.tiff;1;1;2480;3508;396665;256;377;249;45;256;377;505;377;505;422;256;422;08.62.82.39.88;NNSNNSNNSNNSNN;SCN;SUPPLIER_CONTACT_NUMBER;Seller Contact Number
invoice-3223.tiff;1;1;2480;3508;396666;548;377;64;45;548;377;612;377;612;422;548;422;Fax;AAA;undefined;OTHER;OTHER
invoice-3223.tiff;1;1;2480;3508;396667;637;377;249;45;637;377;886;377;886;422;637;422;08.62.82.36.52;NNSNNSNNSNNSNN;SFAX;SUPPLIER_FAX_NUMBER;Seller Fax Number
invoice-3223.tiff;1;1;2480;3508;396669;124;632;142;52;124;632;266;632;266;684;124;684;Invoice;AAAAAAA;undefined;OTHER;OTHER
invoice-3223.tiff;1;1;2480;3508;396670;279;632;50;52;279;632;329;632;329;684;279;684;ID;AA;undefined;OTHER;OTHER
invoice-3223.tiff;1;1;2480;3508;396671;750;632;175;46;750;632;925;632;925;678;750;678;FC500337;AANNNNNN;IN;INVOICE_NUMBER;Invoice Number
invoice-3223.tiff;1;1;2480;3508;396682;1541;658;75;57;1541;658;1616;658;1616;715;1541;715;Bill;AAAA;undefined;OTHER;OTHER
invoice-3223.tiff;1;1;2480;3508;396683;1629;658;58;57;1629;658;1687;658;1687;715;1629;715;To;AA;undefined;OTHER;OTHER
invoice-3223.tiff;1;1;2480;3508;396672;124;706;91;52;124;706;215;706;215;758;124;758;Date;AAAA;undefined;OTHER;OTHER
invoice-3223.tiff;1;1;2480;3508;396673;750;706;53;46;750;706;803;706;803;752;750;752;abr;AAA;IDATE;INVOICE_DATE;Invoice Date
invoice-3223.tiff;1;1;2480;3508;396674;813;706;52;46;813;706;865;706;865;752;813;752;30,;NNS;IDATE;INVOICE_DATE;Invoice Date
invoice-3223.tiff;1;1;2480;3508;396675;876;706;83;46;876;706;959;706;959;752;876;752;2012;NNNN;IDATE;INVOICE_DATE;Invoice Date
invoice-3223.tiff;1;1;2480;3508;396684;1541;716;92;48;1541;716;1633;716;1633;764;1541;764;Paris;AAAAA;BN;BILLING_NAME;Billing Name
invoice-3223.tiff;1;1;2480;3508;396685;1644;716;136;48;1644;716;1780;716;1780;764;1644;764;Rempel;AAAAAA;BN;BILLING_NAME;Billing Name
invoice-3223.tiff;1;1;2480;3508;396686;1541;764;52;45;1541;764;1593;764;1593;809;1541;809;16,;NNS;BA;BILLING_ADDRESS;Billing Address
invoice-3223.tiff;1;1;2480;3508;396687;1604;764;117;45;1604;764;1721;764;1721;809;1604;809;avenue;AAAAAA;BA;BILLING_ADDRESS;Billing Address
invoice-3223.tiff;1;1;2480;3508;396688;1732;764;55;45;1732;764;1787;764;1787;809;1732;809;des;AAA;BA;BILLING_ADDRESS;Billing Address
invoice-3223.tiff;1;1;2480;3508;396689;1798;764;187;45;1798;764;1985;764;1985;809;1798;809;parigaudes;AAAAAAAAAA;BA;BILLING_ADDRESS;Billing Address
invoice-3223.tiff;1;1;2480;3508;396676;124;780;119;52;124;780;243;780;243;832;124;832;Client;AAAAAA;undefined;OTHER;OTHER
invoice-3223.tiff;1;1;2480;3508;396677;256;780;50;52;256;780;306;780;306;832;256;832;ID;AA;undefined;OTHER;OTHER
invoice-3223.tiff;1;1;2480;3508;396678;750;780;157;46;750;780;907;780;907;826;750;826;CL55383;AANNNNN;CNUM;CLIENT_NUMBER;Client Number
invoice-3223.tiff;1;1;2480;3508;396690;1541;810;104;45;1541;810;1645;810;1645;855;1541;855;28300;NNNNN;BA;BILLING_ADDRESS;Billing Address
invoice-3223.tiff;1;1;2480;3508;396691;1687;810;78;45;1687;810;1765;810;1765;855;1687;855;Jouy;AAAA;BA;BILLING_ADDRESS;Billing Address
invoice-3223.tiff;1;1;2480;3508;396679;124;853;122;52;124;853;246;853;246;905;124;905;Order;AAAAA;undefined;OTHER;OTHER
invoice-3223.tiff;1;1;2480;3508;396680;258;853;50;52;258;853;308;853;308;905;258;905;ID;AA;undefined;OTHER;OTHER
invoice-3223.tiff;1;1;2480;3508;396681;750;853;148;46;750;853;898;853;898;899;750;899;CM5341;AANNNN;ONUM;ORDER_NUMBER;Order Number
invoice-3223.tiff;1;1;2480;3508;396692;1541;856;120;45;1541;856;1661;856;1661;901;1541;901;France;AAAAAA;BA;BILLING_ADDRESS;Billing Address
invoice-3223.tiff;1;1;2480;3508;396693;440;1321;244;52;440;1321;684;1321;684;1373;440;1373;Descriptions;AAAAAAAAAAAA;undefined;OTHER;OTHER
invoice-3223.tiff;1;1;2480;3508;396694;1088;1321;73;52;1088;1321;1161;1321;1161;1373;1088;1373;Qty;AAA;undefined;OTHER;OTHER
invoice-3223.tiff;1;1;2480;3508;396695;1374;1321;84;52;1374;1321;1458;1321;1458;1373;1374;1373;U.P.;ASAS;undefined;OTHER;OTHER
invoice-3223.tiff;1;1;2480;3508;396696;1646;1321;206;52;1646;1321;1852;1321;1852;1373;1646;1373;VAT/TVA;AAASAAA;undefined;OTHER;OTHER
invoice-3223.tiff;1;1;2480;3508;396697;2003;1321;160;52;2003;1321;2163;1321;2163;1373;2003;1373;Amount;AAAAAA;undefined;OTHER;OTHER
invoice-3223.tiff;1;1;2480;3508;396698;124;1395;101;48;124;1395;225;1395;225;1443;124;1443;Carte;AAAAA;undefined;OTHER;OTHER
invoice-3223.tiff;1;1;2480;3508;396699;237;1395;53;48;237;1395;290;1395;290;1443;237;1443;SD;AA;undefined;OTHER;OTHER
invoice-3223.tiff;1;1;2480;3508;396700;300;1395;141;48;300;1395;441;1395;441;1443;300;1443;Sandisk;AAAAAAA;undefined;OTHER;OTHER
invoice-3223.tiff;1;1;2480;3508;396701;452;1395;94;48;452;1395;546;1395;546;1443;452;1443;Ultra;AAAAA;undefined;OTHER;OTHER
invoice-3223.tiff;1;1;2480;3508;396702;557;1395;115;48;557;1395;672;1395;672;1443;557;1443;SDHC;AAAA;undefined;OTHER;OTHER
invoice-3223.tiff;1;1;2480;3508;396703;684;1395;94;48;684;1395;778;1395;778;1443;684;1443;16Go;NNAA;undefined;OTHER;OTHER
invoice-3223.tiff;1;1;2480;3508;396704;789;1395;136;48;789;1395;925;1395;925;1443;789;1443;40MB/s;NNAASA;undefined;OTHER;OTHER
invoice-3223.tiff;1;1;2480;3508;396707;1114;1395;20;48;1114;1395;1134;1395;1134;1443;1114;1443;4;N;undefined;OTHER;OTHER
invoice-3223.tiff;1;1;2480;3508;396708;1322;1395;93;48;1322;1395;1415;1395;1415;1443;1322;1443;10,75;NNSNN;undefined;OTHER;OTHER
invoice-3223.tiff;1;1;2480;3508;396709;1427;1395;83;48;1427;1395;1510;1395;1510;1443;1427;1443;USD;AAA;undefined;OTHER;OTHER
invoice-3223.tiff;1;1;2480;3508;396710;1692;1395;114;48;1692;1395;1806;1395;1806;1443;1692;1443;20.0%;NNSNS;undefined;OTHER;OTHER
invoice-3223.tiff;1;1;2480;3508;396711;1989;1395;93;48;1989;1395;2082;1395;2082;1443;1989;1443;43,00;NNSNN;undefined;OTHER;OTHER
invoice-3223.tiff;1;1;2480;3508;396712;2093;1395;83;48;2093;1395;2176;1395;2176;1443;2093;1443;USD;AAA;undefined;OTHER;OTHER
invoice-3223.tiff;1;1;2480;3508;396705;124;1443;94;48;124;1443;218;1443;218;1491;124;1491;Class;AAAAA;undefined;OTHER;OTHER
invoice-3223.tiff;1;1;2480;3508;396706;230;1443;41;48;230;1443;271;1443;271;1491;230;1491;10;NN;undefined;OTHER;OTHER
invoice-3223.tiff;1;1;2480;3508;396713;1847;1575;173;52;1847;1575;2020;1575;2020;1627;1847;1627;Discount;AAAAAAAA;undefined;OTHER;OTHER
invoice-3223.tiff;1;1;2480;3508;396714;2041;1575;72;48;2041;1575;2113;1575;2113;1623;2041;1623;0,00;NSNN;undefined;OTHER;OTHER
invoice-3223.tiff;1;1;2480;3508;396715;2125;1575;83;48;2125;1575;2208;1575;2208;1623;2125;1623;USD;AAA;undefined;OTHER;OTHER
invoice-3223.tiff;1;1;2480;3508;396716;1818;1627;160;52;1818;1627;1978;1627;1978;1679;1818;1679;Amount;AAAAAA;undefined;OTHER;OTHER
invoice-3223.tiff;1;1;2480;3508;396717;2020;1627;93;48;2020;1627;2113;1627;2113;1675;2020;1675;43,00;NNSNN;TWTX;TOTAL_WITHOUT_TAX;TWTXS
invoice-3223.tiff;1;1;2480;3508;396718;2125;1627;83;48;2125;1627;2208;1627;2208;1675;2125;1675;USD;AAA;TWTX;TOTAL_WITHOUT_TAX;TWTXS
invoice-3223.tiff;1;1;2480;3508;396719;1731;1680;96;52;1731;1680;1827;1680;1827;1732;1731;1732;TVA;AAA;undefined;OTHER;OTHER
invoice-3223.tiff;1;1;2480;3508;396720;1839;1680;160;52;1839;1680;1999;1680;1999;1732;1839;1732;Amount;AAAAAA;undefined;OTHER;OTHER
invoice-3223.tiff;1;1;2480;3508;396721;2041;1680;72;48;2041;1680;2113;1680;2113;1728;2041;1728;8,60;NSNN;TTX;TOTAL_TAX;Total Tax
invoice-3223.tiff;1;1;2480;3508;396722;2125;1680;83;48;2125;1680;2208;1680;2208;1728;2125;1728;USD;AAA;TTX;TOTAL_TAX;Total Tax
invoice-3223.tiff;1;1;2480;3508;396723;1702;1733;104;52;1702;1733;1806;1733;1806;1785;1702;1785;Total;AAAAA;undefined;OTHER;OTHER
invoice-3223.tiff;1;1;2480;3508;396724;1818;1733;160;52;1818;1733;1978;1733;1978;1785;1818;1785;Amount;AAAAAA;undefined;OTHER;OTHER
invoice-3223.tiff;1;1;2480;3508;396725;2020;1733;93;48;2020;1733;2113;1733;2113;1781;2020;1781;51,60;NNSNN;TA;TOTAL_AMOUNT;Total with TAX
invoice-3223.tiff;1;1;2480;3508;396726;2125;1733;83;48;2125;1733;2208;1733;2208;1781;2125;1781;USD;AAA;TA;TOTAL_AMOUNT;Total with TAX
invoice-3223.tiff;1;1;2480;3508;396727;1187;3154;173;48;1187;3154;1360;3154;1360;3202;1187;3202;LECHAP;AAAAAA;SN;SUPPLIER_NAME;Seller/Company) name
invoice-3223.tiff;1;1;2480;3508;396728;1187;3202;41;45;1187;3202;1228;3202;1228;3247;1187;3247;53;NN;SA;SUPPLIER_ADDRESS;Seller Address
invoice-3223.tiff;1;1;2480;3508;396729;1239;3202;164;45;1239;3202;1403;3202;1403;3247;1239;3247;GRANDE;AAAAAA;SA;SUPPLIER_ADDRESS;Seller Address
invoice-3223.tiff;1;1;2480;3508;396730;1414;3202;81;45;1414;3202;1495;3202;1495;3247;1414;3247;RUE;AAA;SA;SUPPLIER_ADDRESS;Seller Address
invoice-3223.tiff;1;1;2480;3508;396731;1187;3248;127;45;1187;3248;1314;3248;1314;3293;1187;3293;PERCY;AAAAA;SA;SUPPLIER_ADDRESS;Seller Address
invoice-3223.tiff;1;1;2480;3508;396732;1325;3248;53;45;1325;3248;1378;3248;1378;3293;1325;3293;EN;AA;SA;SUPPLIER_ADDRESS;Seller Address
invoice-3223.tiff;1;1;2480;3508;396733;1388;3248;111;45;1388;3248;1499;3248;1499;3293;1388;3293;AUGE;AAAA;SA;SUPPLIER_ADDRESS;Seller Address
invoice-3223.tiff;1;1;2480;3508;396734;1187;3293;104;45;1187;3293;1291;3293;1291;3338;1187;3338;14270;NNNNN;SA;SUPPLIER_ADDRESS;Seller Address
invoice-3223.tiff;1;1;2480;3508;396735;1333;3293;185;45;1333;3293;1518;3293;1518;3338;1333;3338;MEZIDON;AAAAAAA;SA;SUPPLIER_ADDRESS;Seller Address
invoice-3223.tiff;1;1;2480;3508;396736;1528;3293;148;45;1528;3293;1676;3293;1676;3338;1528;3338;VALLEE;AAAAAA;SA;SUPPLIER_ADDRESS;Seller Address
invoice-3223.tiff;1;1;2480;3508;396737;1687;3293;150;45;1687;3293;1837;3293;1837;3338;1687;3338;D'AUGE;ASAAAA;SA;SUPPLIER_ADDRESS;Seller Address
invoice-3223.tiff;1;1;2480;3508;396738;1187;3339;157;45;1187;3339;1344;3339;1344;3384;1187;3384;FRANCE;AAAAAA;SA;SUPPLIER_ADDRESS;Seller Address
