src;num_pages;page_id;page_width;page_height;id;col;row;width;height;x1;y1;x2;y2;x3;y3;x4;y4;contents;contents_masked;correctclass;tag;description
invoice-3439.tiff;1;1;2480;3508;422645;124;62;178;175;124;62;302;62;302;237;124;237;common/logo;AAAAAASAAAA;img;IMAGE;Image
invoice-3439.tiff;1;1;2480;3508;422646;124;412;173;48;124;412;297;412;297;460;124;460;SANDRA;AAAAAA;SN;SUPPLIER_NAME;Seller/Company) name
invoice-3439.tiff;1;1;2480;3508;422647;309;412;108;48;309;412;417;412;417;460;309;460;HAIR;AAAA;SN;SUPPLIER_NAME;Seller/Company) name
invoice-3439.tiff;1;1;2480;3508;422648;428;412;203;48;428;412;631;412;631;460;428;460;CONCEPT;AAAAAAA;SN;SUPPLIER_NAME;Seller/Company) name
invoice-3439.tiff;1;1;2480;3508;422649;124;460;41;45;124;460;165;460;165;505;124;505;15;NN;SA;SUPPLIER_ADDRESS;Seller Address
invoice-3439.tiff;1;1;2480;3508;422650;177;460;81;45;177;460;258;460;258;505;177;505;RUE;AAA;SA;SUPPLIER_ADDRESS;Seller Address
invoice-3439.tiff;1;1;2480;3508;422651;268;460;141;45;268;460;409;460;409;505;268;505;VIOLET;AAAAAA;SA;SUPPLIER_ADDRESS;Seller Address
invoice-3439.tiff;1;1;2480;3508;422652;124;506;104;45;124;506;228;506;228;551;124;551;75015;NNNNN;SA;SUPPLIER_ADDRESS;Seller Address
invoice-3439.tiff;1;1;2480;3508;422653;270;506;111;45;270;506;381;506;381;551;270;551;PARIS;AAAAA;SA;SUPPLIER_ADDRESS;Seller Address
invoice-3439.tiff;1;1;2480;3508;422654;392;506;41;45;392;506;433;506;433;551;392;551;15;NN;SA;SUPPLIER_ADDRESS;Seller Address
invoice-3439.tiff;1;1;2480;3508;422655;124;552;106;45;124;552;230;552;230;597;124;597;Phone;AAAAA;undefined;OTHER;OTHER
invoice-3439.tiff;1;1;2480;3508;422656;293;552;69;45;293;552;362;552;362;597;293;597;+33;SNN;SCN;SUPPLIER_CONTACT_NUMBER;Seller Contact Number
invoice-3439.tiff;1;1;2480;3508;422657;374;552;20;45;374;552;394;552;394;597;374;597;0;N;SCN;SUPPLIER_CONTACT_NUMBER;Seller Contact Number
invoice-3439.tiff;1;1;2480;3508;422658;405;552;62;45;405;552;467;552;467;597;405;597;018;NNN;SCN;SUPPLIER_CONTACT_NUMBER;Seller Contact Number
invoice-3439.tiff;1;1;2480;3508;422659;478;552;62;45;478;552;540;552;540;597;478;597;007;NNN;SCN;SUPPLIER_CONTACT_NUMBER;Seller Contact Number
invoice-3439.tiff;1;1;2480;3508;422660;551;552;62;45;551;552;613;552;613;597;551;597;161;NNN;SCN;SUPPLIER_CONTACT_NUMBER;Seller Contact Number
invoice-3439.tiff;1;1;2480;3508;422661;124;598;64;45;124;598;188;598;188;643;124;643;Fax;AAA;undefined;OTHER;OTHER
invoice-3439.tiff;1;1;2480;3508;422662;252;598;69;45;252;598;321;598;321;643;252;643;+33;SNN;SFAX;SUPPLIER_FAX_NUMBER;Seller Fax Number
invoice-3439.tiff;1;1;2480;3508;422663;332;598;20;45;332;598;352;598;352;643;332;643;0;N;SFAX;SUPPLIER_FAX_NUMBER;Seller Fax Number
invoice-3439.tiff;1;1;2480;3508;422664;363;598;62;45;363;598;425;598;425;643;363;643;018;NNN;SFAX;SUPPLIER_FAX_NUMBER;Seller Fax Number
invoice-3439.tiff;1;1;2480;3508;422665;436;598;62;45;436;598;498;598;498;643;436;643;007;NNN;SFAX;SUPPLIER_FAX_NUMBER;Seller Fax Number
invoice-3439.tiff;1;1;2480;3508;422666;509;598;62;45;509;598;571;598;571;643;509;643;762;NNN;SFAX;SUPPLIER_FAX_NUMBER;Seller Fax Number
invoice-3439.tiff;1;1;2480;3508;422680;1541;970;183;57;1541;970;1724;970;1724;1027;1541;1027;Invoiced;AAAAAAAA;undefined;OTHER;OTHER
invoice-3439.tiff;1;1;2480;3508;422681;1737;970;58;57;1737;970;1795;970;1795;1027;1737;1027;To;AA;undefined;OTHER;OTHER
invoice-3439.tiff;1;1;2480;3508;422682;1541;1028;97;48;1541;1028;1638;1028;1638;1076;1541;1076;Petra;AAAAA;BN;BILLING_NAME;Billing Name
invoice-3439.tiff;1;1;2480;3508;422683;1649;1028;111;48;1649;1028;1760;1028;1760;1076;1649;1076;Bruen;AAAAA;BN;BILLING_NAME;Billing Name
invoice-3439.tiff;1;1;2480;3508;422684;1541;1076;52;45;1541;1076;1593;1076;1593;1121;1541;1121;30,;NNS;BA;BILLING_ADDRESS;Billing Address
invoice-3439.tiff;1;1;2480;3508;422685;1604;1076;55;45;1604;1076;1659;1076;1659;1121;1604;1121;rue;AAA;BA;BILLING_ADDRESS;Billing Address
invoice-3439.tiff;1;1;2480;3508;422686;1670;1076;39;45;1670;1076;1709;1076;1709;1121;1670;1121;de;AA;BA;BILLING_ADDRESS;Billing Address
invoice-3439.tiff;1;1;2480;3508;422687;1719;1076;76;45;1719;1076;1795;1076;1795;1121;1719;1121;metz;AAAA;BA;BILLING_ADDRESS;Billing Address
invoice-3439.tiff;1;1;2480;3508;422667;124;1087;142;52;124;1087;266;1087;266;1139;124;1139;Invoice;AAAAAAA;undefined;OTHER;OTHER
invoice-3439.tiff;1;1;2480;3508;422668;279;1087;67;52;279;1087;346;1087;346;1139;279;1139;No.;AAS;undefined;OTHER;OTHER
invoice-3439.tiff;1;1;2480;3508;422669;750;1087;298;46;750;1087;1048;1087;1048;1133;750;1133;173-00983-10011;NNNSNNNNNSNNNNN;IN;INVOICE_NUMBER;Invoice Number
invoice-3439.tiff;1;1;2480;3508;422688;1541;1121;104;45;1541;1121;1645;1121;1645;1166;1541;1166;54670;NNNNN;BA;BILLING_ADDRESS;Billing Address
invoice-3439.tiff;1;1;2480;3508;422689;1687;1121;143;45;1687;1121;1830;1121;1830;1166;1687;1166;Custines;AAAAAAAA;BA;BILLING_ADDRESS;Billing Address
invoice-3439.tiff;1;1;2480;3508;422670;124;1160;117;52;124;1160;241;1160;241;1212;124;1212;Dated;AAAAA;undefined;OTHER;OTHER
invoice-3439.tiff;1;1;2480;3508;422671;750;1160;53;46;750;1160;803;1160;803;1206;750;1206;abr;AAA;IDATE;INVOICE_DATE;Invoice Date
invoice-3439.tiff;1;1;2480;3508;422672;813;1160;31;46;813;1160;844;1160;844;1206;813;1206;4,;NS;IDATE;INVOICE_DATE;Invoice Date
invoice-3439.tiff;1;1;2480;3508;422673;855;1160;83;46;855;1160;938;1160;938;1206;855;1206;1981;NNNN;IDATE;INVOICE_DATE;Invoice Date
invoice-3439.tiff;1;1;2480;3508;422690;1541;1167;120;45;1541;1167;1661;1167;1661;1212;1541;1212;France;AAAAAA;BA;BILLING_ADDRESS;Billing Address
invoice-3439.tiff;1;1;2480;3508;422674;124;1234;119;52;124;1234;243;1234;243;1286;124;1286;Client;AAAAAA;undefined;OTHER;OTHER
invoice-3439.tiff;1;1;2480;3508;422675;256;1234;67;52;256;1234;323;1234;323;1286;256;1286;No.;AAS;undefined;OTHER;OTHER
invoice-3439.tiff;1;1;2480;3508;422676;750;1234;215;46;750;1234;965;1234;965;1280;750;1280;730-867-129;NNNSNNNSNNN;CNUM;CLIENT_NUMBER;Client Number
invoice-3439.tiff;1;1;2480;3508;422691;1541;1255;155;57;1541;1255;1696;1255;1696;1312;1541;1312;Deliver;AAAAAAA;undefined;OTHER;OTHER
invoice-3439.tiff;1;1;2480;3508;422692;1709;1255;58;57;1709;1255;1767;1255;1767;1312;1709;1312;To;AA;undefined;OTHER;OTHER
invoice-3439.tiff;1;1;2480;3508;422677;124;1308;122;52;124;1308;246;1308;246;1360;124;1360;Order;AAAAA;undefined;OTHER;OTHER
invoice-3439.tiff;1;1;2480;3508;422678;258;1308;67;52;258;1308;325;1308;325;1360;258;1360;No.;AAS;undefined;OTHER;OTHER
invoice-3439.tiff;1;1;2480;3508;422679;750;1308;138;46;750;1308;888;1308;888;1354;750;1354;467-987;NNNSNNN;ONUM;ORDER_NUMBER;Order Number
invoice-3439.tiff;1;1;2480;3508;422693;1541;1312;97;48;1541;1312;1638;1312;1638;1360;1541;1360;Petra;AAAAA;SHN;SHIPPING_NAME;Shipping Name
invoice-3439.tiff;1;1;2480;3508;422694;1649;1312;111;48;1649;1312;1760;1312;1760;1360;1649;1360;Bruen;AAAAA;SHN;SHIPPING_NAME;Shipping Name
invoice-3439.tiff;1;1;2480;3508;422695;1541;1360;52;45;1541;1360;1593;1360;1593;1405;1541;1405;30,;NNS;SHA;SHIPPING_ADDRESS;Shipping Address
invoice-3439.tiff;1;1;2480;3508;422696;1604;1360;55;45;1604;1360;1659;1360;1659;1405;1604;1405;rue;AAA;SHA;SHIPPING_ADDRESS;Shipping Address
invoice-3439.tiff;1;1;2480;3508;422697;1670;1360;39;45;1670;1360;1709;1360;1709;1405;1670;1405;de;AA;SHA;SHIPPING_ADDRESS;Shipping Address
invoice-3439.tiff;1;1;2480;3508;422698;1719;1360;76;45;1719;1360;1795;1360;1795;1405;1719;1405;metz;AAAA;SHA;SHIPPING_ADDRESS;Shipping Address
invoice-3439.tiff;1;1;2480;3508;422699;1541;1406;104;45;1541;1406;1645;1406;1645;1451;1541;1451;54670;NNNNN;SHA;SHIPPING_ADDRESS;Shipping Address
invoice-3439.tiff;1;1;2480;3508;422700;1687;1406;143;45;1687;1406;1830;1406;1830;1451;1687;1451;Custines;AAAAAAAA;SHA;SHIPPING_ADDRESS;Shipping Address
invoice-3439.tiff;1;1;2480;3508;422701;1541;1452;120;45;1541;1452;1661;1452;1661;1497;1541;1497;France;AAAAAA;SHA;SHIPPING_ADDRESS;Shipping Address
invoice-3439.tiff;1;1;2480;3508;422702;174;1776;67;52;174;1776;241;1776;241;1828;174;1828;No.;AAS;undefined;OTHER;OTHER
invoice-3439.tiff;1;1;2480;3508;422703;565;1776;244;52;565;1776;809;1776;809;1828;565;1828;Descriptions;AAAAAAAAAAAA;undefined;OTHER;OTHER
invoice-3439.tiff;1;1;2480;3508;422704;1192;1776;73;52;1192;1776;1265;1776;1265;1828;1192;1828;Qty;AAA;undefined;OTHER;OTHER
invoice-3439.tiff;1;1;2480;3508;422705;1478;1776;84;52;1478;1776;1562;1776;1562;1828;1478;1828;U.P.;ASAS;undefined;OTHER;OTHER
invoice-3439.tiff;1;1;2480;3508;422706;1709;1776;206;52;1709;1776;1915;1776;1915;1828;1709;1828;VAT/TVA;AAASAAA;undefined;OTHER;OTHER
invoice-3439.tiff;1;1;2480;3508;422707;2023;1776;160;52;2023;1776;2183;1776;2183;1828;2023;1828;Amount;AAAAAA;undefined;OTHER;OTHER
invoice-3439.tiff;1;1;2480;3508;422708;197;1849;20;48;197;1849;217;1849;217;1897;197;1897;1;N;undefined;OTHER;OTHER
invoice-3439.tiff;1;1;2480;3508;422709;291;1849;115;48;291;1849;406;1849;406;1897;291;1897;Vanne;AAAAA;undefined;OTHER;OTHER
invoice-3439.tiff;1;1;2480;3508;422710;417;1849;69;48;417;1849;486;1849;486;1897;417;1897;anti;AAAA;undefined;OTHER;OTHER
invoice-3439.tiff;1;1;2480;3508;422711;497;1849;215;48;497;1849;712;1849;712;1897;497;1897;innondation;AAAAAAAAAAA;undefined;OTHER;OTHER
invoice-3439.tiff;1;1;2480;3508;422712;723;1849;104;48;723;1849;827;1849;827;1897;723;1897;Wpro;AAAA;undefined;OTHER;OTHER
invoice-3439.tiff;1;1;2480;3508;422713;838;1849;115;48;838;1849;953;1849;953;1897;838;1897;Vanne;AAAAA;undefined;OTHER;OTHER
invoice-3439.tiff;1;1;2480;3508;422714;964;1849;78;48;964;1849;1042;1849;1042;1897;964;1897;Anti;AAAA;undefined;OTHER;OTHER
invoice-3439.tiff;1;1;2480;3508;422716;1218;1849;20;48;1218;1849;1238;1849;1238;1897;1218;1897;1;N;undefined;OTHER;OTHER
invoice-3439.tiff;1;1;2480;3508;422717;1427;1849;93;48;1427;1849;1520;1849;1520;1897;1427;1897;20,83;NNSNN;undefined;OTHER;OTHER
invoice-3439.tiff;1;1;2480;3508;422718;1531;1849;83;48;1531;1849;1614;1849;1614;1897;1531;1897;USD;AAA;undefined;OTHER;OTHER
invoice-3439.tiff;1;1;2480;3508;422719;1755;1849;114;48;1755;1849;1869;1849;1869;1897;1755;1897;20.0%;NNSNS;undefined;OTHER;OTHER
invoice-3439.tiff;1;1;2480;3508;422720;2010;1849;93;48;2010;1849;2103;1849;2103;1897;2010;1897;20,83;NNSNN;undefined;OTHER;OTHER
invoice-3439.tiff;1;1;2480;3508;422721;2114;1849;83;48;2114;1849;2197;1849;2197;1897;2114;1897;USD;AAA;undefined;OTHER;OTHER
invoice-3439.tiff;1;1;2480;3508;422715;291;1897;192;48;291;1897;483;1897;483;1945;291;1945;inondation;AAAAAAAAAA;undefined;OTHER;OTHER
invoice-3439.tiff;1;1;2480;3508;422722;197;1987;20;48;197;1987;217;1987;217;2035;197;2035;2;N;undefined;OTHER;OTHER
invoice-3439.tiff;1;1;2480;3508;422723;1218;1987;20;48;1218;1987;1238;1987;1238;2035;1218;2035;3;N;undefined;OTHER;OTHER
invoice-3439.tiff;1;1;2480;3508;422724;1437;1987;72;48;1437;1987;1509;1987;1509;2035;1437;2035;0,00;NSNN;undefined;OTHER;OTHER
invoice-3439.tiff;1;1;2480;3508;422725;1520;1987;83;48;1520;1987;1603;1987;1603;2035;1520;2035;USD;AAA;undefined;OTHER;OTHER
invoice-3439.tiff;1;1;2480;3508;422726;1755;1987;114;48;1755;1987;1869;1987;1869;2035;1755;2035;20.0%;NNSNS;undefined;OTHER;OTHER
invoice-3439.tiff;1;1;2480;3508;422727;2020;1987;72;48;2020;1987;2092;1987;2092;2035;2020;2035;0,00;NSNN;undefined;OTHER;OTHER
invoice-3439.tiff;1;1;2480;3508;422728;2104;1987;83;48;2104;1987;2187;1987;2187;2035;2104;2035;USD;AAA;undefined;OTHER;OTHER
invoice-3439.tiff;1;1;2480;3508;422729;197;2077;20;48;197;2077;217;2077;217;2125;197;2125;3;N;undefined;OTHER;OTHER
invoice-3439.tiff;1;1;2480;3508;422730;291;2077;187;48;291;2077;478;2077;478;2125;291;2125;Cartouche;AAAAAAAAA;undefined;OTHER;OTHER
invoice-3439.tiff;1;1;2480;3508;422731;489;2077;145;48;489;2077;634;2077;634;2125;489;2125;filtrante;AAAAAAAAA;undefined;OTHER;OTHER
invoice-3439.tiff;1;1;2480;3508;422732;645;2077;113;48;645;2077;758;2077;758;2125;645;2125;Krups;AAAAA;undefined;OTHER;OTHER
invoice-3439.tiff;1;1;2480;3508;422733;769;2077;20;48;769;2077;789;2077;789;2125;769;2125;2;N;undefined;OTHER;OTHER
invoice-3439.tiff;1;1;2480;3508;422734;800;2077;192;48;800;2077;992;2077;992;2125;800;2125;cartouches;AAAAAAAAAA;undefined;OTHER;OTHER
invoice-3439.tiff;1;1;2480;3508;422737;1218;2077;20;48;1218;2077;1238;2077;1238;2125;1218;2125;3;N;undefined;OTHER;OTHER
invoice-3439.tiff;1;1;2480;3508;422738;1437;2077;72;48;1437;2077;1509;2077;1509;2125;1437;2125;7,49;NSNN;undefined;OTHER;OTHER
invoice-3439.tiff;1;1;2480;3508;422739;1520;2077;83;48;1520;2077;1603;2077;1603;2125;1520;2125;USD;AAA;undefined;OTHER;OTHER
invoice-3439.tiff;1;1;2480;3508;422740;1755;2077;114;48;1755;2077;1869;2077;1869;2125;1755;2125;20.0%;NNSNS;undefined;OTHER;OTHER
invoice-3439.tiff;1;1;2480;3508;422741;2010;2077;93;48;2010;2077;2103;2077;2103;2125;2010;2125;22,48;NNSNN;undefined;OTHER;OTHER
invoice-3439.tiff;1;1;2480;3508;422742;2114;2077;83;48;2114;2077;2197;2077;2197;2125;2114;2125;USD;AAA;undefined;OTHER;OTHER
invoice-3439.tiff;1;1;2480;3508;422735;291;2125;162;48;291;2125;453;2125;453;2173;291;2173;filtrantes;AAAAAAAAAA;undefined;OTHER;OTHER
invoice-3439.tiff;1;1;2480;3508;422736;464;2125;185;48;464;2125;649;2125;649;2173;464;2173;YX103601;AANNNNNN;undefined;OTHER;OTHER
invoice-3439.tiff;1;1;2480;3508;422743;197;2214;20;48;197;2214;217;2214;217;2262;197;2262;4;N;undefined;OTHER;OTHER
invoice-3439.tiff;1;1;2480;3508;422744;291;2214;87;48;291;2214;378;2214;378;2262;291;2262;Lave;AAAA;undefined;OTHER;OTHER
invoice-3439.tiff;1;1;2480;3508;422745;390;2214;85;48;390;2214;475;2214;475;2262;390;2262;linge;AAAAA;undefined;OTHER;OTHER
invoice-3439.tiff;1;1;2480;3508;422746;486;2214;150;48;486;2214;636;2214;636;2262;486;2262;compact;AAAAAAA;undefined;OTHER;OTHER
invoice-3439.tiff;1;1;2480;3508;422747;646;2214;182;48;646;2214;828;2214;828;2262;646;2262;Whirlpool;AAAAAAAAA;undefined;OTHER;OTHER
invoice-3439.tiff;1;1;2480;3508;422748;840;2214;178;48;840;2214;1018;2214;1018;2262;840;2262;Freshcare;AAAAAAAAA;undefined;OTHER;OTHER
invoice-3439.tiff;1;1;2480;3508;422750;1218;2214;20;48;1218;2214;1238;2214;1238;2262;1218;2262;2;N;undefined;OTHER;OTHER
invoice-3439.tiff;1;1;2480;3508;422751;1416;2214;114;48;1416;2214;1530;2214;1530;2262;1416;2262;457,50;NNNSNN;undefined;OTHER;OTHER
invoice-3439.tiff;1;1;2480;3508;422752;1541;2214;83;48;1541;2214;1624;2214;1624;2262;1541;2262;USD;AAA;undefined;OTHER;OTHER
invoice-3439.tiff;1;1;2480;3508;422753;1755;2214;114;48;1755;2214;1869;2214;1869;2262;1755;2262;20.0%;NNSNS;undefined;OTHER;OTHER
invoice-3439.tiff;1;1;2480;3508;422754;1999;2214;114;48;1999;2214;2113;2214;2113;2262;1999;2262;915,00;NNNSNN;undefined;OTHER;OTHER
invoice-3439.tiff;1;1;2480;3508;422755;2125;2214;83;48;2125;2214;2208;2214;2208;2262;2125;2262;USD;AAA;undefined;OTHER;OTHER
invoice-3439.tiff;1;1;2480;3508;422749;291;2263;324;48;291;2263;615;2263;615;2311;291;2311;FWSG71253WFR;AAAANNNNNAAA;undefined;OTHER;OTHER
invoice-3439.tiff;1;1;2480;3508;422756;1808;2394;150;51;1808;2394;1958;2394;1958;2445;1808;2445;Amount;AAAAAA;undefined;OTHER;OTHER
invoice-3439.tiff;1;1;2480;3508;422757;1999;2394;114;46;1999;2394;2113;2394;2113;2440;1999;2440;958,30;NNNSNN;TWTX;TOTAL_WITHOUT_TAX;TWTXS
invoice-3439.tiff;1;1;2480;3508;422758;2125;2394;83;46;2125;2394;2208;2394;2208;2440;2125;2440;USD;AAA;TWTX;TOTAL_WITHOUT_TAX;TWTXS
invoice-3439.tiff;1;1;2480;3508;422759;1857;2445;201;51;1857;2445;2058;2445;2058;2496;1857;2496;VAT/TVA;AAASAAA;undefined;OTHER;OTHER
invoice-3439.tiff;1;1;2480;3508;422760;2100;2445;107;46;2100;2445;2207;2445;2207;2491;2100;2491;20.0%;NNSNS;TXR;TAX_RATE;Tax Rate
invoice-3439.tiff;1;1;2480;3508;422761;1702;2496;94;51;1702;2496;1796;2496;1796;2547;1702;2547;TVA;AAA;undefined;OTHER;OTHER
invoice-3439.tiff;1;1;2480;3508;422762;1808;2496;150;51;1808;2496;1958;2496;1958;2547;1808;2547;Amount;AAAAAA;undefined;OTHER;OTHER
invoice-3439.tiff;1;1;2480;3508;422763;1999;2496;114;46;1999;2496;2113;2496;2113;2542;1999;2542;191,66;NNNSNN;TTX;TOTAL_TAX;Total Tax
invoice-3439.tiff;1;1;2480;3508;422764;2125;2496;83;46;2125;2496;2208;2496;2208;2542;2125;2542;USD;AAA;TTX;TOTAL_TAX;Total Tax
invoice-3439.tiff;1;1;2480;3508;422765;1679;2547;96;51;1679;2547;1775;2547;1775;2598;1679;2598;Total;AAAAA;undefined;OTHER;OTHER
invoice-3439.tiff;1;1;2480;3508;422766;1787;2547;150;51;1787;2547;1937;2547;1937;2598;1787;2598;Amount;AAAAAA;undefined;OTHER;OTHER
invoice-3439.tiff;1;1;2480;3508;422767;1979;2547;135;46;1979;2547;2114;2547;2114;2593;1979;2593;1149,96;NNNNSNN;TA;TOTAL_AMOUNT;Total with TAX
invoice-3439.tiff;1;1;2480;3508;422768;2125;2547;83;46;2125;2547;2208;2547;2208;2593;2125;2593;USD;AAA;TA;TOTAL_AMOUNT;Total with TAX
invoice-3439.tiff;1;1;2480;3508;422769;1541;2927;173;52;1541;2927;1714;2927;1714;2979;1541;2979;Payment;AAAAAAA;undefined;OTHER;OTHER
invoice-3439.tiff;1;1;2480;3508;422770;1726;2927;84;52;1726;2927;1810;2927;1810;2979;1726;2979;type;AAAA;undefined;OTHER;OTHER
invoice-3439.tiff;1;1;2480;3508;422771;2166;2927;87;46;2166;2927;2253;2927;2253;2973;2166;2973;Bank;AAAA;PMODE;PAYMENT_MODE;Payment Mode
invoice-3439.tiff;1;1;2480;3508;422772;2265;2927;141;46;2265;2927;2406;2927;2406;2973;2265;2973;Transfer;AAAAAAAA;PMODE;PAYMENT_MODE;Payment Mode
invoice-3439.tiff;1;1;2480;3508;422773;1743;3175;173;48;1743;3175;1916;3175;1916;3223;1743;3223;SANDRA;AAAAAA;SN;SUPPLIER_NAME;Seller/Company) name
invoice-3439.tiff;1;1;2480;3508;422774;1927;3175;108;48;1927;3175;2035;3175;2035;3223;1927;3223;HAIR;AAAA;SN;SUPPLIER_NAME;Seller/Company) name
invoice-3439.tiff;1;1;2480;3508;422775;2046;3175;203;48;2046;3175;2249;3175;2249;3223;2046;3223;CONCEPT;AAAAAAA;SN;SUPPLIER_NAME;Seller/Company) name
invoice-3439.tiff;1;1;2480;3508;422776;1672;3223;41;45;1672;3223;1713;3223;1713;3268;1672;3268;15;NN;SA;SUPPLIER_ADDRESS;Seller Address
invoice-3439.tiff;1;1;2480;3508;422777;1725;3223;81;45;1725;3223;1806;3223;1806;3268;1725;3268;RUE;AAA;SA;SUPPLIER_ADDRESS;Seller Address
invoice-3439.tiff;1;1;2480;3508;422778;1816;3223;141;45;1816;3223;1957;3223;1957;3268;1816;3268;VIOLET;AAAAAA;SA;SUPPLIER_ADDRESS;Seller Address
invoice-3439.tiff;1;1;2480;3508;422779;1966;3223;104;45;1966;3223;2070;3223;2070;3268;1966;3268;75015;NNNNN;SA;SUPPLIER_ADDRESS;Seller Address
invoice-3439.tiff;1;1;2480;3508;422780;2078;3223;111;45;2078;3223;2189;3223;2189;3268;2078;3268;PARIS;AAAAA;SA;SUPPLIER_ADDRESS;Seller Address
invoice-3439.tiff;1;1;2480;3508;422781;2200;3223;41;45;2200;3223;2241;3223;2241;3268;2200;3268;15;NN;SA;SUPPLIER_ADDRESS;Seller Address
