src;num_pages;page_id;page_width;page_height;id;col;row;width;height;x1;y1;x2;y2;x3;y3;x4;y4;contents;contents_masked;correctclass;tag;description
invoice-1896.tiff;1;1;2480;3508;232819;1541;62;178;175;1541;62;1719;62;1719;237;1541;237;common/logo;AAAAAASAAAA;img;IMAGE;Image
invoice-1896.tiff;1;1;2480;3508;232816;124;270;155;57;124;270;279;270;279;327;124;327;Invoice;AAAAAAA;undefined;OTHER;OTHER
invoice-1896.tiff;1;1;2480;3508;232817;293;270;73;57;293;270;366;270;366;327;293;327;No.;AAS;undefined;OTHER;OTHER
invoice-1896.tiff;1;1;2480;3508;232818;429;270;244;50;429;270;673;270;673;320;429;320;1940-778094;NNNNSNNNNNN;IN;INVOICE_NUMBER;Invoice Number
invoice-1896.tiff;1;1;2480;3508;232820;1541;412;363;48;1541;412;1904;412;1904;460;1541;460;PHUONGNGUYEN;AAAAAAAAAAAA;SN;SUPPLIER_NAME;Seller/Company) name
invoice-1896.tiff;1;1;2480;3508;232821;1915;412;217;48;1915;412;2132;412;2132;460;1915;460;DESIGNER;AAAAAAAA;SN;SUPPLIER_NAME;Seller/Company) name
invoice-1896.tiff;1;1;2480;3508;232822;1541;460;41;45;1541;460;1582;460;1582;505;1541;505;16;NN;SA;SUPPLIER_ADDRESS;Seller Address
invoice-1896.tiff;1;1;2480;3508;232823;1593;460;50;45;1593;460;1643;460;1643;505;1593;505;AV;AA;SA;SUPPLIER_ADDRESS;Seller Address
invoice-1896.tiff;1;1;2480;3508;232824;1655;460;182;45;1655;460;1837;460;1837;505;1655;505;MAURICE;AAAAAAA;SA;SUPPLIER_ADDRESS;Seller Address
invoice-1896.tiff;1;1;2480;3508;232825;1848;460;157;45;1848;460;2005;460;2005;505;1848;505;THOREZ;AAAAAA;SA;SUPPLIER_ADDRESS;Seller Address
invoice-1896.tiff;1;1;2480;3508;232826;1541;506;104;45;1541;506;1645;506;1645;551;1541;551;94200;NNNNN;SA;SUPPLIER_ADDRESS;Seller Address
invoice-1896.tiff;1;1;2480;3508;232827;1687;506;87;45;1687;506;1774;506;1774;551;1687;551;IVRY;AAAA;SA;SUPPLIER_ADDRESS;Seller Address
invoice-1896.tiff;1;1;2480;3508;232828;1785;506;76;45;1785;506;1861;506;1861;551;1785;551;SUR;AAA;SA;SUPPLIER_ADDRESS;Seller Address
invoice-1896.tiff;1;1;2480;3508;232829;1872;506;113;45;1872;506;1985;506;1985;551;1872;551;SEINE;AAAAA;SA;SUPPLIER_ADDRESS;Seller Address
invoice-1896.tiff;1;1;2480;3508;232830;1541;552;106;45;1541;552;1647;552;1647;597;1541;597;Phone;AAAAA;undefined;OTHER;OTHER
invoice-1896.tiff;1;1;2480;3508;232831;1710;552;263;45;1710;552;1973;552;1973;597;1710;597;03-91-89-26-43;NNSNNSNNSNNSNN;SCN;SUPPLIER_CONTACT_NUMBER;Seller Contact Number
invoice-1896.tiff;1;1;2480;3508;232832;1541;598;64;45;1541;598;1605;598;1605;643;1541;643;Fax;AAA;undefined;OTHER;OTHER
invoice-1896.tiff;1;1;2480;3508;232833;1668;598;263;45;1668;598;1931;598;1931;643;1668;643;03-91-89-69-37;NNSNNSNNSNNSNN;SFAX;SUPPLIER_FAX_NUMBER;Seller Fax Number
invoice-1896.tiff;1;1;2480;3508;232841;1541;1028;87;48;1541;1028;1628;1028;1628;1076;1541;1076;Zora;AAAA;BN;BILLING_NAME;Billing Name
invoice-1896.tiff;1;1;2480;3508;232842;1640;1028;136;48;1640;1028;1776;1028;1776;1076;1640;1076;Durgan;AAAAAA;BN;BILLING_NAME;Billing Name
invoice-1896.tiff;1;1;2480;3508;232843;1787;1028;52;48;1787;1028;1839;1028;1839;1076;1787;1076;Sr.;AAS;BN;BILLING_NAME;Billing Name
invoice-1896.tiff;1;1;2480;3508;232844;1541;1076;52;45;1541;1076;1593;1076;1593;1121;1541;1121;12,;NNS;BA;BILLING_ADDRESS;Billing Address
invoice-1896.tiff;1;1;2480;3508;232845;1604;1076;55;45;1604;1076;1659;1076;1659;1121;1604;1121;rue;AAA;BA;BILLING_ADDRESS;Billing Address
invoice-1896.tiff;1;1;2480;3508;232846;1670;1076;39;45;1670;1076;1709;1076;1709;1121;1670;1121;de;AA;BA;BILLING_ADDRESS;Billing Address
invoice-1896.tiff;1;1;2480;3508;232847;1719;1076;32;45;1719;1076;1751;1076;1751;1121;1719;1121;la;AA;BA;BILLING_ADDRESS;Billing Address
invoice-1896.tiff;1;1;2480;3508;232848;1762;1076;78;45;1762;1076;1840;1076;1840;1121;1762;1121;loire;AAAAA;BA;BILLING_ADDRESS;Billing Address
invoice-1896.tiff;1;1;2480;3508;232849;1541;1121;104;45;1541;1121;1645;1121;1645;1166;1541;1166;44640;NNNNN;BA;BILLING_ADDRESS;Billing Address
invoice-1896.tiff;1;1;2480;3508;232850;1687;1121;379;45;1687;1121;2066;1121;2066;1166;1687;1166;Saint-Jean-de-Boiseau;AAAAASAAAASAASAAAAAAA;BA;BILLING_ADDRESS;Billing Address
invoice-1896.tiff;1;1;2480;3508;232834;124;1160;117;52;124;1160;241;1160;241;1212;124;1212;Dated;AAAAA;undefined;OTHER;OTHER
invoice-1896.tiff;1;1;2480;3508;232835;750;1160;20;46;750;1160;770;1160;770;1206;750;1206;2;N;IDATE;INVOICE_DATE;Invoice Date
invoice-1896.tiff;1;1;2480;3508;232836;781;1160;63;46;781;1160;844;1160;844;1206;781;1206;feb,;AAAS;IDATE;INVOICE_DATE;Invoice Date
invoice-1896.tiff;1;1;2480;3508;232837;855;1160;83;46;855;1160;938;1160;938;1206;855;1206;2007;NNNN;IDATE;INVOICE_DATE;Invoice Date
invoice-1896.tiff;1;1;2480;3508;232851;1541;1167;120;45;1541;1167;1661;1167;1661;1212;1541;1212;France;AAAAAA;BA;BILLING_ADDRESS;Billing Address
invoice-1896.tiff;1;1;2480;3508;232838;124;1234;122;52;124;1234;246;1234;246;1286;124;1286;Order;AAAAA;undefined;OTHER;OTHER
invoice-1896.tiff;1;1;2480;3508;232839;258;1234;67;52;258;1234;325;1234;325;1286;258;1286;No.;AAS;undefined;OTHER;OTHER
invoice-1896.tiff;1;1;2480;3508;232840;750;1234;138;46;750;1234;888;1234;888;1280;750;1280;960-913;NNNSNNN;ONUM;ORDER_NUMBER;Order Number
invoice-1896.tiff;1;1;2480;3508;232852;1541;1255;191;57;1541;1255;1732;1255;1732;1312;1541;1312;Shipping;AAAAAAAA;undefined;OTHER;OTHER
invoice-1896.tiff;1;1;2480;3508;232853;1745;1255;175;57;1745;1255;1920;1255;1920;1312;1745;1312;Address;AAAAAAA;undefined;OTHER;OTHER
invoice-1896.tiff;1;1;2480;3508;232854;1541;1312;113;48;1541;1312;1654;1312;1654;1360;1541;1360;Nayeli;AAAAAA;SHN;SHIPPING_NAME;Shipping Name
invoice-1896.tiff;1;1;2480;3508;232855;1665;1312;215;48;1665;1312;1880;1312;1880;1360;1665;1360;Greenfelder;AAAAAAAAAAA;SHN;SHIPPING_NAME;Shipping Name
invoice-1896.tiff;1;1;2480;3508;232856;1541;1360;52;45;1541;1360;1593;1360;1593;1405;1541;1405;12,;NNS;SHA;SHIPPING_ADDRESS;Shipping Address
invoice-1896.tiff;1;1;2480;3508;232857;1604;1360;55;45;1604;1360;1659;1360;1659;1405;1604;1405;rue;AAA;SHA;SHIPPING_ADDRESS;Shipping Address
invoice-1896.tiff;1;1;2480;3508;232858;1670;1360;39;45;1670;1360;1709;1360;1709;1405;1670;1405;de;AA;SHA;SHIPPING_ADDRESS;Shipping Address
invoice-1896.tiff;1;1;2480;3508;232859;1719;1360;32;45;1719;1360;1751;1360;1751;1405;1719;1405;la;AA;SHA;SHIPPING_ADDRESS;Shipping Address
invoice-1896.tiff;1;1;2480;3508;232860;1762;1360;78;45;1762;1360;1840;1360;1840;1405;1762;1405;loire;AAAAA;SHA;SHIPPING_ADDRESS;Shipping Address
invoice-1896.tiff;1;1;2480;3508;232861;1541;1406;104;45;1541;1406;1645;1406;1645;1451;1541;1451;44640;NNNNN;SHA;SHIPPING_ADDRESS;Shipping Address
invoice-1896.tiff;1;1;2480;3508;232862;1687;1406;379;45;1687;1406;2066;1406;2066;1451;1687;1451;Saint-Jean-de-Boiseau;AAAAASAAAASAASAAAAAAA;SHA;SHIPPING_ADDRESS;Shipping Address
invoice-1896.tiff;1;1;2480;3508;232863;1541;1452;120;45;1541;1452;1661;1452;1661;1497;1541;1497;France;AAAAAA;SHA;SHIPPING_ADDRESS;Shipping Address
invoice-1896.tiff;1;1;2480;3508;232864;162;1776;175;52;162;1776;337;1776;337;1828;162;1828;Quantity;AAAAAAAA;undefined;OTHER;OTHER
invoice-1896.tiff;1;1;2480;3508;232865;614;1776;157;52;614;1776;771;1776;771;1828;614;1828;Product;AAAAAAA;undefined;OTHER;OTHER
invoice-1896.tiff;1;1;2480;3508;232866;783;1776;226;52;783;1776;1009;1776;1009;1828;783;1828;Description;AAAAAAAAAAA;undefined;OTHER;OTHER
invoice-1896.tiff;1;1;2480;3508;232867;1316;1776;86;52;1316;1776;1402;1776;1402;1828;1316;1828;Unit;AAAA;undefined;OTHER;OTHER
invoice-1896.tiff;1;1;2480;3508;232868;1414;1776;101;52;1414;1776;1515;1776;1515;1828;1414;1828;Price;AAAAA;undefined;OTHER;OTHER
invoice-1896.tiff;1;1;2480;3508;232869;1650;1776;96;52;1650;1776;1746;1776;1746;1828;1650;1828;TVA;AAA;undefined;OTHER;OTHER
invoice-1896.tiff;1;1;2480;3508;232870;1758;1776;91;52;1758;1776;1849;1776;1849;1828;1758;1828;Rate;AAAA;undefined;OTHER;OTHER
invoice-1896.tiff;1;1;2480;3508;232871;2031;1776;104;52;2031;1776;2135;1776;2135;1828;2031;1828;Total;AAAAA;undefined;OTHER;OTHER
invoice-1896.tiff;1;1;2480;3508;232872;239;1849;20;48;239;1849;259;1849;259;1897;239;1897;1;N;undefined;OTHER;OTHER
invoice-1896.tiff;1;1;2480;3508;232873;375;1849;131;48;375;1849;506;1849;506;1897;375;1897;Clavier;AAAAAAA;undefined;OTHER;OTHER
invoice-1896.tiff;1;1;2480;3508;232874;517;1849;113;48;517;1849;630;1849;630;1897;517;1897;gamer;AAAAA;undefined;OTHER;OTHER
invoice-1896.tiff;1;1;2480;3508;232875;641;1849;166;48;641;1849;807;1849;807;1897;641;1897;Skillkorp;AAAAAAAAA;undefined;OTHER;OTHER
invoice-1896.tiff;1;1;2480;3508;232876;818;1849;81;48;818;1849;899;1849;899;1897;818;1897;SKP;AAA;undefined;OTHER;OTHER
invoice-1896.tiff;1;1;2480;3508;232877;909;1849;74;48;909;1849;983;1849;983;1897;909;1897;K20;ANN;undefined;OTHER;OTHER
invoice-1896.tiff;1;1;2480;3508;232878;1354;1849;93;48;1354;1849;1447;1849;1447;1897;1354;1897;83,32;NNSNN;undefined;OTHER;OTHER
invoice-1896.tiff;1;1;2480;3508;232879;1458;1849;20;48;1458;1849;1478;1849;1478;1897;1458;1897;$;S;undefined;OTHER;OTHER
invoice-1896.tiff;1;1;2480;3508;232880;1692;1849;114;48;1692;1849;1806;1849;1806;1897;1692;1897;20.0%;NNSNS;undefined;OTHER;OTHER
invoice-1896.tiff;1;1;2480;3508;232881;2020;1849;93;48;2020;1849;2113;1849;2113;1897;2020;1897;83,32;NNSNN;undefined;OTHER;OTHER
invoice-1896.tiff;1;1;2480;3508;232882;2125;1849;20;48;2125;1849;2145;1849;2145;1897;2125;1897;$;S;undefined;OTHER;OTHER
invoice-1896.tiff;1;1;2480;3508;232883;239;1939;20;48;239;1939;259;1939;259;1987;239;1987;3;N;undefined;OTHER;OTHER
invoice-1896.tiff;1;1;2480;3508;232884;375;1939;152;48;375;1939;527;1939;527;1987;375;1987;Poubelle;AAAAAAAA;undefined;OTHER;OTHER
invoice-1896.tiff;1;1;2480;3508;232885;538;1939;162;48;538;1939;700;1939;700;1987;538;1987;manuelle;AAAAAAAA;undefined;OTHER;OTHER
invoice-1896.tiff;1;1;2480;3508;232886;710;1939;97;48;710;1939;807;1939;807;1987;710;1987;OGO;AAA;undefined;OTHER;OTHER
invoice-1896.tiff;1;1;2480;3508;232887;818;1939;152;48;818;1939;970;1939;970;1987;818;1987;Poubelle;AAAAAAAA;undefined;OTHER;OTHER
invoice-1896.tiff;1;1;2480;3508;232888;981;1939;13;48;981;1939;994;1939;994;1987;981;1987;-;S;undefined;OTHER;OTHER
invoice-1896.tiff;1;1;2480;3508;232889;1005;1939;145;48;1005;1939;1150;1939;1150;1987;1005;1987;7910452;NNNNNNN;undefined;OTHER;OTHER
invoice-1896.tiff;1;1;2480;3508;232890;1354;1939;93;48;1354;1939;1447;1939;1447;1987;1354;1987;27,62;NNSNN;undefined;OTHER;OTHER
invoice-1896.tiff;1;1;2480;3508;232891;1458;1939;20;48;1458;1939;1478;1939;1478;1987;1458;1987;$;S;undefined;OTHER;OTHER
invoice-1896.tiff;1;1;2480;3508;232892;1692;1939;114;48;1692;1939;1806;1939;1806;1987;1692;1987;20.0%;NNSNS;undefined;OTHER;OTHER
invoice-1896.tiff;1;1;2480;3508;232893;2020;1939;93;48;2020;1939;2113;1939;2113;1987;2020;1987;82,85;NNSNN;undefined;OTHER;OTHER
invoice-1896.tiff;1;1;2480;3508;232894;2125;1939;20;48;2125;1939;2145;1939;2145;1987;2125;1987;$;S;undefined;OTHER;OTHER
invoice-1896.tiff;1;1;2480;3508;232895;239;2029;20;48;239;2029;259;2029;259;2077;239;2077;4;N;undefined;OTHER;OTHER
invoice-1896.tiff;1;1;2480;3508;232896;375;2029;215;48;375;2029;590;2029;590;2077;375;2077;Imprimante;AAAAAAAAAA;undefined;OTHER;OTHER
invoice-1896.tiff;1;1;2480;3508;232897;600;2029;85;48;600;2029;685;2029;685;2077;600;2077;laser;AAAAA;undefined;OTHER;OTHER
invoice-1896.tiff;1;1;2480;3508;232898;696;2029;162;48;696;2029;858;2029;858;2077;696;2077;Samsung;AAAAAAA;undefined;OTHER;OTHER
invoice-1896.tiff;1;1;2480;3508;232899;869;2029;229;48;869;2029;1098;2029;1098;2077;869;2077;SL-M2070W;AASANNNNA;undefined;OTHER;OTHER
invoice-1896.tiff;1;1;2480;3508;232900;1343;2029;114;48;1343;2029;1457;2029;1457;2077;1343;2077;115,83;NNNSNN;undefined;OTHER;OTHER
invoice-1896.tiff;1;1;2480;3508;232901;1468;2029;20;48;1468;2029;1488;2029;1488;2077;1468;2077;$;S;undefined;OTHER;OTHER
invoice-1896.tiff;1;1;2480;3508;232902;1692;2029;114;48;1692;2029;1806;2029;1806;2077;1692;2077;20.0%;NNSNS;undefined;OTHER;OTHER
invoice-1896.tiff;1;1;2480;3508;232903;2010;2029;114;48;2010;2029;2124;2029;2124;2077;2010;2077;463,33;NNNSNN;undefined;OTHER;OTHER
invoice-1896.tiff;1;1;2480;3508;232904;2135;2029;20;48;2135;2029;2155;2029;2155;2077;2135;2077;$;S;undefined;OTHER;OTHER
invoice-1896.tiff;1;1;2480;3508;232905;1973;2160;109;52;1973;2160;2082;2160;2082;2212;1973;2212;DISC;AAAA;undefined;OTHER;OTHER
invoice-1896.tiff;1;1;2480;3508;232906;2104;2160;72;48;2104;2160;2176;2160;2176;2208;2104;2208;0,00;NSNN;undefined;OTHER;OTHER
invoice-1896.tiff;1;1;2480;3508;232907;2187;2160;20;48;2187;2160;2207;2160;2207;2208;2187;2208;$;S;undefined;OTHER;OTHER
invoice-1896.tiff;1;1;2480;3508;232908;1916;2213;104;52;1916;2213;2020;2213;2020;2265;1916;2265;Total;AAAAA;undefined;OTHER;OTHER
invoice-1896.tiff;1;1;2480;3508;232909;2062;2213;114;48;2062;2213;2176;2213;2176;2261;2062;2261;629,51;NNNSNN;TWTX;TOTAL_WITHOUT_TAX;TWTXS
invoice-1896.tiff;1;1;2480;3508;232910;2187;2213;20;48;2187;2213;2207;2213;2207;2261;2187;2261;$;S;TWTX;TOTAL_WITHOUT_TAX;TWTXS
invoice-1896.tiff;1;1;2480;3508;232911;1772;2266;76;52;1772;2266;1848;2266;1848;2318;1772;2318;Tax;AAA;undefined;OTHER;OTHER
invoice-1896.tiff;1;1;2480;3508;232912;1860;2266;160;52;1860;2266;2020;2266;2020;2318;1860;2318;Amount;AAAAAA;undefined;OTHER;OTHER
invoice-1896.tiff;1;1;2480;3508;232913;2062;2266;114;48;2062;2266;2176;2266;2176;2314;2062;2314;125,90;NNNSNN;TTX;TOTAL_TAX;Total Tax
invoice-1896.tiff;1;1;2480;3508;232914;2187;2266;20;48;2187;2266;2207;2266;2207;2314;2187;2314;$;S;TTX;TOTAL_TAX;Total Tax
invoice-1896.tiff;1;1;2480;3508;232915;1728;2319;160;52;1728;2319;1888;2319;1888;2371;1728;2371;Amount;AAAAAA;undefined;OTHER;OTHER
invoice-1896.tiff;1;1;2480;3508;232916;1899;2319;38;52;1899;2319;1937;2319;1937;2371;1899;2371;to;AA;undefined;OTHER;OTHER
invoice-1896.tiff;1;1;2480;3508;232917;1949;2319;71;52;1949;2319;2020;2319;2020;2371;1949;2371;pay;AAA;undefined;OTHER;OTHER
invoice-1896.tiff;1;1;2480;3508;232918;2062;2319;114;48;2062;2319;2176;2319;2176;2367;2062;2367;755,41;NNNSNN;TA;TOTAL_AMOUNT;Total with TAX
invoice-1896.tiff;1;1;2480;3508;232919;2187;2319;20;48;2187;2319;2207;2319;2207;2367;2187;2367;$;S;TA;TOTAL_AMOUNT;Total with TAX
invoice-1896.tiff;1;1;2480;3508;232920;891;3154;363;48;891;3154;1254;3154;1254;3202;891;3202;PHUONGNGUYEN;AAAAAAAAAAAA;SN;SUPPLIER_NAME;Seller/Company) name
invoice-1896.tiff;1;1;2480;3508;232921;1265;3154;217;48;1265;3154;1482;3154;1482;3202;1265;3202;DESIGNER;AAAAAAAA;SN;SUPPLIER_NAME;Seller/Company) name
invoice-1896.tiff;1;1;2480;3508;232922;731;3202;41;45;731;3202;772;3202;772;3247;731;3247;16;NN;SA;SUPPLIER_ADDRESS;Seller Address
invoice-1896.tiff;1;1;2480;3508;232923;783;3202;50;45;783;3202;833;3202;833;3247;783;3247;AV;AA;SA;SUPPLIER_ADDRESS;Seller Address
invoice-1896.tiff;1;1;2480;3508;232924;844;3202;182;45;844;3202;1026;3202;1026;3247;844;3247;MAURICE;AAAAAAA;SA;SUPPLIER_ADDRESS;Seller Address
invoice-1896.tiff;1;1;2480;3508;232925;1037;3202;157;45;1037;3202;1194;3202;1194;3247;1037;3247;THOREZ;AAAAAA;SA;SUPPLIER_ADDRESS;Seller Address
invoice-1896.tiff;1;1;2480;3508;232926;1203;3202;10;45;1203;3202;1213;3202;1213;3247;1203;3247;,;S;SA;SUPPLIER_ADDRESS;Seller Address
invoice-1896.tiff;1;1;2480;3508;232927;1224;3202;104;45;1224;3202;1328;3202;1328;3247;1224;3247;94200;NNNNN;SA;SUPPLIER_ADDRESS;Seller Address
invoice-1896.tiff;1;1;2480;3508;232928;1336;3202;87;45;1336;3202;1423;3202;1423;3247;1336;3247;IVRY;AAAA;SA;SUPPLIER_ADDRESS;Seller Address
invoice-1896.tiff;1;1;2480;3508;232929;1435;3202;76;45;1435;3202;1511;3202;1511;3247;1435;3247;SUR;AAA;SA;SUPPLIER_ADDRESS;Seller Address
invoice-1896.tiff;1;1;2480;3508;232930;1522;3202;113;45;1522;3202;1635;3202;1635;3247;1522;3247;SEINE;AAAAA;SA;SUPPLIER_ADDRESS;Seller Address
