src;num_pages;page_id;page_width;page_height;id;col;row;width;height;x1;y1;x2;y2;x3;y3;x4;y4;contents;contents_masked;correctclass;tag;description
invoice-718.tiff;1;1;2480;3508;88661;124;62;543;175;124;62;667;62;667;237;124;237;common/logo;AAAAAASAAAA;img;IMAGE;Image
invoice-718.tiff;1;1;2480;3508;88662;750;237;55;48;750;237;805;237;805;285;750;285;LE;AA;SN;SUPPLIER_NAME;Seller/Company) name
invoice-718.tiff;1;1;2480;3508;88663;815;237;291;48;815;237;1106;237;1106;285;815;285;FROMAGERIE;AAAAAAAAAA;SN;SUPPLIER_NAME;Seller/Company) name
invoice-718.tiff;1;1;2480;3508;88664;750;285;168;45;750;285;918;285;918;330;750;330;MARCHE;AAAAAA;SA;SUPPLIER_ADDRESS;Seller Address
invoice-718.tiff;1;1;2480;3508;88665;929;285;187;45;929;285;1116;285;1116;330;929;330;COUVERT;AAAAAAA;SA;SUPPLIER_ADDRESS;Seller Address
invoice-718.tiff;1;1;2480;3508;88666;1125;285;13;45;1125;285;1138;285;1138;330;1125;330;-;S;SA;SUPPLIER_ADDRESS;Seller Address
invoice-718.tiff;1;1;2480;3508;88667;1149;285;104;45;1149;285;1253;285;1253;330;1149;330;81000;NNNNN;SA;SUPPLIER_ADDRESS;Seller Address
invoice-718.tiff;1;1;2480;3508;88668;1272;285;87;45;1272;285;1359;285;1359;330;1272;330;ALBI;AAAA;SA;SUPPLIER_ADDRESS;Seller Address
invoice-718.tiff;1;1;2480;3508;88669;750;331;74;45;750;331;824;331;824;376;750;376;RCS;AAA;undefined;OTHER;OTHER
invoice-718.tiff;1;1;2480;3508;88670;851;331;87;45;851;331;938;331;938;376;851;376;ALBI;AAAA;SA;SUPPLIER_ADDRESS;Seller Address
invoice-718.tiff;1;1;2480;3508;88671;955;331;62;45;955;331;1017;331;1017;376;955;376;348;NNN;SCID;SUPPLIER_ID;Seller Identifier Number (Siren)
invoice-718.tiff;1;1;2480;3508;88672;1028;331;62;45;1028;331;1090;331;1090;376;1028;376;586;NNN;SCID;SUPPLIER_ID;Seller Identifier Number (Siren)
invoice-718.tiff;1;1;2480;3508;88673;1101;331;62;45;1101;331;1163;331;1163;376;1101;376;263;NNN;SCID;SUPPLIER_ID;Seller Identifier Number (Siren)
invoice-718.tiff;1;1;2480;3508;88674;1180;331;44;45;1180;331;1224;331;1224;376;1180;376;N°;AS;undefined;OTHER;OTHER
invoice-718.tiff;1;1;2480;3508;88675;1235;331;342;45;1235;331;1577;331;1577;376;1235;376;intracommunautaire;AAAAAAAAAAAAAAAAAA;undefined;OTHER;OTHER
invoice-718.tiff;1;1;2480;3508;88676;1594;331;50;45;1594;331;1644;331;1644;376;1594;376;FR;AA;SVAT;SUPPLIER_VAT;Seller Vat Number/TVA
invoice-718.tiff;1;1;2480;3508;88677;1656;331;41;45;1656;331;1697;331;1697;376;1656;376;55;NN;SVAT;SUPPLIER_VAT;Seller Vat Number/TVA
invoice-718.tiff;1;1;2480;3508;88678;1708;331;62;45;1708;331;1770;331;1770;376;1708;376;348;NNN;SVAT;SUPPLIER_VAT;Seller Vat Number/TVA
invoice-718.tiff;1;1;2480;3508;88679;1781;331;62;45;1781;331;1843;331;1843;376;1781;376;586;NNN;SVAT;SUPPLIER_VAT;Seller Vat Number/TVA
invoice-718.tiff;1;1;2480;3508;88680;1854;331;62;45;1854;331;1916;331;1916;376;1854;376;263;NNN;SVAT;SUPPLIER_VAT;Seller Vat Number/TVA
invoice-718.tiff;1;1;2480;3508;88681;750;377;67;45;750;377;817;377;817;422;750;422;Tel:;AAAS;undefined;OTHER;OTHER
invoice-718.tiff;1;1;2480;3508;88682;842;377;263;45;842;377;1105;377;1105;422;842;422;02-70-14-02-61;NNSNNSNNSNNSNN;SCN;SUPPLIER_CONTACT_NUMBER;Seller Contact Number
invoice-718.tiff;1;1;2480;3508;88683;1147;377;78;45;1147;377;1225;377;1225;422;1147;422;Fax:;AAAS;undefined;OTHER;OTHER
invoice-718.tiff;1;1;2480;3508;88684;1251;377;263;45;1251;377;1514;377;1514;422;1251;422;02-70-14-65-91;NNSNNSNNSNNSNN;SFAX;SUPPLIER_FAX_NUMBER;Seller Fax Number
invoice-718.tiff;1;1;2480;3508;88701;1541;749;169;57;1541;749;1710;749;1710;806;1541;806;Adresse;AAAAAAA;undefined;OTHER;OTHER
invoice-718.tiff;1;1;2480;3508;88702;1723;749;50;57;1723;749;1773;749;1773;806;1723;806;de;AA;undefined;OTHER;OTHER
invoice-718.tiff;1;1;2480;3508;88703;1786;749;252;57;1786;749;2038;749;2038;806;1786;806;Facturation;AAAAAAAAAAA;undefined;OTHER;OTHER
invoice-718.tiff;1;1;2480;3508;88704;1541;807;90;48;1541;807;1631;807;1631;855;1541;855;Enzo;AAAA;BN;BILLING_NAME;Billing Name
invoice-718.tiff;1;1;2480;3508;88705;1642;807;111;48;1642;807;1753;807;1753;855;1642;855;Pierre;AAAAAA;BN;BILLING_NAME;Billing Name
invoice-718.tiff;1;1;2480;3508;88706;1541;855;52;45;1541;855;1593;855;1593;900;1541;900;14,;NNS;BA;BILLING_ADDRESS;Billing Address
invoice-718.tiff;1;1;2480;3508;88707;1604;855;30;45;1604;855;1634;855;1634;900;1604;900;le;AA;BA;BILLING_ADDRESS;Billing Address
invoice-718.tiff;1;1;2480;3508;88708;1644;855;159;45;1644;855;1803;855;1803;900;1644;900;carrefour;AAAAAAAAA;BA;BILLING_ADDRESS;Billing Address
invoice-718.tiff;1;1;2480;3508;88709;1541;901;104;45;1541;901;1645;901;1645;946;1541;946;79370;NNNNN;BA;BILLING_ADDRESS;Billing Address
invoice-718.tiff;1;1;2480;3508;88710;1687;901;159;45;1687;901;1846;901;1846;946;1687;946;Aigonnay;AAAAAAAA;BA;BILLING_ADDRESS;Billing Address
invoice-718.tiff;1;1;2480;3508;88685;124;903;195;52;124;903;319;903;319;955;124;955;Référence;AAAAAAAAA;undefined;OTHER;OTHER
invoice-718.tiff;1;1;2480;3508;88686;332;903;45;52;332;903;377;903;377;955;332;955;de;AA;undefined;OTHER;OTHER
invoice-718.tiff;1;1;2480;3508;88687;389;903;35;52;389;903;424;903;424;955;389;955;la;AA;undefined;OTHER;OTHER
invoice-718.tiff;1;1;2480;3508;88688;436;903;139;52;436;903;575;903;575;955;436;955;facture;AAAAAAA;undefined;OTHER;OTHER
invoice-718.tiff;1;1;2480;3508;88689;750;903;305;46;750;903;1055;903;1055;949;750;949;CL-IO-515830-89;AASAASNNNNNNSNN;IN;INVOICE_NUMBER;Invoice Number
invoice-718.tiff;1;1;2480;3508;88711;1541;946;120;45;1541;946;1661;946;1661;991;1541;991;France;AAAAAA;BA;BILLING_ADDRESS;Billing Address
invoice-718.tiff;1;1;2480;3508;88690;124;976;91;52;124;976;215;976;215;1028;124;1028;Date;AAAA;undefined;OTHER;OTHER
invoice-718.tiff;1;1;2480;3508;88691;228;976;45;52;228;976;273;976;273;1028;228;1028;de;AA;undefined;OTHER;OTHER
invoice-718.tiff;1;1;2480;3508;88692;285;976;35;52;285;976;320;976;320;1028;285;1028;la;AA;undefined;OTHER;OTHER
invoice-718.tiff;1;1;2480;3508;88693;332;976;139;52;332;976;471;976;471;1028;332;1028;facture;AAAAAAA;undefined;OTHER;OTHER
invoice-718.tiff;1;1;2480;3508;88694;750;976;41;46;750;976;791;976;791;1022;750;1022;14;NN;IDATE;INVOICE_DATE;Invoice Date
invoice-718.tiff;1;1;2480;3508;88695;802;976;60;46;802;976;862;976;862;1022;802;1022;ago;AAA;IDATE;INVOICE_DATE;Invoice Date
invoice-718.tiff;1;1;2480;3508;88696;872;976;83;46;872;976;955;976;955;1022;872;1022;1982;NNNN;IDATE;INVOICE_DATE;Invoice Date
invoice-718.tiff;1;1;2480;3508;88712;1541;1034;169;57;1541;1034;1710;1034;1710;1091;1541;1091;Adresse;AAAAAAA;undefined;OTHER;OTHER
invoice-718.tiff;1;1;2480;3508;88713;1723;1034;50;57;1723;1034;1773;1034;1773;1091;1723;1091;de;AA;undefined;OTHER;OTHER
invoice-718.tiff;1;1;2480;3508;88714;1786;1034;205;57;1786;1034;1991;1034;1991;1091;1786;1091;Livraison;AAAAAAAAA;undefined;OTHER;OTHER
invoice-718.tiff;1;1;2480;3508;88697;124;1050;195;52;124;1050;319;1050;319;1102;124;1102;Référence;AAAAAAAAA;undefined;OTHER;OTHER
invoice-718.tiff;1;1;2480;3508;88698;332;1050;45;52;332;1050;377;1050;377;1102;332;1102;de;AA;undefined;OTHER;OTHER
invoice-718.tiff;1;1;2480;3508;88699;389;1050;106;52;389;1050;495;1050;495;1102;389;1102;client;AAAAAA;undefined;OTHER;OTHER
invoice-718.tiff;1;1;2480;3508;88700;750;1050;273;46;750;1050;1023;1050;1023;1096;750;1096;DM-QK-691-20;AASAASNNNSNN;CNUM;CLIENT_NUMBER;Client Number
invoice-718.tiff;1;1;2480;3508;88715;1541;1092;90;48;1541;1092;1631;1092;1631;1140;1541;1140;Enzo;AAAA;SHN;SHIPPING_NAME;Shipping Name
invoice-718.tiff;1;1;2480;3508;88716;1642;1092;111;48;1642;1092;1753;1092;1753;1140;1642;1140;Pierre;AAAAAA;SHN;SHIPPING_NAME;Shipping Name
invoice-718.tiff;1;1;2480;3508;88717;1541;1140;52;45;1541;1140;1593;1140;1593;1185;1541;1185;14,;NNS;SHA;SHIPPING_ADDRESS;Shipping Address
invoice-718.tiff;1;1;2480;3508;88718;1604;1140;30;45;1604;1140;1634;1140;1634;1185;1604;1185;le;AA;SHA;SHIPPING_ADDRESS;Shipping Address
invoice-718.tiff;1;1;2480;3508;88719;1644;1140;159;45;1644;1140;1803;1140;1803;1185;1644;1185;carrefour;AAAAAAAAA;SHA;SHIPPING_ADDRESS;Shipping Address
invoice-718.tiff;1;1;2480;3508;88720;1541;1185;104;45;1541;1185;1645;1185;1645;1230;1541;1230;79370;NNNNN;SHA;SHIPPING_ADDRESS;Shipping Address
invoice-718.tiff;1;1;2480;3508;88721;1687;1185;159;45;1687;1185;1846;1185;1846;1230;1687;1230;Aigonnay;AAAAAAAA;SHA;SHIPPING_ADDRESS;Shipping Address
invoice-718.tiff;1;1;2480;3508;88722;1541;1231;120;45;1541;1231;1661;1231;1661;1276;1541;1276;France;AAAAAA;SHA;SHIPPING_ADDRESS;Shipping Address
invoice-718.tiff;1;1;2480;3508;88723;161;1555;92;52;161;1555;253;1555;253;1607;161;1607;Non.;AAAS;undefined;OTHER;OTHER
invoice-718.tiff;1;1;2480;3508;88724;401;1555;71;52;401;1555;472;1555;472;1607;401;1607;Qté;AAA;undefined;OTHER;OTHER
invoice-718.tiff;1;1;2480;3508;88725;863;1555;231;52;863;1555;1094;1555;1094;1607;863;1607;Désignation;AAAAAAAAAAA;undefined;OTHER;OTHER
invoice-718.tiff;1;1;2480;3508;88726;1490;1555;61;52;1490;1555;1551;1555;1551;1607;1490;1607;UP;AA;undefined;OTHER;OTHER
invoice-718.tiff;1;1;2480;3508;88727;1764;1555;96;52;1764;1555;1860;1555;1860;1607;1764;1607;TVA;AAA;undefined;OTHER;OTHER
invoice-718.tiff;1;1;2480;3508;88728;1968;1555;170;52;1968;1555;2138;1555;2138;1607;1968;1607;Montant;AAAAAAA;undefined;OTHER;OTHER
invoice-718.tiff;1;1;2480;3508;88729;2150;1555;89;52;2150;1555;2239;1555;2239;1607;2150;1607;H.T.;ASAS;undefined;OTHER;OTHER
invoice-718.tiff;1;1;2480;3508;88730;197;1628;20;48;197;1628;217;1628;217;1676;197;1676;1;N;undefined;OTHER;OTHER
invoice-718.tiff;1;1;2480;3508;88731;427;1628;20;48;427;1628;447;1628;447;1676;427;1676;3;N;undefined;OTHER;OTHER
invoice-718.tiff;1;1;2480;3508;88732;583;1628;203;48;583;1628;786;1628;786;1676;583;1676;Ordinateur;AAAAAAAAAA;undefined;OTHER;OTHER
invoice-718.tiff;1;1;2480;3508;88733;797;1628;106;48;797;1628;903;1628;903;1676;797;1676;Apple;AAAAA;undefined;OTHER;OTHER
invoice-718.tiff;1;1;2480;3508;88734;914;1628;90;48;914;1628;1004;1628;1004;1676;914;1676;Imac;AAAA;undefined;OTHER;OTHER
invoice-718.tiff;1;1;2480;3508;88735;1015;1628;90;48;1015;1628;1105;1628;1105;1676;1015;1676;CTO;AAA;undefined;OTHER;OTHER
invoice-718.tiff;1;1;2480;3508;88736;1115;1628;64;48;1115;1628;1179;1628;1179;1676;1115;1676;27'';NNSS;undefined;OTHER;OTHER
invoice-718.tiff;1;1;2480;3508;88737;1191;1628;171;48;1191;1628;1362;1628;1362;1676;1191;1676;Retina5K;AAAAAANA;undefined;OTHER;OTHER
invoice-718.tiff;1;1;2480;3508;88743;1403;1628;135;48;1403;1628;1538;1628;1538;1676;1403;1676;2565,83;NNNNSNN;undefined;OTHER;OTHER
invoice-718.tiff;1;1;2480;3508;88744;1549;1628;87;48;1549;1628;1636;1628;1636;1676;1549;1676;EUR;AAA;undefined;OTHER;OTHER
invoice-718.tiff;1;1;2480;3508;88745;1755;1628;114;48;1755;1628;1869;1628;1869;1676;1755;1676;20.0%;NNSNS;undefined;OTHER;OTHER
invoice-718.tiff;1;1;2480;3508;88746;1987;1628;135;48;1987;1628;2122;1628;2122;1676;1987;1676;7697,50;NNNNSNN;undefined;OTHER;OTHER
invoice-718.tiff;1;1;2480;3508;88747;2133;1628;87;48;2133;1628;2220;1628;2220;1676;2133;1676;EUR;AAA;undefined;OTHER;OTHER
invoice-718.tiff;1;1;2480;3508;88738;583;1676;32;48;583;1676;615;1676;615;1724;583;1724;i7;AN;undefined;OTHER;OTHER
invoice-718.tiff;1;1;2480;3508;88739;626;1676;144;48;626;1676;770;1676;770;1724;626;1724;4.2GHZ;NSNAAA;undefined;OTHER;OTHER
invoice-718.tiff;1;1;2480;3508;88740;781;1676;94;48;781;1676;875;1676;875;1724;781;1724;16Go;NNAA;undefined;OTHER;OTHER
invoice-718.tiff;1;1;2480;3508;88741;886;1676;69;48;886;1676;955;1676;955;1724;886;1724;2To;NAA;undefined;OTHER;OTHER
invoice-718.tiff;1;1;2480;3508;88742;966;1676;62;48;966;1676;1028;1676;1028;1724;966;1724;8go;NAA;undefined;OTHER;OTHER
invoice-718.tiff;1;1;2480;3508;88748;1661;1808;170;52;1661;1808;1831;1808;1831;1860;1661;1860;Montant;AAAAAAA;undefined;OTHER;OTHER
invoice-718.tiff;1;1;2480;3508;88749;1843;1808;89;52;1843;1808;1932;1808;1932;1860;1843;1860;H.T.;ASAS;undefined;OTHER;OTHER
invoice-718.tiff;1;1;2480;3508;88750;1974;1808;135;48;1974;1808;2109;1808;2109;1856;1974;1856;7697,50;NNNNSNN;TWTX;TOTAL_WITHOUT_TAX;TWTXS
invoice-718.tiff;1;1;2480;3508;88751;2120;1808;87;48;2120;1808;2207;1808;2207;1856;2120;1856;EUR;AAA;TWTX;TOTAL_WITHOUT_TAX;TWTXS
invoice-718.tiff;1;1;2480;3508;88752;1955;1861;96;52;1955;1861;2051;1861;2051;1913;1955;1913;TVA;AAA;undefined;OTHER;OTHER
invoice-718.tiff;1;1;2480;3508;88753;2093;1861;114;48;2093;1861;2207;1861;2207;1909;2093;1909;20.0%;NNSNS;TXR;TAX_RATE;Tax Rate
invoice-718.tiff;1;1;2480;3508;88754;1654;1914;170;52;1654;1914;1824;1914;1824;1966;1654;1966;Montant;AAAAAAA;undefined;OTHER;OTHER
invoice-718.tiff;1;1;2480;3508;88755;1836;1914;96;52;1836;1914;1932;1914;1932;1966;1836;1966;TVA;AAA;undefined;OTHER;OTHER
invoice-718.tiff;1;1;2480;3508;88756;1974;1914;135;48;1974;1914;2109;1914;2109;1962;1974;1962;1539,50;NNNNSNN;TTX;TOTAL_TAX;Total Tax
invoice-718.tiff;1;1;2480;3508;88757;2120;1914;87;48;2120;1914;2207;1914;2207;1962;2120;1962;EUR;AAA;TTX;TOTAL_TAX;Total Tax
invoice-718.tiff;1;1;2480;3508;88758;1656;1966;170;52;1656;1966;1826;1966;1826;2018;1656;2018;Montant;AAAAAAA;undefined;OTHER;OTHER
invoice-718.tiff;1;1;2480;3508;88759;1838;1966;94;52;1838;1966;1932;1966;1932;2018;1838;2018;TTC;AAA;undefined;OTHER;OTHER
invoice-718.tiff;1;1;2480;3508;88760;1974;1966;135;48;1974;1966;2109;1966;2109;2014;1974;2014;9237,00;NNNNSNN;TA;TOTAL_AMOUNT;Total with TAX
invoice-718.tiff;1;1;2480;3508;88761;2120;1966;87;48;2120;1966;2207;1966;2207;2014;2120;2014;EUR;AAA;TA;TOTAL_AMOUNT;Total with TAX
invoice-718.tiff;1;1;2480;3508;88762;1541;2348;112;52;1541;2348;1653;2348;1653;2400;1541;2400;Mode;AAAA;undefined;OTHER;OTHER
invoice-718.tiff;1;1;2480;3508;88763;1665;2348;45;52;1665;2348;1710;2348;1710;2400;1665;2400;de;AA;undefined;OTHER;OTHER
invoice-718.tiff;1;1;2480;3508;88764;1722;2348;195;52;1722;2348;1917;2348;1917;2400;1722;2400;règlement;AAAAAAAAA;undefined;OTHER;OTHER
invoice-718.tiff;1;1;2480;3508;88765;2166;2348;55;46;2166;2348;2221;2348;2221;2394;2166;2394;CB;AA;PMODE;PAYMENT_MODE;Payment Mode
invoice-718.tiff;1;1;2480;3508;88766;1892;3154;55;48;1892;3154;1947;3154;1947;3202;1892;3202;LE;AA;SN;SUPPLIER_NAME;Seller/Company) name
invoice-718.tiff;1;1;2480;3508;88767;1958;3154;291;48;1958;3154;2249;3154;2249;3202;1958;3202;FROMAGERIE;AAAAAAAAAA;SN;SUPPLIER_NAME;Seller/Company) name
invoice-718.tiff;1;1;2480;3508;88768;1645;3202;168;45;1645;3202;1813;3202;1813;3247;1645;3247;MARCHE;AAAAAA;SA;SUPPLIER_ADDRESS;Seller Address
invoice-718.tiff;1;1;2480;3508;88769;1824;3202;187;45;1824;3202;2011;3202;2011;3247;1824;3247;COUVERT;AAAAAAA;SA;SUPPLIER_ADDRESS;Seller Address
invoice-718.tiff;1;1;2480;3508;88770;2020;3202;10;45;2020;3202;2030;3202;2030;3247;2020;3247;,;S;SA;SUPPLIER_ADDRESS;Seller Address
invoice-718.tiff;1;1;2480;3508;88771;2041;3202;104;45;2041;3202;2145;3202;2145;3247;2041;3247;81000;NNNNN;SA;SUPPLIER_ADDRESS;Seller Address
invoice-718.tiff;1;1;2480;3508;88772;2153;3202;87;45;2153;3202;2240;3202;2240;3247;2153;3247;ALBI;AAAA;SA;SUPPLIER_ADDRESS;Seller Address
