src;num_pages;page_id;page_width;page_height;id;col;row;width;height;x1;y1;x2;y2;x3;y3;x4;y4;contents;contents_masked;correctclass;tag;description
invoice-1587.tiff;1;1;2480;3508;194320;124;62;609;175;124;62;733;62;733;237;124;237;common/logo;AAAAAASAAAA;img;IMAGE;Image
invoice-1587.tiff;1;1;2480;3508;194321;833;237;173;45;833;237;1006;237;1006;282;833;282;Téléphone;AAAAAAAAA;undefined;OTHER;OTHER
invoice-1587.tiff;1;1;2480;3508;194322;1069;237;69;45;1069;237;1138;237;1138;282;1069;282;+33;SNN;SCN;SUPPLIER_CONTACT_NUMBER;Seller Contact Number
invoice-1587.tiff;1;1;2480;3508;194323;1149;237;48;45;1149;237;1197;237;1197;282;1149;282;(0);SNS;SCN;SUPPLIER_CONTACT_NUMBER;Seller Contact Number
invoice-1587.tiff;1;1;2480;3508;194324;1208;237;20;45;1208;237;1228;237;1228;282;1208;282;0;N;SCN;SUPPLIER_CONTACT_NUMBER;Seller Contact Number
invoice-1587.tiff;1;1;2480;3508;194325;1239;237;41;45;1239;237;1280;237;1280;282;1239;282;34;NN;SCN;SUPPLIER_CONTACT_NUMBER;Seller Contact Number
invoice-1587.tiff;1;1;2480;3508;194326;1291;237;41;45;1291;237;1332;237;1332;282;1291;282;41;NN;SCN;SUPPLIER_CONTACT_NUMBER;Seller Contact Number
invoice-1587.tiff;1;1;2480;3508;194327;1344;237;41;45;1344;237;1385;237;1385;282;1344;282;49;NN;SCN;SUPPLIER_CONTACT_NUMBER;Seller Contact Number
invoice-1587.tiff;1;1;2480;3508;194328;1396;237;41;45;1396;237;1437;237;1437;282;1396;282;56;NN;SCN;SUPPLIER_CONTACT_NUMBER;Seller Contact Number
invoice-1587.tiff;1;1;2480;3508;194337;1541;237;115;48;1541;237;1656;237;1656;285;1541;285;SIRIN;AAAAA;SN;SUPPLIER_NAME;Seller/Company) name
invoice-1587.tiff;1;1;2480;3508;194329;833;283;162;45;833;283;995;283;995;328;833;328;Télécopie;AAAAAAAAA;undefined;OTHER;OTHER
invoice-1587.tiff;1;1;2480;3508;194330;1057;283;69;45;1057;283;1126;283;1126;328;1057;328;+33;SNN;SFAX;SUPPLIER_FAX_NUMBER;Seller Fax Number
invoice-1587.tiff;1;1;2480;3508;194331;1138;283;48;45;1138;283;1186;283;1186;328;1138;328;(0);SNS;SFAX;SUPPLIER_FAX_NUMBER;Seller Fax Number
invoice-1587.tiff;1;1;2480;3508;194332;1197;283;20;45;1197;283;1217;283;1217;328;1197;328;0;N;SFAX;SUPPLIER_FAX_NUMBER;Seller Fax Number
invoice-1587.tiff;1;1;2480;3508;194333;1228;283;41;45;1228;283;1269;283;1269;328;1228;328;34;NN;SFAX;SUPPLIER_FAX_NUMBER;Seller Fax Number
invoice-1587.tiff;1;1;2480;3508;194334;1280;283;41;45;1280;283;1321;283;1321;328;1280;328;41;NN;SFAX;SUPPLIER_FAX_NUMBER;Seller Fax Number
invoice-1587.tiff;1;1;2480;3508;194335;1332;283;41;45;1332;283;1373;283;1373;328;1332;328;46;NN;SFAX;SUPPLIER_FAX_NUMBER;Seller Fax Number
invoice-1587.tiff;1;1;2480;3508;194336;1384;283;41;45;1384;283;1425;283;1425;328;1384;328;16;NN;SFAX;SUPPLIER_FAX_NUMBER;Seller Fax Number
invoice-1587.tiff;1;1;2480;3508;194338;1541;285;41;45;1541;285;1582;285;1582;330;1541;330;41;NN;SA;SUPPLIER_ADDRESS;Seller Address
invoice-1587.tiff;1;1;2480;3508;194339;1593;285;159;45;1593;285;1752;285;1752;330;1593;330;AVENUE;AAAAAA;SA;SUPPLIER_ADDRESS;Seller Address
invoice-1587.tiff;1;1;2480;3508;194340;1763;285;182;45;1763;285;1945;285;1945;330;1763;330;PHILIPPE;AAAAAAAA;SA;SUPPLIER_ADDRESS;Seller Address
invoice-1587.tiff;1;1;2480;3508;194341;1957;285;162;45;1957;285;2119;285;2119;330;1957;330;ROCHAT;AAAAAA;SA;SUPPLIER_ADDRESS;Seller Address
invoice-1587.tiff;1;1;2480;3508;194342;1541;331;104;45;1541;331;1645;331;1645;376;1541;376;06600;NNNNN;SA;SUPPLIER_ADDRESS;Seller Address
invoice-1587.tiff;1;1;2480;3508;194343;1687;331;162;45;1687;331;1849;331;1849;376;1687;376;ANTIBES;AAAAAAA;SA;SUPPLIER_ADDRESS;Seller Address
invoice-1587.tiff;1;1;2480;3508;194344;1541;377;157;45;1541;377;1698;377;1698;422;1541;422;FRANCE;AAAAAA;SA;SUPPLIER_ADDRESS;Seller Address
invoice-1587.tiff;1;1;2480;3508;194356;1541;669;152;52;1541;669;1693;669;1693;721;1541;721;Facture;AAAAAAA;undefined;OTHER;OTHER
invoice-1587.tiff;1;1;2480;3508;194357;1705;669;43;52;1705;669;1748;669;1748;721;1705;721;n°;AS;undefined;OTHER;OTHER
invoice-1587.tiff;1;1;2480;3508;194358;2166;669;208;46;2166;669;2374;669;2374;715;2166;715;4336088341;NNNNNNNNNN;IN;INVOICE_NUMBER;Invoice Number
invoice-1587.tiff;1;1;2480;3508;194345;124;732;261;57;124;732;385;732;385;789;124;789;Destinataire;AAAAAAAAAAAA;undefined;OTHER;OTHER
invoice-1587.tiff;1;1;2480;3508;194359;1541;743;91;52;1541;743;1632;743;1632;795;1541;795;Date;AAAA;undefined;OTHER;OTHER
invoice-1587.tiff;1;1;2480;3508;194360;1644;743;45;52;1644;743;1689;743;1689;795;1644;795;de;AA;undefined;OTHER;OTHER
invoice-1587.tiff;1;1;2480;3508;194361;1702;743;35;52;1702;743;1737;743;1737;795;1702;795;la;AA;undefined;OTHER;OTHER
invoice-1587.tiff;1;1;2480;3508;194362;1749;743;139;52;1749;743;1888;743;1888;795;1749;795;facture;AAAAAAA;undefined;OTHER;OTHER
invoice-1587.tiff;1;1;2480;3508;194363;2166;743;148;46;2166;743;2314;743;2314;789;2166;789;23/09/15;NNSNNSNN;IDATE;INVOICE_DATE;Invoice Date
invoice-1587.tiff;1;1;2480;3508;194346;124;789;134;48;124;789;258;789;258;837;124;837;Renard;AAAAAA;BN;BILLING_NAME;Billing Name
invoice-1587.tiff;1;1;2480;3508;194347;269;789;90;48;269;789;359;789;359;837;269;837;Théo;AAAA;BN;BILLING_NAME;Billing Name
invoice-1587.tiff;1;1;2480;3508;194364;1541;817;119;52;1541;817;1660;817;1660;869;1541;869;Client;AAAAAA;undefined;OTHER;OTHER
invoice-1587.tiff;1;1;2480;3508;194365;1672;817;43;52;1672;817;1715;817;1715;869;1672;869;n°;AS;undefined;OTHER;OTHER
invoice-1587.tiff;1;1;2480;3508;194366;2166;817;104;46;2166;817;2270;817;2270;863;2166;863;42890;NNNNN;CNUM;CLIENT_NUMBER;Client Number
invoice-1587.tiff;1;1;2480;3508;194348;124;838;52;45;124;838;176;838;176;883;124;883;67,;NNS;BA;BILLING_ADDRESS;Billing Address
invoice-1587.tiff;1;1;2480;3508;194349;187;838;117;45;187;838;304;838;304;883;187;883;avenue;AAAAAA;BA;BILLING_ADDRESS;Billing Address
invoice-1587.tiff;1;1;2480;3508;194350;315;838;39;45;315;838;354;838;354;883;315;883;de;AA;BA;BILLING_ADDRESS;Billing Address
invoice-1587.tiff;1;1;2480;3508;194351;365;838;32;45;365;838;397;838;397;883;365;883;la;AA;BA;BILLING_ADDRESS;Billing Address
invoice-1587.tiff;1;1;2480;3508;194352;408;838;180;45;408;838;588;838;588;883;408;883;république;AAAAAAAAAA;BA;BILLING_ADDRESS;Billing Address
invoice-1587.tiff;1;1;2480;3508;194353;124;883;104;45;124;883;228;883;228;928;124;928;03100;NNNNN;BA;BILLING_ADDRESS;Billing Address
invoice-1587.tiff;1;1;2480;3508;194354;270;883;180;45;270;883;450;883;450;928;270;928;Montluçon;AAAAAAAAA;BA;BILLING_ADDRESS;Billing Address
invoice-1587.tiff;1;1;2480;3508;194367;1541;890;226;52;1541;890;1767;890;1767;942;1541;942;Commande;AAAAAAAA;undefined;OTHER;OTHER
invoice-1587.tiff;1;1;2480;3508;194368;1779;890;43;52;1779;890;1822;890;1822;942;1779;942;n°;AS;undefined;OTHER;OTHER
invoice-1587.tiff;1;1;2480;3508;194369;2166;890;83;46;2166;890;2249;890;2249;936;2166;936;4719;NNNN;ONUM;ORDER_NUMBER;Order Number
invoice-1587.tiff;1;1;2480;3508;194355;124;929;120;45;124;929;244;929;244;974;124;974;France;AAAAAA;BA;BILLING_ADDRESS;Billing Address
invoice-1587.tiff;1;1;2480;3508;194370;1541;964;134;52;1541;964;1675;964;1675;1016;1541;1016;Moyen;AAAAA;undefined;OTHER;OTHER
invoice-1587.tiff;1;1;2480;3508;194371;1688;964;45;52;1688;964;1733;964;1733;1016;1688;1016;de;AA;undefined;OTHER;OTHER
invoice-1587.tiff;1;1;2480;3508;194372;1745;964;180;52;1745;964;1925;964;1925;1016;1745;1016;paiement;AAAAAAAA;undefined;OTHER;OTHER
invoice-1587.tiff;1;1;2480;3508;194373;2166;964;55;46;2166;964;2221;964;2221;1010;2166;1010;CB;AA;PMODE;PAYMENT_MODE;Payment Mode
invoice-1587.tiff;1;1;2480;3508;194374;163;1395;173;52;163;1395;336;1395;336;1447;163;1447;Quantité;AAAAAAAA;undefined;OTHER;OTHER
invoice-1587.tiff;1;1;2480;3508;194375;699;1395;226;52;699;1395;925;1395;925;1447;699;1447;Description;AAAAAAAAAAA;undefined;OTHER;OTHER
invoice-1587.tiff;1;1;2480;3508;194376;1287;1395;84;52;1287;1395;1371;1395;1371;1447;1287;1447;Prix;AAAA;undefined;OTHER;OTHER
invoice-1587.tiff;1;1;2480;3508;194377;1382;1395;162;52;1382;1395;1544;1395;1544;1447;1382;1447;Unitaire;AAAAAAAA;undefined;OTHER;OTHER
invoice-1587.tiff;1;1;2480;3508;194378;1616;1395;101;52;1616;1395;1717;1395;1717;1447;1616;1447;Taux;AAAA;undefined;OTHER;OTHER
invoice-1587.tiff;1;1;2480;3508;194379;1729;1395;45;52;1729;1395;1774;1395;1774;1447;1729;1447;de;AA;undefined;OTHER;OTHER
invoice-1587.tiff;1;1;2480;3508;194380;1786;1395;96;52;1786;1395;1882;1395;1882;1447;1786;1447;TVA;AAA;undefined;OTHER;OTHER
invoice-1587.tiff;1;1;2480;3508;194381;1959;1395;170;52;1959;1395;2129;1395;2129;1447;1959;1447;Montant;AAAAAAA;undefined;OTHER;OTHER
invoice-1587.tiff;1;1;2480;3508;194382;2141;1395;66;52;2141;1395;2207;1395;2207;1447;2141;1447;HT;AA;undefined;OTHER;OTHER
invoice-1587.tiff;1;1;2480;3508;194383;239;1469;20;48;239;1469;259;1469;259;1517;239;1517;3;N;undefined;OTHER;OTHER
invoice-1587.tiff;1;1;2480;3508;194384;375;1469;194;48;375;1469;569;1469;569;1517;375;1517;Aspirateur;AAAAAAAAAA;undefined;OTHER;OTHER
invoice-1587.tiff;1;1;2480;3508;194385;579;1469;88;48;579;1469;667;1469;667;1517;579;1517;balai;AAAAA;undefined;OTHER;OTHER
invoice-1587.tiff;1;1;2480;3508;194386;678;1469;157;48;678;1469;835;1469;835;1517;678;1517;Rowenta;AAAAAAA;undefined;OTHER;OTHER
invoice-1587.tiff;1;1;2480;3508;194387;846;1469;203;48;846;1469;1049;1469;1049;1517;846;1517;RH8549WI;AANNNNAA;undefined;OTHER;OTHER
invoice-1587.tiff;1;1;2480;3508;194388;1060;1469;76;48;1060;1469;1136;1469;1136;1517;1060;1517;AIR;AAA;undefined;OTHER;OTHER
invoice-1587.tiff;1;1;2480;3508;194390;1354;1469;93;48;1354;1469;1447;1469;1447;1517;1354;1517;98,67;NNSNN;undefined;OTHER;OTHER
invoice-1587.tiff;1;1;2480;3508;194391;1458;1469;20;48;1458;1469;1478;1469;1478;1517;1458;1517;$;S;undefined;OTHER;OTHER
invoice-1587.tiff;1;1;2480;3508;194392;1692;1469;114;48;1692;1469;1806;1469;1806;1517;1692;1517;20.0%;NNSNS;undefined;OTHER;OTHER
invoice-1587.tiff;1;1;2480;3508;194393;2010;1469;114;48;2010;1469;2124;1469;2124;1517;2010;1517;296,00;NNNSNN;undefined;OTHER;OTHER
invoice-1587.tiff;1;1;2480;3508;194394;2135;1469;20;48;2135;1469;2155;1469;2155;1517;2135;1517;$;S;undefined;OTHER;OTHER
invoice-1587.tiff;1;1;2480;3508;194389;375;1517;145;48;375;1517;520;1517;520;1565;375;1565;FORCE;AAAAA;undefined;OTHER;OTHER
invoice-1587.tiff;1;1;2480;3508;194395;1792;1648;155;51;1792;1648;1947;1648;1947;1699;1792;1699;Montant;AAAAAAA;undefined;OTHER;OTHER
invoice-1587.tiff;1;1;2480;3508;194396;1959;1648;61;51;1959;1648;2020;1648;2020;1699;1959;1699;HT;AA;undefined;OTHER;OTHER
invoice-1587.tiff;1;1;2480;3508;194397;2062;1648;114;46;2062;1648;2176;1648;2176;1694;2062;1694;296,00;NNNSNN;TWTX;TOTAL_WITHOUT_TAX;TWTXS
invoice-1587.tiff;1;1;2480;3508;194398;2187;1648;20;46;2187;1648;2207;1648;2207;1694;2187;1694;$;S;TWTX;TOTAL_WITHOUT_TAX;TWTXS
invoice-1587.tiff;1;1;2480;3508;194399;1947;1699;94;51;1947;1699;2041;1699;2041;1750;1947;1750;TVA;AAA;undefined;OTHER;OTHER
invoice-1587.tiff;1;1;2480;3508;194400;2083;1699;93;46;2083;1699;2176;1699;2176;1745;2083;1745;59,20;NNSNN;TTX;TOTAL_TAX;Total Tax
invoice-1587.tiff;1;1;2480;3508;194401;2187;1699;20;46;2187;1699;2207;1699;2207;1745;2187;1745;$;S;TTX;TOTAL_TAX;Total Tax
invoice-1587.tiff;1;1;2480;3508;194402;1826;1751;96;51;1826;1751;1922;1751;1922;1802;1826;1802;Total;AAAAA;undefined;OTHER;OTHER
invoice-1587.tiff;1;1;2480;3508;194403;1934;1751;86;51;1934;1751;2020;1751;2020;1802;1934;1802;TTC;AAA;undefined;OTHER;OTHER
invoice-1587.tiff;1;1;2480;3508;194404;2062;1751;114;46;2062;1751;2176;1751;2176;1797;2062;1797;355,20;NNNSNN;TA;TOTAL_AMOUNT;Total with TAX
invoice-1587.tiff;1;1;2480;3508;194405;2187;1751;20;46;2187;1751;2207;1751;2207;1797;2187;1797;$;S;TA;TOTAL_AMOUNT;Total with TAX
invoice-1587.tiff;1;1;2480;3508;194406;124;3175;115;48;124;3175;239;3175;239;3223;124;3223;SIRIN;AAAAA;SN;SUPPLIER_NAME;Seller/Company) name
invoice-1587.tiff;1;1;2480;3508;194407;124;3223;41;45;124;3223;165;3223;165;3268;124;3268;41;NN;SA;SUPPLIER_ADDRESS;Seller Address
invoice-1587.tiff;1;1;2480;3508;194408;177;3223;159;45;177;3223;336;3223;336;3268;177;3268;AVENUE;AAAAAA;SA;SUPPLIER_ADDRESS;Seller Address
invoice-1587.tiff;1;1;2480;3508;194409;347;3223;182;45;347;3223;529;3223;529;3268;347;3268;PHILIPPE;AAAAAAAA;SA;SUPPLIER_ADDRESS;Seller Address
invoice-1587.tiff;1;1;2480;3508;194410;540;3223;162;45;540;3223;702;3223;702;3268;540;3268;ROCHAT;AAAAAA;SA;SUPPLIER_ADDRESS;Seller Address
invoice-1587.tiff;1;1;2480;3508;194411;124;3268;104;45;124;3268;228;3268;228;3313;124;3313;06600;NNNNN;SA;SUPPLIER_ADDRESS;Seller Address
invoice-1587.tiff;1;1;2480;3508;194412;270;3268;162;45;270;3268;432;3268;432;3313;270;3313;ANTIBES;AAAAAAA;SA;SUPPLIER_ADDRESS;Seller Address
invoice-1587.tiff;1;1;2480;3508;194413;124;3314;157;45;124;3314;281;3314;281;3359;124;3359;FRANCE;AAAAAA;SA;SUPPLIER_ADDRESS;Seller Address
