src;num_pages;page_id;page_width;page_height;id;col;row;width;height;x1;y1;x2;y2;x3;y3;x4;y4;contents;contents_masked;correctclass;tag;description
invoice-871.tiff;1;1;2480;3508;107373;124;62;117;175;124;62;241;62;241;237;124;237;common/logo;AAAAAASAAAA;img;IMAGE;Image
invoice-871.tiff;1;1;2480;3508;107388;1541;270;188;59;1541;270;1729;270;1729;329;1541;329;Numéro;AAAAAA;undefined;OTHER;OTHER
invoice-871.tiff;1;1;2480;3508;107389;1744;270;58;59;1744;270;1802;270;1802;329;1744;329;de;AA;undefined;OTHER;OTHER
invoice-871.tiff;1;1;2480;3508;107390;1816;270;166;59;1816;270;1982;270;1982;329;1816;329;facture;AAAAAAA;undefined;OTHER;OTHER
invoice-871.tiff;1;1;2480;3508;107391;2045;270;178;52;2045;270;2223;270;2223;322;2045;322;1929231;NNNNNNN;IN;INVOICE_NUMBER;Invoice Number
invoice-871.tiff;1;1;2480;3508;107374;124;412;178;49;124;412;302;412;302;461;124;461;L'EVOLU;ASAAAAA;SN;SUPPLIER_NAME;Seller/Company) name
invoice-871.tiff;1;1;2480;3508;107375;315;412;87;49;315;412;402;412;402;461;315;461;PAC;AAA;SN;SUPPLIER_NAME;Seller/Company) name
invoice-871.tiff;1;1;2480;3508;107376;124;462;78;48;124;462;202;462;202;510;124;510;LES;AAA;SA;SUPPLIER_ADDRESS;Seller Address
invoice-871.tiff;1;1;2480;3508;107377;215;462;143;48;215;462;358;462;358;510;215;510;CLOUS;AAAAA;SA;SUPPLIER_ADDRESS;Seller Address
invoice-871.tiff;1;1;2480;3508;107378;124;510;115;48;124;510;239;510;239;558;124;558;03600;NNNNN;SA;SUPPLIER_ADDRESS;Seller Address
invoice-871.tiff;1;1;2480;3508;107379;282;510;273;48;282;510;555;510;555;558;282;558;COMMENTRY;AAAAAAAAA;SA;SUPPLIER_ADDRESS;Seller Address
invoice-871.tiff;1;1;2480;3508;107380;124;558;148;48;124;558;272;558;272;606;124;606;Numéro;AAAAAA;undefined;OTHER;OTHER
invoice-871.tiff;1;1;2480;3508;107381;284;558;46;48;284;558;330;558;330;606;284;606;de;AA;undefined;OTHER;OTHER
invoice-871.tiff;1;1;2480;3508;107382;342;558;57;48;342;558;399;558;399;606;342;606;Tel;AAA;undefined;OTHER;OTHER
invoice-871.tiff;1;1;2480;3508;107383;463;558;278;48;463;558;741;558;741;606;463;606;02.70.91.18.50;NNSNNSNNSNNSNN;SCN;SUPPLIER_CONTACT_NUMBER;Seller Contact Number
invoice-871.tiff;1;1;2480;3508;107384;124;606;148;48;124;606;272;606;272;654;124;654;Numéro;AAAAAA;undefined;OTHER;OTHER
invoice-871.tiff;1;1;2480;3508;107385;284;606;46;48;284;606;330;606;330;654;284;654;de;AA;undefined;OTHER;OTHER
invoice-871.tiff;1;1;2480;3508;107386;342;606;69;48;342;606;411;606;411;654;342;654;Fax;AAA;undefined;OTHER;OTHER
invoice-871.tiff;1;1;2480;3508;107387;474;606;278;48;474;606;752;606;752;654;474;654;02.70.91.25.75;NNSNNSNNSNNSNN;SFAX;SUPPLIER_FAX_NUMBER;Seller Fax Number
invoice-871.tiff;1;1;2480;3508;107401;1541;991;197;59;1541;991;1738;991;1738;1050;1541;1050;Adresse;AAAAAAA;undefined;OTHER;OTHER
invoice-871.tiff;1;1;2480;3508;107402;1752;991;58;59;1752;991;1810;991;1810;1050;1752;1050;de;AA;undefined;OTHER;OTHER
invoice-871.tiff;1;1;2480;3508;107403;1825;991;272;59;1825;991;2097;991;2097;1050;1825;1050;Facturation;AAAAAAAAAAA;undefined;OTHER;OTHER
invoice-871.tiff;1;1;2480;3508;107404;1541;1051;120;49;1541;1051;1661;1051;1661;1100;1541;1100;Aubry;AAAAA;BN;BILLING_NAME;Billing Name
invoice-871.tiff;1;1;2480;3508;107405;1673;1051;148;49;1673;1051;1821;1051;1821;1100;1673;1100;Camille;AAAAAAA;BN;BILLING_NAME;Billing Name
invoice-871.tiff;1;1;2480;3508;107406;1541;1100;34;48;1541;1100;1575;1100;1575;1148;1541;1148;2,;NS;BA;BILLING_ADDRESS;Billing Address
invoice-871.tiff;1;1;2480;3508;107407;1587;1100;60;48;1587;1100;1647;1100;1647;1148;1587;1148;rue;AAA;BA;BILLING_ADDRESS;Billing Address
invoice-871.tiff;1;1;2480;3508;107408;1659;1100;67;48;1659;1100;1726;1100;1726;1148;1659;1148;des;AAA;BA;BILLING_ADDRESS;Billing Address
invoice-871.tiff;1;1;2480;3508;107409;1738;1100;50;48;1738;1100;1788;1100;1788;1148;1738;1148;lys;AAA;BA;BILLING_ADDRESS;Billing Address
invoice-871.tiff;1;1;2480;3508;107410;1541;1148;115;48;1541;1148;1656;1148;1656;1196;1541;1196;86580;NNNNN;BA;BILLING_ADDRESS;Billing Address
invoice-871.tiff;1;1;2480;3508;107411;1699;1148;375;48;1699;1148;2074;1148;2074;1196;1699;1196;Vouneuil-sous-Biard;AAAAAAAASAAAASAAAAA;BA;BILLING_ADDRESS;Billing Address
invoice-871.tiff;1;1;2480;3508;107392;124;1190;99;54;124;1190;223;1190;223;1244;124;1244;Date;AAAA;undefined;OTHER;OTHER
invoice-871.tiff;1;1;2480;3508;107393;237;1190;53;54;237;1190;290;1190;290;1244;237;1244;de;AA;undefined;OTHER;OTHER
invoice-871.tiff;1;1;2480;3508;107394;303;1190;38;54;303;1190;341;1190;341;1244;303;1244;la;AA;undefined;OTHER;OTHER
invoice-871.tiff;1;1;2480;3508;107395;354;1190;152;54;354;1190;506;1190;506;1244;354;1244;facture;AAAAAAA;undefined;OTHER;OTHER
invoice-871.tiff;1;1;2480;3508;107396;750;1190;162;48;750;1190;912;1190;912;1238;750;1238;15/11/97;NNSNNSNN;IDATE;INVOICE_DATE;Invoice Date
invoice-871.tiff;1;1;2480;3508;107412;1541;1197;129;48;1541;1197;1670;1197;1670;1245;1541;1245;France;AAAAAA;BA;BILLING_ADDRESS;Billing Address
invoice-871.tiff;1;1;2480;3508;107397;124;1266;173;54;124;1266;297;1266;297;1320;124;1320;Numéro;AAAAAA;undefined;OTHER;OTHER
invoice-871.tiff;1;1;2480;3508;107398;310;1266;53;54;310;1266;363;1266;363;1320;310;1320;de;AA;undefined;OTHER;OTHER
invoice-871.tiff;1;1;2480;3508;107399;377;1266;119;54;377;1266;496;1266;496;1320;377;1320;client;AAAAAA;undefined;OTHER;OTHER
invoice-871.tiff;1;1;2480;3508;107400;750;1266;115;48;750;1266;865;1266;865;1314;750;1314;79868;NNNNN;CNUM;CLIENT_NUMBER;Client Number
invoice-871.tiff;1;1;2480;3508;107413;1541;1286;197;59;1541;1286;1738;1286;1738;1345;1541;1345;Adresse;AAAAAAA;undefined;OTHER;OTHER
invoice-871.tiff;1;1;2480;3508;107414;1752;1286;58;59;1752;1286;1810;1286;1810;1345;1752;1345;de;AA;undefined;OTHER;OTHER
invoice-871.tiff;1;1;2480;3508;107415;1825;1286;222;59;1825;1286;2047;1286;2047;1345;1825;1345;Livraison;AAAAAAAAA;undefined;OTHER;OTHER
invoice-871.tiff;1;1;2480;3508;107416;1541;1346;120;49;1541;1346;1661;1346;1661;1395;1541;1395;Aubry;AAAAA;SHN;SHIPPING_NAME;Shipping Name
invoice-871.tiff;1;1;2480;3508;107417;1673;1346;148;49;1673;1346;1821;1346;1821;1395;1673;1395;Camille;AAAAAAA;SHN;SHIPPING_NAME;Shipping Name
invoice-871.tiff;1;1;2480;3508;107418;1541;1395;34;48;1541;1395;1575;1395;1575;1443;1541;1443;7,;NS;SHA;SHIPPING_ADDRESS;Shipping Address
invoice-871.tiff;1;1;2480;3508;107419;1587;1395;60;48;1587;1395;1647;1395;1647;1443;1587;1443;rue;AAA;SHA;SHIPPING_ADDRESS;Shipping Address
invoice-871.tiff;1;1;2480;3508;107420;1659;1395;46;48;1659;1395;1705;1395;1705;1443;1659;1443;de;AA;SHA;SHIPPING_ADDRESS;Shipping Address
invoice-871.tiff;1;1;2480;3508;107421;1717;1395;32;48;1717;1395;1749;1395;1749;1443;1717;1443;la;AA;SHA;SHIPPING_ADDRESS;Shipping Address
invoice-871.tiff;1;1;2480;3508;107422;1761;1395;206;48;1761;1395;1967;1395;1967;1443;1761;1443;jamauderie;AAAAAAAAAA;SHA;SHIPPING_ADDRESS;Shipping Address
invoice-871.tiff;1;1;2480;3508;107423;1541;1444;115;48;1541;1444;1656;1444;1656;1492;1541;1492;89500;NNNNN;SHA;SHIPPING_ADDRESS;Shipping Address
invoice-871.tiff;1;1;2480;3508;107424;1699;1444;152;48;1699;1444;1851;1444;1851;1492;1699;1492;Dixmont;AAAAAAA;SHA;SHIPPING_ADDRESS;Shipping Address
invoice-871.tiff;1;1;2480;3508;107425;1541;1492;129;48;1541;1492;1670;1492;1670;1540;1541;1540;France;AAAAAA;SHA;SHIPPING_ADDRESS;Shipping Address
invoice-871.tiff;1;1;2480;3508;107426;157;1807;101;54;157;1807;258;1807;258;1861;157;1861;Non.;AAAS;undefined;OTHER;OTHER
invoice-871.tiff;1;1;2480;3508;107427;556;1807;262;54;556;1807;818;1807;818;1861;556;1861;Désignation;AAAAAAAAAAA;undefined;OTHER;OTHER
invoice-871.tiff;1;1;2480;3508;107428;1190;1807;76;54;1190;1807;1266;1807;1266;1861;1190;1861;Qté;AAA;undefined;OTHER;OTHER
invoice-871.tiff;1;1;2480;3508;107429;1489;1807;63;54;1489;1807;1552;1807;1552;1861;1489;1861;UP;AA;undefined;OTHER;OTHER
invoice-871.tiff;1;1;2480;3508;107430;1766;1807;91;54;1766;1807;1857;1807;1857;1861;1766;1861;TVA;AAA;undefined;OTHER;OTHER
invoice-871.tiff;1;1;2480;3508;107431;1965;1807;178;54;1965;1807;2143;1807;2143;1861;1965;1861;Montant;AAAAAAA;undefined;OTHER;OTHER
invoice-871.tiff;1;1;2480;3508;107432;2156;1807;86;54;2156;1807;2242;1807;2242;1861;2156;1861;H.T.;ASAS;undefined;OTHER;OTHER
invoice-871.tiff;1;1;2480;3508;107433;196;1883;23;49;196;1883;219;1883;219;1932;196;1932;1;N;undefined;OTHER;OTHER
invoice-871.tiff;1;1;2480;3508;107434;291;1883;185;49;291;1883;476;1883;476;1932;291;1932;Chargeur;AAAAAAAA;undefined;OTHER;OTHER
invoice-871.tiff;1;1;2480;3508;107435;488;1883;148;49;488;1883;636;1883;636;1932;488;1932;secteur;AAAAAAA;undefined;OTHER;OTHER
invoice-871.tiff;1;1;2480;3508;107436;648;1883;224;49;648;1883;872;1883;872;1932;648;1932;Usbepower;AAAAAAAAA;undefined;OTHER;OTHER
invoice-871.tiff;1;1;2480;3508;107437;884;1883;23;49;884;1883;907;1883;907;1932;884;1932;2;N;undefined;OTHER;OTHER
invoice-871.tiff;1;1;2480;3508;107438;919;1883;87;49;919;1883;1006;1883;1006;1932;919;1932;USB;AAA;undefined;OTHER;OTHER
invoice-871.tiff;1;1;2480;3508;107445;1217;1883;23;49;1217;1883;1240;1883;1240;1932;1217;1932;3;N;undefined;OTHER;OTHER
invoice-871.tiff;1;1;2480;3508;107446;1451;1883;104;49;1451;1883;1555;1883;1555;1932;1451;1932;24,99;NNSNN;undefined;OTHER;OTHER
invoice-871.tiff;1;1;2480;3508;107447;1567;1883;23;49;1567;1883;1590;1883;1590;1932;1567;1932;$;S;undefined;OTHER;OTHER
invoice-871.tiff;1;1;2480;3508;107448;1753;1883;118;49;1753;1883;1871;1883;1871;1932;1753;1932;20.0%;NNSNS;undefined;OTHER;OTHER
invoice-871.tiff;1;1;2480;3508;107449;2034;1883;104;49;2034;1883;2138;1883;2138;1932;2034;1932;74,98;NNSNN;undefined;OTHER;OTHER
invoice-871.tiff;1;1;2480;3508;107450;2150;1883;23;49;2150;1883;2173;1883;2173;1932;2150;1932;$;S;undefined;OTHER;OTHER
invoice-871.tiff;1;1;2480;3508;107439;291;1932;216;49;291;1932;507;1932;507;1981;291;1981;+enrouleur;SAAAAAAAAA;undefined;OTHER;OTHER
invoice-871.tiff;1;1;2480;3508;107440;519;1932;106;49;519;1932;625;1932;625;1981;519;1981;cable;AAAAA;undefined;OTHER;OTHER
invoice-871.tiff;1;1;2480;3508;107441;637;1932;24;49;637;1932;661;1932;661;1981;637;1981;+;S;undefined;OTHER;OTHER
invoice-871.tiff;1;1;2480;3508;107442;673;1932;155;49;673;1932;828;1932;828;1981;673;1981;support;AAAAAAA;undefined;OTHER;OTHER
invoice-871.tiff;1;1;2480;3508;107443;840;1932;13;49;840;1932;853;1932;853;1981;840;1981;-;S;undefined;OTHER;OTHER
invoice-871.tiff;1;1;2480;3508;107444;865;1932;113;49;865;1932;978;1932;978;1981;865;1981;Blanc;AAAAA;undefined;OTHER;OTHER
invoice-871.tiff;1;1;2480;3508;107451;196;2023;23;49;196;2023;219;2023;219;2072;196;2072;2;N;undefined;OTHER;OTHER
invoice-871.tiff;1;1;2480;3508;107452;291;2023;155;49;291;2023;446;2023;446;2072;291;2072;Protège;AAAAAAA;undefined;OTHER;OTHER
invoice-871.tiff;1;1;2480;3508;107453;458;2023;111;49;458;2023;569;2023;569;2072;458;2072;écran;AAAAA;undefined;OTHER;OTHER
invoice-871.tiff;1;1;2480;3508;107454;581;2023;141;49;581;2023;722;2023;722;2072;581;2072;Coyote;AAAAAA;undefined;OTHER;OTHER
invoice-871.tiff;1;1;2480;3508;107455;733;2023;85;49;733;2023;818;2023;818;2072;733;2072;Film;AAAA;undefined;OTHER;OTHER
invoice-871.tiff;1;1;2480;3508;107456;831;2023;48;49;831;2023;879;2023;879;2072;831;2072;de;AA;undefined;OTHER;OTHER
invoice-871.tiff;1;1;2480;3508;107460;1217;2023;23;49;1217;2023;1240;2023;1240;2072;1217;2072;1;N;undefined;OTHER;OTHER
invoice-871.tiff;1;1;2480;3508;107461;1462;2023;81;49;1462;2023;1543;2023;1543;2072;1462;2072;3,33;NSNN;undefined;OTHER;OTHER
invoice-871.tiff;1;1;2480;3508;107462;1555;2023;23;49;1555;2023;1578;2023;1578;2072;1555;2072;$;S;undefined;OTHER;OTHER
invoice-871.tiff;1;1;2480;3508;107463;1753;2023;118;49;1753;2023;1871;2023;1871;2072;1753;2072;20.0%;NNSNS;undefined;OTHER;OTHER
invoice-871.tiff;1;1;2480;3508;107464;2046;2023;81;49;2046;2023;2127;2023;2127;2072;2046;2072;3,33;NSNN;undefined;OTHER;OTHER
invoice-871.tiff;1;1;2480;3508;107465;2138;2023;23;49;2138;2023;2161;2023;2161;2072;2138;2072;$;S;undefined;OTHER;OTHER
invoice-871.tiff;1;1;2480;3508;107457;291;2073;203;49;291;2073;494;2073;494;2122;291;2122;protection;AAAAAAAAAA;undefined;OTHER;OTHER
invoice-871.tiff;1;1;2480;3508;107458;506;2073;141;49;506;2073;647;2073;647;2122;506;2122;Coyote;AAAAAA;undefined;OTHER;OTHER
invoice-871.tiff;1;1;2480;3508;107459;659;2073;27;49;659;2073;686;2073;686;2122;659;2122;S;A;undefined;OTHER;OTHER
invoice-871.tiff;1;1;2480;3508;107466;196;2164;23;49;196;2164;219;2164;219;2213;196;2213;3;N;undefined;OTHER;OTHER
invoice-871.tiff;1;1;2480;3508;107467;291;2164;150;49;291;2164;441;2164;441;2213;291;2213;Fondue;AAAAAA;undefined;OTHER;OTHER
invoice-871.tiff;1;1;2480;3508;107468;453;2164;148;49;453;2164;601;2164;601;2213;453;2213;Russell;AAAAAAA;undefined;OTHER;OTHER
invoice-871.tiff;1;1;2480;3508;107469;613;2164;129;49;613;2164;742;2164;742;2213;613;2213;Hobbs;AAAAA;undefined;OTHER;OTHER
invoice-871.tiff;1;1;2480;3508;107470;754;2164;150;49;754;2164;904;2164;904;2213;754;2213;Fondue;AAAAAA;undefined;OTHER;OTHER
invoice-871.tiff;1;1;2480;3508;107474;1217;2164;23;49;1217;2164;1240;2164;1240;2213;1217;2213;4;N;undefined;OTHER;OTHER
invoice-871.tiff;1;1;2480;3508;107475;1451;2164;104;49;1451;2164;1555;2164;1555;2213;1451;2213;35,22;NNSNN;undefined;OTHER;OTHER
invoice-871.tiff;1;1;2480;3508;107476;1567;2164;23;49;1567;2164;1590;2164;1590;2213;1567;2213;$;S;undefined;OTHER;OTHER
invoice-871.tiff;1;1;2480;3508;107477;1753;2164;118;49;1753;2164;1871;2164;1871;2213;1753;2213;20.0%;NNSNS;undefined;OTHER;OTHER
invoice-871.tiff;1;1;2480;3508;107478;2023;2164;127;49;2023;2164;2150;2164;2150;2213;2023;2213;140,87;NNNSNN;undefined;OTHER;OTHER
invoice-871.tiff;1;1;2480;3508;107479;2162;2164;23;49;2162;2164;2185;2164;2185;2213;2162;2213;$;S;undefined;OTHER;OTHER
invoice-871.tiff;1;1;2480;3508;107471;291;2214;169;49;291;2214;460;2214;460;2263;291;2263;élégante;AAAAAAAA;undefined;OTHER;OTHER
invoice-871.tiff;1;1;2480;3508;107472;472;2214;120;49;472;2214;592;2214;592;2263;472;2263;Fiesta;AAAAAA;undefined;OTHER;OTHER
invoice-871.tiff;1;1;2480;3508;107473;604;2214;176;49;604;2214;780;2214;780;2263;604;2263;22560-56;NNNNNSNN;undefined;OTHER;OTHER
invoice-871.tiff;1;1;2480;3508;107480;196;2305;23;49;196;2305;219;2305;219;2354;196;2354;4;N;undefined;OTHER;OTHER
invoice-871.tiff;1;1;2480;3508;107481;291;2305;71;49;291;2305;362;2305;362;2354;291;2354;Jeu;AAA;undefined;OTHER;OTHER
invoice-871.tiff;1;1;2480;3508;107482;375;2305;81;49;375;2305;456;2305;456;2354;375;2354;3DS;NAA;undefined;OTHER;OTHER
invoice-871.tiff;1;1;2480;3508;107483;467;2305;180;49;467;2305;647;2305;647;2354;467;2354;Nintendo;AAAAAAAA;undefined;OTHER;OTHER
invoice-871.tiff;1;1;2480;3508;107484;659;2305;115;49;659;2305;774;2305;774;2354;659;2354;Paper;AAAAA;undefined;OTHER;OTHER
invoice-871.tiff;1;1;2480;3508;107485;787;2305;111;49;787;2305;898;2305;898;2354;787;2354;Mario;AAAAA;undefined;OTHER;OTHER
invoice-871.tiff;1;1;2480;3508;107486;909;2305;138;49;909;2305;1047;2305;1047;2354;909;2354;Sticker;AAAAAAA;undefined;OTHER;OTHER
invoice-871.tiff;1;1;2480;3508;107489;1217;2305;23;49;1217;2305;1240;2305;1240;2354;1217;2354;3;N;undefined;OTHER;OTHER
invoice-871.tiff;1;1;2480;3508;107490;1451;2305;104;49;1451;2305;1555;2305;1555;2354;1451;2354;16,66;NNSNN;undefined;OTHER;OTHER
invoice-871.tiff;1;1;2480;3508;107491;1567;2305;23;49;1567;2305;1590;2305;1590;2354;1567;2354;$;S;undefined;OTHER;OTHER
invoice-871.tiff;1;1;2480;3508;107492;1753;2305;118;49;1753;2305;1871;2305;1871;2354;1753;2354;20.0%;NNSNS;undefined;OTHER;OTHER
invoice-871.tiff;1;1;2480;3508;107493;2034;2305;104;49;2034;2305;2138;2305;2138;2354;2034;2354;49,97;NNSNN;undefined;OTHER;OTHER
invoice-871.tiff;1;1;2480;3508;107494;2150;2305;23;49;2150;2305;2173;2305;2173;2354;2150;2354;$;S;undefined;OTHER;OTHER
invoice-871.tiff;1;1;2480;3508;107487;291;2355;81;49;291;2355;372;2355;372;2404;291;2404;Star;AAAA;undefined;OTHER;OTHER
invoice-871.tiff;1;1;2480;3508;107488;384;2355;145;49;384;2355;529;2355;529;2404;384;2404;Selects;AAAAAAA;undefined;OTHER;OTHER
invoice-871.tiff;1;1;2480;3508;107495;196;2446;23;49;196;2446;219;2446;219;2495;196;2495;5;N;undefined;OTHER;OTHER
invoice-871.tiff;1;1;2480;3508;107496;291;2446;101;49;291;2446;392;2446;392;2495;291;2495;Filtre;AAAAAA;undefined;OTHER;OTHER
invoice-871.tiff;1;1;2480;3508;107497;405;2446;101;49;405;2446;506;2446;506;2495;405;2495;hotte;AAAAA;undefined;OTHER;OTHER
invoice-871.tiff;1;1;2480;3508;107498;518;2446;143;49;518;2446;661;2446;661;2495;518;2495;Falmec;AAAAAA;undefined;OTHER;OTHER
invoice-871.tiff;1;1;2480;3508;107499;673;2446;101;49;673;2446;774;2446;774;2495;673;2495;Filtre;AAAAAA;undefined;OTHER;OTHER
invoice-871.tiff;1;1;2480;3508;107500;787;2446;139;49;787;2446;926;2446;926;2495;787;2495;114163;NNNNNN;undefined;OTHER;OTHER
invoice-871.tiff;1;1;2480;3508;107501;1217;2446;23;49;1217;2446;1240;2446;1240;2495;1217;2495;3;N;undefined;OTHER;OTHER
invoice-871.tiff;1;1;2480;3508;107502;1451;2446;104;49;1451;2446;1555;2446;1555;2495;1451;2495;17,49;NNSNN;undefined;OTHER;OTHER
invoice-871.tiff;1;1;2480;3508;107503;1567;2446;23;49;1567;2446;1590;2446;1590;2495;1567;2495;$;S;undefined;OTHER;OTHER
invoice-871.tiff;1;1;2480;3508;107504;1753;2446;118;49;1753;2446;1871;2446;1871;2495;1753;2495;20.0%;NNSNS;undefined;OTHER;OTHER
invoice-871.tiff;1;1;2480;3508;107505;2034;2446;104;49;2034;2446;2138;2446;2138;2495;2034;2495;52,48;NNSNN;undefined;OTHER;OTHER
invoice-871.tiff;1;1;2480;3508;107506;2150;2446;23;49;2150;2446;2173;2446;2173;2495;2150;2495;$;S;undefined;OTHER;OTHER
invoice-871.tiff;1;1;2480;3508;107507;1739;2579;165;52;1739;2579;1904;2579;1904;2631;1739;2631;Montant;AAAAAAA;undefined;OTHER;OTHER
invoice-871.tiff;1;1;2480;3508;107508;1917;2579;86;52;1917;2579;2003;2579;2003;2631;1917;2631;H.T.;ASAS;undefined;OTHER;OTHER
invoice-871.tiff;1;1;2480;3508;107509;2046;2579;127;48;2046;2579;2173;2579;2173;2627;2046;2627;321,62;NNNSNN;TWTX;TOTAL_WITHOUT_TAX;TWTXS
invoice-871.tiff;1;1;2480;3508;107510;2185;2579;23;48;2185;2579;2208;2579;2208;2627;2185;2627;$;S;TWTX;TOTAL_WITHOUT_TAX;TWTXS
invoice-871.tiff;1;1;2480;3508;107511;1959;2632;89;52;1959;2632;2048;2632;2048;2684;1959;2684;TVA;AAA;undefined;OTHER;OTHER
invoice-871.tiff;1;1;2480;3508;107512;2090;2632;118;48;2090;2632;2208;2632;2208;2680;2090;2680;20.0%;NNSNS;TXR;TAX_RATE;Tax Rate
invoice-871.tiff;1;1;2480;3508;107513;1760;2685;165;52;1760;2685;1925;2685;1925;2737;1760;2737;Montant;AAAAAAA;undefined;OTHER;OTHER
invoice-871.tiff;1;1;2480;3508;107514;1938;2685;89;52;1938;2685;2027;2685;2027;2737;1938;2737;TVA;AAA;undefined;OTHER;OTHER
invoice-871.tiff;1;1;2480;3508;107515;2069;2685;104;48;2069;2685;2173;2685;2173;2733;2069;2733;64,32;NNSNN;TTX;TOTAL_TAX;Total Tax
invoice-871.tiff;1;1;2480;3508;107516;2185;2685;23;48;2185;2685;2208;2685;2208;2733;2185;2733;$;S;TTX;TOTAL_TAX;Total Tax
invoice-871.tiff;1;1;2480;3508;107517;1737;2738;165;52;1737;2738;1902;2738;1902;2790;1737;2790;Montant;AAAAAAA;undefined;OTHER;OTHER
invoice-871.tiff;1;1;2480;3508;107518;1915;2738;89;52;1915;2738;2004;2738;2004;2790;1915;2790;TTC;AAA;undefined;OTHER;OTHER
invoice-871.tiff;1;1;2480;3508;107519;2046;2738;127;48;2046;2738;2173;2738;2173;2786;2046;2786;385,94;NNNSNN;TA;TOTAL_AMOUNT;Total with TAX
invoice-871.tiff;1;1;2480;3508;107520;2185;2738;23;48;2185;2738;2208;2738;2208;2786;2185;2786;$;S;TA;TOTAL_AMOUNT;Total with TAX
invoice-871.tiff;1;1;2480;3508;107521;1541;3120;106;54;1541;3120;1647;3120;1647;3174;1541;3174;Type;AAAA;undefined;OTHER;OTHER
invoice-871.tiff;1;1;2480;3508;107522;1661;3120;53;54;1661;3120;1714;3120;1714;3174;1661;3174;de;AA;undefined;OTHER;OTHER
invoice-871.tiff;1;1;2480;3508;107523;1727;3120;201;54;1727;3120;1928;3120;1928;3174;1727;3174;paiement;AAAAAAAA;undefined;OTHER;OTHER
invoice-871.tiff;1;1;2480;3508;107524;2166;3120;166;48;2166;3120;2332;3120;2332;3168;2166;3168;Virement;AAAAAAAA;PMODE;PAYMENT_MODE;Payment Mode
invoice-871.tiff;1;1;2480;3508;107525;124;3154;178;49;124;3154;302;3154;302;3203;124;3203;L'EVOLU;ASAAAAA;SN;SUPPLIER_NAME;Seller/Company) name
invoice-871.tiff;1;1;2480;3508;107526;315;3154;87;49;315;3154;402;3154;402;3203;315;3203;PAC;AAA;SN;SUPPLIER_NAME;Seller/Company) name
invoice-871.tiff;1;1;2480;3508;107527;124;3203;78;48;124;3203;202;3203;202;3251;124;3251;LES;AAA;SA;SUPPLIER_ADDRESS;Seller Address
invoice-871.tiff;1;1;2480;3508;107528;215;3203;143;48;215;3203;358;3203;358;3251;215;3251;CLOUS;AAAAA;SA;SUPPLIER_ADDRESS;Seller Address
invoice-871.tiff;1;1;2480;3508;107529;124;3251;115;48;124;3251;239;3251;239;3299;124;3299;03600;NNNNN;SA;SUPPLIER_ADDRESS;Seller Address
invoice-871.tiff;1;1;2480;3508;107530;282;3251;273;48;282;3251;555;3251;555;3299;282;3299;COMMENTRY;AAAAAAAAA;SA;SUPPLIER_ADDRESS;Seller Address
