src;num_pages;page_id;page_width;page_height;id;col;row;width;height;x1;y1;x2;y2;x3;y3;x4;y4;contents;contents_masked;correctclass;tag;description
invoice-1855.tiff;1;1;2480;3508;227635;1541;62;317;175;1541;62;1858;62;1858;237;1541;237;common/logo;AAAAAASAAAA;img;IMAGE;Image
invoice-1855.tiff;1;1;2480;3508;227633;124;258;66;59;124;258;190;258;190;317;124;317;Du;AA;undefined;OTHER;OTHER
invoice-1855.tiff;1;1;2480;3508;227634;254;258;178;52;254;258;432;258;432;310;254;310;11/10/98;NNSNNSNN;IDATE;INVOICE_DATE;Invoice Date
invoice-1855.tiff;1;1;2480;3508;227636;1541;412;152;49;1541;412;1693;412;1693;461;1541;461;MOTOS;AAAAA;SN;SUPPLIER_NAME;Seller/Company) name
invoice-1855.tiff;1;1;2480;3508;227637;1706;412;215;49;1706;412;1921;412;1921;461;1706;461;RAYMOND;AAAAAAA;SN;SUPPLIER_NAME;Seller/Company) name
invoice-1855.tiff;1;1;2480;3508;227638;1541;462;46;48;1541;462;1587;462;1587;510;1541;510;33;NN;SA;SUPPLIER_ADDRESS;Seller Address
invoice-1855.tiff;1;1;2480;3508;227639;1599;462;145;48;1599;462;1744;462;1744;510;1599;510;ROUTE;AAAAA;SA;SUPPLIER_ADDRESS;Seller Address
invoice-1855.tiff;1;1;2480;3508;227640;1756;462;57;48;1756;462;1813;462;1813;510;1756;510;DE;AA;SA;SUPPLIER_ADDRESS;Seller Address
invoice-1855.tiff;1;1;2480;3508;227641;1826;462;173;48;1826;462;1999;462;1999;510;1826;510;CERNAY;AAAAAA;SA;SUPPLIER_ADDRESS;Seller Address
invoice-1855.tiff;1;1;2480;3508;227642;1541;510;115;48;1541;510;1656;510;1656;558;1541;558;68800;NNNNN;SA;SUPPLIER_ADDRESS;Seller Address
invoice-1855.tiff;1;1;2480;3508;227643;1699;510;125;48;1699;510;1824;510;1824;558;1699;558;VIEUX;AAAAA;SA;SUPPLIER_ADDRESS;Seller Address
invoice-1855.tiff;1;1;2480;3508;227644;1835;510;143;48;1835;510;1978;510;1978;558;1835;558;THANN;AAAAA;SA;SUPPLIER_ADDRESS;Seller Address
invoice-1855.tiff;1;1;2480;3508;227645;1541;558;171;48;1541;558;1712;558;1712;606;1541;606;FRANCE;AAAAAA;SA;SUPPLIER_ADDRESS;Seller Address
invoice-1855.tiff;1;1;2480;3508;227646;1541;606;69;48;1541;606;1610;606;1610;654;1541;654;Tel:;AAAS;undefined;OTHER;OTHER
invoice-1855.tiff;1;1;2480;3508;227647;1673;606;70;48;1673;606;1743;606;1743;654;1673;654;+33;SNN;SCN;SUPPLIER_CONTACT_NUMBER;Seller Contact Number
invoice-1855.tiff;1;1;2480;3508;227648;1755;606;50;48;1755;606;1805;606;1805;654;1755;654;(0);SNS;SCN;SUPPLIER_CONTACT_NUMBER;Seller Contact Number
invoice-1855.tiff;1;1;2480;3508;227649;1818;606;23;48;1818;606;1841;606;1841;654;1818;654;7;N;SCN;SUPPLIER_CONTACT_NUMBER;Seller Contact Number
invoice-1855.tiff;1;1;2480;3508;227650;1853;606;46;48;1853;606;1899;606;1899;654;1853;654;75;NN;SCN;SUPPLIER_CONTACT_NUMBER;Seller Contact Number
invoice-1855.tiff;1;1;2480;3508;227651;1911;606;46;48;1911;606;1957;606;1957;654;1911;654;36;NN;SCN;SUPPLIER_CONTACT_NUMBER;Seller Contact Number
invoice-1855.tiff;1;1;2480;3508;227652;1968;606;46;48;1968;606;2014;606;2014;654;1968;654;70;NN;SCN;SUPPLIER_CONTACT_NUMBER;Seller Contact Number
invoice-1855.tiff;1;1;2480;3508;227653;2026;606;46;48;2026;606;2072;606;2072;654;2026;654;56;NN;SCN;SUPPLIER_CONTACT_NUMBER;Seller Contact Number
invoice-1855.tiff;1;1;2480;3508;227654;1541;654;81;48;1541;654;1622;654;1622;702;1541;702;Fax:;AAAS;undefined;OTHER;OTHER
invoice-1855.tiff;1;1;2480;3508;227655;1685;654;70;48;1685;654;1755;654;1755;702;1685;702;+33;SNN;SFAX;SUPPLIER_FAX_NUMBER;Seller Fax Number
invoice-1855.tiff;1;1;2480;3508;227656;1767;654;50;48;1767;654;1817;654;1817;702;1767;702;(0);SNS;SFAX;SUPPLIER_FAX_NUMBER;Seller Fax Number
invoice-1855.tiff;1;1;2480;3508;227657;1829;654;23;48;1829;654;1852;654;1852;702;1829;702;7;N;SFAX;SUPPLIER_FAX_NUMBER;Seller Fax Number
invoice-1855.tiff;1;1;2480;3508;227658;1864;654;46;48;1864;654;1910;654;1910;702;1864;702;75;NN;SFAX;SUPPLIER_FAX_NUMBER;Seller Fax Number
invoice-1855.tiff;1;1;2480;3508;227659;1922;654;46;48;1922;654;1968;654;1968;702;1922;702;36;NN;SFAX;SUPPLIER_FAX_NUMBER;Seller Fax Number
invoice-1855.tiff;1;1;2480;3508;227660;1980;654;46;48;1980;654;2026;654;2026;702;1980;702;45;NN;SFAX;SUPPLIER_FAX_NUMBER;Seller Fax Number
invoice-1855.tiff;1;1;2480;3508;227661;2038;654;46;48;2038;654;2084;654;2084;702;2038;702;23;NN;SFAX;SUPPLIER_FAX_NUMBER;Seller Fax Number
invoice-1855.tiff;1;1;2480;3508;227672;1541;892;286;59;1541;892;1827;892;1827;951;1541;951;Destinataire;AAAAAAAAAAAA;undefined;OTHER;OTHER
invoice-1855.tiff;1;1;2480;3508;227662;124;905;218;54;124;905;342;905;342;959;124;959;FACTURE;AAAAAAA;undefined;OTHER;OTHER
invoice-1855.tiff;1;1;2480;3508;227663;356;905;61;54;356;905;417;905;417;959;356;959;No;AA;undefined;OTHER;OTHER
invoice-1855.tiff;1;1;2480;3508;227664;750;905;162;48;750;905;912;905;912;953;750;953;0007094;NNNNNNN;IN;INVOICE_NUMBER;Invoice Number
invoice-1855.tiff;1;1;2480;3508;227673;1541;951;113;49;1541;951;1654;951;1654;1000;1541;1000;Duval;AAAAA;BN;BILLING_NAME;Billing Name
invoice-1855.tiff;1;1;2480;3508;227674;1666;951;141;49;1666;951;1807;951;1807;1000;1666;1000;Nathan;AAAAAA;BN;BILLING_NAME;Billing Name
invoice-1855.tiff;1;1;2480;3508;227665;124;981;165;54;124;981;289;981;289;1035;124;1035;CLIENT;AAAAAA;undefined;OTHER;OTHER
invoice-1855.tiff;1;1;2480;3508;227666;303;981;61;54;303;981;364;981;364;1035;303;1035;No;AA;undefined;OTHER;OTHER
invoice-1855.tiff;1;1;2480;3508;227667;750;981;139;48;750;981;889;981;889;1029;750;1029;004058;NNNNNN;CNUM;CLIENT_NUMBER;Client Number
invoice-1855.tiff;1;1;2480;3508;227675;1541;1001;104;48;1541;1001;1645;1001;1645;1049;1541;1049;5192,;NNNNS;BA;BILLING_ADDRESS;Billing Address
invoice-1855.tiff;1;1;2480;3508;227676;1657;1001;32;48;1657;1001;1689;1001;1689;1049;1657;1049;le;AA;BA;BILLING_ADDRESS;Billing Address
invoice-1855.tiff;1;1;2480;3508;227677;1701;1001;108;48;1701;1001;1809;1001;1809;1049;1701;1049;pissot;AAAAAA;BA;BILLING_ADDRESS;Billing Address
invoice-1855.tiff;1;1;2480;3508;227678;1541;1049;115;48;1541;1049;1656;1049;1656;1097;1541;1097;56140;NNNNN;BA;BILLING_ADDRESS;Billing Address
invoice-1855.tiff;1;1;2480;3508;227679;1699;1049;233;48;1699;1049;1932;1049;1932;1097;1699;1097;Saint-Marcel;AAAAASAAAAAA;BA;BILLING_ADDRESS;Billing Address
invoice-1855.tiff;1;1;2480;3508;227668;124;1056;106;54;124;1056;230;1056;230;1110;124;1110;Type;AAAA;undefined;OTHER;OTHER
invoice-1855.tiff;1;1;2480;3508;227669;244;1056;53;54;244;1056;297;1056;297;1110;244;1110;de;AA;undefined;OTHER;OTHER
invoice-1855.tiff;1;1;2480;3508;227670;310;1056;201;54;310;1056;511;1056;511;1110;310;1110;paiement;AAAAAAAA;undefined;OTHER;OTHER
invoice-1855.tiff;1;1;2480;3508;227671;750;1056;57;48;750;1056;807;1056;807;1104;750;1104;CB;AA;PMODE;PAYMENT_MODE;Payment Mode
invoice-1855.tiff;1;1;2480;3508;227680;1541;1097;129;48;1541;1097;1670;1097;1670;1145;1541;1145;France;AAAAAA;BA;BILLING_ADDRESS;Billing Address
invoice-1855.tiff;1;1;2480;3508;227681;157;1560;101;54;157;1560;258;1560;258;1614;157;1614;Non.;AAAS;undefined;OTHER;OTHER
invoice-1855.tiff;1;1;2480;3508;227682;556;1560;262;54;556;1560;818;1560;818;1614;556;1614;Désignation;AAAAAAAAAAA;undefined;OTHER;OTHER
invoice-1855.tiff;1;1;2480;3508;227683;1190;1560;76;54;1190;1560;1266;1560;1266;1614;1190;1614;Qté;AAA;undefined;OTHER;OTHER
invoice-1855.tiff;1;1;2480;3508;227684;1489;1560;63;54;1489;1560;1552;1560;1552;1614;1489;1614;UP;AA;undefined;OTHER;OTHER
invoice-1855.tiff;1;1;2480;3508;227685;1766;1560;91;54;1766;1560;1857;1560;1857;1614;1766;1614;TVA;AAA;undefined;OTHER;OTHER
invoice-1855.tiff;1;1;2480;3508;227686;1965;1560;178;54;1965;1560;2143;1560;2143;1614;1965;1614;Montant;AAAAAAA;undefined;OTHER;OTHER
invoice-1855.tiff;1;1;2480;3508;227687;2156;1560;86;54;2156;1560;2242;1560;2242;1614;2156;1614;H.T.;ASAS;undefined;OTHER;OTHER
invoice-1855.tiff;1;1;2480;3508;227688;196;1636;23;49;196;1636;219;1636;219;1685;196;1685;1;N;undefined;OTHER;OTHER
invoice-1855.tiff;1;1;2480;3508;227689;291;1636;141;49;291;1636;432;1636;432;1685;291;1685;Brosse;AAAAAA;undefined;OTHER;OTHER
invoice-1855.tiff;1;1;2480;3508;227690;444;1636;199;49;444;1636;643;1636;643;1685;444;1685;soufflante;AAAAAAAAAA;undefined;OTHER;OTHER
invoice-1855.tiff;1;1;2480;3508;227691;655;1636;217;49;655;1636;872;1636;872;1685;655;1685;Remington;AAAAAAAAA;undefined;OTHER;OTHER
invoice-1855.tiff;1;1;2480;3508;227692;884;1636;150;49;884;1636;1034;1636;1034;1685;884;1685;AS8110;AANNNN;undefined;OTHER;OTHER
invoice-1855.tiff;1;1;2480;3508;227693;1217;1636;23;49;1217;1636;1240;1636;1240;1685;1217;1685;3;N;undefined;OTHER;OTHER
invoice-1855.tiff;1;1;2480;3508;227694;1418;1636;104;49;1418;1636;1522;1636;1522;1685;1418;1685;45,83;NNSNN;undefined;OTHER;OTHER
invoice-1855.tiff;1;1;2480;3508;227695;1534;1636;87;49;1534;1636;1621;1636;1621;1685;1534;1685;EUR;AAA;undefined;OTHER;OTHER
invoice-1855.tiff;1;1;2480;3508;227696;1753;1636;118;49;1753;1636;1871;1636;1871;1685;1753;1685;20.0%;NNSNS;undefined;OTHER;OTHER
invoice-1855.tiff;1;1;2480;3508;227697;1990;1636;127;49;1990;1636;2117;1636;2117;1685;1990;1685;137,48;NNNSNN;undefined;OTHER;OTHER
invoice-1855.tiff;1;1;2480;3508;227698;2129;1636;87;49;2129;1636;2216;1636;2216;1685;2129;1685;EUR;AAA;undefined;OTHER;OTHER
invoice-1855.tiff;1;1;2480;3508;227699;196;1727;23;49;196;1727;219;1727;219;1776;196;1776;2;N;undefined;OTHER;OTHER
invoice-1855.tiff;1;1;2480;3508;227700;291;1727;150;49;291;1727;441;1727;441;1776;291;1776;Casque;AAAAAA;undefined;OTHER;OTHER
invoice-1855.tiff;1;1;2480;3508;227701;453;1727;125;49;453;1727;578;1727;578;1776;453;1776;gamer;AAAAA;undefined;OTHER;OTHER
invoice-1855.tiff;1;1;2480;3508;227702;590;1727;108;49;590;1727;698;1727;698;1776;590;1776;Astro;AAAAA;undefined;OTHER;OTHER
invoice-1855.tiff;1;1;2480;3508;227703;710;1727;76;49;710;1727;786;1727;786;1776;710;1776;A40;ANN;undefined;OTHER;OTHER
invoice-1855.tiff;1;1;2480;3508;227704;798;1727;55;49;798;1727;853;1727;853;1776;798;1776;TR;AA;undefined;OTHER;OTHER
invoice-1855.tiff;1;1;2480;3508;227705;865;1727;24;49;865;1727;889;1727;889;1776;865;1776;+;S;undefined;OTHER;OTHER
invoice-1855.tiff;1;1;2480;3508;227706;901;1727;162;49;901;1727;1063;1727;1063;1776;901;1776;MixAmp;AAAAAA;undefined;OTHER;OTHER
invoice-1855.tiff;1;1;2480;3508;227710;1217;1727;23;49;1217;1727;1240;1727;1240;1776;1217;1776;2;N;undefined;OTHER;OTHER
invoice-1855.tiff;1;1;2480;3508;227711;1407;1727;127;49;1407;1727;1534;1727;1534;1776;1407;1776;208,32;NNNSNN;undefined;OTHER;OTHER
invoice-1855.tiff;1;1;2480;3508;227712;1546;1727;87;49;1546;1727;1633;1727;1633;1776;1546;1776;EUR;AAA;undefined;OTHER;OTHER
invoice-1855.tiff;1;1;2480;3508;227713;1753;1727;118;49;1753;1727;1871;1727;1871;1776;1753;1776;20.0%;NNSNS;undefined;OTHER;OTHER
invoice-1855.tiff;1;1;2480;3508;227714;1990;1727;127;49;1990;1727;2117;1727;2117;1776;1990;1776;416,65;NNNSNN;undefined;OTHER;OTHER
invoice-1855.tiff;1;1;2480;3508;227715;2129;1727;87;49;2129;1727;2216;1727;2216;1776;2129;1776;EUR;AAA;undefined;OTHER;OTHER
invoice-1855.tiff;1;1;2480;3508;227707;291;1776;69;49;291;1776;360;1776;360;1825;291;1825;Pro;AAA;undefined;OTHER;OTHER
invoice-1855.tiff;1;1;2480;3508;227708;372;1776;55;49;372;1776;427;1776;427;1825;372;1825;TR;AA;undefined;OTHER;OTHER
invoice-1855.tiff;1;1;2480;3508;227709;439;1776;113;49;439;1776;552;1776;552;1825;439;1825;Blanc;AAAAA;undefined;OTHER;OTHER
invoice-1855.tiff;1;1;2480;3508;227716;1395;1909;152;54;1395;1909;1547;1909;1547;1963;1395;1963;TOTAL;AAAAA;undefined;OTHER;OTHER
invoice-1855.tiff;1;1;2480;3508;227717;1561;1909;175;54;1561;1909;1736;1909;1736;1963;1561;1963;REMISE;AAAAAA;undefined;OTHER;OTHER
invoice-1855.tiff;1;1;2480;3508;227718;1749;1909;257;54;1749;1909;2006;1909;2006;1963;1749;1963;IMMEDIATE;AAAAAAAAA;undefined;OTHER;OTHER
invoice-1855.tiff;1;1;2480;3508;227719;2027;1909;81;49;2027;1909;2108;1909;2108;1958;2027;1958;0,00;NSNN;undefined;OTHER;OTHER
invoice-1855.tiff;1;1;2480;3508;227720;2120;1909;87;49;2120;1909;2207;1909;2207;1958;2120;1958;EUR;AAA;undefined;OTHER;OTHER
invoice-1855.tiff;1;1;2480;3508;227721;1662;1964;178;54;1662;1964;1840;1964;1840;2018;1662;2018;Montant;AAAAAAA;undefined;OTHER;OTHER
invoice-1855.tiff;1;1;2480;3508;227722;1853;1964;86;54;1853;1964;1939;1964;1939;2018;1853;2018;H.T.;ASAS;undefined;OTHER;OTHER
invoice-1855.tiff;1;1;2480;3508;227723;1981;1964;127;49;1981;1964;2108;1964;2108;2013;1981;2013;554,13;NNNSNN;TWTX;TOTAL_WITHOUT_TAX;TWTXS
invoice-1855.tiff;1;1;2480;3508;227724;2120;1964;87;49;2120;1964;2207;1964;2207;2013;2120;2013;EUR;AAA;TWTX;TOTAL_WITHOUT_TAX;TWTXS
invoice-1855.tiff;1;1;2480;3508;227725;1657;2018;178;54;1657;2018;1835;2018;1835;2072;1657;2072;Montant;AAAAAAA;undefined;OTHER;OTHER
invoice-1855.tiff;1;1;2480;3508;227726;1848;2018;91;54;1848;2018;1939;2018;1939;2072;1848;2072;TVA;AAA;undefined;OTHER;OTHER
invoice-1855.tiff;1;1;2480;3508;227727;1981;2018;127;49;1981;2018;2108;2018;2108;2067;1981;2067;110,83;NNNSNN;TTX;TOTAL_TAX;Total Tax
invoice-1855.tiff;1;1;2480;3508;227728;2120;2018;87;49;2120;2018;2207;2018;2207;2067;2120;2067;EUR;AAA;TTX;TOTAL_TAX;Total Tax
invoice-1855.tiff;1;1;2480;3508;227729;1659;2073;178;54;1659;2073;1837;2073;1837;2127;1659;2127;Montant;AAAAAAA;undefined;OTHER;OTHER
invoice-1855.tiff;1;1;2480;3508;227730;1850;2073;89;54;1850;2073;1939;2073;1939;2127;1850;2127;TTC;AAA;undefined;OTHER;OTHER
invoice-1855.tiff;1;1;2480;3508;227731;1981;2073;127;49;1981;2073;2108;2073;2108;2122;1981;2122;664,95;NNNSNN;TA;TOTAL_AMOUNT;Total with TAX
invoice-1855.tiff;1;1;2480;3508;227732;2120;2073;87;49;2120;2073;2207;2073;2207;2122;2120;2122;EUR;AAA;TA;TOTAL_AMOUNT;Total with TAX
invoice-1855.tiff;1;1;2480;3508;227733;124;3154;152;49;124;3154;276;3154;276;3203;124;3203;MOTOS;AAAAA;SN;SUPPLIER_NAME;Seller/Company) name
invoice-1855.tiff;1;1;2480;3508;227734;289;3154;215;49;289;3154;504;3154;504;3203;289;3203;RAYMOND;AAAAAAA;SN;SUPPLIER_NAME;Seller/Company) name
invoice-1855.tiff;1;1;2480;3508;227735;124;3203;46;48;124;3203;170;3203;170;3251;124;3251;33;NN;SA;SUPPLIER_ADDRESS;Seller Address
invoice-1855.tiff;1;1;2480;3508;227736;182;3203;145;48;182;3203;327;3203;327;3251;182;3251;ROUTE;AAAAA;SA;SUPPLIER_ADDRESS;Seller Address
invoice-1855.tiff;1;1;2480;3508;227737;340;3203;57;48;340;3203;397;3203;397;3251;340;3251;DE;AA;SA;SUPPLIER_ADDRESS;Seller Address
invoice-1855.tiff;1;1;2480;3508;227738;409;3203;173;48;409;3203;582;3203;582;3251;409;3251;CERNAY;AAAAAA;SA;SUPPLIER_ADDRESS;Seller Address
invoice-1855.tiff;1;1;2480;3508;227739;591;3203;13;48;591;3203;604;3203;604;3251;591;3251;-;S;SA;SUPPLIER_ADDRESS;Seller Address
invoice-1855.tiff;1;1;2480;3508;227740;617;3203;115;48;617;3203;732;3203;732;3251;617;3251;68800;NNNNN;SA;SUPPLIER_ADDRESS;Seller Address
invoice-1855.tiff;1;1;2480;3508;227741;752;3203;125;48;752;3203;877;3203;877;3251;752;3251;VIEUX;AAAAA;SA;SUPPLIER_ADDRESS;Seller Address
invoice-1855.tiff;1;1;2480;3508;227742;889;3203;143;48;889;3203;1032;3203;1032;3251;889;3251;THANN;AAAAA;SA;SUPPLIER_ADDRESS;Seller Address
invoice-1855.tiff;1;1;2480;3508;227743;1041;3203;13;48;1041;3203;1054;3203;1054;3251;1041;3251;-;S;SA;SUPPLIER_ADDRESS;Seller Address
invoice-1855.tiff;1;1;2480;3508;227744;1066;3203;171;48;1066;3203;1237;3203;1237;3251;1066;3251;FRANCE;AAAAAA;SA;SUPPLIER_ADDRESS;Seller Address
