src;num_pages;page_id;page_width;page_height;id;col;row;width;height;x1;y1;x2;y2;x3;y3;x4;y4;contents;contents_masked;correctclass;tag;description
invoice-493.tiff;1;1;2480;3508;60818;124;62;132;175;124;62;256;62;256;237;124;237;common/logo;AAAAAASAAAA;img;IMAGE;Image
invoice-493.tiff;1;1;2480;3508;60837;1541;270;238;59;1541;270;1779;270;1779;329;1541;329;FACTURE;AAAAAAA;undefined;OTHER;OTHER
invoice-493.tiff;1;1;2480;3508;60838;1794;270;66;59;1794;270;1860;270;1860;329;1794;329;No;AA;undefined;OTHER;OTHER
invoice-493.tiff;1;1;2480;3508;60839;1923;270;313;52;1923;270;2236;270;2236;322;1923;322;FV2014006351;AANNNNNNNNNN;IN;INVOICE_NUMBER;Invoice Number
invoice-493.tiff;1;1;2480;3508;60819;124;412;90;49;124;412;214;412;214;461;124;461;BAR;AAA;SN;SUPPLIER_NAME;Seller/Company) name
invoice-493.tiff;1;1;2480;3508;60820;226;412;30;49;226;412;256;412;256;461;226;461;A;A;SN;SUPPLIER_NAME;Seller/Company) name
invoice-493.tiff;1;1;2480;3508;60821;268;412;69;49;268;412;337;412;337;461;268;461;VIN;AAA;SN;SUPPLIER_NAME;Seller/Company) name
invoice-493.tiff;1;1;2480;3508;60822;349;412;30;49;349;412;379;412;379;461;349;461;U;A;SN;SUPPLIER_NAME;Seller/Company) name
invoice-493.tiff;1;1;2480;3508;60823;391;412;212;49;391;412;603;412;603;461;391;461;SPUNTINU;AAAAAAAA;SN;SUPPLIER_NAME;Seller/Company) name
invoice-493.tiff;1;1;2480;3508;60824;124;462;53;48;124;462;177;462;177;510;124;510;LD;AA;SA;SUPPLIER_ADDRESS;Seller Address
invoice-493.tiff;1;1;2480;3508;60825;189;462;194;48;189;462;383;462;383;510;189;510;VIAGENTI;AAAAAAAA;SA;SUPPLIER_ADDRESS;Seller Address
invoice-493.tiff;1;1;2480;3508;60826;392;462;115;48;392;462;507;462;507;510;392;510;20131;NNNNN;SA;SUPPLIER_ADDRESS;Seller Address
invoice-493.tiff;1;1;2480;3508;60827;516;462;247;48;516;462;763;462;763;510;516;510;PIANOTTOLI;AAAAAAAAAA;SA;SUPPLIER_ADDRESS;Seller Address
invoice-493.tiff;1;1;2480;3508;60828;776;462;275;48;776;462;1051;462;1051;510;776;510;CALDARELLO;AAAAAAAAAA;SA;SUPPLIER_ADDRESS;Seller Address
invoice-493.tiff;1;1;2480;3508;60829;124;510;148;48;124;510;272;510;272;558;124;558;Numéro;AAAAAA;undefined;OTHER;OTHER
invoice-493.tiff;1;1;2480;3508;60830;284;510;46;48;284;510;330;510;330;558;284;558;de;AA;undefined;OTHER;OTHER
invoice-493.tiff;1;1;2480;3508;60831;342;510;57;48;342;510;399;510;399;558;342;558;Tel;AAA;undefined;OTHER;OTHER
invoice-493.tiff;1;1;2480;3508;60832;425;510;287;48;425;510;712;510;712;558;425;558;09-93-83-55-57;NNSNNSNNSNNSNN;SCN;SUPPLIER_CONTACT_NUMBER;Seller Contact Number
invoice-493.tiff;1;1;2480;3508;60833;754;510;148;48;754;510;902;510;902;558;754;558;Numéro;AAAAAA;undefined;OTHER;OTHER
invoice-493.tiff;1;1;2480;3508;60834;914;510;46;48;914;510;960;510;960;558;914;558;de;AA;undefined;OTHER;OTHER
invoice-493.tiff;1;1;2480;3508;60835;972;510;69;48;972;510;1041;510;1041;558;972;558;Fax;AAA;undefined;OTHER;OTHER
invoice-493.tiff;1;1;2480;3508;60836;1066;510;287;48;1066;510;1353;510;1353;558;1066;558;09-93-83-20-98;NNSNNSNNSNNSNN;SFAX;SUPPLIER_FAX_NUMBER;Seller Fax Number
invoice-493.tiff;1;1;2480;3508;60840;124;799;99;54;124;799;223;799;223;853;124;853;Date;AAAA;undefined;OTHER;OTHER
invoice-493.tiff;1;1;2480;3508;60841;237;799;53;54;237;799;290;799;290;853;237;853;de;AA;undefined;OTHER;OTHER
invoice-493.tiff;1;1;2480;3508;60842;303;799;38;54;303;799;341;799;341;853;303;853;la;AA;undefined;OTHER;OTHER
invoice-493.tiff;1;1;2480;3508;60843;354;799;152;54;354;799;506;799;506;853;354;853;facture;AAAAAAA;undefined;OTHER;OTHER
invoice-493.tiff;1;1;2480;3508;60844;750;799;46;48;750;799;796;799;796;847;750;847;17;NN;IDATE;INVOICE_DATE;Invoice Date
invoice-493.tiff;1;1;2480;3508;60845;807;799;60;48;807;799;867;799;867;847;807;847;abr;AAA;IDATE;INVOICE_DATE;Invoice Date
invoice-493.tiff;1;1;2480;3508;60846;879;799;92;48;879;799;971;799;971;847;879;847;1995;NNNN;IDATE;INVOICE_DATE;Invoice Date
invoice-493.tiff;1;1;2480;3508;60851;1541;807;118;49;1541;807;1659;807;1659;856;1541;856;Henry;AAAAA;BN;BILLING_NAME;Billing Name
invoice-493.tiff;1;1;2480;3508;60852;1671;807;125;49;1671;807;1796;807;1796;856;1671;856;Kylian;AAAAAA;BN;BILLING_NAME;Billing Name
invoice-493.tiff;1;1;2480;3508;60853;1541;856;34;48;1541;856;1575;856;1575;904;1541;904;4,;NS;BA;BILLING_ADDRESS;Billing Address
invoice-493.tiff;1;1;2480;3508;60854;1587;856;60;48;1587;856;1647;856;1647;904;1587;904;rue;AAA;BA;BILLING_ADDRESS;Billing Address
invoice-493.tiff;1;1;2480;3508;60855;1659;856;46;48;1659;856;1705;856;1705;904;1659;904;de;AA;BA;BILLING_ADDRESS;Billing Address
invoice-493.tiff;1;1;2480;3508;60856;1717;856;157;48;1717;856;1874;856;1874;904;1717;904;couddes;AAAAAAA;BA;BILLING_ADDRESS;Billing Address
invoice-493.tiff;1;1;2480;3508;60847;124;874;145;54;124;874;269;874;269;928;124;928;Moyen;AAAAA;undefined;OTHER;OTHER
invoice-493.tiff;1;1;2480;3508;60848;282;874;53;54;282;874;335;874;335;928;282;928;de;AA;undefined;OTHER;OTHER
invoice-493.tiff;1;1;2480;3508;60849;349;874;201;54;349;874;550;874;550;928;349;928;paiement;AAAAAAAA;undefined;OTHER;OTHER
invoice-493.tiff;1;1;2480;3508;60850;750;874;166;48;750;874;916;874;916;922;750;922;Virement;AAAAAAAA;PMODE;PAYMENT_MODE;Payment Mode
invoice-493.tiff;1;1;2480;3508;60857;1541;904;115;48;1541;904;1656;904;1656;952;1541;952;41700;NNNNN;BA;BILLING_ADDRESS;Billing Address
invoice-493.tiff;1;1;2480;3508;60858;1699;904;169;48;1699;904;1868;904;1868;952;1699;952;Chémery;AAAAAAA;BA;BILLING_ADDRESS;Billing Address
invoice-493.tiff;1;1;2480;3508;60859;1541;953;129;48;1541;953;1670;953;1670;1001;1541;1001;France;AAAAAA;BA;BILLING_ADDRESS;Billing Address
invoice-493.tiff;1;1;2480;3508;60860;436;1416;252;54;436;1416;688;1416;688;1470;436;1470;Description;AAAAAAAAAAA;undefined;OTHER;OTHER
invoice-493.tiff;1;1;2480;3508;60861;1032;1416;185;54;1032;1416;1217;1416;1217;1470;1032;1470;Quantité;AAAAAAAA;undefined;OTHER;OTHER
invoice-493.tiff;1;1;2480;3508;60862;1281;1416;86;54;1281;1416;1367;1416;1367;1470;1281;1470;Prix;AAAA;undefined;OTHER;OTHER
invoice-493.tiff;1;1;2480;3508;60863;1381;1416;170;54;1381;1416;1551;1416;1551;1470;1381;1470;Unitaire;AAAAAAAA;undefined;OTHER;OTHER
invoice-493.tiff;1;1;2480;3508;60864;1611;1416;106;54;1611;1416;1717;1416;1717;1470;1611;1470;Taux;AAAA;undefined;OTHER;OTHER
invoice-493.tiff;1;1;2480;3508;60865;1730;1416;53;54;1730;1416;1783;1416;1783;1470;1730;1470;de;AA;undefined;OTHER;OTHER
invoice-493.tiff;1;1;2480;3508;60866;1797;1416;91;54;1797;1416;1888;1416;1888;1470;1797;1470;TVA;AAA;undefined;OTHER;OTHER
invoice-493.tiff;1;1;2480;3508;60867;1957;1416;178;54;1957;1416;2135;1416;2135;1470;1957;1470;Montant;AAAAAAA;undefined;OTHER;OTHER
invoice-493.tiff;1;1;2480;3508;60868;2148;1416;61;54;2148;1416;2209;1416;2209;1470;2148;1470;HT;AA;undefined;OTHER;OTHER
invoice-493.tiff;1;1;2480;3508;60869;124;1491;180;49;124;1491;304;1491;304;1540;124;1540;Entretien;AAAAAAAAA;undefined;OTHER;OTHER
invoice-493.tiff;1;1;2480;3508;60870;317;1491;159;49;317;1491;476;1491;476;1540;317;1540;Starwax;AAAAAAA;undefined;OTHER;OTHER
invoice-493.tiff;1;1;2480;3508;60871;488;1491;263;49;488;1491;751;1491;751;1540;488;1540;MICROFIBRE;AAAAAAAAAA;undefined;OTHER;OTHER
invoice-493.tiff;1;1;2480;3508;60872;764;1491;127;49;764;1491;891;1491;891;1540;764;1540;MULTI;AAAAA;undefined;OTHER;OTHER
invoice-493.tiff;1;1;2480;3508;60874;1113;1491;23;49;1113;1491;1136;1491;1136;1540;1113;1540;1;N;undefined;OTHER;OTHER
invoice-493.tiff;1;1;2480;3508;60875;1326;1491;81;49;1326;1491;1407;1491;1407;1540;1326;1540;3,33;NSNN;undefined;OTHER;OTHER
invoice-493.tiff;1;1;2480;3508;60876;1419;1491;87;49;1419;1491;1506;1491;1506;1540;1419;1540;USD;AAA;undefined;OTHER;OTHER
invoice-493.tiff;1;1;2480;3508;60877;1690;1491;118;49;1690;1491;1808;1491;1808;1540;1690;1540;20.0%;NNSNS;undefined;OTHER;OTHER
invoice-493.tiff;1;1;2480;3508;60878;1993;1491;81;49;1993;1491;2074;1491;2074;1540;1993;1540;3,33;NSNN;undefined;OTHER;OTHER
invoice-493.tiff;1;1;2480;3508;60879;2085;1491;87;49;2085;1491;2172;1491;2172;1540;2085;1540;USD;AAA;undefined;OTHER;OTHER
invoice-493.tiff;1;1;2480;3508;60873;124;1541;229;49;124;1541;353;1541;353;1590;124;1590;SURFACES;AAAAAAAA;undefined;OTHER;OTHER
invoice-493.tiff;1;1;2480;3508;60880;1395;1674;152;54;1395;1674;1547;1674;1547;1728;1395;1728;TOTAL;AAAAA;undefined;OTHER;OTHER
invoice-493.tiff;1;1;2480;3508;60881;1561;1674;175;54;1561;1674;1736;1674;1736;1728;1561;1728;REMISE;AAAAAA;undefined;OTHER;OTHER
invoice-493.tiff;1;1;2480;3508;60882;1749;1674;257;54;1749;1674;2006;1674;2006;1728;1749;1728;IMMEDIATE;AAAAAAAAA;undefined;OTHER;OTHER
invoice-493.tiff;1;1;2480;3508;60883;2027;1674;81;49;2027;1674;2108;1674;2108;1723;2027;1723;0,00;NSNN;undefined;OTHER;OTHER
invoice-493.tiff;1;1;2480;3508;60884;2120;1674;87;49;2120;1674;2207;1674;2207;1723;2120;1723;USD;AAA;undefined;OTHER;OTHER
invoice-493.tiff;1;1;2480;3508;60885;1734;1728;178;54;1734;1728;1912;1728;1912;1782;1734;1782;Montant;AAAAAAA;undefined;OTHER;OTHER
invoice-493.tiff;1;1;2480;3508;60886;1924;1728;61;54;1924;1728;1985;1728;1985;1782;1924;1782;HT;AA;undefined;OTHER;OTHER
invoice-493.tiff;1;1;2480;3508;60887;2027;1728;81;49;2027;1728;2108;1728;2108;1777;2027;1777;3,33;NSNN;TWTX;TOTAL_WITHOUT_TAX;TWTXS
invoice-493.tiff;1;1;2480;3508;60888;2120;1728;87;49;2120;1728;2207;1728;2207;1777;2120;1777;USD;AAA;TWTX;TOTAL_WITHOUT_TAX;TWTXS
invoice-493.tiff;1;1;2480;3508;60889;1894;1783;91;54;1894;1783;1985;1783;1985;1837;1894;1837;TVA;AAA;undefined;OTHER;OTHER
invoice-493.tiff;1;1;2480;3508;60890;2027;1783;81;49;2027;1783;2108;1783;2108;1832;2027;1832;0,66;NSNN;TTX;TOTAL_TAX;Total Tax
invoice-493.tiff;1;1;2480;3508;60891;2120;1783;87;49;2120;1783;2207;1783;2207;1832;2120;1832;USD;AAA;TTX;TOTAL_TAX;Total Tax
invoice-493.tiff;1;1;2480;3508;60892;1774;1837;109;54;1774;1837;1883;1837;1883;1891;1774;1891;Total;AAAAA;undefined;OTHER;OTHER
invoice-493.tiff;1;1;2480;3508;60893;1896;1837;89;54;1896;1837;1985;1837;1985;1891;1896;1891;TTC;AAA;undefined;OTHER;OTHER
invoice-493.tiff;1;1;2480;3508;60894;2027;1837;81;49;2027;1837;2108;1837;2108;1886;2027;1886;3,99;NSNN;TA;TOTAL_AMOUNT;Total with TAX
invoice-493.tiff;1;1;2480;3508;60895;2120;1837;87;49;2120;1837;2207;1837;2207;1886;2120;1886;USD;AAA;TA;TOTAL_AMOUNT;Total with TAX
invoice-493.tiff;1;1;2480;3508;60896;124;3175;90;49;124;3175;214;3175;214;3224;124;3224;BAR;AAA;SN;SUPPLIER_NAME;Seller/Company) name
invoice-493.tiff;1;1;2480;3508;60897;226;3175;30;49;226;3175;256;3175;256;3224;226;3224;A;A;SN;SUPPLIER_NAME;Seller/Company) name
invoice-493.tiff;1;1;2480;3508;60898;268;3175;69;49;268;3175;337;3175;337;3224;268;3224;VIN;AAA;SN;SUPPLIER_NAME;Seller/Company) name
invoice-493.tiff;1;1;2480;3508;60899;349;3175;30;49;349;3175;379;3175;379;3224;349;3224;U;A;SN;SUPPLIER_NAME;Seller/Company) name
invoice-493.tiff;1;1;2480;3508;60900;391;3175;212;49;391;3175;603;3175;603;3224;391;3224;SPUNTINU;AAAAAAAA;SN;SUPPLIER_NAME;Seller/Company) name
invoice-493.tiff;1;1;2480;3508;60901;124;3224;53;48;124;3224;177;3224;177;3272;124;3272;LD;AA;SA;SUPPLIER_ADDRESS;Seller Address
invoice-493.tiff;1;1;2480;3508;60902;189;3224;194;48;189;3224;383;3224;383;3272;189;3272;VIAGENTI;AAAAAAAA;SA;SUPPLIER_ADDRESS;Seller Address
invoice-493.tiff;1;1;2480;3508;60903;124;3272;115;48;124;3272;239;3272;239;3320;124;3320;20131;NNNNN;SA;SUPPLIER_ADDRESS;Seller Address
invoice-493.tiff;1;1;2480;3508;60904;282;3272;247;48;282;3272;529;3272;529;3320;282;3320;PIANOTTOLI;AAAAAAAAAA;SA;SUPPLIER_ADDRESS;Seller Address
invoice-493.tiff;1;1;2480;3508;60905;541;3272;275;48;541;3272;816;3272;816;3320;541;3320;CALDARELLO;AAAAAAAAAA;SA;SUPPLIER_ADDRESS;Seller Address
