src;num_pages;page_id;page_width;page_height;id;col;row;width;height;x1;y1;x2;y2;x3;y3;x4;y4;contents;contents_masked;correctclass;tag;description
invoice-249.tiff;1;1;2480;3508;31146;1187;62;123;175;1187;62;1310;62;1310;237;1187;237;common/logo;AAAAAASAAAA;img;IMAGE;Image
invoice-249.tiff;1;1;2480;3508;31142;124;258;99;57;124;258;223;258;223;315;124;315;Date;AAAA;undefined;OTHER;OTHER
invoice-249.tiff;1;1;2480;3508;31143;287;258;45;50;287;258;332;258;332;308;287;308;12;NN;IDATE;INVOICE_DATE;Invoice Date
invoice-249.tiff;1;1;2480;3508;31144;344;258;77;50;344;258;421;258;421;308;344;308;nov,;AAAS;IDATE;INVOICE_DATE;Invoice Date
invoice-249.tiff;1;1;2480;3508;31145;433;258;91;50;433;258;524;258;524;308;433;308;2007;NNNN;IDATE;INVOICE_DATE;Invoice Date
invoice-249.tiff;1;1;2480;3508;31147;1187;412;60;48;1187;412;1247;412;1247;460;1187;460;UN;AA;SN;SUPPLIER_NAME;Seller/Company) name
invoice-249.tiff;1;1;2480;3508;31148;1258;412;113;48;1258;412;1371;412;1371;460;1258;460;JOUR;AAAA;SN;SUPPLIER_NAME;Seller/Company) name
invoice-249.tiff;1;1;2480;3508;31149;1381;412;212;48;1381;412;1593;412;1593;460;1381;460;AILLEURS;AAAAAAAA;SN;SUPPLIER_NAME;Seller/Company) name
invoice-249.tiff;1;1;2480;3508;31150;1187;460;20;45;1187;460;1207;460;1207;505;1187;505;2;N;SA;SUPPLIER_ADDRESS;Seller Address
invoice-249.tiff;1;1;2480;3508;31151;1218;460;159;45;1218;460;1377;460;1377;505;1218;505;AVENUE;AAAAAA;SA;SUPPLIER_ADDRESS;Seller Address
invoice-249.tiff;1;1;2480;3508;31152;1388;460;55;45;1388;460;1443;460;1443;505;1388;505;DE;AA;SA;SUPPLIER_ADDRESS;Seller Address
invoice-249.tiff;1;1;2480;3508;31153;1454;460;23;45;1454;460;1477;460;1477;505;1454;505;L;A;SA;SUPPLIER_ADDRESS;Seller Address
invoice-249.tiff;1;1;2480;3508;31154;1488;460;162;45;1488;460;1650;460;1650;505;1488;505;EUROPE;AAAAAA;SA;SUPPLIER_ADDRESS;Seller Address
invoice-249.tiff;1;1;2480;3508;31155;1658;460;10;45;1658;460;1668;460;1668;505;1658;505;,;S;SA;SUPPLIER_ADDRESS;Seller Address
invoice-249.tiff;1;1;2480;3508;31156;1679;460;104;45;1679;460;1783;460;1783;505;1679;505;78140;NNNNN;SA;SUPPLIER_ADDRESS;Seller Address
invoice-249.tiff;1;1;2480;3508;31157;1792;460;134;45;1792;460;1926;460;1926;505;1792;505;VELIZY;AAAAAA;SA;SUPPLIER_ADDRESS;Seller Address
invoice-249.tiff;1;1;2480;3508;31158;1936;460;296;45;1936;460;2232;460;2232;505;1936;505;VILLACOUBLAY;AAAAAAAAAAAA;SA;SUPPLIER_ADDRESS;Seller Address
invoice-249.tiff;1;1;2480;3508;31159;2241;460;10;45;2241;460;2251;460;2251;505;2241;505;,;S;SA;SUPPLIER_ADDRESS;Seller Address
invoice-249.tiff;1;1;2480;3508;31160;2262;460;157;45;2262;460;2419;460;2419;505;2262;505;FRANCE;AAAAAA;SA;SUPPLIER_ADDRESS;Seller Address
invoice-249.tiff;1;1;2480;3508;31161;1187;506;106;45;1187;506;1293;506;1293;551;1187;551;Phone;AAAAA;undefined;OTHER;OTHER
invoice-249.tiff;1;1;2480;3508;31162;1318;506;263;45;1318;506;1581;506;1581;551;1318;551;09-12-94-36-23;NNSNNSNNSNNSNN;SCN;SUPPLIER_CONTACT_NUMBER;Seller Contact Number
invoice-249.tiff;1;1;2480;3508;31163;1624;506;64;45;1624;506;1688;506;1688;551;1624;551;Fax;AAA;undefined;OTHER;OTHER
invoice-249.tiff;1;1;2480;3508;31164;1714;506;263;45;1714;506;1977;506;1977;551;1714;551;09-12-94-73-52;NNSNNSNNSNNSNN;SFAX;SUPPLIER_FAX_NUMBER;Seller Fax Number
invoice-249.tiff;1;1;2480;3508;31168;1541;793;106;48;1541;793;1647;793;1647;841;1541;841;Amya;AAAA;BN;BILLING_NAME;Billing Name
invoice-249.tiff;1;1;2480;3508;31169;1658;793;90;48;1658;793;1748;793;1748;841;1658;841;Mills;AAAAA;BN;BILLING_NAME;Billing Name
invoice-249.tiff;1;1;2480;3508;31165;124;821;142;52;124;821;266;821;266;873;124;873;Invoice;AAAAAAA;undefined;OTHER;OTHER
invoice-249.tiff;1;1;2480;3508;31166;279;821;50;52;279;821;329;821;329;873;279;873;ID;AA;undefined;OTHER;OTHER
invoice-249.tiff;1;1;2480;3508;31167;750;821;296;46;750;821;1046;821;1046;867;750;867;DJ-IC-414019-61;AASAASNNNNNNSNN;IN;INVOICE_NUMBER;Invoice Number
invoice-249.tiff;1;1;2480;3508;31170;1541;841;93;45;1541;841;1634;841;1634;886;1541;886;1026,;NNNNS;BA;BILLING_ADDRESS;Billing Address
invoice-249.tiff;1;1;2480;3508;31171;1645;841;87;45;1645;841;1732;841;1732;886;1645;886;route;AAAAA;BA;BILLING_ADDRESS;Billing Address
invoice-249.tiff;1;1;2480;3508;31172;1744;841;39;45;1744;841;1783;841;1783;886;1744;886;de;AA;BA;BILLING_ADDRESS;Billing Address
invoice-249.tiff;1;1;2480;3508;31173;1793;841;148;45;1793;841;1941;841;1941;886;1793;886;bretagne;AAAAAAAA;BA;BILLING_ADDRESS;Billing Address
invoice-249.tiff;1;1;2480;3508;31174;1541;887;104;45;1541;887;1645;887;1645;932;1541;932;14790;NNNNN;BA;BILLING_ADDRESS;Billing Address
invoice-249.tiff;1;1;2480;3508;31175;1687;887;115;45;1687;887;1802;887;1802;932;1687;932;Mouen;AAAAA;BA;BILLING_ADDRESS;Billing Address
invoice-249.tiff;1;1;2480;3508;31176;1541;933;120;45;1541;933;1661;933;1661;978;1541;978;France;AAAAAA;BA;BILLING_ADDRESS;Billing Address
invoice-249.tiff;1;1;2480;3508;31177;174;1399;67;52;174;1399;241;1399;241;1451;174;1451;No.;AAS;undefined;OTHER;OTHER
invoice-249.tiff;1;1;2480;3508;31178;400;1399;73;52;400;1399;473;1399;473;1451;400;1451;Qty;AAA;undefined;OTHER;OTHER
invoice-249.tiff;1;1;2480;3508;31179;856;1399;244;52;856;1399;1100;1399;1100;1451;856;1451;Descriptions;AAAAAAAAAAAA;undefined;OTHER;OTHER
invoice-249.tiff;1;1;2480;3508;31180;1478;1399;84;52;1478;1399;1562;1399;1562;1451;1478;1451;U.P.;ASAS;undefined;OTHER;OTHER
invoice-249.tiff;1;1;2480;3508;31181;1709;1399;206;52;1709;1399;1915;1399;1915;1451;1709;1451;VAT/TVA;AAASAAA;undefined;OTHER;OTHER
invoice-249.tiff;1;1;2480;3508;31182;2023;1399;160;52;2023;1399;2183;1399;2183;1451;2023;1451;Amount;AAAAAA;undefined;OTHER;OTHER
invoice-249.tiff;1;1;2480;3508;31183;197;1473;20;48;197;1473;217;1473;217;1521;197;1521;1;N;undefined;OTHER;OTHER
invoice-249.tiff;1;1;2480;3508;31184;427;1473;20;48;427;1473;447;1473;447;1521;427;1521;4;N;undefined;OTHER;OTHER
invoice-249.tiff;1;1;2480;3508;31185;583;1473;249;48;583;1473;832;1473;832;1521;583;1521;Amplificateur;AAAAAAAAAAAAA;undefined;OTHER;OTHER
invoice-249.tiff;1;1;2480;3508;31186;843;1473;81;48;843;1473;924;1473;924;1521;843;1521;HiFi;AAAA;undefined;OTHER;OTHER
invoice-249.tiff;1;1;2480;3508;31187;935;1473;203;48;935;1473;1138;1473;1138;1521;935;1521;Micromega;AAAAAAAAA;undefined;OTHER;OTHER
invoice-249.tiff;1;1;2480;3508;31188;1149;1473;164;48;1149;1473;1313;1473;1313;1521;1149;1521;MYAMP;AAAAA;undefined;OTHER;OTHER
invoice-249.tiff;1;1;2480;3508;31190;1463;1473;114;48;1463;1473;1577;1473;1577;1521;1463;1521;341,67;NNNSNN;undefined;OTHER;OTHER
invoice-249.tiff;1;1;2480;3508;31191;1755;1473;114;48;1755;1473;1869;1473;1869;1521;1755;1521;20.0%;NNSNS;undefined;OTHER;OTHER
invoice-249.tiff;1;1;2480;3508;31192;2036;1473;135;48;2036;1473;2171;1473;2171;1521;2036;1521;1366,67;NNNNSNN;undefined;OTHER;OTHER
invoice-249.tiff;1;1;2480;3508;31189;583;1521;145;48;583;1521;728;1521;728;1569;583;1569;BLANC;AAAAA;undefined;OTHER;OTHER
invoice-249.tiff;1;1;2480;3508;31193;197;1610;20;48;197;1610;217;1610;217;1658;197;1658;2;N;undefined;OTHER;OTHER
invoice-249.tiff;1;1;2480;3508;31194;427;1610;20;48;427;1610;447;1610;447;1658;427;1658;4;N;undefined;OTHER;OTHER
invoice-249.tiff;1;1;2480;3508;31195;583;1610;92;48;583;1610;675;1610;675;1658;583;1658;Socle;AAAAA;undefined;OTHER;OTHER
invoice-249.tiff;1;1;2480;3508;31196;686;1610;78;48;686;1610;764;1610;764;1658;686;1658;Nest;AAAA;undefined;OTHER;OTHER
invoice-249.tiff;1;1;2480;3508;31197;775;1610;92;48;775;1610;867;1610;867;1658;775;1658;Socle;AAAAA;undefined;OTHER;OTHER
invoice-249.tiff;1;1;2480;3508;31198;878;1610;85;48;878;1610;963;1610;963;1658;878;1658;pour;AAAA;undefined;OTHER;OTHER
invoice-249.tiff;1;1;2480;3508;31199;974;1610;194;48;974;1610;1168;1610;1168;1658;974;1658;thermostat;AAAAAAAAAA;undefined;OTHER;OTHER
invoice-249.tiff;1;1;2480;3508;31200;1179;1610;92;48;1179;1610;1271;1610;1271;1658;1179;1658;2ème;NAAA;undefined;OTHER;OTHER
invoice-249.tiff;1;1;2480;3508;31202;1473;1610;93;48;1473;1610;1566;1610;1566;1658;1473;1658;29,17;NNSNN;undefined;OTHER;OTHER
invoice-249.tiff;1;1;2480;3508;31203;1755;1610;114;48;1755;1610;1869;1610;1869;1658;1755;1658;20.0%;NNSNS;undefined;OTHER;OTHER
invoice-249.tiff;1;1;2480;3508;31204;2046;1610;114;48;2046;1610;2160;1610;2160;1658;2046;1658;116,67;NNNSNN;undefined;OTHER;OTHER
invoice-249.tiff;1;1;2480;3508;31201;583;1659;189;48;583;1659;772;1659;772;1707;583;1707;génération;AAAAAAAAAA;undefined;OTHER;OTHER
invoice-249.tiff;1;1;2480;3508;31205;1952;1790;152;52;1952;1790;2104;1790;2104;1842;1952;1842;@DISC;SAAAA;undefined;OTHER;OTHER
invoice-249.tiff;1;1;2480;3508;31206;2125;1790;72;48;2125;1790;2197;1790;2197;1838;2125;1838;0,00;NSNN;undefined;OTHER;OTHER
invoice-249.tiff;1;1;2480;3508;31207;1860;1843;160;52;1860;1843;2020;1843;2020;1895;1860;1895;Amount;AAAAAA;undefined;OTHER;OTHER
invoice-249.tiff;1;1;2480;3508;31208;2062;1843;135;48;2062;1843;2197;1843;2197;1891;2062;1891;1483,34;NNNNSNN;TWTX;TOTAL_WITHOUT_TAX;TWTXS
invoice-249.tiff;1;1;2480;3508;31209;1773;1896;96;52;1773;1896;1869;1896;1869;1948;1773;1948;TVA;AAA;undefined;OTHER;OTHER
invoice-249.tiff;1;1;2480;3508;31210;1881;1896;160;52;1881;1896;2041;1896;2041;1948;1881;1948;Amount;AAAAAA;undefined;OTHER;OTHER
invoice-249.tiff;1;1;2480;3508;31211;2083;1896;114;48;2083;1896;2197;1896;2197;1944;2083;1944;296,66;NNNSNN;TTX;TOTAL_TAX;Total Tax
invoice-249.tiff;1;1;2480;3508;31212;1744;1948;104;52;1744;1948;1848;1948;1848;2000;1744;2000;Total;AAAAA;undefined;OTHER;OTHER
invoice-249.tiff;1;1;2480;3508;31213;1860;1948;160;52;1860;1948;2020;1948;2020;2000;1860;2000;Amount;AAAAAA;undefined;OTHER;OTHER
invoice-249.tiff;1;1;2480;3508;31214;2062;1948;135;48;2062;1948;2197;1948;2197;1996;2062;1996;1780,00;NNNNSNN;TA;TOTAL_AMOUNT;Total with TAX
invoice-249.tiff;1;1;2480;3508;31215;1541;2330;173;52;1541;2330;1714;2330;1714;2382;1541;2382;Payment;AAAAAAA;undefined;OTHER;OTHER
invoice-249.tiff;1;1;2480;3508;31216;1726;2330;124;52;1726;2330;1850;2330;1850;2382;1726;2382;means;AAAAA;undefined;OTHER;OTHER
invoice-249.tiff;1;1;2480;3508;31217;2166;2330;87;46;2166;2330;2253;2330;2253;2376;2166;2376;Bank;AAAA;PMODE;PAYMENT_MODE;Payment Mode
invoice-249.tiff;1;1;2480;3508;31218;2265;2330;141;46;2265;2330;2406;2330;2406;2376;2265;2376;Transfer;AAAAAAAA;PMODE;PAYMENT_MODE;Payment Mode
invoice-249.tiff;1;1;2480;3508;31219;983;3154;60;48;983;3154;1043;3154;1043;3202;983;3202;UN;AA;SN;SUPPLIER_NAME;Seller/Company) name
invoice-249.tiff;1;1;2480;3508;31220;1054;3154;113;48;1054;3154;1167;3154;1167;3202;1054;3202;JOUR;AAAA;SN;SUPPLIER_NAME;Seller/Company) name
invoice-249.tiff;1;1;2480;3508;31221;1178;3154;212;48;1178;3154;1390;3154;1390;3202;1178;3202;AILLEURS;AAAAAAAA;SN;SUPPLIER_NAME;Seller/Company) name
invoice-249.tiff;1;1;2480;3508;31222;553;3202;20;45;553;3202;573;3202;573;3247;553;3247;2;N;SA;SUPPLIER_ADDRESS;Seller Address
invoice-249.tiff;1;1;2480;3508;31223;584;3202;159;45;584;3202;743;3202;743;3247;584;3247;AVENUE;AAAAAA;SA;SUPPLIER_ADDRESS;Seller Address
invoice-249.tiff;1;1;2480;3508;31224;754;3202;55;45;754;3202;809;3202;809;3247;754;3247;DE;AA;SA;SUPPLIER_ADDRESS;Seller Address
invoice-249.tiff;1;1;2480;3508;31225;820;3202;23;45;820;3202;843;3202;843;3247;820;3247;L;A;SA;SUPPLIER_ADDRESS;Seller Address
invoice-249.tiff;1;1;2480;3508;31226;854;3202;162;45;854;3202;1016;3202;1016;3247;854;3247;EUROPE;AAAAAA;SA;SUPPLIER_ADDRESS;Seller Address
invoice-249.tiff;1;1;2480;3508;31227;1024;3202;13;45;1024;3202;1037;3202;1037;3247;1024;3247;-;S;SA;SUPPLIER_ADDRESS;Seller Address
invoice-249.tiff;1;1;2480;3508;31228;1048;3202;104;45;1048;3202;1152;3202;1152;3247;1048;3247;78140;NNNNN;SA;SUPPLIER_ADDRESS;Seller Address
invoice-249.tiff;1;1;2480;3508;31229;1171;3202;134;45;1171;3202;1305;3202;1305;3247;1171;3247;VELIZY;AAAAAA;SA;SUPPLIER_ADDRESS;Seller Address
invoice-249.tiff;1;1;2480;3508;31230;1316;3202;296;45;1316;3202;1612;3202;1612;3247;1316;3247;VILLACOUBLAY;AAAAAAAAAAAA;SA;SUPPLIER_ADDRESS;Seller Address
invoice-249.tiff;1;1;2480;3508;31231;1621;3202;13;45;1621;3202;1634;3202;1634;3247;1621;3247;-;S;SA;SUPPLIER_ADDRESS;Seller Address
invoice-249.tiff;1;1;2480;3508;31232;1645;3202;157;45;1645;3202;1802;3202;1802;3247;1645;3247;FRANCE;AAAAAA;SA;SUPPLIER_ADDRESS;Seller Address
