src;num_pages;page_id;page_width;page_height;id;col;row;width;height;x1;y1;x2;y2;x3;y3;x4;y4;contents;contents_masked;correctclass;tag;description
invoice-288.tiff;1;1;2480;3508;35830;1541;62;178;175;1541;62;1719;62;1719;237;1541;237;common/logo;AAAAAASAAAA;img;IMAGE;Image
invoice-288.tiff;1;1;2480;3508;35824;124;270;56;59;124;270;180;270;180;329;124;329;N°;AS;undefined;OTHER;OTHER
invoice-288.tiff;1;1;2480;3508;35825;194;270;58;59;194;270;252;270;252;329;194;329;de;AA;undefined;OTHER;OTHER
invoice-288.tiff;1;1;2480;3508;35826;267;270;166;59;267;270;433;270;433;329;267;329;facture;AAAAAAA;undefined;OTHER;OTHER
invoice-288.tiff;1;1;2480;3508;35827;496;270;270;52;496;270;766;270;766;322;496;322;0884-708422;NNNNSNNNNNN;IN;INVOICE_NUMBER;Invoice Number
invoice-288.tiff;1;1;2480;3508;35828;124;351;66;59;124;351;190;351;190;410;124;410;Du;AA;undefined;OTHER;OTHER
invoice-288.tiff;1;1;2480;3508;35829;254;351;178;52;254;351;432;351;432;403;254;403;06/02/90;NNSNNSNN;IDATE;INVOICE_DATE;Invoice Date
invoice-288.tiff;1;1;2480;3508;35831;1541;412;305;49;1541;412;1846;412;1846;461;1541;461;LABORATOIRE;AAAAAAAAAAA;SN;SUPPLIER_NAME;Seller/Company) name
invoice-288.tiff;1;1;2480;3508;35832;1858;412;247;49;1858;412;2105;412;2105;461;1858;461;GUILLAUME;AAAAAAAAA;SN;SUPPLIER_NAME;Seller/Company) name
invoice-288.tiff;1;1;2480;3508;35833;2118;412;187;49;2118;412;2305;412;2305;461;2118;461;BOUGON;AAAAAA;SN;SUPPLIER_NAME;Seller/Company) name
invoice-288.tiff;1;1;2480;3508;35834;1541;462;23;48;1541;462;1564;462;1564;510;1541;510;7;N;SA;SUPPLIER_ADDRESS;Seller Address
invoice-288.tiff;1;1;2480;3508;35835;1576;462;87;48;1576;462;1663;462;1663;510;1576;510;RUE;AAA;SA;SUPPLIER_ADDRESS;Seller Address
invoice-288.tiff;1;1;2480;3508;35836;1675;462;122;48;1675;462;1797;462;1797;510;1675;510;SAINT;AAAAA;SA;SUPPLIER_ADDRESS;Seller Address
invoice-288.tiff;1;1;2480;3508;35837;1810;462;159;48;1810;462;1969;462;1969;510;1810;510;MARTIN;AAAAAA;SA;SUPPLIER_ADDRESS;Seller Address
invoice-288.tiff;1;1;2480;3508;35838;1541;510;115;48;1541;510;1656;510;1656;558;1541;558;50300;NNNNN;SA;SUPPLIER_ADDRESS;Seller Address
invoice-288.tiff;1;1;2480;3508;35839;1699;510;259;48;1699;510;1958;510;1958;558;1699;558;AVRANCHES;AAAAAAAAA;SA;SUPPLIER_ADDRESS;Seller Address
invoice-288.tiff;1;1;2480;3508;35840;1541;558;171;48;1541;558;1712;558;1712;606;1541;606;FRANCE;AAAAAA;SA;SUPPLIER_ADDRESS;Seller Address
invoice-288.tiff;1;1;2480;3508;35841;1541;606;148;48;1541;606;1689;606;1689;654;1541;654;Numéro;AAAAAA;undefined;OTHER;OTHER
invoice-288.tiff;1;1;2480;3508;35842;1701;606;46;48;1701;606;1747;606;1747;654;1701;654;de;AA;undefined;OTHER;OTHER
invoice-288.tiff;1;1;2480;3508;35843;1759;606;57;48;1759;606;1816;606;1816;654;1759;654;Tel;AAA;undefined;OTHER;OTHER
invoice-288.tiff;1;1;2480;3508;35844;1879;606;287;48;1879;606;2166;606;2166;654;1879;654;07-68-17-49-00;NNSNNSNNSNNSNN;SCN;SUPPLIER_CONTACT_NUMBER;Seller Contact Number
invoice-288.tiff;1;1;2480;3508;35845;1541;654;148;48;1541;654;1689;654;1689;702;1541;702;Numéro;AAAAAA;undefined;OTHER;OTHER
invoice-288.tiff;1;1;2480;3508;35846;1701;654;46;48;1701;654;1747;654;1747;702;1701;702;de;AA;undefined;OTHER;OTHER
invoice-288.tiff;1;1;2480;3508;35847;1759;654;69;48;1759;654;1828;654;1828;702;1759;702;Fax;AAA;undefined;OTHER;OTHER
invoice-288.tiff;1;1;2480;3508;35848;1891;654;287;48;1891;654;2178;654;2178;702;1891;702;07-68-17-10-22;NNSNNSNNSNNSNN;SFAX;SUPPLIER_FAX_NUMBER;Seller Fax Number
invoice-288.tiff;1;1;2480;3508;35853;1541;1099;88;49;1541;1099;1629;1099;1629;1148;1541;1148;Paul;AAAA;BN;BILLING_NAME;Billing Name
invoice-288.tiff;1;1;2480;3508;35854;1641;1099;113;49;1641;1099;1754;1099;1754;1148;1641;1148;Fabre;AAAAA;BN;BILLING_NAME;Billing Name
invoice-288.tiff;1;1;2480;3508;35855;1541;1148;104;48;1541;1148;1645;1148;1645;1196;1541;1196;5393,;NNNNS;BA;BILLING_ADDRESS;Billing Address
invoice-288.tiff;1;1;2480;3508;35856;1657;1148;138;48;1657;1148;1795;1148;1795;1196;1657;1196;montée;AAAAAA;BA;BILLING_ADDRESS;Billing Address
invoice-288.tiff;1;1;2480;3508;35857;1808;1148;46;48;1808;1148;1854;1148;1854;1196;1808;1196;de;AA;BA;BILLING_ADDRESS;Billing Address
invoice-288.tiff;1;1;2480;3508;35858;1865;1148;32;48;1865;1148;1897;1148;1897;1196;1865;1196;la;AA;BA;BILLING_ADDRESS;Billing Address
invoice-288.tiff;1;1;2480;3508;35859;1909;1148;217;48;1909;1148;2126;1148;2126;1196;1909;1196;diamanterie;AAAAAAAAAAA;BA;BILLING_ADDRESS;Billing Address
invoice-288.tiff;1;1;2480;3508;35860;1541;1197;115;48;1541;1197;1656;1197;1656;1245;1541;1245;74440;NNNNN;BA;BILLING_ADDRESS;Billing Address
invoice-288.tiff;1;1;2480;3508;35861;1699;1197;171;48;1699;1197;1870;1197;1870;1245;1699;1245;Taninges;AAAAAAAA;BA;BILLING_ADDRESS;Billing Address
invoice-288.tiff;1;1;2480;3508;35862;1541;1245;129;48;1541;1245;1670;1245;1670;1293;1541;1293;France;AAAAAA;BA;BILLING_ADDRESS;Billing Address
invoice-288.tiff;1;1;2480;3508;35849;124;1276;51;54;124;1276;175;1276;175;1330;124;1330;N°;AS;undefined;OTHER;OTHER
invoice-288.tiff;1;1;2480;3508;35850;189;1276;53;54;189;1276;242;1276;242;1330;189;1330;de;AA;undefined;OTHER;OTHER
invoice-288.tiff;1;1;2480;3508;35851;255;1276;119;54;255;1276;374;1276;374;1330;255;1330;client;AAAAAA;undefined;OTHER;OTHER
invoice-288.tiff;1;1;2480;3508;35852;750;1276;176;48;750;1276;926;1276;926;1324;750;1324;112-0611;NNNSNNNN;CNUM;CLIENT_NUMBER;Client Number
invoice-288.tiff;1;1;2480;3508;35863;1541;1335;197;59;1541;1335;1738;1335;1738;1394;1541;1394;Adresse;AAAAAAA;undefined;OTHER;OTHER
invoice-288.tiff;1;1;2480;3508;35864;1752;1335;222;59;1752;1335;1974;1335;1974;1394;1752;1394;Livraison;AAAAAAAAA;undefined;OTHER;OTHER
invoice-288.tiff;1;1;2480;3508;35865;1541;1394;88;49;1541;1394;1629;1394;1629;1443;1541;1443;Paul;AAAA;SHN;SHIPPING_NAME;Shipping Name
invoice-288.tiff;1;1;2480;3508;35866;1641;1394;113;49;1641;1394;1754;1394;1754;1443;1641;1443;Fabre;AAAAA;SHN;SHIPPING_NAME;Shipping Name
invoice-288.tiff;1;1;2480;3508;35867;1541;1444;104;48;1541;1444;1645;1444;1645;1492;1541;1492;5393,;NNNNS;SHA;SHIPPING_ADDRESS;Shipping Address
invoice-288.tiff;1;1;2480;3508;35868;1657;1444;138;48;1657;1444;1795;1444;1795;1492;1657;1492;montée;AAAAAA;SHA;SHIPPING_ADDRESS;Shipping Address
invoice-288.tiff;1;1;2480;3508;35869;1808;1444;46;48;1808;1444;1854;1444;1854;1492;1808;1492;de;AA;SHA;SHIPPING_ADDRESS;Shipping Address
invoice-288.tiff;1;1;2480;3508;35870;1865;1444;32;48;1865;1444;1897;1444;1897;1492;1865;1492;la;AA;SHA;SHIPPING_ADDRESS;Shipping Address
invoice-288.tiff;1;1;2480;3508;35871;1909;1444;217;48;1909;1444;2126;1444;2126;1492;1909;1492;diamanterie;AAAAAAAAAAA;SHA;SHIPPING_ADDRESS;Shipping Address
invoice-288.tiff;1;1;2480;3508;35872;1541;1492;115;48;1541;1492;1656;1492;1656;1540;1541;1540;74440;NNNNN;SHA;SHIPPING_ADDRESS;Shipping Address
invoice-288.tiff;1;1;2480;3508;35873;1699;1492;171;48;1699;1492;1870;1492;1870;1540;1699;1540;Taninges;AAAAAAAA;SHA;SHIPPING_ADDRESS;Shipping Address
invoice-288.tiff;1;1;2480;3508;35874;1541;1540;129;48;1541;1540;1670;1540;1670;1588;1541;1588;France;AAAAAA;SHA;SHIPPING_ADDRESS;Shipping Address
invoice-288.tiff;1;1;2480;3508;35875;431;1855;262;54;431;1855;693;1855;693;1909;431;1909;Désignation;AAAAAAAAAAA;undefined;OTHER;OTHER
invoice-288.tiff;1;1;2480;3508;35876;1086;1855;76;54;1086;1855;1162;1855;1162;1909;1086;1909;Qté;AAA;undefined;OTHER;OTHER
invoice-288.tiff;1;1;2480;3508;35877;1384;1855;63;54;1384;1855;1447;1855;1447;1909;1384;1909;UP;AA;undefined;OTHER;OTHER
invoice-288.tiff;1;1;2480;3508;35878;1704;1855;91;54;1704;1855;1795;1855;1795;1909;1704;1909;TVA;AAA;undefined;OTHER;OTHER
invoice-288.tiff;1;1;2480;3508;35879;1944;1855;178;54;1944;1855;2122;1855;2122;1909;1944;1909;Montant;AAAAAAA;undefined;OTHER;OTHER
invoice-288.tiff;1;1;2480;3508;35880;2135;1855;86;54;2135;1855;2221;1855;2221;1909;2135;1909;H.T.;ASAS;undefined;OTHER;OTHER
invoice-288.tiff;1;1;2480;3508;35881;124;1931;243;49;124;1931;367;1931;367;1980;124;1980;Congélateur;AAAAAAAAAAA;undefined;OTHER;OTHER
invoice-288.tiff;1;1;2480;3508;35882;379;1931;64;49;379;1931;443;1931;443;1980;379;1980;top;AAA;undefined;OTHER;OTHER
invoice-288.tiff;1;1;2480;3508;35883;456;1931;99;49;456;1931;555;1931;555;1980;456;1980;Listo;AAAAA;undefined;OTHER;OTHER
invoice-288.tiff;1;1;2480;3508;35884;567;1931;81;49;567;1931;648;1931;648;1980;567;1980;CTL;AAA;undefined;OTHER;OTHER
invoice-288.tiff;1;1;2480;3508;35885;659;1931;71;49;659;1931;730;1931;730;1980;659;1980;71b;NNA;undefined;OTHER;OTHER
invoice-288.tiff;1;1;2480;3508;35886;1113;1931;23;49;1113;1931;1136;1931;1136;1980;1113;1980;2;N;undefined;OTHER;OTHER
invoice-288.tiff;1;1;2480;3508;35887;1303;1931;127;49;1303;1931;1430;1931;1430;1980;1303;1980;124,17;NNNSNN;undefined;OTHER;OTHER
invoice-288.tiff;1;1;2480;3508;35888;1442;1931;87;49;1442;1931;1529;1931;1529;1980;1442;1980;USD;AAA;undefined;OTHER;OTHER
invoice-288.tiff;1;1;2480;3508;35889;1690;1931;118;49;1690;1931;1808;1931;1808;1980;1690;1980;20.0%;NNSNS;undefined;OTHER;OTHER
invoice-288.tiff;1;1;2480;3508;35890;1969;1931;127;49;1969;1931;2096;1931;2096;1980;1969;1980;248,33;NNNSNN;undefined;OTHER;OTHER
invoice-288.tiff;1;1;2480;3508;35891;2108;1931;87;49;2108;1931;2195;1931;2195;1980;2108;1980;USD;AAA;undefined;OTHER;OTHER
invoice-288.tiff;1;1;2480;3508;35892;124;2022;159;49;124;2022;283;2022;283;2071;124;2071;Routeur;AAAAAAA;undefined;OTHER;OTHER
invoice-288.tiff;1;1;2480;3508;35893;296;2022;87;49;296;2022;383;2022;383;2071;296;2071;WiFi;AAAA;undefined;OTHER;OTHER
invoice-288.tiff;1;1;2480;3508;35894;395;2022;155;49;395;2022;550;2022;550;2071;395;2071;Netgear;AAAAAAA;undefined;OTHER;OTHER
invoice-288.tiff;1;1;2480;3508;35895;562;2022;122;49;562;2022;684;2022;684;2071;562;2071;R6220;ANNNN;undefined;OTHER;OTHER
invoice-288.tiff;1;1;2480;3508;35896;696;2022;87;49;696;2022;783;2022;783;2071;696;2071;WIFI;AAAA;undefined;OTHER;OTHER
invoice-288.tiff;1;1;2480;3508;35897;1113;2022;23;49;1113;2022;1136;2022;1136;2071;1113;2071;3;N;undefined;OTHER;OTHER
invoice-288.tiff;1;1;2480;3508;35898;1314;2022;104;49;1314;2022;1418;2022;1418;2071;1314;2071;91,66;NNSNN;undefined;OTHER;OTHER
invoice-288.tiff;1;1;2480;3508;35899;1430;2022;87;49;1430;2022;1517;2022;1517;2071;1430;2071;USD;AAA;undefined;OTHER;OTHER
invoice-288.tiff;1;1;2480;3508;35900;1690;2022;118;49;1690;2022;1808;2022;1808;2071;1690;2071;20.0%;NNSNS;undefined;OTHER;OTHER
invoice-288.tiff;1;1;2480;3508;35901;1969;2022;127;49;1969;2022;2096;2022;2096;2071;1969;2071;274,97;NNNSNN;undefined;OTHER;OTHER
invoice-288.tiff;1;1;2480;3508;35902;2108;2022;87;49;2108;2022;2195;2022;2195;2071;2108;2071;USD;AAA;undefined;OTHER;OTHER
invoice-288.tiff;1;1;2480;3508;35903;124;2113;162;49;124;2113;286;2113;286;2162;124;2162;Capsule;AAAAAAA;undefined;OTHER;OTHER
invoice-288.tiff;1;1;2480;3508;35904;298;2113;155;49;298;2113;453;2113;453;2162;298;2162;Tregren;AAAAAAA;undefined;OTHER;OTHER
invoice-288.tiff;1;1;2480;3508;35905;465;2113;145;49;465;2113;610;2113;610;2162;465;2162;Menthe;AAAAAA;undefined;OTHER;OTHER
invoice-288.tiff;1;1;2480;3508;35906;622;2113;78;49;622;2113;700;2113;700;2162;622;2162;(par;SAAA;undefined;OTHER;OTHER
invoice-288.tiff;1;1;2480;3508;35907;713;2113;37;49;713;2113;750;2113;750;2162;713;2162;2);NS;undefined;OTHER;OTHER
invoice-288.tiff;1;1;2480;3508;35908;1113;2113;23;49;1113;2113;1136;2113;1136;2162;1113;2162;4;N;undefined;OTHER;OTHER
invoice-288.tiff;1;1;2480;3508;35909;1326;2113;81;49;1326;2113;1407;2113;1407;2162;1326;2162;6,58;NSNN;undefined;OTHER;OTHER
invoice-288.tiff;1;1;2480;3508;35910;1419;2113;87;49;1419;2113;1506;2113;1506;2162;1419;2162;USD;AAA;undefined;OTHER;OTHER
invoice-288.tiff;1;1;2480;3508;35911;1690;2113;118;49;1690;2113;1808;2113;1808;2162;1690;2162;20.0%;NNSNS;undefined;OTHER;OTHER
invoice-288.tiff;1;1;2480;3508;35912;1981;2113;104;49;1981;2113;2085;2113;2085;2162;1981;2162;26,33;NNSNN;undefined;OTHER;OTHER
invoice-288.tiff;1;1;2480;3508;35913;2097;2113;87;49;2097;2113;2184;2113;2184;2162;2097;2162;USD;AAA;undefined;OTHER;OTHER
invoice-288.tiff;1;1;2480;3508;35914;124;2205;162;49;124;2205;286;2205;286;2254;124;2254;Friteuse;AAAAAAAA;undefined;OTHER;OTHER
invoice-288.tiff;1;1;2480;3508;35915;298;2205;97;49;298;2205;395;2205;395;2254;298;2254;Tefal;AAAAA;undefined;OTHER;OTHER
invoice-288.tiff;1;1;2480;3508;35916;407;2205;101;49;407;2205;508;2205;508;2254;407;2254;SEMI;AAAA;undefined;OTHER;OTHER
invoice-288.tiff;1;1;2480;3508;35917;520;2205;90;49;520;2205;610;2205;610;2254;520;2254;PRO;AAA;undefined;OTHER;OTHER
invoice-288.tiff;1;1;2480;3508;35918;622;2205;97;49;622;2205;719;2205;719;2254;622;2254;Easy;AAAA;undefined;OTHER;OTHER
invoice-288.tiff;1;1;2480;3508;35919;731;2205;69;49;731;2205;800;2205;800;2254;731;2254;Pro;AAA;undefined;OTHER;OTHER
invoice-288.tiff;1;1;2480;3508;35921;1113;2205;23;49;1113;2205;1136;2205;1136;2254;1113;2254;4;N;undefined;OTHER;OTHER
invoice-288.tiff;1;1;2480;3508;35922;1314;2205;104;49;1314;2205;1418;2205;1418;2254;1314;2254;37,49;NNSNN;undefined;OTHER;OTHER
invoice-288.tiff;1;1;2480;3508;35923;1430;2205;87;49;1430;2205;1517;2205;1517;2254;1430;2254;USD;AAA;undefined;OTHER;OTHER
invoice-288.tiff;1;1;2480;3508;35924;1690;2205;118;49;1690;2205;1808;2205;1808;2254;1690;2254;20.0%;NNSNS;undefined;OTHER;OTHER
invoice-288.tiff;1;1;2480;3508;35925;1969;2205;127;49;1969;2205;2096;2205;2096;2254;1969;2254;149,97;NNNSNN;undefined;OTHER;OTHER
invoice-288.tiff;1;1;2480;3508;35926;2108;2205;87;49;2108;2205;2195;2205;2195;2254;2108;2254;USD;AAA;undefined;OTHER;OTHER
invoice-288.tiff;1;1;2480;3508;35920;124;2254;194;49;124;2254;318;2254;318;2303;124;2303;FR331070;AANNNNNN;undefined;OTHER;OTHER
invoice-288.tiff;1;1;2480;3508;35927;124;2345;64;49;124;2345;188;2345;188;2394;124;2394;Clé;AAA;undefined;OTHER;OTHER
invoice-288.tiff;1;1;2480;3508;35928;201;2345;90;49;201;2345;291;2345;291;2394;201;2394;OTG;AAA;undefined;OTHER;OTHER
invoice-288.tiff;1;1;2480;3508;35929;303;2345;92;49;303;2345;395;2345;395;2394;303;2394;pour;AAAA;undefined;OTHER;OTHER
invoice-288.tiff;1;1;2480;3508;35930;407;2345;113;49;407;2345;520;2345;520;2394;407;2394;micro;AAAAA;undefined;OTHER;OTHER
invoice-288.tiff;1;1;2480;3508;35931;532;2345;87;49;532;2345;619;2345;619;2394;532;2394;USB;AAA;undefined;OTHER;OTHER
invoice-288.tiff;1;1;2480;3508;35932;632;2345;111;49;632;2345;743;2345;743;2394;632;2394;Lexar;AAAAA;undefined;OTHER;OTHER
invoice-288.tiff;1;1;2480;3508;35933;754;2345;132;49;754;2345;886;2345;886;2394;754;2394;128GB;NNNAA;undefined;OTHER;OTHER
invoice-288.tiff;1;1;2480;3508;35936;1113;2345;23;49;1113;2345;1136;2345;1136;2394;1113;2394;3;N;undefined;OTHER;OTHER
invoice-288.tiff;1;1;2480;3508;35937;1314;2345;104;49;1314;2345;1418;2345;1418;2394;1314;2394;79,16;NNSNN;undefined;OTHER;OTHER
invoice-288.tiff;1;1;2480;3508;35938;1430;2345;87;49;1430;2345;1517;2345;1517;2394;1430;2394;USD;AAA;undefined;OTHER;OTHER
invoice-288.tiff;1;1;2480;3508;35939;1690;2345;118;49;1690;2345;1808;2345;1808;2394;1690;2394;20.0%;NNSNS;undefined;OTHER;OTHER
invoice-288.tiff;1;1;2480;3508;35940;1969;2345;127;49;1969;2345;2096;2345;2096;2394;1969;2394;237,47;NNNSNN;undefined;OTHER;OTHER
invoice-288.tiff;1;1;2480;3508;35941;2108;2345;87;49;2108;2345;2195;2345;2195;2394;2108;2394;USD;AAA;undefined;OTHER;OTHER
invoice-288.tiff;1;1;2480;3508;35934;124;2395;215;49;124;2395;339;2395;339;2444;124;2444;JumpDrive;AAAAAAAAA;undefined;OTHER;OTHER
invoice-288.tiff;1;1;2480;3508;35935;351;2395;113;49;351;2395;464;2395;464;2444;351;2444;C20m;ANNA;undefined;OTHER;OTHER
invoice-288.tiff;1;1;2480;3508;35942;1403;2528;147;52;1403;2528;1550;2528;1550;2580;1403;2580;TOTAL;AAAAA;undefined;OTHER;OTHER
invoice-288.tiff;1;1;2480;3508;35943;1563;2528;175;52;1563;2528;1738;2528;1738;2580;1563;2580;REMISE;AAAAAA;undefined;OTHER;OTHER
invoice-288.tiff;1;1;2480;3508;35944;1752;2528;254;52;1752;2528;2006;2528;2006;2580;1752;2580;IMMEDIATE;AAAAAAAAA;undefined;OTHER;OTHER
invoice-288.tiff;1;1;2480;3508;35945;2027;2528;81;48;2027;2528;2108;2528;2108;2576;2027;2576;0,00;NSNN;undefined;OTHER;OTHER
invoice-288.tiff;1;1;2480;3508;35946;2120;2528;87;48;2120;2528;2207;2528;2207;2576;2120;2576;USD;AAA;undefined;OTHER;OTHER
invoice-288.tiff;1;1;2480;3508;35947;1674;2581;165;52;1674;2581;1839;2581;1839;2633;1674;2633;Montant;AAAAAAA;undefined;OTHER;OTHER
invoice-288.tiff;1;1;2480;3508;35948;1853;2581;86;52;1853;2581;1939;2581;1939;2633;1853;2633;H.T.;ASAS;undefined;OTHER;OTHER
invoice-288.tiff;1;1;2480;3508;35949;1981;2581;127;48;1981;2581;2108;2581;2108;2629;1981;2629;937,08;NNNSNN;TWTX;TOTAL_WITHOUT_TAX;TWTXS
invoice-288.tiff;1;1;2480;3508;35950;2120;2581;87;48;2120;2581;2207;2581;2207;2629;2120;2629;USD;AAA;TWTX;TOTAL_WITHOUT_TAX;TWTXS
invoice-288.tiff;1;1;2480;3508;35951;1672;2634;165;52;1672;2634;1837;2634;1837;2686;1672;2686;Montant;AAAAAAA;undefined;OTHER;OTHER
invoice-288.tiff;1;1;2480;3508;35952;1850;2634;89;52;1850;2634;1939;2634;1939;2686;1850;2686;TVA;AAA;undefined;OTHER;OTHER
invoice-288.tiff;1;1;2480;3508;35953;1981;2634;127;48;1981;2634;2108;2634;2108;2682;1981;2682;187,42;NNNSNN;TTX;TOTAL_TAX;Total Tax
invoice-288.tiff;1;1;2480;3508;35954;2120;2634;87;48;2120;2634;2207;2634;2207;2682;2120;2682;USD;AAA;TTX;TOTAL_TAX;Total Tax
invoice-288.tiff;1;1;2480;3508;35955;1649;2687;165;52;1649;2687;1814;2687;1814;2739;1649;2739;Montant;AAAAAAA;undefined;OTHER;OTHER
invoice-288.tiff;1;1;2480;3508;35956;1827;2687;89;52;1827;2687;1916;2687;1916;2739;1827;2739;TTC;AAA;undefined;OTHER;OTHER
invoice-288.tiff;1;1;2480;3508;35957;1958;2687;150;48;1958;2687;2108;2687;2108;2735;1958;2735;1124,50;NNNNSNN;TA;TOTAL_AMOUNT;Total with TAX
invoice-288.tiff;1;1;2480;3508;35958;2120;2687;87;48;2120;2687;2207;2687;2207;2735;2120;2735;USD;AAA;TA;TOTAL_AMOUNT;Total with TAX
invoice-288.tiff;1;1;2480;3508;35959;124;3175;305;49;124;3175;429;3175;429;3224;124;3224;LABORATOIRE;AAAAAAAAAAA;SN;SUPPLIER_NAME;Seller/Company) name
invoice-288.tiff;1;1;2480;3508;35960;442;3175;247;49;442;3175;689;3175;689;3224;442;3224;GUILLAUME;AAAAAAAAA;SN;SUPPLIER_NAME;Seller/Company) name
invoice-288.tiff;1;1;2480;3508;35961;701;3175;187;49;701;3175;888;3175;888;3224;701;3224;BOUGON;AAAAAA;SN;SUPPLIER_NAME;Seller/Company) name
invoice-288.tiff;1;1;2480;3508;35962;124;3224;23;48;124;3224;147;3224;147;3272;124;3272;7;N;SA;SUPPLIER_ADDRESS;Seller Address
invoice-288.tiff;1;1;2480;3508;35963;159;3224;87;48;159;3224;246;3224;246;3272;159;3272;RUE;AAA;SA;SUPPLIER_ADDRESS;Seller Address
invoice-288.tiff;1;1;2480;3508;35964;259;3224;122;48;259;3224;381;3224;381;3272;259;3272;SAINT;AAAAA;SA;SUPPLIER_ADDRESS;Seller Address
invoice-288.tiff;1;1;2480;3508;35965;393;3224;159;48;393;3224;552;3224;552;3272;393;3272;MARTIN;AAAAAA;SA;SUPPLIER_ADDRESS;Seller Address
invoice-288.tiff;1;1;2480;3508;35966;124;3272;115;48;124;3272;239;3272;239;3320;124;3320;50300;NNNNN;SA;SUPPLIER_ADDRESS;Seller Address
invoice-288.tiff;1;1;2480;3508;35967;282;3272;259;48;282;3272;541;3272;541;3320;282;3320;AVRANCHES;AAAAAAAAA;SA;SUPPLIER_ADDRESS;Seller Address
invoice-288.tiff;1;1;2480;3508;35968;124;3320;171;48;124;3320;295;3320;295;3368;124;3368;FRANCE;AAAAAA;SA;SUPPLIER_ADDRESS;Seller Address
