src;num_pages;page_id;page_width;page_height;id;col;row;width;height;x1;y1;x2;y2;x3;y3;x4;y4;contents;contents_masked;correctclass;tag;description
invoice-3378.tiff;1;1;2480;3508;415305;124;62;108;175;124;62;232;62;232;237;124;237;common/logo;AAAAAASAAAA;img;IMAGE;Image
invoice-3378.tiff;1;1;2480;3508;415329;1541;270;238;59;1541;270;1779;270;1779;329;1541;329;FACTURE;AAAAAAA;undefined;OTHER;OTHER
invoice-3378.tiff;1;1;2480;3508;415330;1794;270;66;59;1794;270;1860;270;1860;329;1794;329;No;AA;undefined;OTHER;OTHER
invoice-3378.tiff;1;1;2480;3508;415331;1923;270;361;52;1923;270;2284;270;2284;322;1923;322;512-50665-11681;NNNSNNNNNSNNNNN;IN;INVOICE_NUMBER;Invoice Number
invoice-3378.tiff;1;1;2480;3508;415306;124;412;53;49;124;412;177;412;177;461;124;461;LE;AA;SN;SUPPLIER_NAME;Seller/Company) name
invoice-3378.tiff;1;1;2480;3508;415307;189;412;69;49;189;412;258;412;258;461;189;461;VIN;AAA;SN;SUPPLIER_NAME;Seller/Company) name
invoice-3378.tiff;1;1;2480;3508;415308;270;412;53;49;270;412;323;412;323;461;270;461;ET;AA;SN;SUPPLIER_NAME;Seller/Company) name
invoice-3378.tiff;1;1;2480;3508;415309;335;412;118;49;335;412;453;412;453;461;335;461;VOUS;AAAA;SN;SUPPLIER_NAME;Seller/Company) name
invoice-3378.tiff;1;1;2480;3508;415310;124;462;23;48;124;462;147;462;147;510;124;510;4;N;SA;SUPPLIER_ADDRESS;Seller Address
invoice-3378.tiff;1;1;2480;3508;415311;159;462;74;48;159;462;233;462;233;510;159;510;ALL;AAA;SA;SUPPLIER_ADDRESS;Seller Address
invoice-3378.tiff;1;1;2480;3508;415312;245;462;236;48;245;462;481;462;481;510;245;510;THEODORE;AAAAAAAA;SA;SUPPLIER_ADDRESS;Seller Address
invoice-3378.tiff;1;1;2480;3508;415313;493;462;159;48;493;462;652;462;652;510;493;510;MONOD;AAAAA;SA;SUPPLIER_ADDRESS;Seller Address
invoice-3378.tiff;1;1;2480;3508;415314;661;462;11;48;661;462;672;462;672;510;661;510;,;S;SA;SUPPLIER_ADDRESS;Seller Address
invoice-3378.tiff;1;1;2480;3508;415315;684;462;115;48;684;462;799;462;799;510;684;510;56890;NNNNN;SA;SUPPLIER_ADDRESS;Seller Address
invoice-3378.tiff;1;1;2480;3508;415316;808;462;196;48;808;462;1004;462;1004;510;808;510;PLESCOP;AAAAAAA;SA;SUPPLIER_ADDRESS;Seller Address
invoice-3378.tiff;1;1;2480;3508;415317;124;510;196;48;124;510;320;510;320;558;124;558;Téléphone;AAAAAAAAA;undefined;OTHER;OTHER
invoice-3378.tiff;1;1;2480;3508;415318;346;510;70;48;346;510;416;510;416;558;346;558;+33;SNN;SCN;SUPPLIER_CONTACT_NUMBER;Seller Contact Number
invoice-3378.tiff;1;1;2480;3508;415319;429;510;23;48;429;510;452;510;452;558;429;558;0;N;SCN;SUPPLIER_CONTACT_NUMBER;Seller Contact Number
invoice-3378.tiff;1;1;2480;3508;415320;463;510;69;48;463;510;532;510;532;558;463;558;102;NNN;SCN;SUPPLIER_CONTACT_NUMBER;Seller Contact Number
invoice-3378.tiff;1;1;2480;3508;415321;544;510;69;48;544;510;613;510;613;558;544;558;580;NNN;SCN;SUPPLIER_CONTACT_NUMBER;Seller Contact Number
invoice-3378.tiff;1;1;2480;3508;415322;626;510;69;48;626;510;695;510;695;558;626;558;423;NNN;SCN;SUPPLIER_CONTACT_NUMBER;Seller Contact Number
invoice-3378.tiff;1;1;2480;3508;415323;737;510;180;48;737;510;917;510;917;558;737;558;Télécopie;AAAAAAAAA;undefined;OTHER;OTHER
invoice-3378.tiff;1;1;2480;3508;415324;942;510;70;48;942;510;1012;510;1012;558;942;558;+33;SNN;SFAX;SUPPLIER_FAX_NUMBER;Seller Fax Number
invoice-3378.tiff;1;1;2480;3508;415325;1025;510;23;48;1025;510;1048;510;1048;558;1025;558;0;N;SFAX;SUPPLIER_FAX_NUMBER;Seller Fax Number
invoice-3378.tiff;1;1;2480;3508;415326;1059;510;69;48;1059;510;1128;510;1128;558;1059;558;102;NNN;SFAX;SUPPLIER_FAX_NUMBER;Seller Fax Number
invoice-3378.tiff;1;1;2480;3508;415327;1140;510;69;48;1140;510;1209;510;1209;558;1140;558;580;NNN;SFAX;SUPPLIER_FAX_NUMBER;Seller Fax Number
invoice-3378.tiff;1;1;2480;3508;415328;1222;510;69;48;1222;510;1291;510;1291;558;1222;558;891;NNN;SFAX;SUPPLIER_FAX_NUMBER;Seller Fax Number
invoice-3378.tiff;1;1;2480;3508;415336;1541;747;197;59;1541;747;1738;747;1738;806;1541;806;Adresse;AAAAAAA;undefined;OTHER;OTHER
invoice-3378.tiff;1;1;2480;3508;415337;1752;747;58;59;1752;747;1810;747;1810;806;1752;806;de;AA;undefined;OTHER;OTHER
invoice-3378.tiff;1;1;2480;3508;415338;1825;747;272;59;1825;747;2097;747;2097;806;1825;806;Facturation;AAAAAAAAAAA;undefined;OTHER;OTHER
invoice-3378.tiff;1;1;2480;3508;415339;1541;807;94;49;1541;807;1635;807;1635;856;1541;856;Mme;AAA;BN;BILLING_NAME;Billing Name
invoice-3378.tiff;1;1;2480;3508;415340;1648;807;148;49;1648;807;1796;807;1796;856;1648;856;Nicolas;AAAAAAA;BN;BILLING_NAME;Billing Name
invoice-3378.tiff;1;1;2480;3508;415341;1807;807;101;49;1807;807;1908;807;1908;856;1807;856;Pons;AAAA;BN;BILLING_NAME;Billing Name
invoice-3378.tiff;1;1;2480;3508;415332;124;836;61;54;124;836;185;836;185;890;124;890;Du;AA;undefined;OTHER;OTHER
invoice-3378.tiff;1;1;2480;3508;415333;750;836;46;48;750;836;796;836;796;884;750;884;28;NN;IDATE;INVOICE_DATE;Invoice Date
invoice-3378.tiff;1;1;2480;3508;415334;807;836;55;48;807;836;862;836;862;884;807;884;jun;AAA;IDATE;INVOICE_DATE;Invoice Date
invoice-3378.tiff;1;1;2480;3508;415335;875;836;92;48;875;836;967;836;967;884;875;884;2014;NNNN;IDATE;INVOICE_DATE;Invoice Date
invoice-3378.tiff;1;1;2480;3508;415342;1541;856;34;48;1541;856;1575;856;1575;904;1541;904;3,;NS;BA;BILLING_ADDRESS;Billing Address
invoice-3378.tiff;1;1;2480;3508;415343;1587;856;60;48;1587;856;1647;856;1647;904;1587;904;rue;AAA;BA;BILLING_ADDRESS;Billing Address
invoice-3378.tiff;1;1;2480;3508;415344;1659;856;46;48;1659;856;1705;856;1705;904;1659;904;du;AA;BA;BILLING_ADDRESS;Billing Address
invoice-3378.tiff;1;1;2480;3508;415345;1717;856;71;48;1717;856;1788;856;1788;904;1717;904;vieil;AAAAA;BA;BILLING_ADDRESS;Billing Address
invoice-3378.tiff;1;1;2480;3508;415346;1801;856;141;48;1801;856;1942;856;1942;904;1801;904;armand;AAAAAA;BA;BILLING_ADDRESS;Billing Address
invoice-3378.tiff;1;1;2480;3508;415347;1541;904;115;48;1541;904;1656;904;1656;952;1541;952;68760;NNNNN;BA;BILLING_ADDRESS;Billing Address
invoice-3378.tiff;1;1;2480;3508;415348;1699;904;275;48;1699;904;1974;904;1974;952;1699;952;Willer-sur-Thur;AAAAAASAAASAAAA;BA;BILLING_ADDRESS;Billing Address
invoice-3378.tiff;1;1;2480;3508;415349;1541;953;129;48;1541;953;1670;953;1670;1001;1541;1001;France;AAAAAA;BA;BILLING_ADDRESS;Billing Address
invoice-3378.tiff;1;1;2480;3508;415350;436;1416;252;54;436;1416;688;1416;688;1470;436;1470;Description;AAAAAAAAAAA;undefined;OTHER;OTHER
invoice-3378.tiff;1;1;2480;3508;415351;1032;1416;185;54;1032;1416;1217;1416;1217;1470;1032;1470;Quantité;AAAAAAAA;undefined;OTHER;OTHER
invoice-3378.tiff;1;1;2480;3508;415352;1281;1416;86;54;1281;1416;1367;1416;1367;1470;1281;1470;Prix;AAAA;undefined;OTHER;OTHER
invoice-3378.tiff;1;1;2480;3508;415353;1381;1416;170;54;1381;1416;1551;1416;1551;1470;1381;1470;Unitaire;AAAAAAAA;undefined;OTHER;OTHER
invoice-3378.tiff;1;1;2480;3508;415354;1611;1416;106;54;1611;1416;1717;1416;1717;1470;1611;1470;Taux;AAAA;undefined;OTHER;OTHER
invoice-3378.tiff;1;1;2480;3508;415355;1730;1416;53;54;1730;1416;1783;1416;1783;1470;1730;1470;de;AA;undefined;OTHER;OTHER
invoice-3378.tiff;1;1;2480;3508;415356;1797;1416;91;54;1797;1416;1888;1416;1888;1470;1797;1470;TVA;AAA;undefined;OTHER;OTHER
invoice-3378.tiff;1;1;2480;3508;415357;1957;1416;178;54;1957;1416;2135;1416;2135;1470;1957;1470;Montant;AAAAAAA;undefined;OTHER;OTHER
invoice-3378.tiff;1;1;2480;3508;415358;2148;1416;61;54;2148;1416;2209;1416;2209;1470;2148;1470;HT;AA;undefined;OTHER;OTHER
invoice-3378.tiff;1;1;2480;3508;415359;124;1491;122;49;124;1491;246;1491;246;1540;124;1540;Sèche;AAAAA;undefined;OTHER;OTHER
invoice-3378.tiff;1;1;2480;3508;415360;259;1491;97;49;259;1491;356;1491;356;1540;259;1540;linge;AAAAA;undefined;OTHER;OTHER
invoice-3378.tiff;1;1;2480;3508;415361;368;1491;23;49;368;1491;391;1491;391;1540;368;1540;à;A;undefined;OTHER;OTHER
invoice-3378.tiff;1;1;2480;3508;415362;402;1491;270;49;402;1491;672;1491;672;1540;402;1540;condensation;AAAAAAAAAAAA;undefined;OTHER;OTHER
invoice-3378.tiff;1;1;2480;3508;415363;685;1491;171;49;685;1491;856;1491;856;1540;685;1540;Siemens;AAAAAAA;undefined;OTHER;OTHER
invoice-3378.tiff;1;1;2480;3508;415365;1113;1491;23;49;1113;1491;1136;1491;1136;1540;1113;1540;3;N;undefined;OTHER;OTHER
invoice-3378.tiff;1;1;2480;3508;415366;1352;1491;127;49;1352;1491;1479;1491;1479;1540;1352;1540;390,83;NNNSNN;undefined;OTHER;OTHER
invoice-3378.tiff;1;1;2480;3508;415367;1690;1491;118;49;1690;1491;1808;1491;1808;1540;1690;1540;20.0%;NNSNS;undefined;OTHER;OTHER
invoice-3378.tiff;1;1;2480;3508;415368;2008;1491;150;49;2008;1491;2158;1491;2158;1540;2008;1540;1172,50;NNNNSNN;undefined;OTHER;OTHER
invoice-3378.tiff;1;1;2480;3508;415364;124;1541;261;49;124;1541;385;1541;385;1590;124;1590;WT43N200FF;AANNANNNAA;undefined;OTHER;OTHER
invoice-3378.tiff;1;1;2480;3508;415369;124;1632;108;49;124;1632;232;1632;232;1681;124;1681;Barre;AAAAA;undefined;OTHER;OTHER
invoice-3378.tiff;1;1;2480;3508;415370;245;1632;48;49;245;1632;293;1632;293;1681;245;1681;de;AA;undefined;OTHER;OTHER
invoice-3378.tiff;1;1;2480;3508;415371;305;1632;74;49;305;1632;379;1632;379;1681;305;1681;son;AAA;undefined;OTHER;OTHER
invoice-3378.tiff;1;1;2480;3508;415372;391;1632;136;49;391;1632;527;1632;527;1681;391;1681;Philips;AAAAAAA;undefined;OTHER;OTHER
invoice-3378.tiff;1;1;2480;3508;415373;539;1632;203;49;539;1632;742;1632;742;1681;539;1681;HTL3160B;AAANNNNA;undefined;OTHER;OTHER
invoice-3378.tiff;1;1;2480;3508;415374;1113;1632;23;49;1113;1632;1136;1632;1136;1681;1113;1681;1;N;undefined;OTHER;OTHER
invoice-3378.tiff;1;1;2480;3508;415375;1352;1632;127;49;1352;1632;1479;1632;1479;1681;1352;1681;182,50;NNNSNN;undefined;OTHER;OTHER
invoice-3378.tiff;1;1;2480;3508;415376;1690;1632;118;49;1690;1632;1808;1632;1808;1681;1690;1681;20.0%;NNSNS;undefined;OTHER;OTHER
invoice-3378.tiff;1;1;2480;3508;415377;2019;1632;127;49;2019;1632;2146;1632;2146;1681;2019;1681;182,50;NNNSNN;undefined;OTHER;OTHER
invoice-3378.tiff;1;1;2480;3508;415378;124;1723;108;49;124;1723;232;1723;232;1772;124;1772;Table;AAAAA;undefined;OTHER;OTHER
invoice-3378.tiff;1;1;2480;3508;415379;245;1723;187;49;245;1723;432;1723;432;1772;245;1772;induction;AAAAAAAAA;undefined;OTHER;OTHER
invoice-3378.tiff;1;1;2480;3508;415380;444;1723;201;49;444;1723;645;1723;645;1772;444;1772;Electrolux;AAAAAAAAAA;undefined;OTHER;OTHER
invoice-3378.tiff;1;1;2480;3508;415381;657;1723;266;49;657;1723;923;1723;923;1772;657;1772;EHN7532LHK;AAANNNNAAA;undefined;OTHER;OTHER
invoice-3378.tiff;1;1;2480;3508;415382;1113;1723;23;49;1113;1723;1136;1723;1136;1772;1113;1772;2;N;undefined;OTHER;OTHER
invoice-3378.tiff;1;1;2480;3508;415383;1352;1723;127;49;1352;1723;1479;1723;1479;1772;1352;1772;582,50;NNNSNN;undefined;OTHER;OTHER
invoice-3378.tiff;1;1;2480;3508;415384;1690;1723;118;49;1690;1723;1808;1723;1808;1772;1690;1772;20.0%;NNSNS;undefined;OTHER;OTHER
invoice-3378.tiff;1;1;2480;3508;415385;2008;1723;150;49;2008;1723;2158;1723;2158;1772;2008;1772;1165,00;NNNNSNN;undefined;OTHER;OTHER
invoice-3378.tiff;1;1;2480;3508;415386;124;1814;215;49;124;1814;339;1814;339;1863;124;1863;Ventilateur;AAAAAAAAAAA;undefined;OTHER;OTHER
invoice-3378.tiff;1;1;2480;3508;415387;351;1814;99;49;351;1814;450;1814;450;1863;351;1863;Listo;AAAAA;undefined;OTHER;OTHER
invoice-3378.tiff;1;1;2480;3508;415388;463;1814;99;49;463;1814;562;1814;562;1863;463;1863;VT40;AANN;undefined;OTHER;OTHER
invoice-3378.tiff;1;1;2480;3508;415389;574;1814;48;49;574;1814;622;1814;622;1863;574;1863;L5;AN;undefined;OTHER;OTHER
invoice-3378.tiff;1;1;2480;3508;415390;1113;1814;23;49;1113;1814;1136;1814;1136;1863;1113;1863;1;N;undefined;OTHER;OTHER
invoice-3378.tiff;1;1;2480;3508;415391;1364;1814;104;49;1364;1814;1468;1814;1468;1863;1364;1863;20,83;NNSNN;undefined;OTHER;OTHER
invoice-3378.tiff;1;1;2480;3508;415392;1690;1814;118;49;1690;1814;1808;1814;1808;1863;1690;1863;20.0%;NNSNS;undefined;OTHER;OTHER
invoice-3378.tiff;1;1;2480;3508;415393;2031;1814;104;49;2031;1814;2135;1814;2135;1863;2031;1863;20,83;NNSNN;undefined;OTHER;OTHER
invoice-3378.tiff;1;1;2480;3508;415394;1765;1947;165;52;1765;1947;1930;1947;1930;1999;1765;1999;Montant;AAAAAAA;undefined;OTHER;OTHER
invoice-3378.tiff;1;1;2480;3508;415395;1943;1947;61;52;1943;1947;2004;1947;2004;1999;1943;1999;HT;AA;undefined;OTHER;OTHER
invoice-3378.tiff;1;1;2480;3508;415396;2046;1947;150;48;2046;1947;2196;1947;2196;1995;2046;1995;2540,82;NNNNSNN;TWTX;TOTAL_WITHOUT_TAX;TWTXS
invoice-3378.tiff;1;1;2480;3508;415397;1781;2000;101;52;1781;2000;1882;2000;1882;2052;1781;2052;Taux;AAAA;undefined;OTHER;OTHER
invoice-3378.tiff;1;1;2480;3508;415398;1895;2000;50;52;1895;2000;1945;2000;1945;2052;1895;2052;de;AA;undefined;OTHER;OTHER
invoice-3378.tiff;1;1;2480;3508;415399;1959;2000;89;52;1959;2000;2048;2000;2048;2052;1959;2052;TVA;AAA;undefined;OTHER;OTHER
invoice-3378.tiff;1;1;2480;3508;415400;2090;2000;118;48;2090;2000;2208;2000;2208;2048;2090;2048;20.0%;NNSNS;TXR;TAX_RATE;Tax Rate
invoice-3378.tiff;1;1;2480;3508;415401;1938;2053;89;52;1938;2053;2027;2053;2027;2105;1938;2105;TVA;AAA;undefined;OTHER;OTHER
invoice-3378.tiff;1;1;2480;3508;415402;2069;2053;127;48;2069;2053;2196;2053;2196;2101;2069;2101;508,17;NNNSNN;TTX;TOTAL_TAX;Total Tax
invoice-3378.tiff;1;1;2480;3508;415403;1800;2106;101;52;1800;2106;1901;2106;1901;2158;1800;2158;Total;AAAAA;undefined;OTHER;OTHER
invoice-3378.tiff;1;1;2480;3508;415404;1915;2106;89;52;1915;2106;2004;2106;2004;2158;1915;2158;TTC;AAA;undefined;OTHER;OTHER
invoice-3378.tiff;1;1;2480;3508;415405;2046;2106;150;48;2046;2106;2196;2106;2196;2154;2046;2154;3048,99;NNNNSNN;TA;TOTAL_AMOUNT;Total with TAX
invoice-3378.tiff;1;1;2480;3508;415406;124;3175;53;49;124;3175;177;3175;177;3224;124;3224;LE;AA;SN;SUPPLIER_NAME;Seller/Company) name
invoice-3378.tiff;1;1;2480;3508;415407;189;3175;69;49;189;3175;258;3175;258;3224;189;3224;VIN;AAA;SN;SUPPLIER_NAME;Seller/Company) name
invoice-3378.tiff;1;1;2480;3508;415408;270;3175;53;49;270;3175;323;3175;323;3224;270;3224;ET;AA;SN;SUPPLIER_NAME;Seller/Company) name
invoice-3378.tiff;1;1;2480;3508;415409;335;3175;118;49;335;3175;453;3175;453;3224;335;3224;VOUS;AAAA;SN;SUPPLIER_NAME;Seller/Company) name
invoice-3378.tiff;1;1;2480;3508;415410;124;3224;23;48;124;3224;147;3224;147;3272;124;3272;4;N;SA;SUPPLIER_ADDRESS;Seller Address
invoice-3378.tiff;1;1;2480;3508;415411;159;3224;74;48;159;3224;233;3224;233;3272;159;3272;ALL;AAA;SA;SUPPLIER_ADDRESS;Seller Address
invoice-3378.tiff;1;1;2480;3508;415412;245;3224;236;48;245;3224;481;3224;481;3272;245;3272;THEODORE;AAAAAAAA;SA;SUPPLIER_ADDRESS;Seller Address
invoice-3378.tiff;1;1;2480;3508;415413;493;3224;159;48;493;3224;652;3224;652;3272;493;3272;MONOD;AAAAA;SA;SUPPLIER_ADDRESS;Seller Address
invoice-3378.tiff;1;1;2480;3508;415414;661;3224;115;48;661;3224;776;3224;776;3272;661;3272;56890;NNNNN;SA;SUPPLIER_ADDRESS;Seller Address
invoice-3378.tiff;1;1;2480;3508;415415;785;3224;196;48;785;3224;981;3224;981;3272;785;3272;PLESCOP;AAAAAAA;SA;SUPPLIER_ADDRESS;Seller Address
