src;num_pages;page_id;page_width;page_height;id;col;row;width;height;x1;y1;x2;y2;x3;y3;x4;y4;contents;contents_masked;correctclass;tag;description
invoice-2188.tiff;1;1;2480;3508;269339;1624;62;533;175;1624;62;2157;62;2157;237;1624;237;common/logo;AAAAAASAAAA;img;IMAGE;Image
invoice-2188.tiff;1;1;2480;3508;269306;124;237;55;48;124;237;179;237;179;285;124;285;LE;AA;SN;SUPPLIER_NAME;Seller/Company) name
invoice-2188.tiff;1;1;2480;3508;269307;191;237;122;48;191;237;313;237;313;285;191;285;GOUT;AAAA;SN;SUPPLIER_NAME;Seller/Company) name
invoice-2188.tiff;1;1;2480;3508;269308;324;237;60;48;324;237;384;237;384;285;324;285;DU;AA;SN;SUPPLIER_NAME;Seller/Company) name
invoice-2188.tiff;1;1;2480;3508;269309;394;237;113;48;394;237;507;237;507;285;394;285;JOUR;AAAA;SN;SUPPLIER_NAME;Seller/Company) name
invoice-2188.tiff;1;1;2480;3508;269310;124;285;20;45;124;285;144;285;144;330;124;330;2;N;SA;SUPPLIER_ADDRESS;Seller Address
invoice-2188.tiff;1;1;2480;3508;269311;156;285;20;45;156;285;176;285;176;330;156;330;2;N;SA;SUPPLIER_ADDRESS;Seller Address
invoice-2188.tiff;1;1;2480;3508;269312;187;285;20;45;187;285;207;285;207;330;187;330;4;N;SA;SUPPLIER_ADDRESS;Seller Address
invoice-2188.tiff;1;1;2480;3508;269313;218;285;134;45;218;285;352;285;352;330;218;330;ROUTE;AAAAA;SA;SUPPLIER_ADDRESS;Seller Address
invoice-2188.tiff;1;1;2480;3508;269314;363;285;55;45;363;285;418;285;418;330;363;330;DE;AA;SA;SUPPLIER_ADDRESS;Seller Address
invoice-2188.tiff;1;1;2480;3508;269315;429;285;296;45;429;285;725;285;725;330;429;330;CHATEAUNEUF;AAAAAAAAAAA;SA;SUPPLIER_ADDRESS;Seller Address
invoice-2188.tiff;1;1;2480;3508;269316;734;285;104;45;734;285;838;285;838;330;734;330;16720;NNNNN;SA;SUPPLIER_ADDRESS;Seller Address
invoice-2188.tiff;1;1;2480;3508;269317;846;285;111;45;846;285;957;285;957;330;846;330;SAINT;AAAAA;SA;SUPPLIER_ADDRESS;Seller Address
invoice-2188.tiff;1;1;2480;3508;269318;968;285;120;45;968;285;1088;285;1088;330;968;330;MEME;AAAA;SA;SUPPLIER_ADDRESS;Seller Address
invoice-2188.tiff;1;1;2480;3508;269319;1098;285;69;45;1098;285;1167;285;1167;330;1098;330;LES;AAA;SA;SUPPLIER_ADDRESS;Seller Address
invoice-2188.tiff;1;1;2480;3508;269320;1178;285;215;45;1178;285;1393;285;1393;330;1178;330;CARRIERES;AAAAAAAAA;SA;SUPPLIER_ADDRESS;Seller Address
invoice-2188.tiff;1;1;2480;3508;269321;1402;285;157;45;1402;285;1559;285;1559;330;1402;330;FRANCE;AAAAAA;SA;SUPPLIER_ADDRESS;Seller Address
invoice-2188.tiff;1;1;2480;3508;269322;124;331;87;45;124;331;211;331;211;376;124;376;Siren;AAAAA;undefined;OTHER;OTHER
invoice-2188.tiff;1;1;2480;3508;269323;229;331;187;45;229;331;416;331;416;376;229;376;767874806;NNNNNNNNN;SCID;SUPPLIER_ID;Seller Identifier Number (Siren)
invoice-2188.tiff;1;1;2480;3508;269324;442;331;150;45;442;331;592;331;592;376;442;376;VAT/TIN;AAASAAA;undefined;OTHER;OTHER
invoice-2188.tiff;1;1;2480;3508;269325;603;331;134;45;603;331;737;331;737;376;603;376;Number;AAAAAA;undefined;OTHER;OTHER
invoice-2188.tiff;1;1;2480;3508;269326;753;331;280;45;753;331;1033;331;1033;376;753;376;FR45767874806;AANNNNNNNNNNN;SVAT;SUPPLIER_VAT;Seller Vat Number/TVA
invoice-2188.tiff;1;1;2480;3508;269327;124;377;106;45;124;377;230;377;230;422;124;422;Phone;AAAAA;undefined;OTHER;OTHER
invoice-2188.tiff;1;1;2480;3508;269328;256;377;69;45;256;377;325;377;325;422;256;422;+33;SNN;SCN;SUPPLIER_CONTACT_NUMBER;Seller Contact Number
invoice-2188.tiff;1;1;2480;3508;269329;336;377;20;45;336;377;356;377;356;422;336;422;0;N;SCN;SUPPLIER_CONTACT_NUMBER;Seller Contact Number
invoice-2188.tiff;1;1;2480;3508;269330;367;377;62;45;367;377;429;377;429;422;367;422;969;NNN;SCN;SUPPLIER_CONTACT_NUMBER;Seller Contact Number
invoice-2188.tiff;1;1;2480;3508;269331;440;377;62;45;440;377;502;377;502;422;440;422;229;NNN;SCN;SUPPLIER_CONTACT_NUMBER;Seller Contact Number
invoice-2188.tiff;1;1;2480;3508;269332;513;377;62;45;513;377;575;377;575;422;513;422;088;NNN;SCN;SUPPLIER_CONTACT_NUMBER;Seller Contact Number
invoice-2188.tiff;1;1;2480;3508;269333;617;377;64;45;617;377;681;377;681;422;617;422;Fax;AAA;undefined;OTHER;OTHER
invoice-2188.tiff;1;1;2480;3508;269334;707;377;69;45;707;377;776;377;776;422;707;422;+33;SNN;SFAX;SUPPLIER_FAX_NUMBER;Seller Fax Number
invoice-2188.tiff;1;1;2480;3508;269335;787;377;20;45;787;377;807;377;807;422;787;422;0;N;SFAX;SUPPLIER_FAX_NUMBER;Seller Fax Number
invoice-2188.tiff;1;1;2480;3508;269336;819;377;62;45;819;377;881;377;881;422;819;422;969;NNN;SFAX;SUPPLIER_FAX_NUMBER;Seller Fax Number
invoice-2188.tiff;1;1;2480;3508;269337;892;377;62;45;892;377;954;377;954;422;892;422;229;NNN;SFAX;SUPPLIER_FAX_NUMBER;Seller Fax Number
invoice-2188.tiff;1;1;2480;3508;269338;965;377;62;45;965;377;1027;377;1027;422;965;422;842;NNN;SFAX;SUPPLIER_FAX_NUMBER;Seller Fax Number
invoice-2188.tiff;1;1;2480;3508;269351;1541;607;155;57;1541;607;1696;607;1696;664;1541;664;Invoice;AAAAAAA;undefined;OTHER;OTHER
invoice-2188.tiff;1;1;2480;3508;269352;1709;607;175;57;1709;607;1884;607;1884;664;1709;664;Address;AAAAAAA;undefined;OTHER;OTHER
invoice-2188.tiff;1;1;2480;3508;269340;124;618;142;52;124;618;266;618;266;670;124;670;Invoice;AAAAAAA;undefined;OTHER;OTHER
invoice-2188.tiff;1;1;2480;3508;269341;279;618;50;52;279;618;329;618;329;670;279;670;ID;AA;undefined;OTHER;OTHER
invoice-2188.tiff;1;1;2480;3508;269342;750;618;171;46;750;618;921;618;921;664;750;664;INV-4681;AAASNNNN;IN;INVOICE_NUMBER;Invoice Number
invoice-2188.tiff;1;1;2480;3508;269353;1541;664;138;48;1541;664;1679;664;1679;712;1541;712;Javonte;AAAAAAA;BN;BILLING_NAME;Billing Name
invoice-2188.tiff;1;1;2480;3508;269354;1690;664;201;48;1690;664;1891;664;1891;712;1690;712;Altenwerth;AAAAAAAAAA;BN;BILLING_NAME;Billing Name
invoice-2188.tiff;1;1;2480;3508;269343;124;691;142;52;124;691;266;691;266;743;124;743;Invoice;AAAAAAA;undefined;OTHER;OTHER
invoice-2188.tiff;1;1;2480;3508;269344;279;691;91;52;279;691;370;691;370;743;279;743;Date;AAAA;undefined;OTHER;OTHER
invoice-2188.tiff;1;1;2480;3508;269345;750;691;53;46;750;691;803;691;803;737;750;737;abr;AAA;IDATE;INVOICE_DATE;Invoice Date
invoice-2188.tiff;1;1;2480;3508;269346;813;691;52;46;813;691;865;691;865;737;813;737;17,;NNS;IDATE;INVOICE_DATE;Invoice Date
invoice-2188.tiff;1;1;2480;3508;269347;876;691;83;46;876;691;959;691;959;737;876;737;1981;NNNN;IDATE;INVOICE_DATE;Invoice Date
invoice-2188.tiff;1;1;2480;3508;269355;1541;712;52;45;1541;712;1593;712;1593;757;1541;757;12,;NNS;BA;BILLING_ADDRESS;Billing Address
invoice-2188.tiff;1;1;2480;3508;269356;1604;712;55;45;1604;712;1659;712;1659;757;1604;757;rue;AAA;BA;BILLING_ADDRESS;Billing Address
invoice-2188.tiff;1;1;2480;3508;269357;1670;712;99;45;1670;712;1769;712;1769;757;1670;757;albert;AAAAAA;BA;BILLING_ADDRESS;Billing Address
invoice-2188.tiff;1;1;2480;3508;269358;1780;712;129;45;1780;712;1909;712;1909;757;1780;757;mercier;AAAAAAA;BA;BILLING_ADDRESS;Billing Address
invoice-2188.tiff;1;1;2480;3508;269359;1541;758;104;45;1541;758;1645;758;1645;803;1541;803;91100;NNNNN;BA;BILLING_ADDRESS;Billing Address
invoice-2188.tiff;1;1;2480;3508;269360;1687;758;296;45;1687;758;1983;758;1983;803;1687;803;Corbeil-Essonnes;AAAAAAASAAAAAAAA;BA;BILLING_ADDRESS;Billing Address
invoice-2188.tiff;1;1;2480;3508;269348;124;765;122;52;124;765;246;765;246;817;124;817;Order;AAAAA;undefined;OTHER;OTHER
invoice-2188.tiff;1;1;2480;3508;269349;258;765;50;52;258;765;308;765;308;817;258;817;ID;AA;undefined;OTHER;OTHER
invoice-2188.tiff;1;1;2480;3508;269350;750;765;171;46;750;765;921;765;921;811;750;811;COM-648;AAASNNN;ONUM;ORDER_NUMBER;Order Number
invoice-2188.tiff;1;1;2480;3508;269361;1541;804;120;45;1541;804;1661;804;1661;849;1541;849;France;AAAAAA;BA;BILLING_ADDRESS;Billing Address
invoice-2188.tiff;1;1;2480;3508;269362;213;1270;73;52;213;1270;286;1270;286;1322;213;1322;Qty;AAA;undefined;OTHER;OTHER
invoice-2188.tiff;1;1;2480;3508;269363;690;1270;244;52;690;1270;934;1270;934;1322;690;1322;Descriptions;AAAAAAAAAAAA;undefined;OTHER;OTHER
invoice-2188.tiff;1;1;2480;3508;269364;1374;1270;84;52;1374;1270;1458;1270;1458;1322;1374;1322;U.P.;ASAS;undefined;OTHER;OTHER
invoice-2188.tiff;1;1;2480;3508;269365;1646;1270;206;52;1646;1270;1852;1270;1852;1322;1646;1322;VAT/TVA;AAASAAA;undefined;OTHER;OTHER
invoice-2188.tiff;1;1;2480;3508;269366;2003;1270;160;52;2003;1270;2163;1270;2163;1322;2003;1322;Amount;AAAAAA;undefined;OTHER;OTHER
invoice-2188.tiff;1;1;2480;3508;269367;239;1344;20;48;239;1344;259;1344;259;1392;239;1392;2;N;undefined;OTHER;OTHER
invoice-2188.tiff;1;1;2480;3508;269368;375;1344;136;48;375;1344;511;1344;511;1392;375;1392;Cocotte;AAAAAAA;undefined;OTHER;OTHER
invoice-2188.tiff;1;1;2480;3508;269369;521;1344;104;48;521;1344;625;1344;625;1392;521;1392;ronde;AAAAA;undefined;OTHER;OTHER
invoice-2188.tiff;1;1;2480;3508;269370;636;1344;166;48;636;1344;802;1344;802;1392;636;1392;Chasseur;AAAAAAAA;undefined;OTHER;OTHER
invoice-2188.tiff;1;1;2480;3508;269371;813;1344;145;48;813;1344;958;1344;958;1392;813;1392;Sublime;AAAAAAA;undefined;OTHER;OTHER
invoice-2188.tiff;1;1;2480;3508;269372;969;1344;94;48;969;1344;1063;1344;1063;1392;969;1392;Wine;AAAA;undefined;OTHER;OTHER
invoice-2188.tiff;1;1;2480;3508;269373;1075;1344;90;48;1075;1344;1165;1344;1165;1392;1075;1392;diam;AAAA;undefined;OTHER;OTHER
invoice-2188.tiff;1;1;2480;3508;269374;1175;1344;41;48;1175;1344;1216;1344;1216;1392;1175;1392;28;NN;undefined;OTHER;OTHER
invoice-2188.tiff;1;1;2480;3508;269376;1359;1344;114;48;1359;1344;1473;1344;1473;1392;1359;1392;132,50;NNNSNN;undefined;OTHER;OTHER
invoice-2188.tiff;1;1;2480;3508;269377;1692;1344;114;48;1692;1344;1806;1344;1806;1392;1692;1392;20.0%;NNSNS;undefined;OTHER;OTHER
invoice-2188.tiff;1;1;2480;3508;269378;2026;1344;114;48;2026;1344;2140;1344;2140;1392;2026;1392;265,00;NNNSNN;undefined;OTHER;OTHER
invoice-2188.tiff;1;1;2480;3508;269375;375;1392;53;48;375;1392;428;1392;428;1440;375;1440;cm;AA;undefined;OTHER;OTHER
invoice-2188.tiff;1;1;2480;3508;269379;239;1481;20;48;239;1481;259;1481;259;1529;239;1529;4;N;undefined;OTHER;OTHER
invoice-2188.tiff;1;1;2480;3508;269380;375;1481;185;48;375;1481;560;1481;560;1529;375;1529;Téléphone;AAAAAAAAA;undefined;OTHER;OTHER
invoice-2188.tiff;1;1;2480;3508;269381;570;1481;76;48;570;1481;646;1481;646;1529;570;1529;sans;AAAA;undefined;OTHER;OTHER
invoice-2188.tiff;1;1;2480;3508;269382;657;1481;37;48;657;1481;694;1481;694;1529;657;1529;fil;AAA;undefined;OTHER;OTHER
invoice-2188.tiff;1;1;2480;3508;269383;704;1481;180;48;704;1481;884;1481;884;1529;704;1529;Essentielb;AAAAAAAAAA;undefined;OTHER;OTHER
invoice-2188.tiff;1;1;2480;3508;269384;895;1481;141;48;895;1481;1036;1481;1036;1529;895;1529;Confort;AAAAAAA;undefined;OTHER;OTHER
invoice-2188.tiff;1;1;2480;3508;269385;1047;1481;50;48;1047;1481;1097;1481;1097;1529;1047;1529;V2;AN;undefined;OTHER;OTHER
invoice-2188.tiff;1;1;2480;3508;269386;1108;1481;72;48;1108;1481;1180;1481;1180;1529;1108;1529;10.2;NNSN;undefined;OTHER;OTHER
invoice-2188.tiff;1;1;2480;3508;269387;1369;1481;93;48;1369;1481;1462;1481;1462;1529;1369;1529;49,99;NNSNN;undefined;OTHER;OTHER
invoice-2188.tiff;1;1;2480;3508;269388;1692;1481;114;48;1692;1481;1806;1481;1806;1529;1692;1529;20.0%;NNSNS;undefined;OTHER;OTHER
invoice-2188.tiff;1;1;2480;3508;269389;2026;1481;114;48;2026;1481;2140;1481;2140;1529;2026;1529;199,97;NNNSNN;undefined;OTHER;OTHER
invoice-2188.tiff;1;1;2480;3508;269390;239;1571;20;48;239;1571;259;1571;259;1619;239;1619;3;N;undefined;OTHER;OTHER
invoice-2188.tiff;1;1;2480;3508;269391;375;1571;108;48;375;1571;483;1571;483;1619;375;1619;Robot;AAAAA;undefined;OTHER;OTHER
invoice-2188.tiff;1;1;2480;3508;269392;494;1571;240;48;494;1571;734;1571;734;1619;494;1619;multifonction;AAAAAAAAAAAAA;undefined;OTHER;OTHER
invoice-2188.tiff;1;1;2480;3508;269393;745;1571;159;48;745;1571;904;1571;904;1619;745;1619;Magimix;AAAAAAA;undefined;OTHER;OTHER
invoice-2188.tiff;1;1;2480;3508;269394;915;1571;129;48;915;1571;1044;1571;1044;1619;915;1619;18253F;NNNNNA;undefined;OTHER;OTHER
invoice-2188.tiff;1;1;2480;3508;269395;1055;1571;101;48;1055;1571;1156;1571;1156;1619;1055;1619;MINI;AAAA;undefined;OTHER;OTHER
invoice-2188.tiff;1;1;2480;3508;269398;1359;1571;114;48;1359;1571;1473;1571;1473;1619;1359;1619;165,83;NNNSNN;undefined;OTHER;OTHER
invoice-2188.tiff;1;1;2480;3508;269399;1692;1571;114;48;1692;1571;1806;1571;1806;1619;1692;1619;20.0%;NNSNS;undefined;OTHER;OTHER
invoice-2188.tiff;1;1;2480;3508;269400;2026;1571;114;48;2026;1571;2140;1571;2140;1619;2026;1619;497,50;NNNSNN;undefined;OTHER;OTHER
invoice-2188.tiff;1;1;2480;3508;269396;375;1619;106;48;375;1619;481;1619;481;1667;375;1667;PLUS;AAAA;undefined;OTHER;OTHER
invoice-2188.tiff;1;1;2480;3508;269397;491;1619;152;48;491;1619;643;1619;643;1667;491;1667;ROUGE;AAAAA;undefined;OTHER;OTHER
invoice-2188.tiff;1;1;2480;3508;269401;1891;1750;150;51;1891;1750;2041;1750;2041;1801;1891;1801;Amount;AAAAAA;undefined;OTHER;OTHER
invoice-2188.tiff;1;1;2480;3508;269402;2083;1750;114;46;2083;1750;2197;1750;2197;1796;2083;1796;962,47;NNNSNN;TWTX;TOTAL_WITHOUT_TAX;TWTXS
invoice-2188.tiff;1;1;2480;3508;269403;1857;1802;201;51;1857;1802;2058;1802;2058;1853;1857;1853;VAT/TVA;AAASAAA;undefined;OTHER;OTHER
invoice-2188.tiff;1;1;2480;3508;269404;2100;1802;107;46;2100;1802;2207;1802;2207;1848;2100;1848;20.0%;NNSNS;TXR;TAX_RATE;Tax Rate
invoice-2188.tiff;1;1;2480;3508;269405;1785;1853;94;51;1785;1853;1879;1853;1879;1904;1785;1904;TVA;AAA;undefined;OTHER;OTHER
invoice-2188.tiff;1;1;2480;3508;269406;1891;1853;150;51;1891;1853;2041;1853;2041;1904;1891;1904;Amount;AAAAAA;undefined;OTHER;OTHER
invoice-2188.tiff;1;1;2480;3508;269407;2083;1853;114;46;2083;1853;2197;1853;2197;1899;2083;1899;192,49;NNNSNN;TTX;TOTAL_TAX;Total Tax
invoice-2188.tiff;1;1;2480;3508;269408;1762;1904;96;51;1762;1904;1858;1904;1858;1955;1762;1955;Total;AAAAA;undefined;OTHER;OTHER
invoice-2188.tiff;1;1;2480;3508;269409;1870;1904;150;51;1870;1904;2020;1904;2020;1955;1870;1955;Amount;AAAAAA;undefined;OTHER;OTHER
invoice-2188.tiff;1;1;2480;3508;269410;2062;1904;135;46;2062;1904;2197;1904;2197;1950;2062;1950;1154,96;NNNNSNN;TA;TOTAL_AMOUNT;Total with TAX
invoice-2188.tiff;1;1;2480;3508;269411;124;3154;55;48;124;3154;179;3154;179;3202;124;3202;LE;AA;SN;SUPPLIER_NAME;Seller/Company) name
invoice-2188.tiff;1;1;2480;3508;269412;191;3154;122;48;191;3154;313;3154;313;3202;191;3202;GOUT;AAAA;SN;SUPPLIER_NAME;Seller/Company) name
invoice-2188.tiff;1;1;2480;3508;269413;324;3154;60;48;324;3154;384;3154;384;3202;324;3202;DU;AA;SN;SUPPLIER_NAME;Seller/Company) name
invoice-2188.tiff;1;1;2480;3508;269414;394;3154;113;48;394;3154;507;3154;507;3202;394;3202;JOUR;AAAA;SN;SUPPLIER_NAME;Seller/Company) name
invoice-2188.tiff;1;1;2480;3508;269415;124;3202;20;45;124;3202;144;3202;144;3247;124;3247;2;N;SA;SUPPLIER_ADDRESS;Seller Address
invoice-2188.tiff;1;1;2480;3508;269416;156;3202;20;45;156;3202;176;3202;176;3247;156;3247;2;N;SA;SUPPLIER_ADDRESS;Seller Address
invoice-2188.tiff;1;1;2480;3508;269417;187;3202;20;45;187;3202;207;3202;207;3247;187;3247;4;N;SA;SUPPLIER_ADDRESS;Seller Address
invoice-2188.tiff;1;1;2480;3508;269418;218;3202;134;45;218;3202;352;3202;352;3247;218;3247;ROUTE;AAAAA;SA;SUPPLIER_ADDRESS;Seller Address
invoice-2188.tiff;1;1;2480;3508;269419;363;3202;55;45;363;3202;418;3202;418;3247;363;3247;DE;AA;SA;SUPPLIER_ADDRESS;Seller Address
invoice-2188.tiff;1;1;2480;3508;269420;429;3202;296;45;429;3202;725;3202;725;3247;429;3247;CHATEAUNEUF;AAAAAAAAAAA;SA;SUPPLIER_ADDRESS;Seller Address
invoice-2188.tiff;1;1;2480;3508;269421;734;3202;10;45;734;3202;744;3202;744;3247;734;3247;,;S;SA;SUPPLIER_ADDRESS;Seller Address
invoice-2188.tiff;1;1;2480;3508;269422;754;3202;104;45;754;3202;858;3202;858;3247;754;3247;16720;NNNNN;SA;SUPPLIER_ADDRESS;Seller Address
invoice-2188.tiff;1;1;2480;3508;269423;867;3202;111;45;867;3202;978;3202;978;3247;867;3247;SAINT;AAAAA;SA;SUPPLIER_ADDRESS;Seller Address
invoice-2188.tiff;1;1;2480;3508;269424;988;3202;120;45;988;3202;1108;3202;1108;3247;988;3247;MEME;AAAA;SA;SUPPLIER_ADDRESS;Seller Address
invoice-2188.tiff;1;1;2480;3508;269425;1119;3202;69;45;1119;3202;1188;3202;1188;3247;1119;3247;LES;AAA;SA;SUPPLIER_ADDRESS;Seller Address
invoice-2188.tiff;1;1;2480;3508;269426;1199;3202;215;45;1199;3202;1414;3202;1414;3247;1199;3247;CARRIERES;AAAAAAAAA;SA;SUPPLIER_ADDRESS;Seller Address
invoice-2188.tiff;1;1;2480;3508;269427;1423;3202;10;45;1423;3202;1433;3202;1433;3247;1423;3247;,;S;SA;SUPPLIER_ADDRESS;Seller Address
invoice-2188.tiff;1;1;2480;3508;269428;1443;3202;157;45;1443;3202;1600;3202;1600;3247;1443;3247;FRANCE;AAAAAA;SA;SUPPLIER_ADDRESS;Seller Address
