src;num_pages;page_id;page_width;page_height;id;col;row;width;height;x1;y1;x2;y2;x3;y3;x4;y4;contents;contents_masked;correctclass;tag;description
invoice-2903.tiff;1;1;2480;3508;357155;124;62;178;175;124;62;302;62;302;237;124;237;common/logo;AAAAAASAAAA;img;IMAGE;Image
invoice-2903.tiff;1;1;2480;3508;357178;1541;270;172;59;1541;270;1713;270;1713;329;1541;329;Invoice;AAAAAAA;undefined;OTHER;OTHER
invoice-2903.tiff;1;1;2480;3508;357179;1727;270;188;59;1727;270;1915;270;1915;329;1727;329;Number;AAAAAA;undefined;OTHER;OTHER
invoice-2903.tiff;1;1;2480;3508;357180;1979;270;203;52;1979;270;2182;270;2182;322;1979;322;61299741;NNNNNNNN;IN;INVOICE_NUMBER;Invoice Number
invoice-2903.tiff;1;1;2480;3508;357156;124;412;115;49;124;412;239;412;239;461;124;461;FOOT;AAAA;SN;SUPPLIER_NAME;Seller/Company) name
invoice-2903.tiff;1;1;2480;3508;357157;252;412;175;49;252;412;427;412;427;461;252;461;LOCKER;AAAAAA;SN;SUPPLIER_NAME;Seller/Company) name
invoice-2903.tiff;1;1;2480;3508;357158;124;462;257;48;124;462;381;462;381;510;124;510;BOULEVARD;AAAAAAAAA;SA;SUPPLIER_ADDRESS;Seller Address
invoice-2903.tiff;1;1;2480;3508;357159;393;462;57;48;393;462;450;462;450;510;393;510;DE;AA;SA;SUPPLIER_ADDRESS;Seller Address
invoice-2903.tiff;1;1;2480;3508;357160;463;462;171;48;463;462;634;462;634;510;463;510;FRANCE;AAAAAA;SA;SUPPLIER_ADDRESS;Seller Address
invoice-2903.tiff;1;1;2480;3508;357161;642;462;11;48;642;462;653;462;653;510;642;510;,;S;SA;SUPPLIER_ADDRESS;Seller Address
invoice-2903.tiff;1;1;2480;3508;357162;665;462;115;48;665;462;780;462;780;510;665;510;91000;NNNNN;SA;SUPPLIER_ADDRESS;Seller Address
invoice-2903.tiff;1;1;2480;3508;357163;790;462;113;48;790;462;903;462;903;510;790;510;EVRY;AAAA;SA;SUPPLIER_ADDRESS;Seller Address
invoice-2903.tiff;1;1;2480;3508;357164;911;462;11;48;911;462;922;462;922;510;911;510;,;S;SA;SUPPLIER_ADDRESS;Seller Address
invoice-2903.tiff;1;1;2480;3508;357165;934;462;171;48;934;462;1105;462;1105;510;934;510;FRANCE;AAAAAA;SA;SUPPLIER_ADDRESS;Seller Address
invoice-2903.tiff;1;1;2480;3508;357166;124;510;120;48;124;510;244;510;244;558;124;558;Phone;AAAAA;undefined;OTHER;OTHER
invoice-2903.tiff;1;1;2480;3508;357167;270;510;70;48;270;510;340;510;340;558;270;558;+33;SNN;SCN;SUPPLIER_CONTACT_NUMBER;Seller Contact Number
invoice-2903.tiff;1;1;2480;3508;357168;352;510;23;48;352;510;375;510;375;558;352;558;0;N;SCN;SUPPLIER_CONTACT_NUMBER;Seller Contact Number
invoice-2903.tiff;1;1;2480;3508;357169;387;510;69;48;387;510;456;510;456;558;387;558;955;NNN;SCN;SUPPLIER_CONTACT_NUMBER;Seller Contact Number
invoice-2903.tiff;1;1;2480;3508;357170;468;510;69;48;468;510;537;510;537;558;468;558;413;NNN;SCN;SUPPLIER_CONTACT_NUMBER;Seller Contact Number
invoice-2903.tiff;1;1;2480;3508;357171;549;510;69;48;549;510;618;510;618;558;549;558;014;NNN;SCN;SUPPLIER_CONTACT_NUMBER;Seller Contact Number
invoice-2903.tiff;1;1;2480;3508;357172;660;510;69;48;660;510;729;510;729;558;660;558;Fax;AAA;undefined;OTHER;OTHER
invoice-2903.tiff;1;1;2480;3508;357173;755;510;70;48;755;510;825;510;825;558;755;558;+33;SNN;SFAX;SUPPLIER_FAX_NUMBER;Seller Fax Number
invoice-2903.tiff;1;1;2480;3508;357174;837;510;23;48;837;510;860;510;860;558;837;558;0;N;SFAX;SUPPLIER_FAX_NUMBER;Seller Fax Number
invoice-2903.tiff;1;1;2480;3508;357175;872;510;69;48;872;510;941;510;941;558;872;558;955;NNN;SFAX;SUPPLIER_FAX_NUMBER;Seller Fax Number
invoice-2903.tiff;1;1;2480;3508;357176;953;510;69;48;953;510;1022;510;1022;558;953;558;413;NNN;SFAX;SUPPLIER_FAX_NUMBER;Seller Fax Number
invoice-2903.tiff;1;1;2480;3508;357177;1034;510;69;48;1034;510;1103;510;1103;558;1034;558;632;NNN;SFAX;SUPPLIER_FAX_NUMBER;Seller Fax Number
invoice-2903.tiff;1;1;2480;3508;357181;124;954;78;49;124;954;202;954;202;1003;124;1003;Ada;AAA;BN;BILLING_NAME;Billing Name
invoice-2903.tiff;1;1;2480;3508;357182;215;954;164;49;215;954;379;954;379;1003;215;1003;Spencer;AAAAAAA;BN;BILLING_NAME;Billing Name
invoice-2903.tiff;1;1;2480;3508;357183;124;1004;57;48;124;1004;181;1004;181;1052;124;1052;39,;NNS;BA;BILLING_ADDRESS;Billing Address
invoice-2903.tiff;1;1;2480;3508;357184;194;1004;134;48;194;1004;328;1004;328;1052;194;1052;chemin;AAAAAA;BA;BILLING_ADDRESS;Billing Address
invoice-2903.tiff;1;1;2480;3508;357185;340;1004;166;48;340;1004;506;1004;506;1052;340;1052;raphaÃ«l;AAAAAASA;BA;BILLING_ADDRESS;Billing Address
invoice-2903.tiff;1;1;2480;3508;357186;124;1052;115;48;124;1052;239;1052;239;1100;124;1100;97410;NNNNN;BA;BILLING_ADDRESS;Billing Address
invoice-2903.tiff;1;1;2480;3508;357187;282;1052;219;48;282;1052;501;1052;501;1100;282;1100;Saint-Pierre;AAAAASAAAAAA;BA;BILLING_ADDRESS;Billing Address
invoice-2903.tiff;1;1;2480;3508;357199;1541;1094;157;54;1541;1094;1698;1094;1698;1148;1541;1148;Invoice;AAAAAAA;undefined;OTHER;OTHER
invoice-2903.tiff;1;1;2480;3508;357200;1712;1094;99;54;1712;1094;1811;1094;1811;1148;1712;1148;Date;AAAA;undefined;OTHER;OTHER
invoice-2903.tiff;1;1;2480;3508;357201;2166;1094;46;48;2166;1094;2212;1094;2212;1142;2166;1142;27;NN;IDATE;INVOICE_DATE;Invoice Date
invoice-2903.tiff;1;1;2480;3508;357202;2224;1094;81;48;2224;1094;2305;1094;2305;1142;2224;1142;ago,;AAAS;IDATE;INVOICE_DATE;Invoice Date
invoice-2903.tiff;1;1;2480;3508;357203;2317;1094;92;48;2317;1094;2409;1094;2409;1142;2317;1142;1981;NNNN;IDATE;INVOICE_DATE;Invoice Date
invoice-2903.tiff;1;1;2480;3508;357188;124;1100;129;48;124;1100;253;1100;253;1148;124;1148;France;AAAAAA;BA;BILLING_ADDRESS;Billing Address
invoice-2903.tiff;1;1;2480;3508;357204;1541;1169;127;54;1541;1169;1668;1169;1668;1223;1541;1223;Client;AAAAAA;undefined;OTHER;OTHER
invoice-2903.tiff;1;1;2480;3508;357205;1681;1169;173;54;1681;1169;1854;1169;1854;1223;1681;1223;Number;AAAAAA;undefined;OTHER;OTHER
invoice-2903.tiff;1;1;2480;3508;357206;2166;1169;115;48;2166;1169;2281;1169;2281;1217;2166;1217;29699;NNNNN;CNUM;CLIENT_NUMBER;Client Number
invoice-2903.tiff;1;1;2480;3508;357189;124;1190;122;59;124;1190;246;1190;246;1249;124;1249;Send;AAAA;undefined;OTHER;OTHER
invoice-2903.tiff;1;1;2480;3508;357190;261;1190;61;59;261;1190;322;1190;322;1249;261;1249;To;AA;undefined;OTHER;OTHER
invoice-2903.tiff;1;1;2480;3508;357191;124;1250;78;49;124;1250;202;1250;202;1299;124;1299;Ada;AAA;SHN;SHIPPING_NAME;Shipping Name
invoice-2903.tiff;1;1;2480;3508;357192;215;1250;164;49;215;1250;379;1250;379;1299;215;1299;Spencer;AAAAAAA;SHN;SHIPPING_NAME;Shipping Name
invoice-2903.tiff;1;1;2480;3508;357193;124;1299;57;48;124;1299;181;1299;181;1347;124;1347;39,;NNS;SHA;SHIPPING_ADDRESS;Shipping Address
invoice-2903.tiff;1;1;2480;3508;357194;194;1299;134;48;194;1299;328;1299;328;1347;194;1347;chemin;AAAAAA;SHA;SHIPPING_ADDRESS;Shipping Address
invoice-2903.tiff;1;1;2480;3508;357195;340;1299;166;48;340;1299;506;1299;506;1347;340;1347;raphaÃ«l;AAAAAASA;SHA;SHIPPING_ADDRESS;Shipping Address
invoice-2903.tiff;1;1;2480;3508;357196;124;1347;115;48;124;1347;239;1347;239;1395;124;1395;97410;NNNNN;SHA;SHIPPING_ADDRESS;Shipping Address
invoice-2903.tiff;1;1;2480;3508;357197;282;1347;219;48;282;1347;501;1347;501;1395;282;1395;Saint-Pierre;AAAAASAAAAAA;SHA;SHIPPING_ADDRESS;Shipping Address
invoice-2903.tiff;1;1;2480;3508;357198;124;1395;129;48;124;1395;253;1395;253;1443;124;1443;France;AAAAAA;SHA;SHIPPING_ADDRESS;Shipping Address
invoice-2903.tiff;1;1;2480;3508;357207;149;1711;117;54;149;1711;266;1711;266;1765;149;1765;S.No.;ASAAS;undefined;OTHER;OTHER
invoice-2903.tiff;1;1;2480;3508;357208;344;1711;185;54;344;1711;529;1711;529;1765;344;1765;Quantity;AAAAAAAA;undefined;OTHER;OTHER
invoice-2903.tiff;1;1;2480;3508;357209;760;1711;173;54;760;1711;933;1711;933;1765;760;1765;Product;AAAAAAA;undefined;OTHER;OTHER
invoice-2903.tiff;1;1;2480;3508;357210;946;1711;252;54;946;1711;1198;1711;1198;1765;946;1765;Description;AAAAAAAAAAA;undefined;OTHER;OTHER
invoice-2903.tiff;1;1;2480;3508;357211;1413;1711;89;54;1413;1711;1502;1711;1502;1765;1413;1765;Unit;AAAA;undefined;OTHER;OTHER
invoice-2903.tiff;1;1;2480;3508;357212;1515;1711;112;54;1515;1711;1627;1711;1627;1765;1515;1765;Price;AAAAA;undefined;OTHER;OTHER
invoice-2903.tiff;1;1;2480;3508;357213;1710;1711;91;54;1710;1711;1801;1711;1801;1765;1710;1765;TVA;AAA;undefined;OTHER;OTHER
invoice-2903.tiff;1;1;2480;3508;357214;1815;1711;99;54;1815;1711;1914;1711;1914;1765;1815;1765;Rate;AAAA;undefined;OTHER;OTHER
invoice-2903.tiff;1;1;2480;3508;357215;2049;1711;109;54;2049;1711;2158;1711;2158;1765;2049;1765;Total;AAAAA;undefined;OTHER;OTHER
invoice-2903.tiff;1;1;2480;3508;357216;196;1786;23;49;196;1786;219;1786;219;1835;196;1835;1;N;undefined;OTHER;OTHER
invoice-2903.tiff;1;1;2480;3508;357217;425;1786;23;49;425;1786;448;1786;448;1835;425;1835;4;N;undefined;OTHER;OTHER
invoice-2903.tiff;1;1;2480;3508;357218;583;1786;120;49;583;1786;703;1786;703;1835;583;1835;Robot;AAAAA;undefined;OTHER;OTHER
invoice-2903.tiff;1;1;2480;3508;357219;715;1786;263;49;715;1786;978;1786;978;1835;715;1835;multifonction;AAAAAAAAAAAAA;undefined;OTHER;OTHER
invoice-2903.tiff;1;1;2480;3508;357220;990;1786;120;49;990;1786;1110;1786;1110;1835;990;1835;Braun;AAAAA;undefined;OTHER;OTHER
invoice-2903.tiff;1;1;2480;3508;357221;1122;1786;53;49;1122;1786;1175;1786;1175;1835;1122;1835;FP;AA;undefined;OTHER;OTHER
invoice-2903.tiff;1;1;2480;3508;357222;1187;1786;92;49;1187;1786;1279;1786;1279;1835;1187;1835;3010;NNNN;undefined;OTHER;OTHER
invoice-2903.tiff;1;1;2480;3508;357227;1418;1786;104;49;1418;1786;1522;1786;1522;1835;1418;1835;69,89;NNSNN;undefined;OTHER;OTHER
invoice-2903.tiff;1;1;2480;3508;357228;1534;1786;87;49;1534;1786;1621;1786;1621;1835;1534;1835;USD;AAA;undefined;OTHER;OTHER
invoice-2903.tiff;1;1;2480;3508;357229;1753;1786;118;49;1753;1786;1871;1786;1871;1835;1753;1835;20.0%;NNSNS;undefined;OTHER;OTHER
invoice-2903.tiff;1;1;2480;3508;357230;1990;1786;127;49;1990;1786;2117;1786;2117;1835;1990;1835;279,57;NNNSNN;undefined;OTHER;OTHER
invoice-2903.tiff;1;1;2480;3508;357231;2129;1786;87;49;2129;1786;2216;1786;2216;1835;2129;1835;USD;AAA;undefined;OTHER;OTHER
invoice-2903.tiff;1;1;2480;3508;357223;583;1836;208;49;583;1836;791;1836;791;1885;583;1885;BAUHAUS;AAAAAAA;undefined;OTHER;OTHER
invoice-2903.tiff;1;1;2480;3508;357224;803;1836;134;49;803;1836;937;1836;937;1885;803;1885;WHITE;AAAAA;undefined;OTHER;OTHER
invoice-2903.tiff;1;1;2480;3508;357225;949;1836;30;49;949;1836;979;1836;979;1885;949;1885;&;S;undefined;OTHER;OTHER
invoice-2903.tiff;1;1;2480;3508;357226;990;1836;148;49;990;1836;1138;1836;1138;1885;990;1885;GREEN;AAAAA;undefined;OTHER;OTHER
invoice-2903.tiff;1;1;2480;3508;357232;1830;1969;109;54;1830;1969;1939;1969;1939;2023;1830;2023;Total;AAAAA;undefined;OTHER;OTHER
invoice-2903.tiff;1;1;2480;3508;357233;1981;1969;127;49;1981;1969;2108;1969;2108;2018;1981;2018;279,57;NNNSNN;TWTX;TOTAL_WITHOUT_TAX;TWTXS
invoice-2903.tiff;1;1;2480;3508;357234;2120;1969;87;49;2120;1969;2207;1969;2207;2018;2120;2018;USD;AAA;TWTX;TOTAL_WITHOUT_TAX;TWTXS
invoice-2903.tiff;1;1;2480;3508;357235;1698;2023;78;54;1698;2023;1776;2023;1776;2077;1698;2077;Tax;AAA;undefined;OTHER;OTHER
invoice-2903.tiff;1;1;2480;3508;357236;1789;2023;173;54;1789;2023;1962;2023;1962;2077;1789;2077;Amount;AAAAAA;undefined;OTHER;OTHER
invoice-2903.tiff;1;1;2480;3508;357237;2004;2023;104;49;2004;2023;2108;2023;2108;2072;2004;2072;55,91;NNSNN;TTX;TOTAL_TAX;Total Tax
invoice-2903.tiff;1;1;2480;3508;357238;2120;2023;87;49;2120;2023;2207;2023;2207;2072;2120;2072;USD;AAA;TTX;TOTAL_TAX;Total Tax
invoice-2903.tiff;1;1;2480;3508;357239;1618;2078;173;54;1618;2078;1791;2078;1791;2132;1618;2132;Amount;AAAAAA;undefined;OTHER;OTHER
invoice-2903.tiff;1;1;2480;3508;357240;1804;2078;43;54;1804;2078;1847;2078;1847;2132;1804;2132;to;AA;undefined;OTHER;OTHER
invoice-2903.tiff;1;1;2480;3508;357241;1860;2078;78;54;1860;2078;1938;2078;1938;2132;1860;2132;pay;AAA;undefined;OTHER;OTHER
invoice-2903.tiff;1;1;2480;3508;357242;1981;2078;127;49;1981;2078;2108;2078;2108;2127;1981;2127;335,48;NNNSNN;TA;TOTAL_AMOUNT;Total with TAX
invoice-2903.tiff;1;1;2480;3508;357243;2120;2078;87;49;2120;2078;2207;2078;2207;2127;2120;2127;USD;AAA;TA;TOTAL_AMOUNT;Total with TAX
invoice-2903.tiff;1;1;2480;3508;357244;1035;3154;115;49;1035;3154;1150;3154;1150;3203;1035;3203;FOOT;AAAA;SN;SUPPLIER_NAME;Seller/Company) name
invoice-2903.tiff;1;1;2480;3508;357245;1163;3154;175;49;1163;3154;1338;3154;1338;3203;1163;3203;LOCKER;AAAAAA;SN;SUPPLIER_NAME;Seller/Company) name
invoice-2903.tiff;1;1;2480;3508;357246;692;3203;257;48;692;3203;949;3203;949;3251;692;3251;BOULEVARD;AAAAAAAAA;SA;SUPPLIER_ADDRESS;Seller Address
invoice-2903.tiff;1;1;2480;3508;357247;961;3203;57;48;961;3203;1018;3203;1018;3251;961;3251;DE;AA;SA;SUPPLIER_ADDRESS;Seller Address
invoice-2903.tiff;1;1;2480;3508;357248;1030;3203;171;48;1030;3203;1201;3203;1201;3251;1030;3251;FRANCE;AAAAAA;SA;SUPPLIER_ADDRESS;Seller Address
invoice-2903.tiff;1;1;2480;3508;357249;1210;3203;11;48;1210;3203;1221;3203;1221;3251;1210;3251;,;S;SA;SUPPLIER_ADDRESS;Seller Address
invoice-2903.tiff;1;1;2480;3508;357250;1233;3203;115;48;1233;3203;1348;3203;1348;3251;1233;3251;91000;NNNNN;SA;SUPPLIER_ADDRESS;Seller Address
invoice-2903.tiff;1;1;2480;3508;357251;1357;3203;113;48;1357;3203;1470;3203;1470;3251;1357;3251;EVRY;AAAA;SA;SUPPLIER_ADDRESS;Seller Address
invoice-2903.tiff;1;1;2480;3508;357252;1479;3203;11;48;1479;3203;1490;3203;1490;3251;1479;3251;,;S;SA;SUPPLIER_ADDRESS;Seller Address
invoice-2903.tiff;1;1;2480;3508;357253;1502;3203;171;48;1502;3203;1673;3203;1673;3251;1502;3251;FRANCE;AAAAAA;SA;SUPPLIER_ADDRESS;Seller Address
