src;num_pages;page_id;page_width;page_height;id;col;row;width;height;x1;y1;x2;y2;x3;y3;x4;y4;contents;contents_masked;correctclass;tag;description
invoice-1541.tiff;1;1;2480;3508;188888;124;62;443;175;124;62;567;62;567;237;124;237;common/logo;AAAAAASAAAA;img;IMAGE;Image
invoice-1541.tiff;1;1;2480;3508;188902;1541;270;56;59;1541;270;1597;270;1597;329;1541;329;N°;AS;undefined;OTHER;OTHER
invoice-1541.tiff;1;1;2480;3508;188903;1611;270;58;59;1611;270;1669;270;1669;329;1611;329;de;AA;undefined;OTHER;OTHER
invoice-1541.tiff;1;1;2480;3508;188904;1683;270;166;59;1683;270;1849;270;1849;329;1683;329;facture;AAAAAAA;undefined;OTHER;OTHER
invoice-1541.tiff;1;1;2480;3508;188905;1913;270;361;52;1913;270;2274;270;2274;322;1913;322;243-98829-17546;NNNSNNNNNSNNNNN;IN;INVOICE_NUMBER;Invoice Number
invoice-1541.tiff;1;1;2480;3508;188906;1541;351;66;59;1541;351;1607;351;1607;410;1541;410;Du;AA;undefined;OTHER;OTHER
invoice-1541.tiff;1;1;2480;3508;188907;1670;351;50;52;1670;351;1720;351;1720;403;1670;403;30;NN;IDATE;INVOICE_DATE;Invoice Date
invoice-1541.tiff;1;1;2480;3508;188908;1734;351;76;52;1734;351;1810;351;1810;403;1734;403;ene;AAA;IDATE;INVOICE_DATE;Invoice Date
invoice-1541.tiff;1;1;2480;3508;188909;1823;351;101;52;1823;351;1924;351;1924;403;1823;403;1992;NNNN;IDATE;INVOICE_DATE;Invoice Date
invoice-1541.tiff;1;1;2480;3508;188889;124;412;173;49;124;412;297;412;297;461;124;461;KLUBER;AAAAAA;SN;SUPPLIER_NAME;Seller/Company) name
invoice-1541.tiff;1;1;2480;3508;188890;124;462;69;48;124;462;193;462;193;510;124;510;431;NNN;SA;SUPPLIER_ADDRESS;Seller Address
invoice-1541.tiff;1;1;2480;3508;188891;206;462;171;48;206;462;377;462;377;510;206;510;AVENUE;AAAAAA;SA;SUPPLIER_ADDRESS;Seller Address
invoice-1541.tiff;1;1;2480;3508;188892;389;462;60;48;389;462;449;462;449;510;389;510;DU;AA;SA;SUPPLIER_ADDRESS;Seller Address
invoice-1541.tiff;1;1;2480;3508;188893;460;462;192;48;460;462;652;462;652;510;460;510;TOURING;AAAAAAA;SA;SUPPLIER_ADDRESS;Seller Address
invoice-1541.tiff;1;1;2480;3508;188894;124;510;115;48;124;510;239;510;239;558;124;558;40150;NNNNN;SA;SUPPLIER_ADDRESS;Seller Address
invoice-1541.tiff;1;1;2480;3508;188895;282;510;175;48;282;510;457;510;457;558;282;558;SOORTS;AAAAAA;SA;SUPPLIER_ADDRESS;Seller Address
invoice-1541.tiff;1;1;2480;3508;188896;470;510;240;48;470;510;710;510;710;558;470;558;HOSSEGOR;AAAAAAAA;SA;SUPPLIER_ADDRESS;Seller Address
invoice-1541.tiff;1;1;2480;3508;188897;124;558;171;48;124;558;295;558;295;606;124;606;FRANCE;AAAAAA;SA;SUPPLIER_ADDRESS;Seller Address
invoice-1541.tiff;1;1;2480;3508;188898;124;606;196;48;124;606;320;606;320;654;124;654;Téléphone;AAAAAAAAA;undefined;OTHER;OTHER
invoice-1541.tiff;1;1;2480;3508;188899;384;606;287;48;384;606;671;606;671;654;384;654;08-01-79-31-39;NNSNNSNNSNNSNN;SCN;SUPPLIER_CONTACT_NUMBER;Seller Contact Number
invoice-1541.tiff;1;1;2480;3508;188900;124;654;180;48;124;654;304;654;304;702;124;702;Télécopie;AAAAAAAAA;undefined;OTHER;OTHER
invoice-1541.tiff;1;1;2480;3508;188901;368;654;287;48;368;654;655;654;655;702;368;702;08-01-79-22-36;NNSNNSNNSNNSNN;SFAX;SUPPLIER_FAX_NUMBER;Seller Fax Number
invoice-1541.tiff;1;1;2480;3508;188910;124;1039;197;59;124;1039;321;1039;321;1098;124;1098;Adresse;AAAAAAA;undefined;OTHER;OTHER
invoice-1541.tiff;1;1;2480;3508;188911;336;1039;272;59;336;1039;608;1039;608;1098;336;1098;Facturation;AAAAAAAAAAA;undefined;OTHER;OTHER
invoice-1541.tiff;1;1;2480;3508;188912;124;1099;150;49;124;1099;274;1099;274;1148;124;1148;Océane;AAAAAA;BN;BILLING_NAME;Billing Name
invoice-1541.tiff;1;1;2480;3508;188913;287;1099;113;49;287;1099;400;1099;400;1148;287;1148;Remy;AAAA;BN;BILLING_NAME;Billing Name
invoice-1541.tiff;1;1;2480;3508;188914;124;1148;57;48;124;1148;181;1148;181;1196;124;1196;23,;NNS;BA;BILLING_ADDRESS;Billing Address
invoice-1541.tiff;1;1;2480;3508;188915;194;1148;136;48;194;1148;330;1148;330;1196;194;1196;avenue;AAAAAA;BA;BILLING_ADDRESS;Billing Address
invoice-1541.tiff;1;1;2480;3508;188916;342;1148;67;48;342;1148;409;1148;409;1196;342;1196;des;AAA;BA;BILLING_ADDRESS;Billing Address
invoice-1541.tiff;1;1;2480;3508;188917;421;1148;115;48;421;1148;536;1148;536;1196;421;1196;tilleuls;AAAAAAAA;BA;BILLING_ADDRESS;Billing Address
invoice-1541.tiff;1;1;2480;3508;188918;124;1197;115;48;124;1197;239;1197;239;1245;124;1245;89400;NNNNN;BA;BILLING_ADDRESS;Billing Address
invoice-1541.tiff;1;1;2480;3508;188919;282;1197;180;48;282;1197;462;1197;462;1245;282;1245;Migennes;AAAAAAAA;BA;BILLING_ADDRESS;Billing Address
invoice-1541.tiff;1;1;2480;3508;188932;1541;1201;51;54;1541;1201;1592;1201;1592;1255;1541;1255;N°;AS;undefined;OTHER;OTHER
invoice-1541.tiff;1;1;2480;3508;188933;1605;1201;53;54;1605;1201;1658;1201;1658;1255;1605;1255;de;AA;undefined;OTHER;OTHER
invoice-1541.tiff;1;1;2480;3508;188934;1672;1201;119;54;1672;1201;1791;1201;1791;1255;1672;1255;client;AAAAAA;undefined;OTHER;OTHER
invoice-1541.tiff;1;1;2480;3508;188935;2166;1201;236;48;2166;1201;2402;1201;2402;1249;2166;1249;849-788-148;NNNSNNNSNNN;CNUM;CLIENT_NUMBER;Client Number
invoice-1541.tiff;1;1;2480;3508;188920;124;1245;129;48;124;1245;253;1245;253;1293;124;1293;France;AAAAAA;BA;BILLING_ADDRESS;Billing Address
invoice-1541.tiff;1;1;2480;3508;188936;1541;1276;51;54;1541;1276;1592;1276;1592;1330;1541;1330;N°;AS;undefined;OTHER;OTHER
invoice-1541.tiff;1;1;2480;3508;188937;1605;1276;53;54;1605;1276;1658;1276;1658;1330;1605;1330;de;AA;undefined;OTHER;OTHER
invoice-1541.tiff;1;1;2480;3508;188938;1672;1276;241;54;1672;1276;1913;1276;1913;1330;1672;1330;commande;AAAAAAAA;undefined;OTHER;OTHER
invoice-1541.tiff;1;1;2480;3508;188939;2166;1276;152;48;2166;1276;2318;1276;2318;1324;2166;1324;432-807;NNNSNNN;ONUM;ORDER_NUMBER;Order Number
invoice-1541.tiff;1;1;2480;3508;188921;124;1335;197;59;124;1335;321;1335;321;1394;124;1394;Adresse;AAAAAAA;undefined;OTHER;OTHER
invoice-1541.tiff;1;1;2480;3508;188922;336;1335;222;59;336;1335;558;1335;558;1394;336;1394;Livraison;AAAAAAAAA;undefined;OTHER;OTHER
invoice-1541.tiff;1;1;2480;3508;188940;1541;1351;145;54;1541;1351;1686;1351;1686;1405;1541;1405;Moyen;AAAAA;undefined;OTHER;OTHER
invoice-1541.tiff;1;1;2480;3508;188941;1699;1351;53;54;1699;1351;1752;1351;1752;1405;1699;1405;de;AA;undefined;OTHER;OTHER
invoice-1541.tiff;1;1;2480;3508;188942;1765;1351;201;54;1765;1351;1966;1351;1966;1405;1765;1405;paiement;AAAAAAAA;undefined;OTHER;OTHER
invoice-1541.tiff;1;1;2480;3508;188943;2166;1351;127;48;2166;1351;2293;1351;2293;1399;2166;1399;Paypal;AAAAAA;PMODE;PAYMENT_MODE;Payment Mode
invoice-1541.tiff;1;1;2480;3508;188923;124;1394;150;49;124;1394;274;1394;274;1443;124;1443;Océane;AAAAAA;SHN;SHIPPING_NAME;Shipping Name
invoice-1541.tiff;1;1;2480;3508;188924;287;1394;113;49;287;1394;400;1394;400;1443;287;1443;Remy;AAAA;SHN;SHIPPING_NAME;Shipping Name
invoice-1541.tiff;1;1;2480;3508;188925;124;1444;57;48;124;1444;181;1444;181;1492;124;1492;23,;NNS;SHA;SHIPPING_ADDRESS;Shipping Address
invoice-1541.tiff;1;1;2480;3508;188926;194;1444;136;48;194;1444;330;1444;330;1492;194;1492;avenue;AAAAAA;SHA;SHIPPING_ADDRESS;Shipping Address
invoice-1541.tiff;1;1;2480;3508;188927;342;1444;67;48;342;1444;409;1444;409;1492;342;1492;des;AAA;SHA;SHIPPING_ADDRESS;Shipping Address
invoice-1541.tiff;1;1;2480;3508;188928;421;1444;115;48;421;1444;536;1444;536;1492;421;1492;tilleuls;AAAAAAAA;SHA;SHIPPING_ADDRESS;Shipping Address
invoice-1541.tiff;1;1;2480;3508;188929;124;1492;115;48;124;1492;239;1492;239;1540;124;1540;89400;NNNNN;SHA;SHIPPING_ADDRESS;Shipping Address
invoice-1541.tiff;1;1;2480;3508;188930;282;1492;180;48;282;1492;462;1492;462;1540;282;1540;Migennes;AAAAAAAA;SHA;SHIPPING_ADDRESS;Shipping Address
invoice-1541.tiff;1;1;2480;3508;188931;124;1540;129;48;124;1540;253;1540;253;1588;124;1588;France;AAAAAA;SHA;SHIPPING_ADDRESS;Shipping Address
invoice-1541.tiff;1;1;2480;3508;188944;157;1855;185;54;157;1855;342;1855;342;1909;157;1909;Quantité;AAAAAAAA;undefined;OTHER;OTHER
invoice-1541.tiff;1;1;2480;3508;188945;686;1855;252;54;686;1855;938;1855;938;1909;686;1909;Description;AAAAAAAAAAA;undefined;OTHER;OTHER
invoice-1541.tiff;1;1;2480;3508;188946;1281;1855;86;54;1281;1855;1367;1855;1367;1909;1281;1909;Prix;AAAA;undefined;OTHER;OTHER
invoice-1541.tiff;1;1;2480;3508;188947;1381;1855;170;54;1381;1855;1551;1855;1551;1909;1381;1909;Unitaire;AAAAAAAA;undefined;OTHER;OTHER
invoice-1541.tiff;1;1;2480;3508;188948;1611;1855;106;54;1611;1855;1717;1855;1717;1909;1611;1909;Taux;AAAA;undefined;OTHER;OTHER
invoice-1541.tiff;1;1;2480;3508;188949;1730;1855;53;54;1730;1855;1783;1855;1783;1909;1730;1909;de;AA;undefined;OTHER;OTHER
invoice-1541.tiff;1;1;2480;3508;188950;1797;1855;91;54;1797;1855;1888;1855;1888;1909;1797;1909;TVA;AAA;undefined;OTHER;OTHER
invoice-1541.tiff;1;1;2480;3508;188951;1957;1855;178;54;1957;1855;2135;1855;2135;1909;1957;1909;Montant;AAAAAAA;undefined;OTHER;OTHER
invoice-1541.tiff;1;1;2480;3508;188952;2148;1855;61;54;2148;1855;2209;1855;2209;1909;2148;1909;HT;AA;undefined;OTHER;OTHER
invoice-1541.tiff;1;1;2480;3508;188953;238;1931;23;49;238;1931;261;1931;261;1980;238;1980;4;N;undefined;OTHER;OTHER
invoice-1541.tiff;1;1;2480;3508;188954;375;1931;159;49;375;1931;534;1931;534;1980;375;1980;Tablette;AAAAAAAA;undefined;OTHER;OTHER
invoice-1541.tiff;1;1;2480;3508;188955;546;1931;159;49;546;1931;705;1931;705;1980;546;1980;Android;AAAAAAA;undefined;OTHER;OTHER
invoice-1541.tiff;1;1;2480;3508;188956;717;1931;134;49;717;1931;851;1931;851;1980;717;1980;Danew;AAAAA;undefined;OTHER;OTHER
invoice-1541.tiff;1;1;2480;3508;188957;863;1931;129;49;863;1931;992;1931;992;1980;863;1980;DSlide;AAAAAA;undefined;OTHER;OTHER
invoice-1541.tiff;1;1;2480;3508;188958;1004;1931;92;49;1004;1931;1096;1931;1096;1980;1004;1980;1017;NNNN;undefined;OTHER;OTHER
invoice-1541.tiff;1;1;2480;3508;188959;1108;1931;104;49;1108;1931;1212;1931;1212;1980;1108;1980;32Go;NNAA;undefined;OTHER;OTHER
invoice-1541.tiff;1;1;2480;3508;188960;1314;1931;104;49;1314;1931;1418;1931;1418;1980;1314;1980;83,32;NNSNN;undefined;OTHER;OTHER
invoice-1541.tiff;1;1;2480;3508;188961;1430;1931;87;49;1430;1931;1517;1931;1517;1980;1430;1980;EUR;AAA;undefined;OTHER;OTHER
invoice-1541.tiff;1;1;2480;3508;188962;1690;1931;118;49;1690;1931;1808;1931;1808;1980;1690;1980;20.0%;NNSNS;undefined;OTHER;OTHER
invoice-1541.tiff;1;1;2480;3508;188963;1969;1931;127;49;1969;1931;2096;1931;2096;1980;1969;1980;333,30;NNNSNN;undefined;OTHER;OTHER
invoice-1541.tiff;1;1;2480;3508;188964;2108;1931;87;49;2108;1931;2195;1931;2195;1980;2108;1980;EUR;AAA;undefined;OTHER;OTHER
invoice-1541.tiff;1;1;2480;3508;188965;238;2022;23;49;238;2022;261;2022;261;2071;238;2071;1;N;undefined;OTHER;OTHER
invoice-1541.tiff;1;1;2480;3508;188966;375;2022;138;49;375;2022;513;2022;513;2071;375;2071;Montre;AAAAAA;undefined;OTHER;OTHER
invoice-1541.tiff;1;1;2480;3508;188967;525;2022;104;49;525;2022;629;2022;629;2071;525;2071;sport;AAAAA;undefined;OTHER;OTHER
invoice-1541.tiff;1;1;2480;3508;188968;641;2022;88;49;641;2022;729;2022;729;2071;641;2071;GPS;AAA;undefined;OTHER;OTHER
invoice-1541.tiff;1;1;2480;3508;188969;740;2022;143;49;740;2022;883;2022;883;2071;740;2071;Suunto;AAAAAA;undefined;OTHER;OTHER
invoice-1541.tiff;1;1;2480;3508;188970;895;2022;173;49;895;2022;1068;2022;1068;2071;895;2071;Traverse;AAAAAAAA;undefined;OTHER;OTHER
invoice-1541.tiff;1;1;2480;3508;188971;1081;2022;145;49;1081;2022;1226;2022;1226;2071;1081;2071;Orange;AAAAAA;undefined;OTHER;OTHER
invoice-1541.tiff;1;1;2480;3508;188972;1303;2022;127;49;1303;2022;1430;2022;1430;2071;1303;2071;349,99;NNNSNN;undefined;OTHER;OTHER
invoice-1541.tiff;1;1;2480;3508;188973;1442;2022;87;49;1442;2022;1529;2022;1529;2071;1442;2071;EUR;AAA;undefined;OTHER;OTHER
invoice-1541.tiff;1;1;2480;3508;188974;1690;2022;118;49;1690;2022;1808;2022;1808;2071;1690;2071;20.0%;NNSNS;undefined;OTHER;OTHER
invoice-1541.tiff;1;1;2480;3508;188975;1969;2022;127;49;1969;2022;2096;2022;2096;2071;1969;2071;349,99;NNNSNN;undefined;OTHER;OTHER
invoice-1541.tiff;1;1;2480;3508;188976;2108;2022;87;49;2108;2022;2195;2022;2195;2071;2108;2071;EUR;AAA;undefined;OTHER;OTHER
invoice-1541.tiff;1;1;2480;3508;188977;238;2113;23;49;238;2113;261;2113;261;2162;238;2162;1;N;undefined;OTHER;OTHER
invoice-1541.tiff;1;1;2480;3508;188978;375;2113;148;49;375;2113;523;2113;523;2162;375;2162;Senseo;AAAAAA;undefined;OTHER;OTHER
invoice-1541.tiff;1;1;2480;3508;188979;534;2113;136;49;534;2113;670;2113;670;2162;534;2162;Philips;AAAAAAA;undefined;OTHER;OTHER
invoice-1541.tiff;1;1;2480;3508;188980;682;2113;210;49;682;2113;892;2113;892;2162;682;2162;HD6554/91;AANNNNSNN;undefined;OTHER;OTHER
invoice-1541.tiff;1;1;2480;3508;188981;905;2113;157;49;905;2113;1062;2113;1062;2162;905;2162;Original;AAAAAAAA;undefined;OTHER;OTHER
invoice-1541.tiff;1;1;2480;3508;188982;1074;2113;129;49;1074;2113;1203;2113;1203;2162;1074;2162;Rouge;AAAAA;undefined;OTHER;OTHER
invoice-1541.tiff;1;1;2480;3508;188983;1314;2113;104;49;1314;2113;1418;2113;1418;2162;1314;2162;66,66;NNSNN;undefined;OTHER;OTHER
invoice-1541.tiff;1;1;2480;3508;188984;1430;2113;87;49;1430;2113;1517;2113;1517;2162;1430;2162;EUR;AAA;undefined;OTHER;OTHER
invoice-1541.tiff;1;1;2480;3508;188985;1690;2113;118;49;1690;2113;1808;2113;1808;2162;1690;2162;20.0%;NNSNS;undefined;OTHER;OTHER
invoice-1541.tiff;1;1;2480;3508;188986;1981;2113;104;49;1981;2113;2085;2113;2085;2162;1981;2162;66,66;NNSNN;undefined;OTHER;OTHER
invoice-1541.tiff;1;1;2480;3508;188987;2097;2113;87;49;2097;2113;2184;2113;2184;2162;2097;2162;EUR;AAA;undefined;OTHER;OTHER
invoice-1541.tiff;1;1;2480;3508;188988;1687;2246;178;54;1687;2246;1865;2246;1865;2300;1687;2300;Montant;AAAAAAA;undefined;OTHER;OTHER
invoice-1541.tiff;1;1;2480;3508;188989;1878;2246;61;54;1878;2246;1939;2246;1939;2300;1878;2300;HT;AA;undefined;OTHER;OTHER
invoice-1541.tiff;1;1;2480;3508;188990;1981;2246;127;49;1981;2246;2108;2246;2108;2295;1981;2295;749,95;NNNSNN;TWTX;TOTAL_WITHOUT_TAX;TWTXS
invoice-1541.tiff;1;1;2480;3508;188991;2120;2246;87;49;2120;2246;2207;2246;2207;2295;2120;2295;EUR;AAA;TWTX;TOTAL_WITHOUT_TAX;TWTXS
invoice-1541.tiff;1;1;2480;3508;188992;1770;2301;106;54;1770;2301;1876;2301;1876;2355;1770;2355;Taux;AAAA;undefined;OTHER;OTHER
invoice-1541.tiff;1;1;2480;3508;188993;1890;2301;53;54;1890;2301;1943;2301;1943;2355;1890;2355;de;AA;undefined;OTHER;OTHER
invoice-1541.tiff;1;1;2480;3508;188994;1956;2301;91;54;1956;2301;2047;2301;2047;2355;1956;2355;TVA;AAA;undefined;OTHER;OTHER
invoice-1541.tiff;1;1;2480;3508;188995;2090;2301;118;49;2090;2301;2208;2301;2208;2350;2090;2350;20.0%;NNSNS;TXR;TAX_RATE;Tax Rate
invoice-1541.tiff;1;1;2480;3508;188996;1848;2355;91;54;1848;2355;1939;2355;1939;2409;1848;2409;TVA;AAA;undefined;OTHER;OTHER
invoice-1541.tiff;1;1;2480;3508;188997;1981;2355;127;49;1981;2355;2108;2355;2108;2404;1981;2404;149,99;NNNSNN;TTX;TOTAL_TAX;Total Tax
invoice-1541.tiff;1;1;2480;3508;188998;2120;2355;87;49;2120;2355;2207;2355;2207;2404;2120;2404;EUR;AAA;TTX;TOTAL_TAX;Total Tax
invoice-1541.tiff;1;1;2480;3508;188999;1728;2410;109;54;1728;2410;1837;2410;1837;2464;1728;2464;Total;AAAAA;undefined;OTHER;OTHER
invoice-1541.tiff;1;1;2480;3508;189000;1850;2410;89;54;1850;2410;1939;2410;1939;2464;1850;2464;TTC;AAA;undefined;OTHER;OTHER
invoice-1541.tiff;1;1;2480;3508;189001;1981;2410;127;49;1981;2410;2108;2410;2108;2459;1981;2459;899,94;NNNSNN;TA;TOTAL_AMOUNT;Total with TAX
invoice-1541.tiff;1;1;2480;3508;189002;2120;2410;87;49;2120;2410;2207;2410;2207;2459;2120;2459;EUR;AAA;TA;TOTAL_AMOUNT;Total with TAX
invoice-1541.tiff;1;1;2480;3508;189003;124;3175;173;49;124;3175;297;3175;297;3224;124;3224;KLUBER;AAAAAA;SN;SUPPLIER_NAME;Seller/Company) name
invoice-1541.tiff;1;1;2480;3508;189004;124;3224;69;48;124;3224;193;3224;193;3272;124;3272;431;NNN;SA;SUPPLIER_ADDRESS;Seller Address
invoice-1541.tiff;1;1;2480;3508;189005;206;3224;171;48;206;3224;377;3224;377;3272;206;3272;AVENUE;AAAAAA;SA;SUPPLIER_ADDRESS;Seller Address
invoice-1541.tiff;1;1;2480;3508;189006;389;3224;60;48;389;3224;449;3224;449;3272;389;3272;DU;AA;SA;SUPPLIER_ADDRESS;Seller Address
invoice-1541.tiff;1;1;2480;3508;189007;460;3224;192;48;460;3224;652;3224;652;3272;460;3272;TOURING;AAAAAAA;SA;SUPPLIER_ADDRESS;Seller Address
invoice-1541.tiff;1;1;2480;3508;189008;124;3272;115;48;124;3272;239;3272;239;3320;124;3320;40150;NNNNN;SA;SUPPLIER_ADDRESS;Seller Address
invoice-1541.tiff;1;1;2480;3508;189009;282;3272;175;48;282;3272;457;3272;457;3320;282;3320;SOORTS;AAAAAA;SA;SUPPLIER_ADDRESS;Seller Address
invoice-1541.tiff;1;1;2480;3508;189010;470;3272;240;48;470;3272;710;3272;710;3320;470;3320;HOSSEGOR;AAAAAAAA;SA;SUPPLIER_ADDRESS;Seller Address
invoice-1541.tiff;1;1;2480;3508;189011;124;3320;171;48;124;3320;295;3320;295;3368;124;3368;FRANCE;AAAAAA;SA;SUPPLIER_ADDRESS;Seller Address
