src;num_pages;page_id;page_width;page_height;id;col;row;width;height;x1;y1;x2;y2;x3;y3;x4;y4;contents;contents_masked;correctclass;tag;description
invoice-1995.tiff;1;1;2480;3508;245035;124;62;121;175;124;62;245;62;245;237;124;237;common/logo;AAAAAASAAAA;img;IMAGE;Image
invoice-1995.tiff;1;1;2480;3508;245036;833;237;99;48;833;237;932;237;932;285;833;285;CMA;AAA;SN;SUPPLIER_NAME;Seller/Company) name
invoice-1995.tiff;1;1;2480;3508;245037;943;237;199;48;943;237;1142;237;1142;285;943;285;FEIGNIES;AAAAAAAA;SN;SUPPLIER_NAME;Seller/Company) name
invoice-1995.tiff;1;1;2480;3508;245046;1541;237;106;45;1541;237;1647;237;1647;282;1541;282;Phone;AAAAA;undefined;OTHER;OTHER
invoice-1995.tiff;1;1;2480;3508;245047;1710;237;263;45;1710;237;1973;237;1973;282;1710;282;00-31-74-95-08;NNSNNSNNSNNSNN;SCN;SUPPLIER_CONTACT_NUMBER;Seller Contact Number
invoice-1995.tiff;1;1;2480;3508;245048;1541;283;64;45;1541;283;1605;283;1605;328;1541;328;Fax;AAA;undefined;OTHER;OTHER
invoice-1995.tiff;1;1;2480;3508;245049;1668;283;263;45;1668;283;1931;283;1931;328;1668;328;00-31-74-57-53;NNSNNSNNSNNSNN;SFAX;SUPPLIER_FAX_NUMBER;Seller Fax Number
invoice-1995.tiff;1;1;2480;3508;245038;833;285;41;45;833;285;874;285;874;330;833;330;95;NN;SA;SUPPLIER_ADDRESS;Seller Address
invoice-1995.tiff;1;1;2480;3508;245039;885;285;81;45;885;285;966;285;966;330;885;330;RUE;AAA;SA;SUPPLIER_ADDRESS;Seller Address
invoice-1995.tiff;1;1;2480;3508;245040;976;285;55;45;976;285;1031;285;1031;330;976;330;DE;AA;SA;SUPPLIER_ADDRESS;Seller Address
invoice-1995.tiff;1;1;2480;3508;245041;1042;285;108;45;1042;285;1150;285;1150;330;1042;330;NEUF;AAAA;SA;SUPPLIER_ADDRESS;Seller Address
invoice-1995.tiff;1;1;2480;3508;245042;1162;285;145;45;1162;285;1307;285;1307;330;1162;330;MESNIL;AAAAAA;SA;SUPPLIER_ADDRESS;Seller Address
invoice-1995.tiff;1;1;2480;3508;245043;833;331;104;45;833;331;937;331;937;376;833;376;59750;NNNNN;SA;SUPPLIER_ADDRESS;Seller Address
invoice-1995.tiff;1;1;2480;3508;245044;979;331;182;45;979;331;1161;331;1161;376;979;376;FEIGNIES;AAAAAAAA;SA;SUPPLIER_ADDRESS;Seller Address
invoice-1995.tiff;1;1;2480;3508;245045;833;377;157;45;833;377;990;377;990;422;833;422;FRANCE;AAAAAA;SA;SUPPLIER_ADDRESS;Seller Address
invoice-1995.tiff;1;1;2480;3508;245050;124;807;84;48;124;807;208;807;208;855;124;855;Mrs.;AAAS;BN;BILLING_NAME;Billing Name
invoice-1995.tiff;1;1;2480;3508;245051;219;807;94;48;219;807;313;807;313;855;219;855;Aliya;AAAAA;BN;BILLING_NAME;Billing Name
invoice-1995.tiff;1;1;2480;3508;245052;325;807;148;48;325;807;473;807;473;855;325;855;Erdman;AAAAAA;BN;BILLING_NAME;Billing Name
invoice-1995.tiff;1;1;2480;3508;245053;124;855;52;45;124;855;176;855;176;900;124;900;58,;NNS;BA;BILLING_ADDRESS;Billing Address
invoice-1995.tiff;1;1;2480;3508;245054;187;855;55;45;187;855;242;855;242;900;187;900;rue;AAA;BA;BILLING_ADDRESS;Billing Address
invoice-1995.tiff;1;1;2480;3508;245055;253;855;124;45;253;855;377;855;377;900;253;900;pasteur;AAAAAAA;BA;BILLING_ADDRESS;Billing Address
invoice-1995.tiff;1;1;2480;3508;245056;124;901;104;45;124;901;228;901;228;946;124;946;27160;NNNNN;BA;BILLING_ADDRESS;Billing Address
invoice-1995.tiff;1;1;2480;3508;245057;270;901;134;45;270;901;404;901;404;946;270;946;Breteuil;AAAAAAAA;BA;BILLING_ADDRESS;Billing Address
invoice-1995.tiff;1;1;2480;3508;245070;1541;903;142;52;1541;903;1683;903;1683;955;1541;955;Invoice;AAAAAAA;undefined;OTHER;OTHER
invoice-1995.tiff;1;1;2480;3508;245071;1695;903;195;52;1695;903;1890;903;1890;955;1695;955;Reference;AAAAAAAAA;undefined;OTHER;OTHER
invoice-1995.tiff;1;1;2480;3508;245072;2166;903;208;46;2166;903;2374;903;2374;949;2166;949;8148239002;NNNNNNNNNN;IN;INVOICE_NUMBER;Invoice Number
invoice-1995.tiff;1;1;2480;3508;245058;124;946;120;45;124;946;244;946;244;991;124;991;France;AAAAAA;BA;BILLING_ADDRESS;Billing Address
invoice-1995.tiff;1;1;2480;3508;245073;1541;976;142;52;1541;976;1683;976;1683;1028;1541;1028;Invoice;AAAAAAA;undefined;OTHER;OTHER
invoice-1995.tiff;1;1;2480;3508;245074;1695;976;91;52;1695;976;1786;976;1786;1028;1695;1028;Date;AAAA;undefined;OTHER;OTHER
invoice-1995.tiff;1;1;2480;3508;245075;2166;976;50;46;2166;976;2216;976;2216;1022;2166;1022;dic;AAA;IDATE;INVOICE_DATE;Invoice Date
invoice-1995.tiff;1;1;2480;3508;245076;2227;976;31;46;2227;976;2258;976;2258;1022;2227;1022;1,;NS;IDATE;INVOICE_DATE;Invoice Date
invoice-1995.tiff;1;1;2480;3508;245077;2269;976;83;46;2269;976;2352;976;2352;1022;2269;1022;1978;NNNN;IDATE;INVOICE_DATE;Invoice Date
invoice-1995.tiff;1;1;2480;3508;245059;124;1034;180;57;124;1034;304;1034;304;1091;124;1091;Delivery;AAAAAAAA;undefined;OTHER;OTHER
invoice-1995.tiff;1;1;2480;3508;245060;318;1034;175;57;318;1034;493;1034;493;1091;318;1091;Address;AAAAAAA;undefined;OTHER;OTHER
invoice-1995.tiff;1;1;2480;3508;245078;1541;1050;122;52;1541;1050;1663;1050;1663;1102;1541;1102;Order;AAAAA;undefined;OTHER;OTHER
invoice-1995.tiff;1;1;2480;3508;245079;1675;1050;195;52;1675;1050;1870;1050;1870;1102;1675;1102;Reference;AAAAAAAAA;undefined;OTHER;OTHER
invoice-1995.tiff;1;1;2480;3508;245080;2166;1050;83;46;2166;1050;2249;1050;2249;1096;2166;1096;8139;NNNN;ONUM;ORDER_NUMBER;Order Number
invoice-1995.tiff;1;1;2480;3508;245061;124;1092;84;48;124;1092;208;1092;208;1140;124;1140;Mrs.;AAAS;SHN;SHIPPING_NAME;Shipping Name
invoice-1995.tiff;1;1;2480;3508;245062;219;1092;94;48;219;1092;313;1092;313;1140;219;1140;Aliya;AAAAA;SHN;SHIPPING_NAME;Shipping Name
invoice-1995.tiff;1;1;2480;3508;245063;325;1092;148;48;325;1092;473;1092;473;1140;325;1140;Erdman;AAAAAA;SHN;SHIPPING_NAME;Shipping Name
invoice-1995.tiff;1;1;2480;3508;245064;124;1140;52;45;124;1140;176;1140;176;1185;124;1185;58,;NNS;SHA;SHIPPING_ADDRESS;Shipping Address
invoice-1995.tiff;1;1;2480;3508;245065;187;1140;55;45;187;1140;242;1140;242;1185;187;1185;rue;AAA;SHA;SHIPPING_ADDRESS;Shipping Address
invoice-1995.tiff;1;1;2480;3508;245066;253;1140;124;45;253;1140;377;1140;377;1185;253;1185;pasteur;AAAAAAA;SHA;SHIPPING_ADDRESS;Shipping Address
invoice-1995.tiff;1;1;2480;3508;245067;124;1185;104;45;124;1185;228;1185;228;1230;124;1230;27160;NNNNN;SHA;SHIPPING_ADDRESS;Shipping Address
invoice-1995.tiff;1;1;2480;3508;245068;270;1185;134;45;270;1185;404;1185;404;1230;270;1230;Breteuil;AAAAAAAA;SHA;SHIPPING_ADDRESS;Shipping Address
invoice-1995.tiff;1;1;2480;3508;245069;124;1231;120;45;124;1231;244;1231;244;1276;124;1276;France;AAAAAA;SHA;SHIPPING_ADDRESS;Shipping Address
invoice-1995.tiff;1;1;2480;3508;245081;364;1555;157;52;364;1555;521;1555;521;1607;364;1607;Product;AAAAAAA;undefined;OTHER;OTHER
invoice-1995.tiff;1;1;2480;3508;245082;533;1555;226;52;533;1555;759;1555;759;1607;533;1607;Description;AAAAAAAAAAA;undefined;OTHER;OTHER
invoice-1995.tiff;1;1;2480;3508;245083;1037;1555;175;52;1037;1555;1212;1555;1212;1607;1037;1607;Quantity;AAAAAAAA;undefined;OTHER;OTHER
invoice-1995.tiff;1;1;2480;3508;245084;1316;1555;86;52;1316;1555;1402;1555;1402;1607;1316;1607;Unit;AAAA;undefined;OTHER;OTHER
invoice-1995.tiff;1;1;2480;3508;245085;1414;1555;101;52;1414;1555;1515;1555;1515;1607;1414;1607;Price;AAAAA;undefined;OTHER;OTHER
invoice-1995.tiff;1;1;2480;3508;245086;1650;1555;96;52;1650;1555;1746;1555;1746;1607;1650;1607;TVA;AAA;undefined;OTHER;OTHER
invoice-1995.tiff;1;1;2480;3508;245087;1758;1555;91;52;1758;1555;1849;1555;1849;1607;1758;1607;Rate;AAAA;undefined;OTHER;OTHER
invoice-1995.tiff;1;1;2480;3508;245088;2031;1555;104;52;2031;1555;2135;1555;2135;1607;2031;1607;Total;AAAAA;undefined;OTHER;OTHER
invoice-1995.tiff;1;1;2480;3508;245089;124;1628;90;48;124;1628;214;1628;214;1676;124;1676;Prise;AAAAA;undefined;OTHER;OTHER
invoice-1995.tiff;1;1;2480;3508;245090;225;1628;173;48;225;1628;398;1628;398;1676;225;1676;connect√©e;AAAAAAAAA;undefined;OTHER;OTHER
invoice-1995.tiff;1;1;2480;3508;245091;409;1628;101;48;409;1628;510;1628;510;1676;409;1676;Awox;AAAA;undefined;OTHER;OTHER
invoice-1995.tiff;1;1;2480;3508;245092;521;1628;226;48;521;1628;747;1628;747;1676;521;1676;SmartPLUG;AAAAAAAAA;undefined;OTHER;OTHER
invoice-1995.tiff;1;1;2480;3508;245093;1114;1628;20;48;1114;1628;1134;1628;1134;1676;1114;1676;2;N;undefined;OTHER;OTHER
invoice-1995.tiff;1;1;2480;3508;245094;1320;1628;93;48;1320;1628;1413;1628;1413;1676;1320;1676;16,58;NNSNN;undefined;OTHER;OTHER
invoice-1995.tiff;1;1;2480;3508;245095;1424;1628;87;48;1424;1628;1511;1628;1511;1676;1424;1676;EUR;AAA;undefined;OTHER;OTHER
invoice-1995.tiff;1;1;2480;3508;245096;1692;1628;114;48;1692;1628;1806;1628;1806;1676;1692;1676;20.0%;NNSNS;undefined;OTHER;OTHER
invoice-1995.tiff;1;1;2480;3508;245097;1987;1628;93;48;1987;1628;2080;1628;2080;1676;1987;1676;33,17;NNSNN;undefined;OTHER;OTHER
invoice-1995.tiff;1;1;2480;3508;245098;2091;1628;87;48;2091;1628;2178;1628;2178;1676;2091;1676;EUR;AAA;undefined;OTHER;OTHER
invoice-1995.tiff;1;1;2480;3508;245099;124;1718;131;48;124;1718;255;1718;255;1766;124;1766;Casque;AAAAAA;undefined;OTHER;OTHER
invoice-1995.tiff;1;1;2480;3508;245100;267;1718;113;48;267;1718;380;1718;380;1766;267;1766;gamer;AAAAA;undefined;OTHER;OTHER
invoice-1995.tiff;1;1;2480;3508;245101;391;1718;113;48;391;1718;504;1718;504;1766;391;1766;Turtle;AAAAAA;undefined;OTHER;OTHER
invoice-1995.tiff;1;1;2480;3508;245102;515;1718;108;48;515;1718;623;1718;623;1766;515;1766;Beach;AAAAA;undefined;OTHER;OTHER
invoice-1995.tiff;1;1;2480;3508;245103;634;1718;111;48;634;1718;745;1718;745;1766;634;1766;Recon;AAAAA;undefined;OTHER;OTHER
invoice-1995.tiff;1;1;2480;3508;245104;755;1718;71;48;755;1718;826;1718;826;1766;755;1766;30X;NNA;undefined;OTHER;OTHER
invoice-1995.tiff;1;1;2480;3508;245105;1114;1718;20;48;1114;1718;1134;1718;1134;1766;1114;1766;1;N;undefined;OTHER;OTHER
invoice-1995.tiff;1;1;2480;3508;245106;1320;1718;93;48;1320;1718;1413;1718;1413;1766;1320;1766;20,83;NNSNN;undefined;OTHER;OTHER
invoice-1995.tiff;1;1;2480;3508;245107;1424;1718;87;48;1424;1718;1511;1718;1511;1766;1424;1766;EUR;AAA;undefined;OTHER;OTHER
invoice-1995.tiff;1;1;2480;3508;245108;1692;1718;114;48;1692;1718;1806;1718;1806;1766;1692;1766;20.0%;NNSNS;undefined;OTHER;OTHER
invoice-1995.tiff;1;1;2480;3508;245109;1987;1718;93;48;1987;1718;2080;1718;2080;1766;1987;1766;20,83;NNSNN;undefined;OTHER;OTHER
invoice-1995.tiff;1;1;2480;3508;245110;2091;1718;87;48;2091;1718;2178;1718;2178;1766;2091;1766;EUR;AAA;undefined;OTHER;OTHER
invoice-1995.tiff;1;1;2480;3508;245111;124;1808;141;48;124;1808;265;1808;265;1856;124;1856;Blender;AAAAAAA;undefined;OTHER;OTHER
invoice-1995.tiff;1;1;2480;3508;245112;276;1808;169;48;276;1808;445;1808;445;1856;276;1856;Kenwood;AAAAAAA;undefined;OTHER;OTHER
invoice-1995.tiff;1;1;2480;3508;245113;456;1808;217;48;456;1808;673;1808;673;1856;456;1856;BLP610WH;AAANNNAA;undefined;OTHER;OTHER
invoice-1995.tiff;1;1;2480;3508;245114;1114;1808;20;48;1114;1808;1134;1808;1134;1856;1114;1856;1;N;undefined;OTHER;OTHER
invoice-1995.tiff;1;1;2480;3508;245115;1320;1808;93;48;1320;1808;1413;1808;1413;1856;1320;1856;54,33;NNSNN;undefined;OTHER;OTHER
invoice-1995.tiff;1;1;2480;3508;245116;1424;1808;87;48;1424;1808;1511;1808;1511;1856;1424;1856;EUR;AAA;undefined;OTHER;OTHER
invoice-1995.tiff;1;1;2480;3508;245117;1692;1808;114;48;1692;1808;1806;1808;1806;1856;1692;1856;20.0%;NNSNS;undefined;OTHER;OTHER
invoice-1995.tiff;1;1;2480;3508;245118;1987;1808;93;48;1987;1808;2080;1808;2080;1856;1987;1856;54,33;NNSNN;undefined;OTHER;OTHER
invoice-1995.tiff;1;1;2480;3508;245119;2091;1808;87;48;2091;1808;2178;1808;2178;1856;2091;1856;EUR;AAA;undefined;OTHER;OTHER
invoice-1995.tiff;1;1;2480;3508;245120;1916;1939;104;51;1916;1939;2020;1939;2020;1990;1916;1990;DISC;AAAA;undefined;OTHER;OTHER
invoice-1995.tiff;1;1;2480;3508;245121;2041;1939;72;46;2041;1939;2113;1939;2113;1985;2041;1985;0,00;NSNN;undefined;OTHER;OTHER
invoice-1995.tiff;1;1;2480;3508;245122;2125;1939;83;46;2125;1939;2208;1939;2208;1985;2125;1985;EUR;AAA;undefined;OTHER;OTHER
invoice-1995.tiff;1;1;2480;3508;245123;1861;1990;96;51;1861;1990;1957;1990;1957;2041;1861;2041;Total;AAAAA;undefined;OTHER;OTHER
invoice-1995.tiff;1;1;2480;3508;245124;1999;1990;114;46;1999;1990;2113;1990;2113;2036;1999;2036;108,32;NNNSNN;TWTX;TOTAL_WITHOUT_TAX;TWTXS
invoice-1995.tiff;1;1;2480;3508;245125;2125;1990;83;46;2125;1990;2208;1990;2208;2036;2125;2036;EUR;AAA;TWTX;TOTAL_WITHOUT_TAX;TWTXS
invoice-1995.tiff;1;1;2480;3508;245126;1869;2042;94;51;1869;2042;1963;2042;1963;2093;1869;2093;TVA;AAA;undefined;OTHER;OTHER
invoice-1995.tiff;1;1;2480;3508;245127;1975;2042;84;51;1975;2042;2059;2042;2059;2093;1975;2093;Rate;AAAA;undefined;OTHER;OTHER
invoice-1995.tiff;1;1;2480;3508;245128;2100;2042;107;46;2100;2042;2207;2042;2207;2088;2100;2088;20.0%;NNSNS;TXR;TAX_RATE;Tax Rate
invoice-1995.tiff;1;1;2480;3508;245129;1746;2093;71;51;1746;2093;1817;2093;1817;2144;1746;2144;Tax;AAA;undefined;OTHER;OTHER
invoice-1995.tiff;1;1;2480;3508;245130;1828;2093;150;51;1828;2093;1978;2093;1978;2144;1828;2144;Amount;AAAAAA;undefined;OTHER;OTHER
invoice-1995.tiff;1;1;2480;3508;245131;2020;2093;93;46;2020;2093;2113;2093;2113;2139;2020;2139;21,66;NNSNN;TTX;TOTAL_TAX;Total Tax
invoice-1995.tiff;1;1;2480;3508;245132;2125;2093;83;46;2125;2093;2208;2093;2208;2139;2125;2139;EUR;AAA;TTX;TOTAL_TAX;Total Tax
invoice-1995.tiff;1;1;2480;3508;245133;1683;2144;150;51;1683;2144;1833;2144;1833;2195;1683;2195;Amount;AAAAAA;undefined;OTHER;OTHER
invoice-1995.tiff;1;1;2480;3508;245134;1845;2144;35;51;1845;2144;1880;2144;1880;2195;1845;2195;to;AA;undefined;OTHER;OTHER
invoice-1995.tiff;1;1;2480;3508;245135;1892;2144;66;51;1892;2144;1958;2144;1958;2195;1892;2195;pay;AAA;undefined;OTHER;OTHER
invoice-1995.tiff;1;1;2480;3508;245136;1999;2144;114;46;1999;2144;2113;2144;2113;2190;1999;2190;129,98;NNNSNN;TA;TOTAL_AMOUNT;Total with TAX
invoice-1995.tiff;1;1;2480;3508;245137;2125;2144;83;46;2125;2144;2208;2144;2208;2190;2125;2190;EUR;AAA;TA;TOTAL_AMOUNT;Total with TAX
invoice-1995.tiff;1;1;2480;3508;245138;124;2523;173;52;124;2523;297;2523;297;2575;124;2575;Payment;AAAAAAA;undefined;OTHER;OTHER
invoice-1995.tiff;1;1;2480;3508;245139;309;2523;84;52;309;2523;393;2523;393;2575;309;2575;type;AAAA;undefined;OTHER;OTHER
invoice-1995.tiff;1;1;2480;3508;245140;750;2523;104;46;750;2523;854;2523;854;2569;750;2569;Credit;AAAAAA;PMODE;PAYMENT_MODE;Payment Mode
invoice-1995.tiff;1;1;2480;3508;245141;864;2523;71;46;864;2523;935;2523;935;2569;864;2569;card;AAAA;PMODE;PAYMENT_MODE;Payment Mode
invoice-1995.tiff;1;1;2480;3508;245142;1187;3175;99;48;1187;3175;1286;3175;1286;3223;1187;3223;CMA;AAA;SN;SUPPLIER_NAME;Seller/Company) name
invoice-1995.tiff;1;1;2480;3508;245143;1297;3175;199;48;1297;3175;1496;3175;1496;3223;1297;3223;FEIGNIES;AAAAAAAA;SN;SUPPLIER_NAME;Seller/Company) name
invoice-1995.tiff;1;1;2480;3508;245144;1187;3223;41;45;1187;3223;1228;3223;1228;3268;1187;3268;95;NN;SA;SUPPLIER_ADDRESS;Seller Address
invoice-1995.tiff;1;1;2480;3508;245145;1239;3223;81;45;1239;3223;1320;3223;1320;3268;1239;3268;RUE;AAA;SA;SUPPLIER_ADDRESS;Seller Address
invoice-1995.tiff;1;1;2480;3508;245146;1331;3223;55;45;1331;3223;1386;3223;1386;3268;1331;3268;DE;AA;SA;SUPPLIER_ADDRESS;Seller Address
invoice-1995.tiff;1;1;2480;3508;245147;1396;3223;108;45;1396;3223;1504;3223;1504;3268;1396;3268;NEUF;AAAA;SA;SUPPLIER_ADDRESS;Seller Address
invoice-1995.tiff;1;1;2480;3508;245148;1516;3223;145;45;1516;3223;1661;3223;1661;3268;1516;3268;MESNIL;AAAAAA;SA;SUPPLIER_ADDRESS;Seller Address
invoice-1995.tiff;1;1;2480;3508;245149;1187;3268;104;45;1187;3268;1291;3268;1291;3313;1187;3313;59750;NNNNN;SA;SUPPLIER_ADDRESS;Seller Address
invoice-1995.tiff;1;1;2480;3508;245150;1333;3268;182;45;1333;3268;1515;3268;1515;3313;1333;3313;FEIGNIES;AAAAAAAA;SA;SUPPLIER_ADDRESS;Seller Address
invoice-1995.tiff;1;1;2480;3508;245151;1187;3314;157;45;1187;3314;1344;3314;1344;3359;1187;3359;FRANCE;AAAAAA;SA;SUPPLIER_ADDRESS;Seller Address
