src;num_pages;page_id;page_width;page_height;id;col;row;width;height;x1;y1;x2;y2;x3;y3;x4;y4;contents;contents_masked;correctclass;tag;description
invoice-3295.tiff;1;1;2480;3508;405570;124;62;542;175;124;62;666;62;666;237;124;237;common/logo;AAAAAASAAAA;img;IMAGE;Image
invoice-3295.tiff;1;1;2480;3508;405571;833;237;173;45;833;237;1006;237;1006;282;833;282;Téléphone;AAAAAAAAA;undefined;OTHER;OTHER
invoice-3295.tiff;1;1;2480;3508;405572;1069;237;263;45;1069;237;1332;237;1332;282;1069;282;03-54-83-44-80;NNSNNSNNSNNSNN;SCN;SUPPLIER_CONTACT_NUMBER;Seller Contact Number
invoice-3295.tiff;1;1;2480;3508;405575;1541;237;203;48;1541;237;1744;237;1744;285;1541;285;ELEVAGE;AAAAAAA;SN;SUPPLIER_NAME;Seller/Company) name
invoice-3295.tiff;1;1;2480;3508;405576;1755;237;78;48;1755;237;1833;237;1833;285;1755;285;LES;AAA;SN;SUPPLIER_NAME;Seller/Company) name
invoice-3295.tiff;1;1;2480;3508;405577;1844;237;124;48;1844;237;1968;237;1968;285;1844;285;MINIS;AAAAA;SN;SUPPLIER_NAME;Seller/Company) name
invoice-3295.tiff;1;1;2480;3508;405578;1980;237;57;48;1980;237;2037;237;2037;285;1980;285;DE;AA;SN;SUPPLIER_NAME;Seller/Company) name
invoice-3295.tiff;1;1;2480;3508;405579;2048;237;238;48;2048;237;2286;237;2286;285;2048;285;LOUTHANE;AAAAAAAA;SN;SUPPLIER_NAME;Seller/Company) name
invoice-3295.tiff;1;1;2480;3508;405573;833;283;162;45;833;283;995;283;995;328;833;328;Télécopie;AAAAAAAAA;undefined;OTHER;OTHER
invoice-3295.tiff;1;1;2480;3508;405574;1057;283;263;45;1057;283;1320;283;1320;328;1057;328;03-54-83-33-22;NNSNNSNNSNNSNN;SFAX;SUPPLIER_FAX_NUMBER;Seller Fax Number
invoice-3295.tiff;1;1;2480;3508;405580;1541;285;81;45;1541;285;1622;285;1622;330;1541;330;MAS;AAA;SA;SUPPLIER_ADDRESS;Seller Address
invoice-3295.tiff;1;1;2480;3508;405581;1633;285;55;45;1633;285;1688;285;1688;330;1633;330;DE;AA;SA;SUPPLIER_ADDRESS;Seller Address
invoice-3295.tiff;1;1;2480;3508;405582;1699;285;254;45;1699;285;1953;285;1953;330;1699;330;PEYCHERING;AAAAAAAAAA;SA;SUPPLIER_ADDRESS;Seller Address
invoice-3295.tiff;1;1;2480;3508;405583;1541;331;104;45;1541;331;1645;331;1645;376;1541;376;34130;NNNNN;SA;SUPPLIER_ADDRESS;Seller Address
invoice-3295.tiff;1;1;2480;3508;405584;1687;331;254;45;1687;331;1941;331;1941;376;1687;376;LANSARGUES;AAAAAAAAAA;SA;SUPPLIER_ADDRESS;Seller Address
invoice-3295.tiff;1;1;2480;3508;405585;1541;377;157;45;1541;377;1698;377;1698;422;1541;422;FRANCE;AAAAAA;SA;SUPPLIER_ADDRESS;Seller Address
invoice-3295.tiff;1;1;2480;3508;405597;1541;749;261;57;1541;749;1802;749;1802;806;1541;806;Destinataire;AAAAAAAAAAAA;undefined;OTHER;OTHER
invoice-3295.tiff;1;1;2480;3508;405598;1541;807;131;48;1541;807;1672;807;1672;855;1541;855;Juliette;AAAAAAAA;BN;BILLING_NAME;Billing Name
invoice-3295.tiff;1;1;2480;3508;405599;1684;807;141;48;1684;807;1825;807;1825;855;1684;855;Renault;AAAAAAA;BN;BILLING_NAME;Billing Name
invoice-3295.tiff;1;1;2480;3508;405600;1541;855;31;45;1541;855;1572;855;1572;900;1541;900;5,;NS;BA;BILLING_ADDRESS;Billing Address
invoice-3295.tiff;1;1;2480;3508;405601;1583;855;120;45;1583;855;1703;855;1703;900;1583;900;chemin;AAAAAA;BA;BILLING_ADDRESS;Billing Address
invoice-3295.tiff;1;1;2480;3508;405602;1714;855;39;45;1714;855;1753;855;1753;900;1714;900;de;AA;BA;BILLING_ADDRESS;Billing Address
invoice-3295.tiff;1;1;2480;3508;405603;1763;855;145;45;1763;855;1908;855;1908;900;1763;900;millassis;AAAAAAAAA;BA;BILLING_ADDRESS;Billing Address
invoice-3295.tiff;1;1;2480;3508;405604;1541;901;104;45;1541;901;1645;901;1645;946;1541;946;31770;NNNNN;BA;BILLING_ADDRESS;Billing Address
invoice-3295.tiff;1;1;2480;3508;405605;1687;901;173;45;1687;901;1860;901;1860;946;1687;946;Colomiers;AAAAAAAAA;BA;BILLING_ADDRESS;Billing Address
invoice-3295.tiff;1;1;2480;3508;405586;124;939;160;52;124;939;284;939;284;991;124;991;Numéro;AAAAAA;undefined;OTHER;OTHER
invoice-3295.tiff;1;1;2480;3508;405587;296;939;45;52;296;939;341;939;341;991;296;991;de;AA;undefined;OTHER;OTHER
invoice-3295.tiff;1;1;2480;3508;405588;354;939;139;52;354;939;493;939;493;991;354;991;facture;AAAAAAA;undefined;OTHER;OTHER
invoice-3295.tiff;1;1;2480;3508;405589;750;939;208;46;750;939;958;939;958;985;750;985;6287963710;NNNNNNNNNN;IN;INVOICE_NUMBER;Invoice Number
invoice-3295.tiff;1;1;2480;3508;405606;1541;946;120;45;1541;946;1661;946;1661;991;1541;991;France;AAAAAA;BA;BILLING_ADDRESS;Billing Address
invoice-3295.tiff;1;1;2480;3508;405590;124;1013;91;52;124;1013;215;1013;215;1065;124;1065;Date;AAAA;undefined;OTHER;OTHER
invoice-3295.tiff;1;1;2480;3508;405591;228;1013;45;52;228;1013;273;1013;273;1065;228;1065;de;AA;undefined;OTHER;OTHER
invoice-3295.tiff;1;1;2480;3508;405592;285;1013;35;52;285;1013;320;1013;320;1065;285;1065;la;AA;undefined;OTHER;OTHER
invoice-3295.tiff;1;1;2480;3508;405593;332;1013;139;52;332;1013;471;1013;471;1065;332;1065;facture;AAAAAAA;undefined;OTHER;OTHER
invoice-3295.tiff;1;1;2480;3508;405594;750;1013;41;46;750;1013;791;1013;791;1059;750;1059;23;NN;IDATE;INVOICE_DATE;Invoice Date
invoice-3295.tiff;1;1;2480;3508;405595;802;1013;62;46;802;1013;864;1013;864;1059;802;1059;nov;AAA;IDATE;INVOICE_DATE;Invoice Date
invoice-3295.tiff;1;1;2480;3508;405596;874;1013;83;46;874;1013;957;1013;957;1059;874;1059;2019;NNNN;IDATE;INVOICE_DATE;Invoice Date
invoice-3295.tiff;1;1;2480;3508;405607;1541;1034;205;57;1541;1034;1746;1034;1746;1091;1541;1091;Livraison;AAAAAAAAA;undefined;OTHER;OTHER
invoice-3295.tiff;1;1;2480;3508;405608;1759;1034;25;57;1759;1034;1784;1034;1784;1091;1759;1091;à;A;undefined;OTHER;OTHER
invoice-3295.tiff;1;1;2480;3508;405609;1541;1092;131;48;1541;1092;1672;1092;1672;1140;1541;1140;Juliette;AAAAAAAA;SHN;SHIPPING_NAME;Shipping Name
invoice-3295.tiff;1;1;2480;3508;405610;1684;1092;141;48;1684;1092;1825;1092;1825;1140;1684;1140;Renault;AAAAAAA;SHN;SHIPPING_NAME;Shipping Name
invoice-3295.tiff;1;1;2480;3508;405611;1541;1140;31;45;1541;1140;1572;1140;1572;1185;1541;1185;5,;NS;SHA;SHIPPING_ADDRESS;Shipping Address
invoice-3295.tiff;1;1;2480;3508;405612;1583;1140;120;45;1583;1140;1703;1140;1703;1185;1583;1185;chemin;AAAAAA;SHA;SHIPPING_ADDRESS;Shipping Address
invoice-3295.tiff;1;1;2480;3508;405613;1714;1140;39;45;1714;1140;1753;1140;1753;1185;1714;1185;de;AA;SHA;SHIPPING_ADDRESS;Shipping Address
invoice-3295.tiff;1;1;2480;3508;405614;1763;1140;145;45;1763;1140;1908;1140;1908;1185;1763;1185;millassis;AAAAAAAAA;SHA;SHIPPING_ADDRESS;Shipping Address
invoice-3295.tiff;1;1;2480;3508;405615;1541;1185;104;45;1541;1185;1645;1185;1645;1230;1541;1230;31770;NNNNN;SHA;SHIPPING_ADDRESS;Shipping Address
invoice-3295.tiff;1;1;2480;3508;405616;1687;1185;173;45;1687;1185;1860;1185;1860;1230;1687;1230;Colomiers;AAAAAAAAA;SHA;SHIPPING_ADDRESS;Shipping Address
invoice-3295.tiff;1;1;2480;3508;405617;1541;1231;120;45;1541;1231;1661;1231;1661;1276;1541;1276;France;AAAAAA;SHA;SHIPPING_ADDRESS;Shipping Address
invoice-3295.tiff;1;1;2480;3508;405618;449;1555;226;52;449;1555;675;1555;675;1607;449;1607;Description;AAAAAAAAAAA;undefined;OTHER;OTHER
invoice-3295.tiff;1;1;2480;3508;405619;1038;1555;173;52;1038;1555;1211;1555;1211;1607;1038;1607;Quantité;AAAAAAAA;undefined;OTHER;OTHER
invoice-3295.tiff;1;1;2480;3508;405620;1287;1555;84;52;1287;1555;1371;1555;1371;1607;1287;1607;Prix;AAAA;undefined;OTHER;OTHER
invoice-3295.tiff;1;1;2480;3508;405621;1382;1555;162;52;1382;1555;1544;1555;1544;1607;1382;1607;Unitaire;AAAAAAAA;undefined;OTHER;OTHER
invoice-3295.tiff;1;1;2480;3508;405622;1616;1555;101;52;1616;1555;1717;1555;1717;1607;1616;1607;Taux;AAAA;undefined;OTHER;OTHER
invoice-3295.tiff;1;1;2480;3508;405623;1729;1555;45;52;1729;1555;1774;1555;1774;1607;1729;1607;de;AA;undefined;OTHER;OTHER
invoice-3295.tiff;1;1;2480;3508;405624;1786;1555;96;52;1786;1555;1882;1555;1882;1607;1786;1607;TVA;AAA;undefined;OTHER;OTHER
invoice-3295.tiff;1;1;2480;3508;405625;1959;1555;170;52;1959;1555;2129;1555;2129;1607;1959;1607;Montant;AAAAAAA;undefined;OTHER;OTHER
invoice-3295.tiff;1;1;2480;3508;405626;2141;1555;66;52;2141;1555;2207;1555;2207;1607;2141;1607;HT;AA;undefined;OTHER;OTHER
invoice-3295.tiff;1;1;2480;3508;405627;124;1628;131;48;124;1628;255;1628;255;1676;124;1676;Casque;AAAAAA;undefined;OTHER;OTHER
invoice-3295.tiff;1;1;2480;3508;405628;267;1628;113;48;267;1628;380;1628;380;1676;267;1676;gamer;AAAAA;undefined;OTHER;OTHER
invoice-3295.tiff;1;1;2480;3508;405629;391;1628;88;48;391;1628;479;1628;479;1676;391;1676;Sony;AAAA;undefined;OTHER;OTHER
invoice-3295.tiff;1;1;2480;3508;405630;489;1628;131;48;489;1628;620;1628;620;1676;489;1676;Casque;AAAAAA;undefined;OTHER;OTHER
invoice-3295.tiff;1;1;2480;3508;405631;631;1628;69;48;631;1628;700;1628;700;1676;631;1676;PS4;AAN;undefined;OTHER;OTHER
invoice-3295.tiff;1;1;2480;3508;405632;711;1628;113;48;711;1628;824;1628;824;1676;711;1676;Stéréo;AAAAAA;undefined;OTHER;OTHER
invoice-3295.tiff;1;1;2480;3508;405633;835;1628;76;48;835;1628;911;1628;911;1676;835;1676;sans;AAAA;undefined;OTHER;OTHER
invoice-3295.tiff;1;1;2480;3508;405634;922;1628;37;48;922;1628;959;1628;959;1676;922;1676;fil;AAA;undefined;OTHER;OTHER
invoice-3295.tiff;1;1;2480;3508;405637;1114;1628;20;48;1114;1628;1134;1628;1134;1676;1114;1676;2;N;undefined;OTHER;OTHER
invoice-3295.tiff;1;1;2480;3508;405638;1369;1628;93;48;1369;1628;1462;1628;1462;1676;1369;1676;74,99;NNSNN;undefined;OTHER;OTHER
invoice-3295.tiff;1;1;2480;3508;405639;1692;1628;114;48;1692;1628;1806;1628;1806;1676;1692;1676;20.0%;NNSNS;undefined;OTHER;OTHER
invoice-3295.tiff;1;1;2480;3508;405640;2026;1628;114;48;2026;1628;2140;1628;2140;1676;2026;1676;149,98;NNNSNN;undefined;OTHER;OTHER
invoice-3295.tiff;1;1;2480;3508;405635;124;1676;52;48;124;1676;176;1676;176;1724;124;1724;2.0;NSN;undefined;OTHER;OTHER
invoice-3295.tiff;1;1;2480;3508;405636;187;1676;97;48;187;1676;284;1676;284;1724;187;1724;blanc;AAAAA;undefined;OTHER;OTHER
invoice-3295.tiff;1;1;2480;3508;405641;124;1766;164;48;124;1766;288;1766;288;1814;124;1814;Cafetière;AAAAAAAAA;undefined;OTHER;OTHER
invoice-3295.tiff;1;1;2480;3508;405642;299;1766;20;48;299;1766;319;1766;319;1814;299;1814;à;A;undefined;OTHER;OTHER
invoice-3295.tiff;1;1;2480;3508;405643;330;1766;124;48;330;1766;454;1766;454;1814;330;1814;dosette;AAAAAAA;undefined;OTHER;OTHER
invoice-3295.tiff;1;1;2480;3508;405644;466;1766;106;48;466;1766;572;1766;572;1814;466;1814;Bosch;AAAAA;undefined;OTHER;OTHER
invoice-3295.tiff;1;1;2480;3508;405645;583;1766;164;48;583;1766;747;1766;747;1814;583;1814;TAS7002;AAANNNN;undefined;OTHER;OTHER
invoice-3295.tiff;1;1;2480;3508;405646;757;1766;118;48;757;1766;875;1766;875;1814;757;1814;Caddy;AAAAA;undefined;OTHER;OTHER
invoice-3295.tiff;1;1;2480;3508;405647;886;1766;81;48;886;1766;967;1766;967;1814;886;1814;Noir;AAAA;undefined;OTHER;OTHER
invoice-3295.tiff;1;1;2480;3508;405648;1114;1766;20;48;1114;1766;1134;1766;1134;1814;1114;1814;1;N;undefined;OTHER;OTHER
invoice-3295.tiff;1;1;2480;3508;405649;1359;1766;114;48;1359;1766;1473;1766;1473;1814;1359;1814;102,93;NNNSNN;undefined;OTHER;OTHER
invoice-3295.tiff;1;1;2480;3508;405650;1692;1766;114;48;1692;1766;1806;1766;1806;1814;1692;1814;20.0%;NNSNS;undefined;OTHER;OTHER
invoice-3295.tiff;1;1;2480;3508;405651;2026;1766;114;48;2026;1766;2140;1766;2140;1814;2026;1814;102,93;NNNSNN;undefined;OTHER;OTHER
invoice-3295.tiff;1;1;2480;3508;405652;1793;1898;170;52;1793;1898;1963;1898;1963;1950;1793;1950;Montant;AAAAAAA;undefined;OTHER;OTHER
invoice-3295.tiff;1;1;2480;3508;405653;1975;1898;66;52;1975;1898;2041;1898;2041;1950;1975;1950;HT;AA;undefined;OTHER;OTHER
invoice-3295.tiff;1;1;2480;3508;405654;2083;1898;114;48;2083;1898;2197;1898;2197;1946;2083;1946;252,92;NNNSNN;TWTX;TOTAL_WITHOUT_TAX;TWTXS
invoice-3295.tiff;1;1;2480;3508;405655;1965;1950;96;52;1965;1950;2061;1950;2061;2002;1965;2002;TVA;AAA;undefined;OTHER;OTHER
invoice-3295.tiff;1;1;2480;3508;405656;2104;1950;93;48;2104;1950;2197;1950;2197;1998;2104;1998;50,58;NNSNN;TTX;TOTAL_TAX;Total Tax
invoice-3295.tiff;1;1;2480;3508;405657;1831;2003;104;52;1831;2003;1935;2003;1935;2055;1831;2055;Total;AAAAA;undefined;OTHER;OTHER
invoice-3295.tiff;1;1;2480;3508;405658;1947;2003;94;52;1947;2003;2041;2003;2041;2055;1947;2055;TTC;AAA;undefined;OTHER;OTHER
invoice-3295.tiff;1;1;2480;3508;405659;2083;2003;114;48;2083;2003;2197;2003;2197;2051;2083;2051;303,50;NNNSNN;TA;TOTAL_AMOUNT;Total with TAX
invoice-3295.tiff;1;1;2480;3508;405660;124;2385;99;52;124;2385;223;2385;223;2437;124;2437;Type;AAAA;undefined;OTHER;OTHER
invoice-3295.tiff;1;1;2480;3508;405661;235;2385;45;52;235;2385;280;2385;280;2437;235;2437;de;AA;undefined;OTHER;OTHER
invoice-3295.tiff;1;1;2480;3508;405662;293;2385;180;52;293;2385;473;2385;473;2437;293;2437;paiement;AAAAAAAA;undefined;OTHER;OTHER
invoice-3295.tiff;1;1;2480;3508;405663;750;2385;55;46;750;2385;805;2385;805;2431;750;2431;CB;AA;PMODE;PAYMENT_MODE;Payment Mode
invoice-3295.tiff;1;1;2480;3508;405664;1187;3175;203;48;1187;3175;1390;3175;1390;3223;1187;3223;ELEVAGE;AAAAAAA;SN;SUPPLIER_NAME;Seller/Company) name
invoice-3295.tiff;1;1;2480;3508;405665;1401;3175;78;48;1401;3175;1479;3175;1479;3223;1401;3223;LES;AAA;SN;SUPPLIER_NAME;Seller/Company) name
invoice-3295.tiff;1;1;2480;3508;405666;1490;3175;124;48;1490;3175;1614;3175;1614;3223;1490;3223;MINIS;AAAAA;SN;SUPPLIER_NAME;Seller/Company) name
invoice-3295.tiff;1;1;2480;3508;405667;1626;3175;57;48;1626;3175;1683;3175;1683;3223;1626;3223;DE;AA;SN;SUPPLIER_NAME;Seller/Company) name
invoice-3295.tiff;1;1;2480;3508;405668;1694;3175;238;48;1694;3175;1932;3175;1932;3223;1694;3223;LOUTHANE;AAAAAAAA;SN;SUPPLIER_NAME;Seller/Company) name
invoice-3295.tiff;1;1;2480;3508;405669;1187;3223;81;45;1187;3223;1268;3223;1268;3268;1187;3268;MAS;AAA;SA;SUPPLIER_ADDRESS;Seller Address
invoice-3295.tiff;1;1;2480;3508;405670;1278;3223;55;45;1278;3223;1333;3223;1333;3268;1278;3268;DE;AA;SA;SUPPLIER_ADDRESS;Seller Address
invoice-3295.tiff;1;1;2480;3508;405671;1344;3223;254;45;1344;3223;1598;3223;1598;3268;1344;3268;PEYCHERING;AAAAAAAAAA;SA;SUPPLIER_ADDRESS;Seller Address
invoice-3295.tiff;1;1;2480;3508;405672;1187;3268;104;45;1187;3268;1291;3268;1291;3313;1187;3313;34130;NNNNN;SA;SUPPLIER_ADDRESS;Seller Address
invoice-3295.tiff;1;1;2480;3508;405673;1333;3268;254;45;1333;3268;1587;3268;1587;3313;1333;3313;LANSARGUES;AAAAAAAAAA;SA;SUPPLIER_ADDRESS;Seller Address
invoice-3295.tiff;1;1;2480;3508;405674;1187;3314;157;45;1187;3314;1344;3314;1344;3359;1187;3359;FRANCE;AAAAAA;SA;SUPPLIER_ADDRESS;Seller Address
