src;num_pages;page_id;page_width;page_height;id;col;row;width;height;x1;y1;x2;y2;x3;y3;x4;y4;contents;contents_masked;correctclass;tag;description
invoice-453.tiff;1;1;2480;3508;55807;124;62;175;175;124;62;299;62;299;237;124;237;common/logo;AAAAAASAAAA;img;IMAGE;Image
invoice-453.tiff;1;1;2480;3508;55808;750;237;201;48;750;237;951;237;951;285;750;285;TRADBET;AAAAAAA;SN;SUPPLIER_NAME;Seller/Company) name
invoice-453.tiff;1;1;2480;3508;55809;750;285;20;45;750;285;770;285;770;330;750;330;7;N;SA;SUPPLIER_ADDRESS;Seller Address
invoice-453.tiff;1;1;2480;3508;55810;781;285;81;45;781;285;862;285;862;330;781;330;RUE;AAA;SA;SUPPLIER_ADDRESS;Seller Address
invoice-453.tiff;1;1;2480;3508;55811;872;285;236;45;872;285;1108;285;1108;330;872;330;MEYERBEER;AAAAAAAAA;SA;SUPPLIER_ADDRESS;Seller Address
invoice-453.tiff;1;1;2480;3508;55812;1117;285;13;45;1117;285;1130;285;1130;330;1117;330;-;S;SA;SUPPLIER_ADDRESS;Seller Address
invoice-453.tiff;1;1;2480;3508;55813;1141;285;104;45;1141;285;1245;285;1245;330;1141;330;75009;NNNNN;SA;SUPPLIER_ADDRESS;Seller Address
invoice-453.tiff;1;1;2480;3508;55814;1264;285;111;45;1264;285;1375;285;1375;330;1264;330;PARIS;AAAAA;SA;SUPPLIER_ADDRESS;Seller Address
invoice-453.tiff;1;1;2480;3508;55815;1385;285;20;45;1385;285;1405;285;1405;330;1385;330;9;N;SA;SUPPLIER_ADDRESS;Seller Address
invoice-453.tiff;1;1;2480;3508;55816;750;331;74;45;750;331;824;331;824;376;750;376;RCS;AAA;undefined;OTHER;OTHER
invoice-453.tiff;1;1;2480;3508;55817;851;331;111;45;851;331;962;331;962;376;851;376;PARIS;AAAAA;SA;SUPPLIER_ADDRESS;Seller Address
invoice-453.tiff;1;1;2480;3508;55818;972;331;20;45;972;331;992;331;992;376;972;376;9;N;SA;SUPPLIER_ADDRESS;Seller Address
invoice-453.tiff;1;1;2480;3508;55819;1010;331;62;45;1010;331;1072;331;1072;376;1010;376;629;NNN;SCID;SUPPLIER_ID;Seller Identifier Number (Siren)
invoice-453.tiff;1;1;2480;3508;55820;1083;331;62;45;1083;331;1145;331;1145;376;1083;376;574;NNN;SCID;SUPPLIER_ID;Seller Identifier Number (Siren)
invoice-453.tiff;1;1;2480;3508;55821;1156;331;62;45;1156;331;1218;331;1218;376;1156;376;217;NNN;SCID;SUPPLIER_ID;Seller Identifier Number (Siren)
invoice-453.tiff;1;1;2480;3508;55822;1235;331;150;45;1235;331;1385;331;1385;376;1235;376;VAT/TIN;AAASAAA;undefined;OTHER;OTHER
invoice-453.tiff;1;1;2480;3508;55823;1396;331;134;45;1396;331;1530;331;1530;376;1396;376;Number;AAAAAA;undefined;OTHER;OTHER
invoice-453.tiff;1;1;2480;3508;55824;1546;331;50;45;1546;331;1596;331;1596;376;1546;376;FR;AA;SVAT;SUPPLIER_VAT;Seller Vat Number/TVA
invoice-453.tiff;1;1;2480;3508;55825;1608;331;41;45;1608;331;1649;331;1649;376;1608;376;64;NN;SVAT;SUPPLIER_VAT;Seller Vat Number/TVA
invoice-453.tiff;1;1;2480;3508;55826;1660;331;62;45;1660;331;1722;331;1722;376;1660;376;629;NNN;SVAT;SUPPLIER_VAT;Seller Vat Number/TVA
invoice-453.tiff;1;1;2480;3508;55827;1733;331;62;45;1733;331;1795;331;1795;376;1733;376;574;NNN;SVAT;SUPPLIER_VAT;Seller Vat Number/TVA
invoice-453.tiff;1;1;2480;3508;55828;1806;331;62;45;1806;331;1868;331;1868;376;1806;376;217;NNN;SVAT;SUPPLIER_VAT;Seller Vat Number/TVA
invoice-453.tiff;1;1;2480;3508;55829;750;377;106;45;750;377;856;377;856;422;750;422;Phone;AAAAA;undefined;OTHER;OTHER
invoice-453.tiff;1;1;2480;3508;55830;881;377;249;45;881;377;1130;377;1130;422;881;422;06.94.64.48.19;NNSNNSNNSNNSNN;SCN;SUPPLIER_CONTACT_NUMBER;Seller Contact Number
invoice-453.tiff;1;1;2480;3508;55831;1173;377;64;45;1173;377;1237;377;1237;422;1173;422;Fax;AAA;undefined;OTHER;OTHER
invoice-453.tiff;1;1;2480;3508;55832;1262;377;249;45;1262;377;1511;377;1511;422;1262;422;06.94.64.35.68;NNSNNSNNSNNSNN;SFAX;SUPPLIER_FAX_NUMBER;Seller Fax Number
invoice-453.tiff;1;1;2480;3508;55833;124;632;142;52;124;632;266;632;266;684;124;684;Invoice;AAAAAAA;undefined;OTHER;OTHER
invoice-453.tiff;1;1;2480;3508;55834;279;632;162;52;279;632;441;632;441;684;279;684;Number;AAAAAA;undefined;OTHER;OTHER
invoice-453.tiff;1;1;2480;3508;55835;750;632;145;46;750;632;895;632;895;678;750;678;1909652;NNNNNNN;IN;INVOICE_NUMBER;Invoice Number
invoice-453.tiff;1;1;2480;3508;55846;1541;658;155;57;1541;658;1696;658;1696;715;1541;715;Invoice;AAAAAAA;undefined;OTHER;OTHER
invoice-453.tiff;1;1;2480;3508;55847;1709;658;58;57;1709;658;1767;658;1767;715;1709;715;To;AA;undefined;OTHER;OTHER
invoice-453.tiff;1;1;2480;3508;55836;124;706;91;52;124;706;215;706;215;758;124;758;Date;AAAA;undefined;OTHER;OTHER
invoice-453.tiff;1;1;2480;3508;55837;750;706;20;46;750;706;770;706;770;752;750;752;4;N;IDATE;INVOICE_DATE;Invoice Date
invoice-453.tiff;1;1;2480;3508;55838;781;706;72;46;781;706;853;706;853;752;781;752;nov,;AAAS;IDATE;INVOICE_DATE;Invoice Date
invoice-453.tiff;1;1;2480;3508;55839;864;706;83;46;864;706;947;706;947;752;864;752;1983;NNNN;IDATE;INVOICE_DATE;Invoice Date
invoice-453.tiff;1;1;2480;3508;55848;1541;716;68;48;1541;716;1609;716;1609;764;1541;764;Mr.;AAS;BN;BILLING_NAME;Billing Name
invoice-453.tiff;1;1;2480;3508;55849;1620;716;106;48;1620;716;1726;716;1726;764;1620;764;Dejon;AAAAA;BN;BILLING_NAME;Billing Name
invoice-453.tiff;1;1;2480;3508;55850;1737;716;189;48;1737;716;1926;716;1926;764;1737;764;MacGyver;AAAAAAAA;BN;BILLING_NAME;Billing Name
invoice-453.tiff;1;1;2480;3508;55851;1541;764;93;45;1541;764;1634;764;1634;809;1541;809;9103,;NNNNS;BA;BILLING_ADDRESS;Billing Address
invoice-453.tiff;1;1;2480;3508;55852;1645;764;46;45;1645;764;1691;764;1691;809;1645;809;les;AAA;BA;BILLING_ADDRESS;Billing Address
invoice-453.tiff;1;1;2480;3508;55853;1702;764;166;45;1702;764;1868;764;1868;809;1702;809;bousquets;AAAAAAAAA;BA;BILLING_ADDRESS;Billing Address
invoice-453.tiff;1;1;2480;3508;55840;124;780;119;52;124;780;243;780;243;832;124;832;Client;AAAAAA;undefined;OTHER;OTHER
invoice-453.tiff;1;1;2480;3508;55841;256;780;162;52;256;780;418;780;418;832;256;832;Number;AAAAAA;undefined;OTHER;OTHER
invoice-453.tiff;1;1;2480;3508;55842;750;780;104;46;750;780;854;780;854;826;750;826;74534;NNNNN;CNUM;CLIENT_NUMBER;Client Number
invoice-453.tiff;1;1;2480;3508;55854;1541;810;104;45;1541;810;1645;810;1645;855;1541;855;81290;NNNNN;BA;BILLING_ADDRESS;Billing Address
invoice-453.tiff;1;1;2480;3508;55855;1687;810;208;45;1687;810;1895;810;1895;855;1687;855;Labruguière;AAAAAAAAAAA;BA;BILLING_ADDRESS;Billing Address
invoice-453.tiff;1;1;2480;3508;55843;124;853;122;52;124;853;246;853;246;905;124;905;Order;AAAAA;undefined;OTHER;OTHER
invoice-453.tiff;1;1;2480;3508;55844;258;853;162;52;258;853;420;853;420;905;258;905;Number;AAAAAA;undefined;OTHER;OTHER
invoice-453.tiff;1;1;2480;3508;55845;750;853;83;46;750;853;833;853;833;899;750;899;2435;NNNN;ONUM;ORDER_NUMBER;Order Number
invoice-453.tiff;1;1;2480;3508;55856;1541;856;120;45;1541;856;1661;856;1661;901;1541;901;France;AAAAAA;BA;BILLING_ADDRESS;Billing Address
invoice-453.tiff;1;1;2480;3508;55857;156;1321;104;52;156;1321;260;1321;260;1373;156;1373;S.No.;ASAAS;undefined;OTHER;OTHER
invoice-453.tiff;1;1;2480;3508;55858;489;1321;157;52;489;1321;646;1321;646;1373;489;1373;Product;AAAAAAA;undefined;OTHER;OTHER
invoice-453.tiff;1;1;2480;3508;55859;658;1321;226;52;658;1321;884;1321;884;1373;658;1373;Description;AAAAAAAAAAA;undefined;OTHER;OTHER
invoice-453.tiff;1;1;2480;3508;55860;1141;1321;175;52;1141;1321;1316;1321;1316;1373;1141;1373;Quantity;AAAAAAAA;undefined;OTHER;OTHER
invoice-453.tiff;1;1;2480;3508;55861;1420;1321;86;52;1420;1321;1506;1321;1506;1373;1420;1373;Unit;AAAA;undefined;OTHER;OTHER
invoice-453.tiff;1;1;2480;3508;55862;1518;1321;101;52;1518;1321;1619;1321;1619;1373;1518;1373;Price;AAAAA;undefined;OTHER;OTHER
invoice-453.tiff;1;1;2480;3508;55863;1712;1321;96;52;1712;1321;1808;1321;1808;1373;1712;1373;TVA;AAA;undefined;OTHER;OTHER
invoice-453.tiff;1;1;2480;3508;55864;1820;1321;91;52;1820;1321;1911;1321;1911;1373;1820;1373;Rate;AAAA;undefined;OTHER;OTHER
invoice-453.tiff;1;1;2480;3508;55865;2051;1321;104;52;2051;1321;2155;1321;2155;1373;2051;1373;Total;AAAAA;undefined;OTHER;OTHER
invoice-453.tiff;1;1;2480;3508;55866;197;1395;20;48;197;1395;217;1395;217;1443;197;1443;1;N;undefined;OTHER;OTHER
invoice-453.tiff;1;1;2480;3508;55867;291;1395;245;48;291;1395;536;1395;536;1443;291;1443;Réfrigérateur;AAAAAAAAAAAAA;undefined;OTHER;OTHER
invoice-453.tiff;1;1;2480;3508;55868;547;1395;20;48;547;1395;567;1395;567;1443;547;1443;1;N;undefined;OTHER;OTHER
invoice-453.tiff;1;1;2480;3508;55869;578;1395;94;48;578;1395;672;1395;672;1443;578;1443;porte;AAAAA;undefined;OTHER;OTHER
invoice-453.tiff;1;1;2480;3508;55870;683;1395;203;48;683;1395;886;1395;886;1443;683;1443;encastrable;AAAAAAAAAAA;undefined;OTHER;OTHER
invoice-453.tiff;1;1;2480;3508;55871;897;1395;159;48;897;1395;1056;1395;1056;1443;897;1443;Liebherr;AAAAAAAA;undefined;OTHER;OTHER
invoice-453.tiff;1;1;2480;3508;55873;1218;1395;20;48;1218;1395;1238;1395;1238;1443;1218;1443;4;N;undefined;OTHER;OTHER
invoice-453.tiff;1;1;2480;3508;55874;1416;1395;114;48;1416;1395;1530;1395;1530;1443;1416;1443;532,50;NNNSNN;undefined;OTHER;OTHER
invoice-453.tiff;1;1;2480;3508;55875;1541;1395;83;48;1541;1395;1624;1395;1624;1443;1541;1443;USD;AAA;undefined;OTHER;OTHER
invoice-453.tiff;1;1;2480;3508;55876;1755;1395;114;48;1755;1395;1869;1395;1869;1443;1755;1443;20.0%;NNSNS;undefined;OTHER;OTHER
invoice-453.tiff;1;1;2480;3508;55877;1989;1395;135;48;1989;1395;2124;1395;2124;1443;1989;1443;2130,00;NNNNSNN;undefined;OTHER;OTHER
invoice-453.tiff;1;1;2480;3508;55878;2135;1395;83;48;2135;1395;2218;1395;2218;1443;2135;1443;USD;AAA;undefined;OTHER;OTHER
invoice-453.tiff;1;1;2480;3508;55872;291;1443;155;48;291;1443;446;1443;446;1491;291;1491;IKS1624;AAANNNN;undefined;OTHER;OTHER
invoice-453.tiff;1;1;2480;3508;55879;197;1533;20;48;197;1533;217;1533;217;1581;197;1581;2;N;undefined;OTHER;OTHER
invoice-453.tiff;1;1;2480;3508;55880;291;1533;175;48;291;1533;466;1533;466;1581;291;1581;Bouilloire;AAAAAAAAAA;undefined;OTHER;OTHER
invoice-453.tiff;1;1;2480;3508;55881;478;1533;138;48;478;1533;616;1533;616;1581;478;1581;Breville;AAAAAAAA;undefined;OTHER;OTHER
invoice-453.tiff;1;1;2480;3508;55882;627;1533;231;48;627;1533;858;1533;858;1581;627;1581;VKJ944X-01;AAANNNASNN;undefined;OTHER;OTHER
invoice-453.tiff;1;1;2480;3508;55883;869;1533;88;48;869;1533;957;1533;957;1581;869;1581;High;AAAA;undefined;OTHER;OTHER
invoice-453.tiff;1;1;2480;3508;55884;967;1533;97;48;967;1533;1064;1533;1064;1581;967;1581;Gloss;AAAAA;undefined;OTHER;OTHER
invoice-453.tiff;1;1;2480;3508;55885;1218;1533;20;48;1218;1533;1238;1533;1238;1581;1218;1581;2;N;undefined;OTHER;OTHER
invoice-453.tiff;1;1;2480;3508;55886;1427;1533;93;48;1427;1533;1520;1533;1520;1581;1427;1581;49,99;NNSNN;undefined;OTHER;OTHER
invoice-453.tiff;1;1;2480;3508;55887;1531;1533;83;48;1531;1533;1614;1533;1614;1581;1531;1581;USD;AAA;undefined;OTHER;OTHER
invoice-453.tiff;1;1;2480;3508;55888;1755;1533;114;48;1755;1533;1869;1533;1869;1581;1755;1581;20.0%;NNSNS;undefined;OTHER;OTHER
invoice-453.tiff;1;1;2480;3508;55889;2010;1533;93;48;2010;1533;2103;1533;2103;1581;2010;1581;99,98;NNSNN;undefined;OTHER;OTHER
invoice-453.tiff;1;1;2480;3508;55890;2114;1533;83;48;2114;1533;2197;1533;2197;1581;2114;1581;USD;AAA;undefined;OTHER;OTHER
invoice-453.tiff;1;1;2480;3508;55891;197;1623;20;48;197;1623;217;1623;217;1671;197;1671;3;N;undefined;OTHER;OTHER
invoice-453.tiff;1;1;2480;3508;55892;291;1623;148;48;291;1623;439;1623;439;1671;291;1671;Tablette;AAAAAAAA;undefined;OTHER;OTHER
invoice-453.tiff;1;1;2480;3508;55893;450;1623;106;48;450;1623;556;1623;556;1671;450;1671;Apple;AAAAA;undefined;OTHER;OTHER
invoice-453.tiff;1;1;2480;3508;55894;567;1623;83;48;567;1623;650;1623;650;1671;567;1671;Ipad;AAAA;undefined;OTHER;OTHER
invoice-453.tiff;1;1;2480;3508;55895;660;1623;64;48;660;1623;724;1623;724;1671;660;1671;Pro;AAA;undefined;OTHER;OTHER
invoice-453.tiff;1;1;2480;3508;55896;736;1623;96;48;736;1623;832;1623;832;1671;736;1671;"10,5""";NNSNS;undefined;OTHER;OTHER
invoice-453.tiff;1;1;2480;3508;55897;842;1623;115;48;842;1623;957;1623;957;1671;842;1671;256Go;NNNAA;undefined;OTHER;OTHER
invoice-453.tiff;1;1;2480;3508;55898;968;1623;60;48;968;1623;1028;1623;1028;1671;968;1671;Cel;AAA;undefined;OTHER;OTHER
invoice-453.tiff;1;1;2480;3508;55900;1218;1623;20;48;1218;1623;1238;1623;1238;1671;1218;1671;1;N;undefined;OTHER;OTHER
invoice-453.tiff;1;1;2480;3508;55901;1416;1623;114;48;1416;1623;1530;1623;1530;1671;1416;1671;890,83;NNNSNN;undefined;OTHER;OTHER
invoice-453.tiff;1;1;2480;3508;55902;1541;1623;83;48;1541;1623;1624;1623;1624;1671;1541;1671;USD;AAA;undefined;OTHER;OTHER
invoice-453.tiff;1;1;2480;3508;55903;1755;1623;114;48;1755;1623;1869;1623;1869;1671;1755;1671;20.0%;NNSNS;undefined;OTHER;OTHER
invoice-453.tiff;1;1;2480;3508;55904;1999;1623;114;48;1999;1623;2113;1623;2113;1671;1999;1671;890,83;NNNSNN;undefined;OTHER;OTHER
invoice-453.tiff;1;1;2480;3508;55905;2125;1623;83;48;2125;1623;2208;1623;2208;1671;2125;1671;USD;AAA;undefined;OTHER;OTHER
invoice-453.tiff;1;1;2480;3508;55899;291;1671;50;48;291;1671;341;1671;341;1719;291;1719;Or;AA;undefined;OTHER;OTHER
invoice-453.tiff;1;1;2480;3508;55906;197;1760;20;48;197;1760;217;1760;217;1808;197;1808;4;N;undefined;OTHER;OTHER
invoice-453.tiff;1;1;2480;3508;55907;291;1760;164;48;291;1760;455;1760;455;1808;291;1808;Cafetière;AAAAAAAAA;undefined;OTHER;OTHER
invoice-453.tiff;1;1;2480;3508;55908;466;1760;266;48;466;1760;732;1760;732;1808;466;1808;programmable;AAAAAAAAAAAA;undefined;OTHER;OTHER
invoice-453.tiff;1;1;2480;3508;55909;742;1760;129;48;742;1760;871;1760;871;1808;742;1808;Melitta;AAAAAAA;undefined;OTHER;OTHER
invoice-453.tiff;1;1;2480;3508;55910;882;1760;136;48;882;1760;1018;1760;1018;1808;882;1808;Optima;AAAAAA;undefined;OTHER;OTHER
invoice-453.tiff;1;1;2480;3508;55915;1218;1760;20;48;1218;1760;1238;1760;1238;1808;1218;1808;3;N;undefined;OTHER;OTHER
invoice-453.tiff;1;1;2480;3508;55916;1427;1760;93;48;1427;1760;1520;1760;1520;1808;1427;1808;45,83;NNSNN;undefined;OTHER;OTHER
invoice-453.tiff;1;1;2480;3508;55917;1531;1760;83;48;1531;1760;1614;1760;1614;1808;1531;1808;USD;AAA;undefined;OTHER;OTHER
invoice-453.tiff;1;1;2480;3508;55918;1755;1760;114;48;1755;1760;1869;1760;1869;1808;1755;1808;20.0%;NNSNS;undefined;OTHER;OTHER
invoice-453.tiff;1;1;2480;3508;55919;1999;1760;114;48;1999;1760;2113;1760;2113;1808;1999;1808;137,48;NNNSNN;undefined;OTHER;OTHER
invoice-453.tiff;1;1;2480;3508;55920;2125;1760;83;48;2125;1760;2208;1760;2208;1808;2125;1808;USD;AAA;undefined;OTHER;OTHER
invoice-453.tiff;1;1;2480;3508;55911;291;1808;111;48;291;1808;402;1808;402;1856;291;1856;Timer;AAAAA;undefined;OTHER;OTHER
invoice-453.tiff;1;1;2480;3508;55912;413;1808;81;48;413;1808;494;1808;494;1856;413;1856;Noir;AAAA;undefined;OTHER;OTHER
invoice-453.tiff;1;1;2480;3508;55913;504;1808;97;48;504;1808;601;1808;601;1856;504;1856;Acier;AAAAA;undefined;OTHER;OTHER
invoice-453.tiff;1;1;2480;3508;55914;612;1808;118;48;612;1808;730;1808;730;1856;612;1856;Brossé;AAAAAA;undefined;OTHER;OTHER
invoice-453.tiff;1;1;2480;3508;55921;1874;1940;146;51;1874;1940;2020;1940;2020;1991;1874;1991;@DISC;SAAAA;undefined;OTHER;OTHER
invoice-453.tiff;1;1;2480;3508;55922;2041;1940;72;46;2041;1940;2113;1940;2113;1986;2041;1986;0,00;NSNN;undefined;OTHER;OTHER
invoice-453.tiff;1;1;2480;3508;55923;2125;1940;83;46;2125;1940;2208;1940;2208;1986;2125;1986;USD;AAA;undefined;OTHER;OTHER
invoice-453.tiff;1;1;2480;3508;55924;1840;1991;96;51;1840;1991;1936;1991;1936;2042;1840;2042;Total;AAAAA;undefined;OTHER;OTHER
invoice-453.tiff;1;1;2480;3508;55925;1979;1991;135;46;1979;1991;2114;1991;2114;2037;1979;2037;3258,29;NNNNSNN;TWTX;TOTAL_WITHOUT_TAX;TWTXS
invoice-453.tiff;1;1;2480;3508;55926;2125;1991;83;46;2125;1991;2208;1991;2208;2037;2125;2037;USD;AAA;TWTX;TOTAL_WITHOUT_TAX;TWTXS
invoice-453.tiff;1;1;2480;3508;55927;1869;2042;94;51;1869;2042;1963;2042;1963;2093;1869;2093;TVA;AAA;undefined;OTHER;OTHER
invoice-453.tiff;1;1;2480;3508;55928;1975;2042;84;51;1975;2042;2059;2042;2059;2093;1975;2093;Rate;AAAA;undefined;OTHER;OTHER
invoice-453.tiff;1;1;2480;3508;55929;2100;2042;107;46;2100;2042;2207;2042;2207;2088;2100;2088;20.0%;NNSNS;TXR;TAX_RATE;Tax Rate
invoice-453.tiff;1;1;2480;3508;55930;1725;2093;71;51;1725;2093;1796;2093;1796;2144;1725;2144;Tax;AAA;undefined;OTHER;OTHER
invoice-453.tiff;1;1;2480;3508;55931;1808;2093;150;51;1808;2093;1958;2093;1958;2144;1808;2144;Amount;AAAAAA;undefined;OTHER;OTHER
invoice-453.tiff;1;1;2480;3508;55932;1999;2093;114;46;1999;2093;2113;2093;2113;2139;1999;2139;651,66;NNNSNN;TTX;TOTAL_TAX;Total Tax
invoice-453.tiff;1;1;2480;3508;55933;2125;2093;83;46;2125;2093;2208;2093;2208;2139;2125;2139;USD;AAA;TTX;TOTAL_TAX;Total Tax
invoice-453.tiff;1;1;2480;3508;55934;1662;2144;150;51;1662;2144;1812;2144;1812;2195;1662;2195;Amount;AAAAAA;undefined;OTHER;OTHER
invoice-453.tiff;1;1;2480;3508;55935;1824;2144;35;51;1824;2144;1859;2144;1859;2195;1824;2195;to;AA;undefined;OTHER;OTHER
invoice-453.tiff;1;1;2480;3508;55936;1871;2144;66;51;1871;2144;1937;2144;1937;2195;1871;2195;pay;AAA;undefined;OTHER;OTHER
invoice-453.tiff;1;1;2480;3508;55937;1979;2144;135;46;1979;2144;2114;2144;2114;2190;1979;2190;3909,95;NNNNSNN;TA;TOTAL_AMOUNT;Total with TAX
invoice-453.tiff;1;1;2480;3508;55938;2125;2144;83;46;2125;2144;2208;2144;2208;2190;2125;2190;USD;AAA;TA;TOTAL_AMOUNT;Total with TAX
invoice-453.tiff;1;1;2480;3508;55939;2048;3175;201;48;2048;3175;2249;3175;2249;3223;2048;3223;TRADBET;AAAAAAA;SN;SUPPLIER_NAME;Seller/Company) name
invoice-453.tiff;1;1;2480;3508;55940;1619;3223;20;45;1619;3223;1639;3223;1639;3268;1619;3268;7;N;SA;SUPPLIER_ADDRESS;Seller Address
invoice-453.tiff;1;1;2480;3508;55941;1650;3223;81;45;1650;3223;1731;3223;1731;3268;1650;3268;RUE;AAA;SA;SUPPLIER_ADDRESS;Seller Address
invoice-453.tiff;1;1;2480;3508;55942;1742;3223;236;45;1742;3223;1978;3223;1978;3268;1742;3268;MEYERBEER;AAAAAAAAA;SA;SUPPLIER_ADDRESS;Seller Address
invoice-453.tiff;1;1;2480;3508;55943;1986;3223;104;45;1986;3223;2090;3223;2090;3268;1986;3268;75009;NNNNN;SA;SUPPLIER_ADDRESS;Seller Address
invoice-453.tiff;1;1;2480;3508;55944;2099;3223;111;45;2099;3223;2210;3223;2210;3268;2099;3268;PARIS;AAAAA;SA;SUPPLIER_ADDRESS;Seller Address
invoice-453.tiff;1;1;2480;3508;55945;2220;3223;20;45;2220;3223;2240;3223;2240;3268;2220;3268;9;N;SA;SUPPLIER_ADDRESS;Seller Address
