src;num_pages;page_id;page_width;page_height;id;col;row;width;height;x1;y1;x2;y2;x3;y3;x4;y4;contents;contents_masked;correctclass;tag;description
invoice-470.tiff;1;1;2480;3508;57921;1541;62;497;175;1541;62;2038;62;2038;237;1541;237;common/logo;AAAAAASAAAA;img;IMAGE;Image
invoice-470.tiff;1;1;2480;3508;57917;124;258;63;57;124;258;187;258;187;315;124;315;Du;AA;undefined;OTHER;OTHER
invoice-470.tiff;1;1;2480;3508;57918;251;258;45;50;251;258;296;258;296;308;251;308;16;NN;IDATE;INVOICE_DATE;Invoice Date
invoice-470.tiff;1;1;2480;3508;57919;308;258;68;50;308;258;376;258;376;308;308;308;ago;AAA;IDATE;INVOICE_DATE;Invoice Date
invoice-470.tiff;1;1;2480;3508;57920;388;258;91;50;388;258;479;258;479;308;388;308;2002;NNNN;IDATE;INVOICE_DATE;Invoice Date
invoice-470.tiff;1;1;2480;3508;57922;1541;412;152;48;1541;412;1693;412;1693;460;1541;460;ROGER;AAAAA;SN;SUPPLIER_NAME;Seller/Company) name
invoice-470.tiff;1;1;2480;3508;57923;1704;412;34;48;1704;412;1738;412;1738;460;1704;460;&;S;SN;SUPPLIER_NAME;Seller/Company) name
invoice-470.tiff;1;1;2480;3508;57924;1749;412;173;48;1749;412;1922;412;1922;460;1749;460;GALLET;AAAAAA;SN;SUPPLIER_NAME;Seller/Company) name
invoice-470.tiff;1;1;2480;3508;57925;1541;460;62;45;1541;460;1603;460;1603;505;1541;505;195;NNN;SA;SUPPLIER_ADDRESS;Seller Address
invoice-470.tiff;1;1;2480;3508;57926;1614;460;81;45;1614;460;1695;460;1695;505;1614;505;RUE;AAA;SA;SUPPLIER_ADDRESS;Seller Address
invoice-470.tiff;1;1;2480;3508;57927;1706;460;111;45;1706;460;1817;460;1817;505;1706;505;SAINT;AAAAA;SA;SUPPLIER_ADDRESS;Seller Address
invoice-470.tiff;1;1;2480;3508;57928;1827;460;168;45;1827;460;1995;460;1995;505;1827;505;HONORE;AAAAAA;SA;SUPPLIER_ADDRESS;Seller Address
invoice-470.tiff;1;1;2480;3508;57929;1541;506;104;45;1541;506;1645;506;1645;551;1541;551;75001;NNNNN;SA;SUPPLIER_ADDRESS;Seller Address
invoice-470.tiff;1;1;2480;3508;57930;1687;506;111;45;1687;506;1798;506;1798;551;1687;551;PARIS;AAAAA;SA;SUPPLIER_ADDRESS;Seller Address
invoice-470.tiff;1;1;2480;3508;57931;1809;506;20;45;1809;506;1829;506;1829;551;1809;551;1;N;SA;SUPPLIER_ADDRESS;Seller Address
invoice-470.tiff;1;1;2480;3508;57932;1541;552;157;45;1541;552;1698;552;1698;597;1541;597;FRANCE;AAAAAA;SA;SUPPLIER_ADDRESS;Seller Address
invoice-470.tiff;1;1;2480;3508;57933;1541;598;173;45;1541;598;1714;598;1714;643;1541;643;Téléphone;AAAAAAAAA;undefined;OTHER;OTHER
invoice-470.tiff;1;1;2480;3508;57934;1777;598;249;45;1777;598;2026;598;2026;643;1777;643;03.98.56.15.24;NNSNNSNNSNNSNN;SCN;SUPPLIER_CONTACT_NUMBER;Seller Contact Number
invoice-470.tiff;1;1;2480;3508;57935;1541;643;162;45;1541;643;1703;643;1703;688;1541;688;Télécopie;AAAAAAAAA;undefined;OTHER;OTHER
invoice-470.tiff;1;1;2480;3508;57936;1766;643;249;45;1766;643;2015;643;2015;688;1766;688;03.98.56.39.30;NNSNNSNNSNNSNN;SFAX;SUPPLIER_FAX_NUMBER;Seller Fax Number
invoice-470.tiff;1;1;2480;3508;57945;1541;873;169;57;1541;873;1710;873;1710;930;1541;930;Adresse;AAAAAAA;undefined;OTHER;OTHER
invoice-470.tiff;1;1;2480;3508;57946;1723;873;252;57;1723;873;1975;873;1975;930;1723;930;Facturation;AAAAAAAAAAA;undefined;OTHER;OTHER
invoice-470.tiff;1;1;2480;3508;57937;124;921;160;52;124;921;284;921;284;973;124;973;Numéro;AAAAAA;undefined;OTHER;OTHER
invoice-470.tiff;1;1;2480;3508;57938;296;921;45;52;296;921;341;921;341;973;296;973;de;AA;undefined;OTHER;OTHER
invoice-470.tiff;1;1;2480;3508;57939;354;921;139;52;354;921;493;921;493;973;354;973;facture;AAAAAAA;undefined;OTHER;OTHER
invoice-470.tiff;1;1;2480;3508;57940;750;921;145;46;750;921;895;921;895;967;750;967;0060995;NNNNNNN;IN;INVOICE_NUMBER;Invoice Number
invoice-470.tiff;1;1;2480;3508;57947;1541;931;48;48;1541;931;1589;931;1589;979;1541;979;Dr;AA;BN;BILLING_NAME;Billing Name
invoice-470.tiff;1;1;2480;3508;57948;1600;931;99;48;1600;931;1699;931;1699;979;1600;979;Louis;AAAAA;BN;BILLING_NAME;Billing Name
invoice-470.tiff;1;1;2480;3508;57949;1710;931;148;48;1710;931;1858;931;1858;979;1710;979;Philippe;AAAAAAAA;BN;BILLING_NAME;Billing Name
invoice-470.tiff;1;1;2480;3508;57950;1541;979;52;45;1541;979;1593;979;1593;1024;1541;1024;12,;NNS;BA;BILLING_ADDRESS;Billing Address
invoice-470.tiff;1;1;2480;3508;57951;1604;979;55;45;1604;979;1659;979;1659;1024;1604;1024;rue;AAA;BA;BILLING_ADDRESS;Billing Address
invoice-470.tiff;1;1;2480;3508;57952;1670;979;184;45;1670;979;1854;979;1854;1024;1670;1024;d'auvergne;ASAAAAAAAA;BA;BILLING_ADDRESS;Billing Address
invoice-470.tiff;1;1;2480;3508;57941;124;995;99;52;124;995;223;995;223;1047;124;1047;Type;AAAA;undefined;OTHER;OTHER
invoice-470.tiff;1;1;2480;3508;57942;235;995;45;52;235;995;280;995;280;1047;235;1047;de;AA;undefined;OTHER;OTHER
invoice-470.tiff;1;1;2480;3508;57943;293;995;180;52;293;995;473;995;473;1047;293;1047;paiement;AAAAAAAA;undefined;OTHER;OTHER
invoice-470.tiff;1;1;2480;3508;57944;750;995;55;46;750;995;805;995;805;1041;750;1041;CB;AA;PMODE;PAYMENT_MODE;Payment Mode
invoice-470.tiff;1;1;2480;3508;57953;1541;1025;104;45;1541;1025;1645;1025;1645;1070;1541;1070;49100;NNNNN;BA;BILLING_ADDRESS;Billing Address
invoice-470.tiff;1;1;2480;3508;57954;1687;1025;118;45;1687;1025;1805;1025;1805;1070;1687;1070;Angers;AAAAAA;BA;BILLING_ADDRESS;Billing Address
invoice-470.tiff;1;1;2480;3508;57955;1541;1071;120;45;1541;1071;1661;1071;1661;1116;1541;1116;France;AAAAAA;BA;BILLING_ADDRESS;Billing Address
invoice-470.tiff;1;1;2480;3508;57956;161;1537;92;52;161;1537;253;1537;253;1589;161;1589;Non.;AAAS;undefined;OTHER;OTHER
invoice-470.tiff;1;1;2480;3508;57957;401;1537;71;52;401;1537;472;1537;472;1589;401;1589;Qté;AAA;undefined;OTHER;OTHER
invoice-470.tiff;1;1;2480;3508;57958;863;1537;231;52;863;1537;1094;1537;1094;1589;863;1589;Désignation;AAAAAAAAAAA;undefined;OTHER;OTHER
invoice-470.tiff;1;1;2480;3508;57959;1490;1537;61;52;1490;1537;1551;1537;1551;1589;1490;1589;UP;AA;undefined;OTHER;OTHER
invoice-470.tiff;1;1;2480;3508;57960;1764;1537;96;52;1764;1537;1860;1537;1860;1589;1764;1589;TVA;AAA;undefined;OTHER;OTHER
invoice-470.tiff;1;1;2480;3508;57961;1968;1537;170;52;1968;1537;2138;1537;2138;1589;1968;1589;Montant;AAAAAAA;undefined;OTHER;OTHER
invoice-470.tiff;1;1;2480;3508;57962;2150;1537;89;52;2150;1537;2239;1537;2239;1589;2150;1589;H.T.;ASAS;undefined;OTHER;OTHER
invoice-470.tiff;1;1;2480;3508;57963;197;1610;20;48;197;1610;217;1610;217;1658;197;1658;1;N;undefined;OTHER;OTHER
invoice-470.tiff;1;1;2480;3508;57964;427;1610;20;48;427;1610;447;1610;447;1658;427;1658;1;N;undefined;OTHER;OTHER
invoice-470.tiff;1;1;2480;3508;57965;583;1610;152;48;583;1610;735;1610;735;1658;583;1658;Figurine;AAAAAAAA;undefined;OTHER;OTHER
invoice-470.tiff;1;1;2480;3508;57966;746;1610;131;48;746;1610;877;1610;877;1658;746;1658;Amiibo;AAAAAA;undefined;OTHER;OTHER
invoice-470.tiff;1;1;2480;3508;57967;888;1610;164;48;888;1610;1052;1610;1052;1658;888;1658;Nintendo;AAAAAAAA;undefined;OTHER;OTHER
invoice-470.tiff;1;1;2480;3508;57968;1063;1610;131;48;1063;1610;1194;1610;1194;1658;1063;1658;Amiibo;AAAAAA;undefined;OTHER;OTHER
invoice-470.tiff;1;1;2480;3508;57969;1206;1610;118;48;1206;1610;1324;1610;1324;1658;1206;1658;Koopa;AAAAA;undefined;OTHER;OTHER
invoice-470.tiff;1;1;2480;3508;57971;1458;1610;93;48;1458;1610;1551;1610;1551;1658;1458;1658;12,49;NNSNN;undefined;OTHER;OTHER
invoice-470.tiff;1;1;2480;3508;57972;1562;1610;20;48;1562;1610;1582;1610;1582;1658;1562;1658;$;S;undefined;OTHER;OTHER
invoice-470.tiff;1;1;2480;3508;57973;1755;1610;114;48;1755;1610;1869;1610;1869;1658;1755;1658;20.0%;NNSNS;undefined;OTHER;OTHER
invoice-470.tiff;1;1;2480;3508;57974;2041;1610;93;48;2041;1610;2134;1610;2134;1658;2041;1658;12,49;NNSNN;undefined;OTHER;OTHER
invoice-470.tiff;1;1;2480;3508;57975;2145;1610;20;48;2145;1610;2165;1610;2165;1658;2145;1658;$;S;undefined;OTHER;OTHER
invoice-470.tiff;1;1;2480;3508;57970;583;1658;131;48;583;1658;714;1658;714;1706;583;1706;Troopa;AAAAAA;undefined;OTHER;OTHER
invoice-470.tiff;1;1;2480;3508;57976;197;1748;20;48;197;1748;217;1748;217;1796;197;1796;2;N;undefined;OTHER;OTHER
invoice-470.tiff;1;1;2480;3508;57977;427;1748;20;48;427;1748;447;1748;447;1796;427;1796;2;N;undefined;OTHER;OTHER
invoice-470.tiff;1;1;2480;3508;57978;583;1748;83;48;583;1748;666;1748;666;1796;583;1796;CPL;AAA;undefined;OTHER;OTHER
invoice-470.tiff;1;1;2480;3508;57979;677;1748;180;48;677;1748;857;1748;857;1796;677;1796;Essentielb;AAAAAAAAAA;undefined;OTHER;OTHER
invoice-470.tiff;1;1;2480;3508;57980;868;1748;185;48;868;1748;1053;1748;1053;1796;868;1796;1000Mbps;NNNNAAAA;undefined;OTHER;OTHER
invoice-470.tiff;1;1;2480;3508;57981;1063;1748;148;48;1063;1748;1211;1748;1211;1796;1063;1796;Gigogne;AAAAAAA;undefined;OTHER;OTHER
invoice-470.tiff;1;1;2480;3508;57982;1458;1748;93;48;1458;1748;1551;1748;1551;1796;1458;1796;74,99;NNSNN;undefined;OTHER;OTHER
invoice-470.tiff;1;1;2480;3508;57983;1562;1748;20;48;1562;1748;1582;1748;1582;1796;1562;1796;$;S;undefined;OTHER;OTHER
invoice-470.tiff;1;1;2480;3508;57984;1755;1748;114;48;1755;1748;1869;1748;1869;1796;1755;1796;20.0%;NNSNS;undefined;OTHER;OTHER
invoice-470.tiff;1;1;2480;3508;57985;2031;1748;114;48;2031;1748;2145;1748;2145;1796;2031;1796;149,98;NNNSNN;undefined;OTHER;OTHER
invoice-470.tiff;1;1;2480;3508;57986;2156;1748;20;48;2156;1748;2176;1748;2176;1796;2156;1796;$;S;undefined;OTHER;OTHER
invoice-470.tiff;1;1;2480;3508;57987;197;1838;20;48;197;1838;217;1838;217;1886;197;1886;3;N;undefined;OTHER;OTHER
invoice-470.tiff;1;1;2480;3508;57988;427;1838;20;48;427;1838;447;1838;447;1886;427;1886;1;N;undefined;OTHER;OTHER
invoice-470.tiff;1;1;2480;3508;57989;583;1838;97;48;583;1838;680;1838;680;1886;583;1886;Serre;AAAAA;undefined;OTHER;OTHER
invoice-470.tiff;1;1;2480;3508;57990;690;1838;104;48;690;1838;794;1838;794;1886;690;1886;Câble;AAAAA;undefined;OTHER;OTHER
invoice-470.tiff;1;1;2480;3508;57991;805;1838;199;48;805;1838;1004;1838;1004;1886;805;1886;Bluelounge;AAAAAAAAAA;undefined;OTHER;OTHER
invoice-470.tiff;1;1;2480;3508;57992;1015;1838;196;48;1015;1838;1211;1838;1211;1886;1015;1886;CableDrop;AAAAAAAAA;undefined;OTHER;OTHER
invoice-470.tiff;1;1;2480;3508;57993;1222;1838;150;48;1222;1838;1372;1838;1372;1886;1222;1886;couleurs;AAAAAAAA;undefined;OTHER;OTHER
invoice-470.tiff;1;1;2480;3508;57998;1458;1838;93;48;1458;1838;1551;1838;1551;1886;1458;1886;10,82;NNSNN;undefined;OTHER;OTHER
invoice-470.tiff;1;1;2480;3508;57999;1562;1838;20;48;1562;1838;1582;1838;1582;1886;1562;1886;$;S;undefined;OTHER;OTHER
invoice-470.tiff;1;1;2480;3508;58000;1755;1838;114;48;1755;1838;1869;1838;1869;1886;1755;1886;20.0%;NNSNS;undefined;OTHER;OTHER
invoice-470.tiff;1;1;2480;3508;58001;2041;1838;93;48;2041;1838;2134;1838;2134;1886;2041;1886;10,82;NNSNN;undefined;OTHER;OTHER
invoice-470.tiff;1;1;2480;3508;58002;2145;1838;20;48;2145;1838;2165;1838;2165;1886;2145;1886;$;S;undefined;OTHER;OTHER
invoice-470.tiff;1;1;2480;3508;57994;583;1886;87;48;583;1886;670;1886;670;1934;583;1934;vives;AAAAA;undefined;OTHER;OTHER
invoice-470.tiff;1;1;2480;3508;57995;681;1886;87;48;681;1886;768;1886;768;1934;681;1934;Pack;AAAA;undefined;OTHER;OTHER
invoice-470.tiff;1;1;2480;3508;57996;780;1886;41;48;780;1886;821;1886;821;1934;780;1934;de;AA;undefined;OTHER;OTHER
invoice-470.tiff;1;1;2480;3508;57997;832;1886;20;48;832;1886;852;1886;852;1934;832;1934;6;N;undefined;OTHER;OTHER
invoice-470.tiff;1;1;2480;3508;58003;1439;2017;160;52;1439;2017;1599;2017;1599;2069;1439;2069;TOTAL;AAAAA;undefined;OTHER;OTHER
invoice-470.tiff;1;1;2480;3508;58004;1610;2017;180;52;1610;2017;1790;2017;1790;2069;1610;2069;REMISE;AAAAAA;undefined;OTHER;OTHER
invoice-470.tiff;1;1;2480;3508;58005;1803;2017;280;52;1803;2017;2083;2017;2083;2069;1803;2069;IMMEDIATE;AAAAAAAAA;undefined;OTHER;OTHER
invoice-470.tiff;1;1;2480;3508;58006;2104;2017;72;48;2104;2017;2176;2017;2176;2065;2104;2065;0,00;NSNN;undefined;OTHER;OTHER
invoice-470.tiff;1;1;2480;3508;58007;2187;2017;20;48;2187;2017;2207;2017;2207;2065;2187;2065;$;S;undefined;OTHER;OTHER
invoice-470.tiff;1;1;2480;3508;58008;1749;2070;170;52;1749;2070;1919;2070;1919;2122;1749;2122;Montant;AAAAAAA;undefined;OTHER;OTHER
invoice-470.tiff;1;1;2480;3508;58009;1931;2070;89;52;1931;2070;2020;2070;2020;2122;1931;2122;H.T.;ASAS;undefined;OTHER;OTHER
invoice-470.tiff;1;1;2480;3508;58010;2062;2070;114;48;2062;2070;2176;2070;2176;2118;2062;2118;173,30;NNNSNN;TWTX;TOTAL_WITHOUT_TAX;TWTXS
invoice-470.tiff;1;1;2480;3508;58011;2187;2070;20;48;2187;2070;2207;2070;2207;2118;2187;2118;$;S;TWTX;TOTAL_WITHOUT_TAX;TWTXS
invoice-470.tiff;1;1;2480;3508;58012;1955;2123;96;52;1955;2123;2051;2123;2051;2175;1955;2175;TVA;AAA;undefined;OTHER;OTHER
invoice-470.tiff;1;1;2480;3508;58013;2093;2123;114;48;2093;2123;2207;2123;2207;2171;2093;2171;20.0%;NNSNS;TXR;TAX_RATE;Tax Rate
invoice-470.tiff;1;1;2480;3508;58014;1762;2176;170;52;1762;2176;1932;2176;1932;2228;1762;2228;Montant;AAAAAAA;undefined;OTHER;OTHER
invoice-470.tiff;1;1;2480;3508;58015;1944;2176;96;52;1944;2176;2040;2176;2040;2228;1944;2228;TVA;AAA;undefined;OTHER;OTHER
invoice-470.tiff;1;1;2480;3508;58016;2083;2176;93;48;2083;2176;2176;2176;2176;2224;2083;2224;34,66;NNSNN;TTX;TOTAL_TAX;Total Tax
invoice-470.tiff;1;1;2480;3508;58017;2187;2176;20;48;2187;2176;2207;2176;2207;2224;2187;2224;$;S;TTX;TOTAL_TAX;Total Tax
invoice-470.tiff;1;1;2480;3508;58018;1744;2229;170;52;1744;2229;1914;2229;1914;2281;1744;2281;Montant;AAAAAAA;undefined;OTHER;OTHER
invoice-470.tiff;1;1;2480;3508;58019;1926;2229;94;52;1926;2229;2020;2229;2020;2281;1926;2281;TTC;AAA;undefined;OTHER;OTHER
invoice-470.tiff;1;1;2480;3508;58020;2062;2229;114;48;2062;2229;2176;2229;2176;2277;2062;2277;207,96;NNNSNN;TA;TOTAL_AMOUNT;Total with TAX
invoice-470.tiff;1;1;2480;3508;58021;2187;2229;20;48;2187;2229;2207;2229;2207;2277;2187;2277;$;S;TA;TOTAL_AMOUNT;Total with TAX
invoice-470.tiff;1;1;2480;3508;58022;124;3154;152;48;124;3154;276;3154;276;3202;124;3202;ROGER;AAAAA;SN;SUPPLIER_NAME;Seller/Company) name
invoice-470.tiff;1;1;2480;3508;58023;288;3154;34;48;288;3154;322;3154;322;3202;288;3202;&;S;SN;SUPPLIER_NAME;Seller/Company) name
invoice-470.tiff;1;1;2480;3508;58024;333;3154;173;48;333;3154;506;3154;506;3202;333;3202;GALLET;AAAAAA;SN;SUPPLIER_NAME;Seller/Company) name
invoice-470.tiff;1;1;2480;3508;58025;124;3202;62;45;124;3202;186;3202;186;3247;124;3247;195;NNN;SA;SUPPLIER_ADDRESS;Seller Address
invoice-470.tiff;1;1;2480;3508;58026;197;3202;81;45;197;3202;278;3202;278;3247;197;3247;RUE;AAA;SA;SUPPLIER_ADDRESS;Seller Address
invoice-470.tiff;1;1;2480;3508;58027;289;3202;111;45;289;3202;400;3202;400;3247;289;3247;SAINT;AAAAA;SA;SUPPLIER_ADDRESS;Seller Address
invoice-470.tiff;1;1;2480;3508;58028;410;3202;168;45;410;3202;578;3202;578;3247;410;3247;HONORE;AAAAAA;SA;SUPPLIER_ADDRESS;Seller Address
invoice-470.tiff;1;1;2480;3508;58029;588;3202;10;45;588;3202;598;3202;598;3247;588;3247;,;S;SA;SUPPLIER_ADDRESS;Seller Address
invoice-470.tiff;1;1;2480;3508;58030;609;3202;104;45;609;3202;713;3202;713;3247;609;3247;75001;NNNNN;SA;SUPPLIER_ADDRESS;Seller Address
invoice-470.tiff;1;1;2480;3508;58031;721;3202;111;45;721;3202;832;3202;832;3247;721;3247;PARIS;AAAAA;SA;SUPPLIER_ADDRESS;Seller Address
invoice-470.tiff;1;1;2480;3508;58032;843;3202;20;45;843;3202;863;3202;863;3247;843;3247;1;N;SA;SUPPLIER_ADDRESS;Seller Address
invoice-470.tiff;1;1;2480;3508;58033;872;3202;10;45;872;3202;882;3202;882;3247;872;3247;,;S;SA;SUPPLIER_ADDRESS;Seller Address
invoice-470.tiff;1;1;2480;3508;58034;893;3202;157;45;893;3202;1050;3202;1050;3247;893;3247;FRANCE;AAAAAA;SA;SUPPLIER_ADDRESS;Seller Address
