src;num_pages;page_id;page_width;page_height;id;col;row;width;height;x1;y1;x2;y2;x3;y3;x4;y4;contents;contents_masked;correctclass;tag;description
invoice-2348.tiff;1;1;2480;3508;289057;1187;62;271;175;1187;62;1458;62;1458;237;1187;237;common/logo;AAAAAASAAAA;img;IMAGE;Image
invoice-2348.tiff;1;1;2480;3508;289050;124;270;155;57;124;270;279;270;279;327;124;327;Invoice;AAAAAAA;undefined;OTHER;OTHER
invoice-2348.tiff;1;1;2480;3508;289051;293;270;55;57;293;270;348;270;348;327;293;327;ID;AA;undefined;OTHER;OTHER
invoice-2348.tiff;1;1;2480;3508;289052;411;270;328;50;411;270;739;270;739;320;411;320;BI-XE-155803-27;AASAASNNNNNNSNN;IN;INVOICE_NUMBER;Invoice Number
invoice-2348.tiff;1;1;2480;3508;289053;124;349;99;57;124;349;223;349;223;406;124;406;Date;AAAA;undefined;OTHER;OTHER
invoice-2348.tiff;1;1;2480;3508;289054;287;349;45;50;287;349;332;349;332;399;287;399;22;NN;IDATE;INVOICE_DATE;Invoice Date
invoice-2348.tiff;1;1;2480;3508;289055;344;349;67;50;344;349;411;349;411;399;344;399;dic,;AAAS;IDATE;INVOICE_DATE;Invoice Date
invoice-2348.tiff;1;1;2480;3508;289056;423;349;91;50;423;349;514;349;514;399;423;399;1979;NNNN;IDATE;INVOICE_DATE;Invoice Date
invoice-2348.tiff;1;1;2480;3508;289058;1187;412;113;48;1187;412;1300;412;1300;460;1187;460;CAFE;AAAA;SN;SUPPLIER_NAME;Seller/Company) name
invoice-2348.tiff;1;1;2480;3508;289059;1311;412;182;48;1311;412;1493;412;1493;460;1311;460;J'ADORE;ASAAAAA;SN;SUPPLIER_NAME;Seller/Company) name
invoice-2348.tiff;1;1;2480;3508;289060;1187;460;41;45;1187;460;1228;460;1228;505;1187;505;28;NN;SA;SUPPLIER_ADDRESS;Seller Address
invoice-2348.tiff;1;1;2480;3508;289061;1239;460;55;45;1239;460;1294;460;1294;505;1239;505;BD;AA;SA;SUPPLIER_ADDRESS;Seller Address
invoice-2348.tiff;1;1;2480;3508;289062;1305;460;55;45;1305;460;1360;460;1360;505;1305;505;DE;AA;SA;SUPPLIER_ADDRESS;Seller Address
invoice-2348.tiff;1;1;2480;3508;289063;1371;460;48;45;1371;460;1419;460;1419;505;1371;505;LA;AA;SA;SUPPLIER_ADDRESS;Seller Address
invoice-2348.tiff;1;1;2480;3508;289064;1430;460;122;45;1430;460;1552;460;1552;505;1430;505;CROIX;AAAAA;SA;SUPPLIER_ADDRESS;Seller Address
invoice-2348.tiff;1;1;2480;3508;289065;1563;460;152;45;1563;460;1715;460;1715;505;1563;505;ROUSSE;AAAAAA;SA;SUPPLIER_ADDRESS;Seller Address
invoice-2348.tiff;1;1;2480;3508;289066;1724;460;13;45;1724;460;1737;460;1737;505;1724;505;-;S;SA;SUPPLIER_ADDRESS;Seller Address
invoice-2348.tiff;1;1;2480;3508;289067;1748;460;104;45;1748;460;1852;460;1852;505;1748;505;69001;NNNNN;SA;SUPPLIER_ADDRESS;Seller Address
invoice-2348.tiff;1;1;2480;3508;289068;1871;460;104;45;1871;460;1975;460;1975;505;1871;505;LYON;AAAA;SA;SUPPLIER_ADDRESS;Seller Address
invoice-2348.tiff;1;1;2480;3508;289069;1986;460;71;45;1986;460;2057;460;2057;505;1986;505;1ER;NAA;SA;SUPPLIER_ADDRESS;Seller Address
invoice-2348.tiff;1;1;2480;3508;289070;1187;506;106;45;1187;506;1293;506;1293;551;1187;551;Phone;AAAAA;undefined;OTHER;OTHER
invoice-2348.tiff;1;1;2480;3508;289071;1318;506;263;45;1318;506;1581;506;1581;551;1318;551;01-97-39-86-48;NNSNNSNNSNNSNN;SCN;SUPPLIER_CONTACT_NUMBER;Seller Contact Number
invoice-2348.tiff;1;1;2480;3508;289072;1624;506;64;45;1624;506;1688;506;1688;551;1624;551;Fax;AAA;undefined;OTHER;OTHER
invoice-2348.tiff;1;1;2480;3508;289073;1714;506;263;45;1714;506;1977;506;1977;551;1714;551;01-97-39-49-69;NNSNNSNNSNNSNN;SFAX;SUPPLIER_FAX_NUMBER;Seller Fax Number
invoice-2348.tiff;1;1;2480;3508;289077;1541;878;183;57;1541;878;1724;878;1724;935;1541;935;Invoiced;AAAAAAAA;undefined;OTHER;OTHER
invoice-2348.tiff;1;1;2480;3508;289078;1737;878;58;57;1737;878;1795;878;1795;935;1737;935;To;AA;undefined;OTHER;OTHER
invoice-2348.tiff;1;1;2480;3508;289079;1541;936;118;48;1541;936;1659;936;1659;984;1541;984;Santos;AAAAAA;BN;BILLING_NAME;Billing Name
invoice-2348.tiff;1;1;2480;3508;289080;1670;936;217;48;1670;936;1887;936;1887;984;1670;984;Heidenreich;AAAAAAAAAAA;BN;BILLING_NAME;Billing Name
invoice-2348.tiff;1;1;2480;3508;289081;1898;936;78;48;1898;936;1976;936;1976;984;1898;984;PhD;AAA;BN;BILLING_NAME;Billing Name
invoice-2348.tiff;1;1;2480;3508;289082;1541;984;31;45;1541;984;1572;984;1572;1029;1541;1029;2,;NS;BA;BILLING_ADDRESS;Billing Address
invoice-2348.tiff;1;1;2480;3508;289083;1583;984;134;45;1583;984;1717;984;1717;1029;1583;1029;impasse;AAAAAAA;BA;BILLING_ADDRESS;Billing Address
invoice-2348.tiff;1;1;2480;3508;289084;1728;984;41;45;1728;984;1769;984;1769;1029;1728;1029;du;AA;BA;BILLING_ADDRESS;Billing Address
invoice-2348.tiff;1;1;2480;3508;289085;1780;984;97;45;1780;984;1877;984;1877;1029;1780;1029;tilleul;AAAAAAA;BA;BILLING_ADDRESS;Billing Address
invoice-2348.tiff;1;1;2480;3508;289086;1541;1030;104;45;1541;1030;1645;1030;1645;1075;1541;1075;70200;NNNNN;BA;BILLING_ADDRESS;Billing Address
invoice-2348.tiff;1;1;2480;3508;289087;1687;1030;196;45;1687;1030;1883;1030;1883;1075;1687;1075;Vy-lès-Lure;AASAAASAAAA;BA;BILLING_ADDRESS;Billing Address
invoice-2348.tiff;1;1;2480;3508;289088;1541;1076;120;45;1541;1076;1661;1076;1661;1121;1541;1121;France;AAAAAA;BA;BILLING_ADDRESS;Billing Address
invoice-2348.tiff;1;1;2480;3508;289074;124;1105;122;52;124;1105;246;1105;246;1157;124;1157;Order;AAAAA;undefined;OTHER;OTHER
invoice-2348.tiff;1;1;2480;3508;289075;258;1105;50;52;258;1105;308;1105;308;1157;258;1157;ID;AA;undefined;OTHER;OTHER
invoice-2348.tiff;1;1;2480;3508;289076;750;1105;155;46;750;1105;905;1105;905;1151;750;1151;DI-B-2-1;AASASNSN;ONUM;ORDER_NUMBER;Order Number
invoice-2348.tiff;1;1;2480;3508;289089;1541;1163;155;57;1541;1163;1696;1163;1696;1220;1541;1220;Deliver;AAAAAAA;undefined;OTHER;OTHER
invoice-2348.tiff;1;1;2480;3508;289090;1709;1163;58;57;1709;1163;1767;1163;1767;1220;1709;1220;To;AA;undefined;OTHER;OTHER
invoice-2348.tiff;1;1;2480;3508;289091;1541;1221;118;48;1541;1221;1659;1221;1659;1269;1541;1269;Santos;AAAAAA;SHN;SHIPPING_NAME;Shipping Name
invoice-2348.tiff;1;1;2480;3508;289092;1670;1221;217;48;1670;1221;1887;1221;1887;1269;1670;1269;Heidenreich;AAAAAAAAAAA;SHN;SHIPPING_NAME;Shipping Name
invoice-2348.tiff;1;1;2480;3508;289093;1898;1221;78;48;1898;1221;1976;1221;1976;1269;1898;1269;PhD;AAA;SHN;SHIPPING_NAME;Shipping Name
invoice-2348.tiff;1;1;2480;3508;289094;1541;1269;31;45;1541;1269;1572;1269;1572;1314;1541;1314;2,;NS;SHA;SHIPPING_ADDRESS;Shipping Address
invoice-2348.tiff;1;1;2480;3508;289095;1583;1269;134;45;1583;1269;1717;1269;1717;1314;1583;1314;impasse;AAAAAAA;SHA;SHIPPING_ADDRESS;Shipping Address
invoice-2348.tiff;1;1;2480;3508;289096;1728;1269;41;45;1728;1269;1769;1269;1769;1314;1728;1314;du;AA;SHA;SHIPPING_ADDRESS;Shipping Address
invoice-2348.tiff;1;1;2480;3508;289097;1780;1269;97;45;1780;1269;1877;1269;1877;1314;1780;1314;tilleul;AAAAAAA;SHA;SHIPPING_ADDRESS;Shipping Address
invoice-2348.tiff;1;1;2480;3508;289098;1541;1315;104;45;1541;1315;1645;1315;1645;1360;1541;1360;70200;NNNNN;SHA;SHIPPING_ADDRESS;Shipping Address
invoice-2348.tiff;1;1;2480;3508;289099;1687;1315;196;45;1687;1315;1883;1315;1883;1360;1687;1360;Vy-lès-Lure;AASAAASAAAA;SHA;SHIPPING_ADDRESS;Shipping Address
invoice-2348.tiff;1;1;2480;3508;289100;1541;1360;120;45;1541;1360;1661;1360;1661;1405;1541;1405;France;AAAAAA;SHA;SHIPPING_ADDRESS;Shipping Address
invoice-2348.tiff;1;1;2480;3508;289101;440;1684;244;52;440;1684;684;1684;684;1736;440;1736;Descriptions;AAAAAAAAAAAA;undefined;OTHER;OTHER
invoice-2348.tiff;1;1;2480;3508;289102;1088;1684;73;52;1088;1684;1161;1684;1161;1736;1088;1736;Qty;AAA;undefined;OTHER;OTHER
invoice-2348.tiff;1;1;2480;3508;289103;1374;1684;84;52;1374;1684;1458;1684;1458;1736;1374;1736;U.P.;ASAS;undefined;OTHER;OTHER
invoice-2348.tiff;1;1;2480;3508;289104;1646;1684;206;52;1646;1684;1852;1684;1852;1736;1646;1736;VAT/TVA;AAASAAA;undefined;OTHER;OTHER
invoice-2348.tiff;1;1;2480;3508;289105;2003;1684;160;52;2003;1684;2163;1684;2163;1736;2003;1736;Amount;AAAAAA;undefined;OTHER;OTHER
invoice-2348.tiff;1;1;2480;3508;289106;124;1758;143;48;124;1758;267;1758;267;1806;124;1806;Caméra;AAAAAA;undefined;OTHER;OTHER
invoice-2348.tiff;1;1;2480;3508;289107;278;1758;62;48;278;1758;340;1758;340;1806;278;1806;360;NNN;undefined;OTHER;OTHER
invoice-2348.tiff;1;1;2480;3508;289108;351;1758;104;48;351;1758;455;1758;455;1806;351;1806;Ricoh;AAAAA;undefined;OTHER;OTHER
invoice-2348.tiff;1;1;2480;3508;289109;466;1758;104;48;466;1758;570;1758;570;1806;466;1806;Theta;AAAAA;undefined;OTHER;OTHER
invoice-2348.tiff;1;1;2480;3508;289110;580;1758;23;48;580;1758;603;1758;603;1806;580;1806;S;A;undefined;OTHER;OTHER
invoice-2348.tiff;1;1;2480;3508;289111;614;1758;74;48;614;1758;688;1758;688;1806;614;1806;noir;AAAA;undefined;OTHER;OTHER
invoice-2348.tiff;1;1;2480;3508;289112;1114;1758;20;48;1114;1758;1134;1758;1134;1806;1114;1806;3;N;undefined;OTHER;OTHER
invoice-2348.tiff;1;1;2480;3508;289113;1359;1758;114;48;1359;1758;1473;1758;1473;1806;1359;1806;290,83;NNNSNN;undefined;OTHER;OTHER
invoice-2348.tiff;1;1;2480;3508;289114;1692;1758;114;48;1692;1758;1806;1758;1806;1806;1692;1806;20.0%;NNSNS;undefined;OTHER;OTHER
invoice-2348.tiff;1;1;2480;3508;289115;2026;1758;114;48;2026;1758;2140;1758;2140;1806;2026;1806;872,50;NNNSNN;undefined;OTHER;OTHER
invoice-2348.tiff;1;1;2480;3508;289116;124;1847;205;48;124;1847;329;1847;329;1895;124;1895;Adaptateur;AAAAAAAAAA;undefined;OTHER;OTHER
invoice-2348.tiff;1;1;2480;3508;289117;341;1847;118;48;341;1847;459;1847;459;1895;341;1895;HDMI;AAAA;undefined;OTHER;OTHER
invoice-2348.tiff;1;1;2480;3508;289118;469;1847;180;48;469;1847;649;1847;649;1895;469;1895;Essentielb;AAAAAAAAAA;undefined;OTHER;OTHER
invoice-2348.tiff;1;1;2480;3508;289119;660;1847;118;48;660;1847;778;1847;778;1895;660;1895;HDMI;AAAA;undefined;OTHER;OTHER
invoice-2348.tiff;1;1;2480;3508;289120;789;1847;39;48;789;1847;828;1847;828;1895;789;1895;M;A;undefined;OTHER;OTHER
invoice-2348.tiff;1;1;2480;3508;289121;839;1847;11;48;839;1847;850;1847;850;1895;839;1895;/;S;undefined;OTHER;OTHER
invoice-2348.tiff;1;1;2480;3508;289122;861;1847;118;48;861;1847;979;1847;979;1895;861;1895;HDMI;AAAA;undefined;OTHER;OTHER
invoice-2348.tiff;1;1;2480;3508;289124;1114;1847;20;48;1114;1847;1134;1847;1134;1895;1114;1895;2;N;undefined;OTHER;OTHER
invoice-2348.tiff;1;1;2480;3508;289125;1380;1847;72;48;1380;1847;1452;1847;1452;1895;1380;1895;8,32;NSNN;undefined;OTHER;OTHER
invoice-2348.tiff;1;1;2480;3508;289126;1692;1847;114;48;1692;1847;1806;1847;1806;1895;1692;1895;20.0%;NNSNS;undefined;OTHER;OTHER
invoice-2348.tiff;1;1;2480;3508;289127;2036;1847;93;48;2036;1847;2129;1847;2129;1895;2036;1895;16,65;NNSNN;undefined;OTHER;OTHER
invoice-2348.tiff;1;1;2480;3508;289123;124;1895;25;48;124;1895;149;1895;149;1943;124;1943;F;A;undefined;OTHER;OTHER
invoice-2348.tiff;1;1;2480;3508;289128;124;1985;141;48;124;1985;265;1985;265;2033;124;2033;Cuiseur;AAAAAAA;undefined;OTHER;OTHER
invoice-2348.tiff;1;1;2480;3508;289129;276;1985;20;48;276;1985;296;1985;296;2033;276;2033;à;A;undefined;OTHER;OTHER
invoice-2348.tiff;1;1;2480;3508;289130;307;1985;48;48;307;1985;355;1985;355;2033;307;2033;riz;AAA;undefined;OTHER;OTHER
invoice-2348.tiff;1;1;2480;3508;289131;366;1985;127;48;366;1985;493;1985;493;2033;366;2033;Russell;AAAAAAA;undefined;OTHER;OTHER
invoice-2348.tiff;1;1;2480;3508;289132;504;1985;115;48;504;1985;619;1985;619;2033;504;2033;Hobbs;AAAAA;undefined;OTHER;OTHER
invoice-2348.tiff;1;1;2480;3508;289133;630;1985;159;48;630;1985;789;1985;789;2033;630;2033;23570-56;NNNNNSNN;undefined;OTHER;OTHER
invoice-2348.tiff;1;1;2480;3508;289134;1114;1985;20;48;1114;1985;1134;1985;1134;2033;1114;2033;1;N;undefined;OTHER;OTHER
invoice-2348.tiff;1;1;2480;3508;289135;1369;1985;93;48;1369;1985;1462;1985;1462;2033;1369;2033;49,99;NNSNN;undefined;OTHER;OTHER
invoice-2348.tiff;1;1;2480;3508;289136;1692;1985;114;48;1692;1985;1806;1985;1806;2033;1692;2033;20.0%;NNSNS;undefined;OTHER;OTHER
invoice-2348.tiff;1;1;2480;3508;289137;2036;1985;93;48;2036;1985;2129;1985;2129;2033;2036;2033;49,99;NNSNN;undefined;OTHER;OTHER
invoice-2348.tiff;1;1;2480;3508;289138;1938;2116;165;51;1938;2116;2103;2116;2103;2167;1938;2167;Discount;AAAAAAAA;undefined;OTHER;OTHER
invoice-2348.tiff;1;1;2480;3508;289139;2125;2116;72;46;2125;2116;2197;2116;2197;2162;2125;2162;0,00;NSNN;undefined;OTHER;OTHER
invoice-2348.tiff;1;1;2480;3508;289140;1891;2168;150;51;1891;2168;2041;2168;2041;2219;1891;2219;Amount;AAAAAA;undefined;OTHER;OTHER
invoice-2348.tiff;1;1;2480;3508;289141;2083;2168;114;46;2083;2168;2197;2168;2197;2214;2083;2214;939,14;NNNSNN;TWTX;TOTAL_WITHOUT_TAX;TWTXS
invoice-2348.tiff;1;1;2480;3508;289142;1785;2219;94;51;1785;2219;1879;2219;1879;2270;1785;2270;TVA;AAA;undefined;OTHER;OTHER
invoice-2348.tiff;1;1;2480;3508;289143;1891;2219;150;51;1891;2219;2041;2219;2041;2270;1891;2270;Amount;AAAAAA;undefined;OTHER;OTHER
invoice-2348.tiff;1;1;2480;3508;289144;2083;2219;114;46;2083;2219;2197;2219;2197;2265;2083;2265;187,83;NNNSNN;TTX;TOTAL_TAX;Total Tax
invoice-2348.tiff;1;1;2480;3508;289145;1762;2270;96;51;1762;2270;1858;2270;1858;2321;1762;2321;Total;AAAAA;undefined;OTHER;OTHER
invoice-2348.tiff;1;1;2480;3508;289146;1870;2270;150;51;1870;2270;2020;2270;2020;2321;1870;2321;Amount;AAAAAA;undefined;OTHER;OTHER
invoice-2348.tiff;1;1;2480;3508;289147;2062;2270;135;46;2062;2270;2197;2270;2197;2316;2062;2316;1126,97;NNNNSNN;TA;TOTAL_AMOUNT;Total with TAX
invoice-2348.tiff;1;1;2480;3508;289148;124;3175;113;48;124;3175;237;3175;237;3223;124;3223;CAFE;AAAA;SN;SUPPLIER_NAME;Seller/Company) name
invoice-2348.tiff;1;1;2480;3508;289149;248;3175;182;48;248;3175;430;3175;430;3223;248;3223;J'ADORE;ASAAAAA;SN;SUPPLIER_NAME;Seller/Company) name
invoice-2348.tiff;1;1;2480;3508;289150;124;3223;41;45;124;3223;165;3223;165;3268;124;3268;28;NN;SA;SUPPLIER_ADDRESS;Seller Address
invoice-2348.tiff;1;1;2480;3508;289151;177;3223;55;45;177;3223;232;3223;232;3268;177;3268;BD;AA;SA;SUPPLIER_ADDRESS;Seller Address
invoice-2348.tiff;1;1;2480;3508;289152;243;3223;55;45;243;3223;298;3223;298;3268;243;3268;DE;AA;SA;SUPPLIER_ADDRESS;Seller Address
invoice-2348.tiff;1;1;2480;3508;289153;309;3223;48;45;309;3223;357;3223;357;3268;309;3268;LA;AA;SA;SUPPLIER_ADDRESS;Seller Address
invoice-2348.tiff;1;1;2480;3508;289154;368;3223;122;45;368;3223;490;3223;490;3268;368;3268;CROIX;AAAAA;SA;SUPPLIER_ADDRESS;Seller Address
invoice-2348.tiff;1;1;2480;3508;289155;501;3223;152;45;501;3223;653;3223;653;3268;501;3268;ROUSSE;AAAAAA;SA;SUPPLIER_ADDRESS;Seller Address
invoice-2348.tiff;1;1;2480;3508;289156;124;3268;104;45;124;3268;228;3268;228;3313;124;3313;69001;NNNNN;SA;SUPPLIER_ADDRESS;Seller Address
invoice-2348.tiff;1;1;2480;3508;289157;270;3268;104;45;270;3268;374;3268;374;3313;270;3313;LYON;AAAA;SA;SUPPLIER_ADDRESS;Seller Address
invoice-2348.tiff;1;1;2480;3508;289158;385;3268;71;45;385;3268;456;3268;456;3313;385;3313;1ER;NAA;SA;SUPPLIER_ADDRESS;Seller Address
