src;num_pages;page_id;page_width;page_height;id;col;row;width;height;x1;y1;x2;y2;x3;y3;x4;y4;contents;contents_masked;correctclass;tag;description
invoice-816.tiff;1;1;2480;3508;100609;124;62;160;175;124;62;284;62;284;237;124;237;common/logo;AAAAAASAAAA;img;IMAGE;Image
invoice-816.tiff;1;1;2480;3508;100633;1541;258;66;59;1541;258;1607;258;1607;317;1541;317;Du;AA;undefined;OTHER;OTHER
invoice-816.tiff;1;1;2480;3508;100634;1670;258;25;52;1670;258;1695;258;1695;310;1670;310;1;N;IDATE;INVOICE_DATE;Invoice Date
invoice-816.tiff;1;1;2480;3508;100635;1709;258;73;52;1709;258;1782;258;1782;310;1709;310;nov;AAA;IDATE;INVOICE_DATE;Invoice Date
invoice-816.tiff;1;1;2480;3508;100636;1795;258;101;52;1795;258;1896;258;1896;310;1795;310;1996;NNNN;IDATE;INVOICE_DATE;Invoice Date
invoice-816.tiff;1;1;2480;3508;100610;124;412;60;49;124;412;184;412;184;461;124;461;UN;AA;SN;SUPPLIER_NAME;Seller/Company) name
invoice-816.tiff;1;1;2480;3508;100611;196;412;115;49;196;412;311;412;311;461;196;461;JOUR;AAAA;SN;SUPPLIER_NAME;Seller/Company) name
invoice-816.tiff;1;1;2480;3508;100612;324;412;208;49;324;412;532;412;532;461;324;461;AILLEURS;AAAAAAAA;SN;SUPPLIER_NAME;Seller/Company) name
invoice-816.tiff;1;1;2480;3508;100613;124;462;46;48;124;462;170;462;170;510;124;510;15;NN;SA;SUPPLIER_ADDRESS;Seller Address
invoice-816.tiff;1;1;2480;3508;100614;182;462;87;48;182;462;269;462;269;510;182;510;RUE;AAA;SA;SUPPLIER_ADDRESS;Seller Address
invoice-816.tiff;1;1;2480;3508;100615;282;462;122;48;282;462;404;462;404;510;282;510;SAINT;AAAAA;SA;SUPPLIER_ADDRESS;Seller Address
invoice-816.tiff;1;1;2480;3508;100616;416;462;240;48;416;462;656;462;656;510;416;510;GUILLAUME;AAAAAAAAA;SA;SUPPLIER_ADDRESS;Seller Address
invoice-816.tiff;1;1;2480;3508;100617;665;462;115;48;665;462;780;462;780;510;665;510;22000;NNNNN;SA;SUPPLIER_ADDRESS;Seller Address
invoice-816.tiff;1;1;2480;3508;100618;790;462;122;48;790;462;912;462;912;510;790;510;SAINT;AAAAA;SA;SUPPLIER_ADDRESS;Seller Address
invoice-816.tiff;1;1;2480;3508;100619;924;462;157;48;924;462;1081;462;1081;510;924;510;BRIEUC;AAAAAA;SA;SUPPLIER_ADDRESS;Seller Address
invoice-816.tiff;1;1;2480;3508;100620;1090;462;171;48;1090;462;1261;462;1261;510;1090;510;FRANCE;AAAAAA;SA;SUPPLIER_ADDRESS;Seller Address
invoice-816.tiff;1;1;2480;3508;100621;124;510;196;48;124;510;320;510;320;558;124;558;Téléphone;AAAAAAAAA;undefined;OTHER;OTHER
invoice-816.tiff;1;1;2480;3508;100622;346;510;70;48;346;510;416;510;416;558;346;558;+33;SNN;SCN;SUPPLIER_CONTACT_NUMBER;Seller Contact Number
invoice-816.tiff;1;1;2480;3508;100623;429;510;23;48;429;510;452;510;452;558;429;558;0;N;SCN;SUPPLIER_CONTACT_NUMBER;Seller Contact Number
invoice-816.tiff;1;1;2480;3508;100624;463;510;69;48;463;510;532;510;532;558;463;558;167;NNN;SCN;SUPPLIER_CONTACT_NUMBER;Seller Contact Number
invoice-816.tiff;1;1;2480;3508;100625;544;510;69;48;544;510;613;510;613;558;544;558;452;NNN;SCN;SUPPLIER_CONTACT_NUMBER;Seller Contact Number
invoice-816.tiff;1;1;2480;3508;100626;626;510;69;48;626;510;695;510;695;558;626;558;674;NNN;SCN;SUPPLIER_CONTACT_NUMBER;Seller Contact Number
invoice-816.tiff;1;1;2480;3508;100627;737;510;180;48;737;510;917;510;917;558;737;558;Télécopie;AAAAAAAAA;undefined;OTHER;OTHER
invoice-816.tiff;1;1;2480;3508;100628;942;510;70;48;942;510;1012;510;1012;558;942;558;+33;SNN;SFAX;SUPPLIER_FAX_NUMBER;Seller Fax Number
invoice-816.tiff;1;1;2480;3508;100629;1025;510;23;48;1025;510;1048;510;1048;558;1025;558;0;N;SFAX;SUPPLIER_FAX_NUMBER;Seller Fax Number
invoice-816.tiff;1;1;2480;3508;100630;1059;510;69;48;1059;510;1128;510;1128;558;1059;558;167;NNN;SFAX;SUPPLIER_FAX_NUMBER;Seller Fax Number
invoice-816.tiff;1;1;2480;3508;100631;1140;510;69;48;1140;510;1209;510;1209;558;1140;558;452;NNN;SFAX;SUPPLIER_FAX_NUMBER;Seller Fax Number
invoice-816.tiff;1;1;2480;3508;100632;1222;510;69;48;1222;510;1291;510;1291;558;1222;558;844;NNN;SFAX;SUPPLIER_FAX_NUMBER;Seller Fax Number
invoice-816.tiff;1;1;2480;3508;100637;124;895;286;59;124;895;410;895;410;954;124;954;Destinataire;AAAAAAAAAAAA;undefined;OTHER;OTHER
invoice-816.tiff;1;1;2480;3508;100638;124;954;104;49;124;954;228;954;228;1003;124;1003;Clara;AAAAA;BN;BILLING_NAME;Billing Name
invoice-816.tiff;1;1;2480;3508;100639;240;954;145;49;240;954;385;954;385;1003;240;1003;Gautier;AAAAAAA;BN;BILLING_NAME;Billing Name
invoice-816.tiff;1;1;2480;3508;100640;124;1004;57;48;124;1004;181;1004;181;1052;124;1052;14,;NNS;BA;BILLING_ADDRESS;Billing Address
invoice-816.tiff;1;1;2480;3508;100641;194;1004;60;48;194;1004;254;1004;254;1052;194;1052;rue;AAA;BA;BILLING_ADDRESS;Billing Address
invoice-816.tiff;1;1;2480;3508;100642;266;1004;83;48;266;1004;349;1004;349;1052;266;1052;sully;AAAAA;BA;BILLING_ADDRESS;Billing Address
invoice-816.tiff;1;1;2480;3508;100643;124;1052;115;48;124;1052;239;1052;239;1100;124;1100;23230;NNNNN;BA;BILLING_ADDRESS;Billing Address
invoice-816.tiff;1;1;2480;3508;100644;282;1052;145;48;282;1052;427;1052;427;1100;282;1100;Gouzon;AAAAAA;BA;BILLING_ADDRESS;Billing Address
invoice-816.tiff;1;1;2480;3508;100656;1541;1094;218;54;1541;1094;1759;1094;1759;1148;1541;1148;FACTURE;AAAAAAA;undefined;OTHER;OTHER
invoice-816.tiff;1;1;2480;3508;100657;1773;1094;51;54;1773;1094;1824;1094;1824;1148;1773;1148;N°;AS;undefined;OTHER;OTHER
invoice-816.tiff;1;1;2480;3508;100658;2166;1094;185;48;2166;1094;2351;1094;2351;1142;2166;1142;45694639;NNNNNNNN;IN;INVOICE_NUMBER;Invoice Number
invoice-816.tiff;1;1;2480;3508;100645;124;1100;129;48;124;1100;253;1100;253;1148;124;1148;France;AAAAAA;BA;BILLING_ADDRESS;Billing Address
invoice-816.tiff;1;1;2480;3508;100659;1541;1169;274;54;1541;1169;1815;1169;1815;1223;1541;1223;COMMANDE;AAAAAAAA;undefined;OTHER;OTHER
invoice-816.tiff;1;1;2480;3508;100660;1829;1169;51;54;1829;1169;1880;1169;1880;1223;1829;1223;N°;AS;undefined;OTHER;OTHER
invoice-816.tiff;1;1;2480;3508;100661;2166;1169;92;48;2166;1169;2258;1169;2258;1217;2166;1217;1134;NNNN;ONUM;ORDER_NUMBER;Order Number
invoice-816.tiff;1;1;2480;3508;100646;124;1190;222;59;124;1190;346;1190;346;1249;124;1249;Livraison;AAAAAAAAA;undefined;OTHER;OTHER
invoice-816.tiff;1;1;2480;3508;100647;361;1190;27;59;361;1190;388;1190;388;1249;361;1249;à;A;undefined;OTHER;OTHER
invoice-816.tiff;1;1;2480;3508;100648;124;1250;104;49;124;1250;228;1250;228;1299;124;1299;Clara;AAAAA;SHN;SHIPPING_NAME;Shipping Name
invoice-816.tiff;1;1;2480;3508;100649;240;1250;145;49;240;1250;385;1250;385;1299;240;1299;Gautier;AAAAAAA;SHN;SHIPPING_NAME;Shipping Name
invoice-816.tiff;1;1;2480;3508;100650;124;1299;57;48;124;1299;181;1299;181;1347;124;1347;14,;NNS;SHA;SHIPPING_ADDRESS;Shipping Address
invoice-816.tiff;1;1;2480;3508;100651;194;1299;60;48;194;1299;254;1299;254;1347;194;1347;rue;AAA;SHA;SHIPPING_ADDRESS;Shipping Address
invoice-816.tiff;1;1;2480;3508;100652;266;1299;83;48;266;1299;349;1299;349;1347;266;1347;sully;AAAAA;SHA;SHIPPING_ADDRESS;Shipping Address
invoice-816.tiff;1;1;2480;3508;100653;124;1347;115;48;124;1347;239;1347;239;1395;124;1395;23230;NNNNN;SHA;SHIPPING_ADDRESS;Shipping Address
invoice-816.tiff;1;1;2480;3508;100654;282;1347;145;48;282;1347;427;1347;427;1395;282;1395;Gouzon;AAAAAA;SHA;SHIPPING_ADDRESS;Shipping Address
invoice-816.tiff;1;1;2480;3508;100655;124;1395;129;48;124;1395;253;1395;253;1443;124;1443;France;AAAAAA;SHA;SHIPPING_ADDRESS;Shipping Address
invoice-816.tiff;1;1;2480;3508;100662;211;1711;76;54;211;1711;287;1711;287;1765;211;1765;Qté;AAA;undefined;OTHER;OTHER
invoice-816.tiff;1;1;2480;3508;100663;681;1711;262;54;681;1711;943;1711;943;1765;681;1765;Désignation;AAAAAAAAAAA;undefined;OTHER;OTHER
invoice-816.tiff;1;1;2480;3508;100664;1384;1711;63;54;1384;1711;1447;1711;1447;1765;1384;1765;UP;AA;undefined;OTHER;OTHER
invoice-816.tiff;1;1;2480;3508;100665;1704;1711;91;54;1704;1711;1795;1711;1795;1765;1704;1765;TVA;AAA;undefined;OTHER;OTHER
invoice-816.tiff;1;1;2480;3508;100666;1944;1711;178;54;1944;1711;2122;1711;2122;1765;1944;1765;Montant;AAAAAAA;undefined;OTHER;OTHER
invoice-816.tiff;1;1;2480;3508;100667;2135;1711;86;54;2135;1711;2221;1711;2221;1765;2135;1765;H.T.;ASAS;undefined;OTHER;OTHER
invoice-816.tiff;1;1;2480;3508;100668;238;1786;23;49;238;1786;261;1786;261;1835;238;1835;3;N;undefined;OTHER;OTHER
invoice-816.tiff;1;1;2480;3508;100669;375;1786;138;49;375;1786;513;1786;513;1835;375;1835;Chaîne;AAAAAA;undefined;OTHER;OTHER
invoice-816.tiff;1;1;2480;3508;100670;525;1786;78;49;525;1786;603;1786;603;1835;525;1835;HiFi;AAAA;undefined;OTHER;OTHER
invoice-816.tiff;1;1;2480;3508;100671;615;1786;57;49;615;1786;672;1786;672;1835;615;1835;LG;AA;undefined;OTHER;OTHER
invoice-816.tiff;1;1;2480;3508;100672;685;1786;157;49;685;1786;842;1786;842;1835;685;1835;CM2460;AANNNN;undefined;OTHER;OTHER
invoice-816.tiff;1;1;2480;3508;100673;1303;1786;127;49;1303;1786;1430;1786;1430;1835;1303;1835;124,16;NNNSNN;undefined;OTHER;OTHER
invoice-816.tiff;1;1;2480;3508;100674;1442;1786;87;49;1442;1786;1529;1786;1529;1835;1442;1835;EUR;AAA;undefined;OTHER;OTHER
invoice-816.tiff;1;1;2480;3508;100675;1690;1786;118;49;1690;1786;1808;1786;1808;1835;1690;1835;20.0%;NNSNS;undefined;OTHER;OTHER
invoice-816.tiff;1;1;2480;3508;100676;1969;1786;127;49;1969;1786;2096;1786;2096;1835;1969;1835;372,47;NNNSNN;undefined;OTHER;OTHER
invoice-816.tiff;1;1;2480;3508;100677;2108;1786;87;49;2108;1786;2195;1786;2195;1835;2108;1835;EUR;AAA;undefined;OTHER;OTHER
invoice-816.tiff;1;1;2480;3508;100678;238;1878;23;49;238;1878;261;1878;261;1927;238;1927;3;N;undefined;OTHER;OTHER
invoice-816.tiff;1;1;2480;3508;100679;375;1878;164;49;375;1878;539;1878;539;1927;375;1927;Bracelet;AAAAAAAA;undefined;OTHER;OTHER
invoice-816.tiff;1;1;2480;3508;100680;550;1878;115;49;550;1878;665;1878;665;1927;550;1927;Apple;AAAAA;undefined;OTHER;OTHER
invoice-816.tiff;1;1;2480;3508;100681;678;1878;115;49;678;1878;793;1878;793;1927;678;1927;Nylon;AAAAA;undefined;OTHER;OTHER
invoice-816.tiff;1;1;2480;3508;100682;805;1878;94;49;805;1878;899;1878;899;1927;805;1927;tissé;AAAAA;undefined;OTHER;OTHER
invoice-816.tiff;1;1;2480;3508;100683;912;1878;113;49;912;1878;1025;1878;1025;1927;912;1927;Polen;AAAAA;undefined;OTHER;OTHER
invoice-816.tiff;1;1;2480;3508;100684;1037;1878;120;49;1037;1878;1157;1878;1157;1927;1037;1927;38mm;NNAA;undefined;OTHER;OTHER
invoice-816.tiff;1;1;2480;3508;100685;1314;1878;104;49;1314;1878;1418;1878;1418;1927;1314;1927;49,17;NNSNN;undefined;OTHER;OTHER
invoice-816.tiff;1;1;2480;3508;100686;1430;1878;87;49;1430;1878;1517;1878;1517;1927;1430;1927;EUR;AAA;undefined;OTHER;OTHER
invoice-816.tiff;1;1;2480;3508;100687;1690;1878;118;49;1690;1878;1808;1878;1808;1927;1690;1927;20.0%;NNSNS;undefined;OTHER;OTHER
invoice-816.tiff;1;1;2480;3508;100688;1969;1878;127;49;1969;1878;2096;1878;2096;1927;1969;1927;147,50;NNNSNN;undefined;OTHER;OTHER
invoice-816.tiff;1;1;2480;3508;100689;2108;1878;87;49;2108;1878;2195;1878;2195;1927;2108;1927;EUR;AAA;undefined;OTHER;OTHER
invoice-816.tiff;1;1;2480;3508;100690;238;1969;23;49;238;1969;261;1969;261;2018;238;2018;4;N;undefined;OTHER;OTHER
invoice-816.tiff;1;1;2480;3508;100691;375;1969;213;49;375;1969;588;1969;588;2018;375;2018;Surjeteuse;AAAAAAAAAA;undefined;OTHER;OTHER
invoice-816.tiff;1;1;2480;3508;100692;599;1969;157;49;599;1969;756;1969;756;2018;599;2018;Janome;AAAAAA;undefined;OTHER;OTHER
invoice-816.tiff;1;1;2480;3508;100693;768;1969;99;49;768;1969;867;1969;867;2018;768;2018;344D;NNNA;undefined;OTHER;OTHER
invoice-816.tiff;1;1;2480;3508;100694;1303;1969;127;49;1303;1969;1430;1969;1430;2018;1303;2018;332,50;NNNSNN;undefined;OTHER;OTHER
invoice-816.tiff;1;1;2480;3508;100695;1442;1969;87;49;1442;1969;1529;1969;1529;2018;1442;2018;EUR;AAA;undefined;OTHER;OTHER
invoice-816.tiff;1;1;2480;3508;100696;1690;1969;118;49;1690;1969;1808;1969;1808;2018;1690;2018;20.0%;NNSNS;undefined;OTHER;OTHER
invoice-816.tiff;1;1;2480;3508;100697;1958;1969;150;49;1958;1969;2108;1969;2108;2018;1958;2018;1330,00;NNNNSNN;undefined;OTHER;OTHER
invoice-816.tiff;1;1;2480;3508;100698;2120;1969;87;49;2120;1969;2207;1969;2207;2018;2120;2018;EUR;AAA;undefined;OTHER;OTHER
invoice-816.tiff;1;1;2480;3508;100699;1639;2102;178;54;1639;2102;1817;2102;1817;2156;1639;2156;Montant;AAAAAAA;undefined;OTHER;OTHER
invoice-816.tiff;1;1;2480;3508;100700;1829;2102;86;54;1829;2102;1915;2102;1915;2156;1829;2156;H.T.;ASAS;undefined;OTHER;OTHER
invoice-816.tiff;1;1;2480;3508;100701;1958;2102;150;49;1958;2102;2108;2102;2108;2151;1958;2151;1849,97;NNNNSNN;TWTX;TOTAL_WITHOUT_TAX;TWTXS
invoice-816.tiff;1;1;2480;3508;100702;2120;2102;87;49;2120;2102;2207;2102;2207;2151;2120;2151;EUR;AAA;TWTX;TOTAL_WITHOUT_TAX;TWTXS
invoice-816.tiff;1;1;2480;3508;100703;1956;2156;91;54;1956;2156;2047;2156;2047;2210;1956;2210;TVA;AAA;undefined;OTHER;OTHER
invoice-816.tiff;1;1;2480;3508;100704;2090;2156;118;49;2090;2156;2208;2156;2208;2205;2090;2205;20.0%;NNSNS;TXR;TAX_RATE;Tax Rate
invoice-816.tiff;1;1;2480;3508;100705;1657;2211;178;54;1657;2211;1835;2211;1835;2265;1657;2265;Montant;AAAAAAA;undefined;OTHER;OTHER
invoice-816.tiff;1;1;2480;3508;100706;1848;2211;91;54;1848;2211;1939;2211;1939;2265;1848;2265;TVA;AAA;undefined;OTHER;OTHER
invoice-816.tiff;1;1;2480;3508;100707;1981;2211;127;49;1981;2211;2108;2211;2108;2260;1981;2260;369,99;NNNSNN;TTX;TOTAL_TAX;Total Tax
invoice-816.tiff;1;1;2480;3508;100708;2120;2211;87;49;2120;2211;2207;2211;2207;2260;2120;2260;EUR;AAA;TTX;TOTAL_TAX;Total Tax
invoice-816.tiff;1;1;2480;3508;100709;1636;2265;178;54;1636;2265;1814;2265;1814;2319;1636;2319;Montant;AAAAAAA;undefined;OTHER;OTHER
invoice-816.tiff;1;1;2480;3508;100710;1827;2265;89;54;1827;2265;1916;2265;1916;2319;1827;2319;TTC;AAA;undefined;OTHER;OTHER
invoice-816.tiff;1;1;2480;3508;100711;1958;2265;150;49;1958;2265;2108;2265;2108;2314;1958;2314;2219,97;NNNNSNN;TA;TOTAL_AMOUNT;Total with TAX
invoice-816.tiff;1;1;2480;3508;100712;2120;2265;87;49;2120;2265;2207;2265;2207;2314;2120;2314;EUR;AAA;TA;TOTAL_AMOUNT;Total with TAX
invoice-816.tiff;1;1;2480;3508;100713;124;2649;106;54;124;2649;230;2649;230;2703;124;2703;Type;AAAA;undefined;OTHER;OTHER
invoice-816.tiff;1;1;2480;3508;100714;244;2649;53;54;244;2649;297;2649;297;2703;244;2703;de;AA;undefined;OTHER;OTHER
invoice-816.tiff;1;1;2480;3508;100715;310;2649;201;54;310;2649;511;2649;511;2703;310;2703;paiement;AAAAAAAA;undefined;OTHER;OTHER
invoice-816.tiff;1;1;2480;3508;100716;750;2649;145;48;750;2649;895;2649;895;2697;750;2697;Chèque;AAAAAA;PMODE;PAYMENT_MODE;Payment Mode
invoice-816.tiff;1;1;2480;3508;100717;1842;3154;60;49;1842;3154;1902;3154;1902;3203;1842;3203;UN;AA;SN;SUPPLIER_NAME;Seller/Company) name
invoice-816.tiff;1;1;2480;3508;100718;1914;3154;115;49;1914;3154;2029;3154;2029;3203;1914;3203;JOUR;AAAA;SN;SUPPLIER_NAME;Seller/Company) name
invoice-816.tiff;1;1;2480;3508;100719;2041;3154;208;49;2041;3154;2249;3154;2249;3203;2041;3203;AILLEURS;AAAAAAAA;SN;SUPPLIER_NAME;Seller/Company) name
invoice-816.tiff;1;1;2480;3508;100720;1031;3203;46;48;1031;3203;1077;3203;1077;3251;1031;3251;15;NN;SA;SUPPLIER_ADDRESS;Seller Address
invoice-816.tiff;1;1;2480;3508;100721;1089;3203;87;48;1089;3203;1176;3203;1176;3251;1089;3251;RUE;AAA;SA;SUPPLIER_ADDRESS;Seller Address
invoice-816.tiff;1;1;2480;3508;100722;1188;3203;122;48;1188;3203;1310;3203;1310;3251;1188;3251;SAINT;AAAAA;SA;SUPPLIER_ADDRESS;Seller Address
invoice-816.tiff;1;1;2480;3508;100723;1322;3203;240;48;1322;3203;1562;3203;1562;3251;1322;3251;GUILLAUME;AAAAAAAAA;SA;SUPPLIER_ADDRESS;Seller Address
invoice-816.tiff;1;1;2480;3508;100724;1572;3203;13;48;1572;3203;1585;3203;1585;3251;1572;3251;-;S;SA;SUPPLIER_ADDRESS;Seller Address
invoice-816.tiff;1;1;2480;3508;100725;1597;3203;115;48;1597;3203;1712;3203;1712;3251;1597;3251;22000;NNNNN;SA;SUPPLIER_ADDRESS;Seller Address
invoice-816.tiff;1;1;2480;3508;100726;1733;3203;122;48;1733;3203;1855;3203;1855;3251;1733;3251;SAINT;AAAAA;SA;SUPPLIER_ADDRESS;Seller Address
invoice-816.tiff;1;1;2480;3508;100727;1867;3203;157;48;1867;3203;2024;3203;2024;3251;1867;3251;BRIEUC;AAAAAA;SA;SUPPLIER_ADDRESS;Seller Address
invoice-816.tiff;1;1;2480;3508;100728;2033;3203;13;48;2033;3203;2046;3203;2046;3251;2033;3251;-;S;SA;SUPPLIER_ADDRESS;Seller Address
invoice-816.tiff;1;1;2480;3508;100729;2058;3203;171;48;2058;3203;2229;3203;2229;3251;2058;3251;FRANCE;AAAAAA;SA;SUPPLIER_ADDRESS;Seller Address
