src;num_pages;page_id;page_width;page_height;id;col;row;width;height;x1;y1;x2;y2;x3;y3;x4;y4;contents;contents_masked;correctclass;tag;description
invoice-1213.tiff;1;1;2480;3508;148838;124;62;193;175;124;62;317;62;317;237;124;237;common/logo;AAAAAASAAAA;img;IMAGE;Image
invoice-1213.tiff;1;1;2480;3508;148863;1541;270;172;59;1541;270;1713;270;1713;329;1541;329;Invoice;AAAAAAA;undefined;OTHER;OTHER
invoice-1213.tiff;1;1;2480;3508;148864;1727;270;188;59;1727;270;1915;270;1915;329;1727;329;Number;AAAAAA;undefined;OTHER;OTHER
invoice-1213.tiff;1;1;2480;3508;148865;1979;270;361;52;1979;270;2340;270;2340;322;1979;322;811-76441-17956;NNNSNNNNNSNNNNN;IN;INVOICE_NUMBER;Invoice Number
invoice-1213.tiff;1;1;2480;3508;148839;124;412;266;49;124;412;390;412;390;461;124;461;CARREFOUR;AAAAAAAAA;SN;SUPPLIER_NAME;Seller/Company) name
invoice-1213.tiff;1;1;2480;3508;148840;402;412;196;49;402;412;598;412;598;461;402;461;EXPRESS;AAAAAAA;SN;SUPPLIER_NAME;Seller/Company) name
invoice-1213.tiff;1;1;2480;3508;148841;124;462;46;48;124;462;170;462;170;510;124;510;15;NN;SA;SUPPLIER_ADDRESS;Seller Address
invoice-1213.tiff;1;1;2480;3508;148842;182;462;27;48;182;462;209;462;209;510;182;510;B;A;SA;SUPPLIER_ADDRESS;Seller Address
invoice-1213.tiff;1;1;2480;3508;148843;222;462;145;48;222;462;367;462;367;510;222;510;ROUTE;AAAAA;SA;SUPPLIER_ADDRESS;Seller Address
invoice-1213.tiff;1;1;2480;3508;148844;379;462;57;48;379;462;436;462;436;510;379;510;DE;AA;SA;SUPPLIER_ADDRESS;Seller Address
invoice-1213.tiff;1;1;2480;3508;148845;449;462;173;48;449;462;622;462;622;510;449;510;CHALON;AAAAAA;SA;SUPPLIER_ADDRESS;Seller Address
invoice-1213.tiff;1;1;2480;3508;148846;631;462;13;48;631;462;644;462;644;510;631;510;-;S;SA;SUPPLIER_ADDRESS;Seller Address
invoice-1213.tiff;1;1;2480;3508;148847;656;462;115;48;656;462;771;462;771;510;656;510;71310;NNNNN;SA;SUPPLIER_ADDRESS;Seller Address
invoice-1213.tiff;1;1;2480;3508;148848;792;462;206;48;792;462;998;462;998;510;792;510;MERVANS;AAAAAAA;SA;SUPPLIER_ADDRESS;Seller Address
invoice-1213.tiff;1;1;2480;3508;148849;1006;462;13;48;1006;462;1019;462;1019;510;1006;510;-;S;SA;SUPPLIER_ADDRESS;Seller Address
invoice-1213.tiff;1;1;2480;3508;148850;1032;462;171;48;1032;462;1203;462;1203;510;1032;510;FRANCE;AAAAAA;SA;SUPPLIER_ADDRESS;Seller Address
invoice-1213.tiff;1;1;2480;3508;148851;124;510;120;48;124;510;244;510;244;558;124;558;Phone;AAAAA;undefined;OTHER;OTHER
invoice-1213.tiff;1;1;2480;3508;148852;270;510;70;48;270;510;340;510;340;558;270;558;+33;SNN;SCN;SUPPLIER_CONTACT_NUMBER;Seller Contact Number
invoice-1213.tiff;1;1;2480;3508;148853;352;510;23;48;352;510;375;510;375;558;352;558;0;N;SCN;SUPPLIER_CONTACT_NUMBER;Seller Contact Number
invoice-1213.tiff;1;1;2480;3508;148854;387;510;69;48;387;510;456;510;456;558;387;558;281;NNN;SCN;SUPPLIER_CONTACT_NUMBER;Seller Contact Number
invoice-1213.tiff;1;1;2480;3508;148855;468;510;69;48;468;510;537;510;537;558;468;558;898;NNN;SCN;SUPPLIER_CONTACT_NUMBER;Seller Contact Number
invoice-1213.tiff;1;1;2480;3508;148856;549;510;69;48;549;510;618;510;618;558;549;558;193;NNN;SCN;SUPPLIER_CONTACT_NUMBER;Seller Contact Number
invoice-1213.tiff;1;1;2480;3508;148857;660;510;69;48;660;510;729;510;729;558;660;558;Fax;AAA;undefined;OTHER;OTHER
invoice-1213.tiff;1;1;2480;3508;148858;755;510;70;48;755;510;825;510;825;558;755;558;+33;SNN;SFAX;SUPPLIER_FAX_NUMBER;Seller Fax Number
invoice-1213.tiff;1;1;2480;3508;148859;837;510;23;48;837;510;860;510;860;558;837;558;0;N;SFAX;SUPPLIER_FAX_NUMBER;Seller Fax Number
invoice-1213.tiff;1;1;2480;3508;148860;872;510;69;48;872;510;941;510;941;558;872;558;281;NNN;SFAX;SUPPLIER_FAX_NUMBER;Seller Fax Number
invoice-1213.tiff;1;1;2480;3508;148861;953;510;69;48;953;510;1022;510;1022;558;953;558;898;NNN;SFAX;SUPPLIER_FAX_NUMBER;Seller Fax Number
invoice-1213.tiff;1;1;2480;3508;148862;1034;510;69;48;1034;510;1103;510;1103;558;1034;558;471;NNN;SFAX;SUPPLIER_FAX_NUMBER;Seller Fax Number
invoice-1213.tiff;1;1;2480;3508;148875;1541;954;166;49;1541;954;1707;954;1707;1003;1541;1003;Candido;AAAAAAA;BN;BILLING_NAME;Billing Name
invoice-1213.tiff;1;1;2480;3508;148876;1719;954;92;49;1719;954;1811;954;1811;1003;1719;1003;King;AAAA;BN;BILLING_NAME;Billing Name
invoice-1213.tiff;1;1;2480;3508;148877;1824;954;83;49;1824;954;1907;954;1907;1003;1824;1003;PhD;AAA;BN;BILLING_NAME;Billing Name
invoice-1213.tiff;1;1;2480;3508;148878;1541;1004;34;48;1541;1004;1575;1004;1575;1052;1541;1052;2,;NS;BA;BILLING_ADDRESS;Billing Address
invoice-1213.tiff;1;1;2480;3508;148879;1587;1004;60;48;1587;1004;1647;1004;1647;1052;1587;1052;rue;AAA;BA;BILLING_ADDRESS;Billing Address
invoice-1213.tiff;1;1;2480;3508;148880;1659;1004;67;48;1659;1004;1726;1004;1726;1052;1659;1052;des;AAA;BA;BILLING_ADDRESS;Billing Address
invoice-1213.tiff;1;1;2480;3508;148881;1738;1004;132;48;1738;1004;1870;1004;1870;1052;1738;1052;basses;AAAAAA;BA;BILLING_ADDRESS;Billing Address
invoice-1213.tiff;1;1;2480;3508;148882;1882;1004;243;48;1882;1004;2125;1004;2125;1052;1882;1052;chauffeterres;AAAAAAAAAAAAA;BA;BILLING_ADDRESS;Billing Address
invoice-1213.tiff;1;1;2480;3508;148883;1541;1052;115;48;1541;1052;1656;1052;1656;1100;1541;1100;14190;NNNNN;BA;BILLING_ADDRESS;Billing Address
invoice-1213.tiff;1;1;2480;3508;148884;1699;1052;467;48;1699;1052;2166;1052;2166;1100;1699;1100;Saint-Germain-le-Vasson;AAAAASAAAAAAASAASAAAAAA;BA;BILLING_ADDRESS;Billing Address
invoice-1213.tiff;1;1;2480;3508;148866;124;1094;157;54;124;1094;281;1094;281;1148;124;1148;Invoice;AAAAAAA;undefined;OTHER;OTHER
invoice-1213.tiff;1;1;2480;3508;148867;295;1094;99;54;295;1094;394;1094;394;1148;295;1148;Date;AAAA;undefined;OTHER;OTHER
invoice-1213.tiff;1;1;2480;3508;148868;750;1094;46;48;750;1094;796;1094;796;1142;750;1142;10;NN;IDATE;INVOICE_DATE;Invoice Date
invoice-1213.tiff;1;1;2480;3508;148869;807;1094;78;48;807;1094;885;1094;885;1142;807;1142;nov,;AAAS;IDATE;INVOICE_DATE;Invoice Date
invoice-1213.tiff;1;1;2480;3508;148870;898;1094;92;48;898;1094;990;1094;990;1142;898;1142;1986;NNNN;IDATE;INVOICE_DATE;Invoice Date
invoice-1213.tiff;1;1;2480;3508;148885;1541;1100;129;48;1541;1100;1670;1100;1670;1148;1541;1148;France;AAAAAA;BA;BILLING_ADDRESS;Billing Address
invoice-1213.tiff;1;1;2480;3508;148871;124;1169;135;54;124;1169;259;1169;259;1223;124;1223;Payed;AAAAA;undefined;OTHER;OTHER
invoice-1213.tiff;1;1;2480;3508;148872;272;1169;173;54;272;1169;445;1169;445;1223;272;1223;through;AAAAAAA;undefined;OTHER;OTHER
invoice-1213.tiff;1;1;2480;3508;148873;750;1169;94;48;750;1169;844;1169;844;1217;750;1217;Bank;AAAA;PMODE;PAYMENT_MODE;Payment Mode
invoice-1213.tiff;1;1;2480;3508;148874;856;1169;155;48;856;1169;1011;1169;1011;1217;856;1217;Transfer;AAAAAAAA;PMODE;PAYMENT_MODE;Payment Mode
invoice-1213.tiff;1;1;2480;3508;148886;1541;1190;197;59;1541;1190;1738;1190;1738;1249;1541;1249;Shipped;AAAAAAA;undefined;OTHER;OTHER
invoice-1213.tiff;1;1;2480;3508;148887;1752;1190;61;59;1752;1190;1813;1190;1813;1249;1752;1249;To;AA;undefined;OTHER;OTHER
invoice-1213.tiff;1;1;2480;3508;148888;1541;1250;166;49;1541;1250;1707;1250;1707;1299;1541;1299;Candido;AAAAAAA;SHN;SHIPPING_NAME;Shipping Name
invoice-1213.tiff;1;1;2480;3508;148889;1719;1250;92;49;1719;1250;1811;1250;1811;1299;1719;1299;King;AAAA;SHN;SHIPPING_NAME;Shipping Name
invoice-1213.tiff;1;1;2480;3508;148890;1824;1250;83;49;1824;1250;1907;1250;1907;1299;1824;1299;PhD;AAA;SHN;SHIPPING_NAME;Shipping Name
invoice-1213.tiff;1;1;2480;3508;148891;1541;1299;34;48;1541;1299;1575;1299;1575;1347;1541;1347;2,;NS;SHA;SHIPPING_ADDRESS;Shipping Address
invoice-1213.tiff;1;1;2480;3508;148892;1587;1299;60;48;1587;1299;1647;1299;1647;1347;1587;1347;rue;AAA;SHA;SHIPPING_ADDRESS;Shipping Address
invoice-1213.tiff;1;1;2480;3508;148893;1659;1299;67;48;1659;1299;1726;1299;1726;1347;1659;1347;des;AAA;SHA;SHIPPING_ADDRESS;Shipping Address
invoice-1213.tiff;1;1;2480;3508;148894;1738;1299;132;48;1738;1299;1870;1299;1870;1347;1738;1347;basses;AAAAAA;SHA;SHIPPING_ADDRESS;Shipping Address
invoice-1213.tiff;1;1;2480;3508;148895;1882;1299;243;48;1882;1299;2125;1299;2125;1347;1882;1347;chauffeterres;AAAAAAAAAAAAA;SHA;SHIPPING_ADDRESS;Shipping Address
invoice-1213.tiff;1;1;2480;3508;148896;1541;1347;115;48;1541;1347;1656;1347;1656;1395;1541;1395;14190;NNNNN;SHA;SHIPPING_ADDRESS;Shipping Address
invoice-1213.tiff;1;1;2480;3508;148897;1699;1347;467;48;1699;1347;2166;1347;2166;1395;1699;1395;Saint-Germain-le-Vasson;AAAAASAAAAAAASAASAAAAAA;SHA;SHIPPING_ADDRESS;Shipping Address
invoice-1213.tiff;1;1;2480;3508;148898;1541;1395;129;48;1541;1395;1670;1395;1670;1443;1541;1443;France;AAAAAA;SHA;SHIPPING_ADDRESS;Shipping Address
invoice-1213.tiff;1;1;2480;3508;148899;423;1711;277;54;423;1711;700;1711;700;1765;423;1765;Descriptions;AAAAAAAAAAAA;undefined;OTHER;OTHER
invoice-1213.tiff;1;1;2480;3508;148900;1086;1711;76;54;1086;1711;1162;1711;1162;1765;1086;1765;Qty;AAA;undefined;OTHER;OTHER
invoice-1213.tiff;1;1;2480;3508;148901;1372;1711;89;54;1372;1711;1461;1711;1461;1765;1372;1765;U.P.;ASAS;undefined;OTHER;OTHER
invoice-1213.tiff;1;1;2480;3508;148902;1651;1711;196;54;1651;1711;1847;1711;1847;1765;1651;1765;VAT/TVA;AAASAAA;undefined;OTHER;OTHER
invoice-1213.tiff;1;1;2480;3508;148903;1996;1711;173;54;1996;1711;2169;1711;2169;1765;1996;1765;Amount;AAAAAA;undefined;OTHER;OTHER
invoice-1213.tiff;1;1;2480;3508;148904;124;1786;157;49;124;1786;281;1786;281;1835;124;1835;Logiciel;AAAAAAAA;undefined;OTHER;OTHER
invoice-1213.tiff;1;1;2480;3508;148905;294;1786;48;49;294;1786;342;1786;342;1835;294;1835;de;AA;undefined;OTHER;OTHER
invoice-1213.tiff;1;1;2480;3508;148906;354;1786;236;49;354;1786;590;1786;590;1835;354;1835;photo/vid√©o;AAAAASAAAAA;undefined;OTHER;OTHER
invoice-1213.tiff;1;1;2480;3508;148907;601;1786;129;49;601;1786;730;1786;730;1835;601;1835;Adobe;AAAAA;undefined;OTHER;OTHER
invoice-1213.tiff;1;1;2480;3508;148908;743;1786;157;49;743;1786;900;1786;900;1835;743;1835;Acrobat;AAAAAAA;undefined;OTHER;OTHER
invoice-1213.tiff;1;1;2480;3508;148912;1113;1786;23;49;1113;1786;1136;1786;1136;1835;1113;1835;4;N;undefined;OTHER;OTHER
invoice-1213.tiff;1;1;2480;3508;148913;1303;1786;127;49;1303;1786;1430;1786;1430;1835;1303;1835;559,00;NNNSNN;undefined;OTHER;OTHER
invoice-1213.tiff;1;1;2480;3508;148914;1442;1786;87;49;1442;1786;1529;1786;1529;1835;1442;1835;USD;AAA;undefined;OTHER;OTHER
invoice-1213.tiff;1;1;2480;3508;148915;1690;1786;118;49;1690;1786;1808;1786;1808;1835;1690;1835;20.0%;NNSNS;undefined;OTHER;OTHER
invoice-1213.tiff;1;1;2480;3508;148916;1958;1786;150;49;1958;1786;2108;1786;2108;1835;1958;1835;2236,00;NNNNSNN;undefined;OTHER;OTHER
invoice-1213.tiff;1;1;2480;3508;148917;2120;1786;87;49;2120;1786;2207;1786;2207;1835;2120;1835;USD;AAA;undefined;OTHER;OTHER
invoice-1213.tiff;1;1;2480;3508;148909;124;1836;250;49;124;1836;374;1836;374;1885;124;1885;Professional;AAAAAAAAAAAA;undefined;OTHER;OTHER
invoice-1213.tiff;1;1;2480;3508;148910;386;1836;92;49;386;1836;478;1836;478;1885;386;1885;2017;NNNN;undefined;OTHER;OTHER
invoice-1213.tiff;1;1;2480;3508;148911;490;1836;76;49;490;1836;566;1836;566;1885;490;1885;Win;AAA;undefined;OTHER;OTHER
invoice-1213.tiff;1;1;2480;3508;148918;124;1927;233;49;124;1927;357;1927;357;1976;124;1976;Pr√©parateur;AAAAAAAAAAA;undefined;OTHER;OTHER
invoice-1213.tiff;1;1;2480;3508;148919;370;1927;152;49;370;1927;522;1927;522;1976;370;1976;biberon;AAAAAAA;undefined;OTHER;OTHER
invoice-1213.tiff;1;1;2480;3508;148920;534;1927;173;49;534;1927;707;1927;707;1976;534;1976;Babynes;AAAAAAA;undefined;OTHER;OTHER
invoice-1213.tiff;1;1;2480;3508;148921;720;1927;166;49;720;1927;886;1927;886;1976;720;1976;Machine;AAAAAAA;undefined;OTHER;OTHER
invoice-1213.tiff;1;1;2480;3508;148923;1113;1927;23;49;1113;1927;1136;1927;1136;1976;1113;1976;2;N;undefined;OTHER;OTHER
invoice-1213.tiff;1;1;2480;3508;148924;1303;1927;127;49;1303;1927;1430;1927;1430;1976;1303;1976;124,99;NNNSNN;undefined;OTHER;OTHER
invoice-1213.tiff;1;1;2480;3508;148925;1442;1927;87;49;1442;1927;1529;1927;1529;1976;1442;1976;USD;AAA;undefined;OTHER;OTHER
invoice-1213.tiff;1;1;2480;3508;148926;1690;1927;118;49;1690;1927;1808;1927;1808;1976;1690;1976;20.0%;NNSNS;undefined;OTHER;OTHER
invoice-1213.tiff;1;1;2480;3508;148927;1969;1927;127;49;1969;1927;2096;1927;2096;1976;1969;1976;249,98;NNNSNN;undefined;OTHER;OTHER
invoice-1213.tiff;1;1;2480;3508;148928;2108;1927;87;49;2108;1927;2195;1927;2195;1976;2108;1976;USD;AAA;undefined;OTHER;OTHER
invoice-1213.tiff;1;1;2480;3508;148922;124;1977;175;49;124;1977;299;1977;299;2026;124;2026;standard;AAAAAAAA;undefined;OTHER;OTHER
invoice-1213.tiff;1;1;2480;3508;148929;124;2068;173;49;124;2068;297;2068;297;2117;124;2117;Poubelle;AAAAAAAA;undefined;OTHER;OTHER
invoice-1213.tiff;1;1;2480;3508;148930;310;2068;180;49;310;2068;490;2068;490;2117;310;2117;manuelle;AAAAAAAA;undefined;OTHER;OTHER
invoice-1213.tiff;1;1;2480;3508;148931;502;2068;136;49;502;2068;638;2068;638;2117;502;2117;Simple;AAAAAA;undefined;OTHER;OTHER
invoice-1213.tiff;1;1;2480;3508;148932;650;2068;136;49;650;2068;786;2068;786;2117;650;2117;human;AAAAA;undefined;OTHER;OTHER
invoice-1213.tiff;1;1;2480;3508;148933;798;2068;113;49;798;2068;911;2068;911;2117;798;2117;touch;AAAAA;undefined;OTHER;OTHER
invoice-1213.tiff;1;1;2480;3508;148934;923;2068;64;49;923;2068;987;2068;987;2117;923;2117;bar;AAA;undefined;OTHER;OTHER
invoice-1213.tiff;1;1;2480;3508;148939;1113;2068;23;49;1113;2068;1136;2068;1136;2117;1113;2117;4;N;undefined;OTHER;OTHER
invoice-1213.tiff;1;1;2480;3508;148940;1303;2068;127;49;1303;2068;1430;2068;1430;2117;1303;2117;149,99;NNNSNN;undefined;OTHER;OTHER
invoice-1213.tiff;1;1;2480;3508;148941;1442;2068;87;49;1442;2068;1529;2068;1529;2117;1442;2117;USD;AAA;undefined;OTHER;OTHER
invoice-1213.tiff;1;1;2480;3508;148942;1690;2068;118;49;1690;2068;1808;2068;1808;2117;1690;2117;20.0%;NNSNS;undefined;OTHER;OTHER
invoice-1213.tiff;1;1;2480;3508;148943;1969;2068;127;49;1969;2068;2096;2068;2096;2117;1969;2117;599,97;NNNSNN;undefined;OTHER;OTHER
invoice-1213.tiff;1;1;2480;3508;148944;2108;2068;87;49;2108;2068;2195;2068;2195;2117;2108;2117;USD;AAA;undefined;OTHER;OTHER
invoice-1213.tiff;1;1;2480;3508;148935;124;2118;71;49;124;2118;195;2118;195;2167;124;2167;40L;NNA;undefined;OTHER;OTHER
invoice-1213.tiff;1;1;2480;3508;148936;208;2118;157;49;208;2118;365;2118;365;2167;208;2167;profond;AAAAAAA;undefined;OTHER;OTHER
invoice-1213.tiff;1;1;2480;3508;148937;377;2118;85;49;377;2118;462;2118;462;2167;377;2167;inox;AAAA;undefined;OTHER;OTHER
invoice-1213.tiff;1;1;2480;3508;148938;474;2118;236;49;474;2118;710;2118;710;2167;474;2167;SIMCW2016;AAAAANNNN;undefined;OTHER;OTHER
invoice-1213.tiff;1;1;2480;3508;148945;124;2209;222;49;124;2209;346;2209;346;2258;124;2258;Accessoire;AAAAAAAAAA;undefined;OTHER;OTHER
invoice-1213.tiff;1;1;2480;3508;148946;358;2209;224;49;358;2209;582;2209;582;2258;358;2258;imprimante;AAAAAAAAAA;undefined;OTHER;OTHER
invoice-1213.tiff;1;1;2480;3508;148947;595;2209;53;49;595;2209;648;2209;648;2258;595;2258;3D;NA;undefined;OTHER;OTHER
invoice-1213.tiff;1;1;2480;3508;148948;659;2209;189;49;659;2209;848;2209;848;2258;659;2258;Ultimaker;AAAAAAAAA;undefined;OTHER;OTHER
invoice-1213.tiff;1;1;2480;3508;148949;861;2209;101;49;861;2209;962;2209;962;2258;861;2258;Buse;AAAA;undefined;OTHER;OTHER
invoice-1213.tiff;1;1;2480;3508;148952;1113;2209;23;49;1113;2209;1136;2209;1136;2258;1113;2258;4;N;undefined;OTHER;OTHER
invoice-1213.tiff;1;1;2480;3508;148953;1326;2209;81;49;1326;2209;1407;2209;1407;2258;1326;2258;8,00;NSNN;undefined;OTHER;OTHER
invoice-1213.tiff;1;1;2480;3508;148954;1419;2209;87;49;1419;2209;1506;2209;1506;2258;1419;2258;USD;AAA;undefined;OTHER;OTHER
invoice-1213.tiff;1;1;2480;3508;148955;1690;2209;118;49;1690;2209;1808;2209;1808;2258;1690;2258;20.0%;NNSNS;undefined;OTHER;OTHER
invoice-1213.tiff;1;1;2480;3508;148956;1981;2209;104;49;1981;2209;2085;2209;2085;2258;1981;2258;32,00;NNSNN;undefined;OTHER;OTHER
invoice-1213.tiff;1;1;2480;3508;148957;2097;2209;87;49;2097;2209;2184;2209;2184;2258;2097;2258;USD;AAA;undefined;OTHER;OTHER
invoice-1213.tiff;1;1;2480;3508;148950;124;2258;111;49;124;2258;235;2258;235;2307;124;2307;laiton;AAAAAA;undefined;OTHER;OTHER
invoice-1213.tiff;1;1;2480;3508;148951;247;2258;155;49;247;2258;402;2258;402;2307;247;2307;0,40mm;NSNNAA;undefined;OTHER;OTHER
invoice-1213.tiff;1;1;2480;3508;148958;1852;2391;154;54;1852;2391;2006;2391;2006;2445;1852;2445;@DISC;SAAAA;undefined;OTHER;OTHER
invoice-1213.tiff;1;1;2480;3508;148959;2027;2391;81;49;2027;2391;2108;2391;2108;2440;2027;2440;0,00;NSNN;undefined;OTHER;OTHER
invoice-1213.tiff;1;1;2480;3508;148960;2120;2391;87;49;2120;2391;2207;2391;2207;2440;2120;2440;USD;AAA;undefined;OTHER;OTHER
invoice-1213.tiff;1;1;2480;3508;148961;1743;2446;173;54;1743;2446;1916;2446;1916;2500;1743;2500;Amount;AAAAAA;undefined;OTHER;OTHER
invoice-1213.tiff;1;1;2480;3508;148962;1958;2446;150;49;1958;2446;2108;2446;2108;2495;1958;2495;3117,95;NNNNSNN;TWTX;TOTAL_WITHOUT_TAX;TWTXS
invoice-1213.tiff;1;1;2480;3508;148963;2120;2446;87;49;2120;2446;2207;2446;2207;2495;2120;2495;USD;AAA;TWTX;TOTAL_WITHOUT_TAX;TWTXS
invoice-1213.tiff;1;1;2480;3508;148964;1852;2500;196;54;1852;2500;2048;2500;2048;2554;1852;2554;VAT/TVA;AAASAAA;undefined;OTHER;OTHER
invoice-1213.tiff;1;1;2480;3508;148965;2090;2500;118;49;2090;2500;2208;2500;2208;2549;2090;2549;20.0%;NNSNS;TXR;TAX_RATE;Tax Rate
invoice-1213.tiff;1;1;2480;3508;148966;1662;2555;91;54;1662;2555;1753;2555;1753;2609;1662;2609;TVA;AAA;undefined;OTHER;OTHER
invoice-1213.tiff;1;1;2480;3508;148967;1766;2555;173;54;1766;2555;1939;2555;1939;2609;1766;2609;Amount;AAAAAA;undefined;OTHER;OTHER
invoice-1213.tiff;1;1;2480;3508;148968;1981;2555;127;49;1981;2555;2108;2555;2108;2604;1981;2604;623,59;NNNSNN;TTX;TOTAL_TAX;Total Tax
invoice-1213.tiff;1;1;2480;3508;148969;2120;2555;87;49;2120;2555;2207;2555;2207;2604;2120;2604;USD;AAA;TTX;TOTAL_TAX;Total Tax
invoice-1213.tiff;1;1;2480;3508;148970;1621;2609;109;54;1621;2609;1730;2609;1730;2663;1621;2663;Total;AAAAA;undefined;OTHER;OTHER
invoice-1213.tiff;1;1;2480;3508;148971;1743;2609;173;54;1743;2609;1916;2609;1916;2663;1743;2663;Amount;AAAAAA;undefined;OTHER;OTHER
invoice-1213.tiff;1;1;2480;3508;148972;1958;2609;150;49;1958;2609;2108;2609;2108;2658;1958;2658;3741,54;NNNNSNN;TA;TOTAL_AMOUNT;Total with TAX
invoice-1213.tiff;1;1;2480;3508;148973;2120;2609;87;49;2120;2609;2207;2609;2207;2658;2120;2658;USD;AAA;TA;TOTAL_AMOUNT;Total with TAX
invoice-1213.tiff;1;1;2480;3508;148974;1187;3175;266;49;1187;3175;1453;3175;1453;3224;1187;3224;CARREFOUR;AAAAAAAAA;SN;SUPPLIER_NAME;Seller/Company) name
invoice-1213.tiff;1;1;2480;3508;148975;1465;3175;196;49;1465;3175;1661;3175;1661;3224;1465;3224;EXPRESS;AAAAAAA;SN;SUPPLIER_NAME;Seller/Company) name
invoice-1213.tiff;1;1;2480;3508;148976;1187;3224;46;48;1187;3224;1233;3224;1233;3272;1187;3272;15;NN;SA;SUPPLIER_ADDRESS;Seller Address
invoice-1213.tiff;1;1;2480;3508;148977;1245;3224;27;48;1245;3224;1272;3224;1272;3272;1245;3272;B;A;SA;SUPPLIER_ADDRESS;Seller Address
invoice-1213.tiff;1;1;2480;3508;148978;1284;3224;145;48;1284;3224;1429;3224;1429;3272;1284;3272;ROUTE;AAAAA;SA;SUPPLIER_ADDRESS;Seller Address
invoice-1213.tiff;1;1;2480;3508;148979;1442;3224;57;48;1442;3224;1499;3224;1499;3272;1442;3272;DE;AA;SA;SUPPLIER_ADDRESS;Seller Address
invoice-1213.tiff;1;1;2480;3508;148980;1511;3224;173;48;1511;3224;1684;3224;1684;3272;1511;3272;CHALON;AAAAAA;SA;SUPPLIER_ADDRESS;Seller Address
invoice-1213.tiff;1;1;2480;3508;148981;1187;3272;115;48;1187;3272;1302;3272;1302;3320;1187;3320;71310;NNNNN;SA;SUPPLIER_ADDRESS;Seller Address
invoice-1213.tiff;1;1;2480;3508;148982;1344;3272;206;48;1344;3272;1550;3272;1550;3320;1344;3320;MERVANS;AAAAAAA;SA;SUPPLIER_ADDRESS;Seller Address
invoice-1213.tiff;1;1;2480;3508;148983;1187;3320;171;48;1187;3320;1358;3320;1358;3368;1187;3368;FRANCE;AAAAAA;SA;SUPPLIER_ADDRESS;Seller Address
