src;num_pages;page_id;page_width;page_height;id;col;row;width;height;x1;y1;x2;y2;x3;y3;x4;y4;contents;contents_masked;correctclass;tag;description
invoice-86.tiff;1;1;2480;3508;10616;1187;62;136;175;1187;62;1323;62;1323;237;1187;237;common/logo;AAAAAASAAAA;img;IMAGE;Image
invoice-86.tiff;1;1;2480;3508;10613;124;270;172;59;124;270;296;270;296;329;124;329;Invoice;AAAAAAA;undefined;OTHER;OTHER
invoice-86.tiff;1;1;2480;3508;10614;311;270;50;59;311;270;361;270;361;329;311;329;ID;AA;undefined;OTHER;OTHER
invoice-86.tiff;1;1;2480;3508;10615;423;270;213;52;423;270;636;270;636;322;423;322;FC500833;AANNNNNN;IN;INVOICE_NUMBER;Invoice Number
invoice-86.tiff;1;1;2480;3508;10617;1187;412;192;49;1187;412;1379;412;1379;461;1187;461;DYNAMIS;AAAAAAA;SN;SUPPLIER_NAME;Seller/Company) name
invoice-86.tiff;1;1;2480;3508;10618;1391;412;157;49;1391;412;1548;412;1548;461;1391;461;STUDIO;AAAAAA;SN;SUPPLIER_NAME;Seller/Company) name
invoice-86.tiff;1;1;2480;3508;10619;1187;462;46;48;1187;462;1233;462;1233;510;1187;510;17;NN;SA;SUPPLIER_ADDRESS;Seller Address
invoice-86.tiff;1;1;2480;3508;10620;1245;462;87;48;1245;462;1332;462;1332;510;1245;510;RUE;AAA;SA;SUPPLIER_ADDRESS;Seller Address
invoice-86.tiff;1;1;2480;3508;10621;1344;462;85;48;1344;462;1429;462;1429;510;1344;510;DES;AAA;SA;SUPPLIER_ADDRESS;Seller Address
invoice-86.tiff;1;1;2480;3508;10622;1442;462;180;48;1442;462;1622;462;1622;510;1442;510;FAURIES;AAAAAAA;SA;SUPPLIER_ADDRESS;Seller Address
invoice-86.tiff;1;1;2480;3508;10623;1631;462;11;48;1631;462;1642;462;1642;510;1631;510;,;S;SA;SUPPLIER_ADDRESS;Seller Address
invoice-86.tiff;1;1;2480;3508;10624;1654;462;115;48;1654;462;1769;462;1769;510;1654;510;26250;NNNNN;SA;SUPPLIER_ADDRESS;Seller Address
invoice-86.tiff;1;1;2480;3508;10625;1778;462;155;48;1778;462;1933;462;1933;510;1778;510;LIVRON;AAAAAA;SA;SUPPLIER_ADDRESS;Seller Address
invoice-86.tiff;1;1;2480;3508;10626;1945;462;87;48;1945;462;2032;462;2032;510;1945;510;SUR;AAA;SA;SUPPLIER_ADDRESS;Seller Address
invoice-86.tiff;1;1;2480;3508;10627;2044;462;155;48;2044;462;2199;462;2199;510;2044;510;DROME;AAAAA;SA;SUPPLIER_ADDRESS;Seller Address
invoice-86.tiff;1;1;2480;3508;10628;2208;462;11;48;2208;462;2219;462;2219;510;2208;510;,;S;SA;SUPPLIER_ADDRESS;Seller Address
invoice-86.tiff;1;1;2480;3508;10629;2231;462;171;48;2231;462;2402;462;2402;510;2231;510;FRANCE;AAAAAA;SA;SUPPLIER_ADDRESS;Seller Address
invoice-86.tiff;1;1;2480;3508;10630;1187;510;120;48;1187;510;1307;510;1307;558;1187;558;Phone;AAAAA;undefined;OTHER;OTHER
invoice-86.tiff;1;1;2480;3508;10631;1332;510;70;48;1332;510;1402;510;1402;558;1332;558;+33;SNN;SCN;SUPPLIER_CONTACT_NUMBER;Seller Contact Number
invoice-86.tiff;1;1;2480;3508;10632;1415;510;23;48;1415;510;1438;510;1438;558;1415;558;0;N;SCN;SUPPLIER_CONTACT_NUMBER;Seller Contact Number
invoice-86.tiff;1;1;2480;3508;10633;1449;510;69;48;1449;510;1518;510;1518;558;1449;558;628;NNN;SCN;SUPPLIER_CONTACT_NUMBER;Seller Contact Number
invoice-86.tiff;1;1;2480;3508;10634;1531;510;69;48;1531;510;1600;510;1600;558;1531;558;463;NNN;SCN;SUPPLIER_CONTACT_NUMBER;Seller Contact Number
invoice-86.tiff;1;1;2480;3508;10635;1612;510;69;48;1612;510;1681;510;1681;558;1612;558;000;NNN;SCN;SUPPLIER_CONTACT_NUMBER;Seller Contact Number
invoice-86.tiff;1;1;2480;3508;10636;1723;510;69;48;1723;510;1792;510;1792;558;1723;558;Fax;AAA;undefined;OTHER;OTHER
invoice-86.tiff;1;1;2480;3508;10637;1817;510;70;48;1817;510;1887;510;1887;558;1817;558;+33;SNN;SFAX;SUPPLIER_FAX_NUMBER;Seller Fax Number
invoice-86.tiff;1;1;2480;3508;10638;1899;510;23;48;1899;510;1922;510;1922;558;1899;558;0;N;SFAX;SUPPLIER_FAX_NUMBER;Seller Fax Number
invoice-86.tiff;1;1;2480;3508;10639;1934;510;69;48;1934;510;2003;510;2003;558;1934;558;628;NNN;SFAX;SUPPLIER_FAX_NUMBER;Seller Fax Number
invoice-86.tiff;1;1;2480;3508;10640;2015;510;69;48;2015;510;2084;510;2084;558;2015;558;463;NNN;SFAX;SUPPLIER_FAX_NUMBER;Seller Fax Number
invoice-86.tiff;1;1;2480;3508;10641;2096;510;69;48;2096;510;2165;510;2165;558;2096;558;214;NNN;SFAX;SUPPLIER_FAX_NUMBER;Seller Fax Number
invoice-86.tiff;1;1;2480;3508;10642;124;954;87;49;124;954;211;954;211;1003;124;1003;Murl;AAAA;BN;BILLING_NAME;Billing Name
invoice-86.tiff;1;1;2480;3508;10643;224;954;141;49;224;954;365;954;365;1003;224;1003;Senger;AAAAAA;BN;BILLING_NAME;Billing Name
invoice-86.tiff;1;1;2480;3508;10644;124;1004;34;48;124;1004;158;1004;158;1052;124;1052;8,;NS;BA;BILLING_ADDRESS;Billing Address
invoice-86.tiff;1;1;2480;3508;10645;171;1004;60;48;171;1004;231;1004;231;1052;171;1052;rue;AAA;BA;BILLING_ADDRESS;Billing Address
invoice-86.tiff;1;1;2480;3508;10646;243;1004;46;48;243;1004;289;1004;289;1052;243;1052;de;AA;BA;BILLING_ADDRESS;Billing Address
invoice-86.tiff;1;1;2480;3508;10647;301;1004;107;48;301;1004;408;1004;408;1052;301;1052;l'hôtel;ASAAAAA;BA;BILLING_ADDRESS;Billing Address
invoice-86.tiff;1;1;2480;3508;10648;420;1004;46;48;420;1004;466;1004;466;1052;420;1052;de;AA;BA;BILLING_ADDRESS;Billing Address
invoice-86.tiff;1;1;2480;3508;10649;478;1004;71;48;478;1004;549;1004;549;1052;478;1052;ville;AAAAA;BA;BILLING_ADDRESS;Billing Address
invoice-86.tiff;1;1;2480;3508;10650;124;1052;115;48;124;1052;239;1052;239;1100;124;1100;59620;NNNNN;BA;BILLING_ADDRESS;Billing Address
invoice-86.tiff;1;1;2480;3508;10651;282;1052;338;48;282;1052;620;1052;620;1100;282;1100;Aulnoye-Aymeries;AAAAAAASAAAAAAAA;BA;BILLING_ADDRESS;Billing Address
invoice-86.tiff;1;1;2480;3508;10666;1541;1094;127;54;1541;1094;1668;1094;1668;1148;1541;1148;Dated;AAAAA;undefined;OTHER;OTHER
invoice-86.tiff;1;1;2480;3508;10667;2166;1094;46;48;2166;1094;2212;1094;2212;1142;2166;1142;23;NN;IDATE;INVOICE_DATE;Invoice Date
invoice-86.tiff;1;1;2480;3508;10668;2224;1094;64;48;2224;1094;2288;1094;2288;1142;2224;1142;dic,;AAAS;IDATE;INVOICE_DATE;Invoice Date
invoice-86.tiff;1;1;2480;3508;10669;2300;1094;92;48;2300;1094;2392;1094;2392;1142;2300;1142;2011;NNNN;IDATE;INVOICE_DATE;Invoice Date
invoice-86.tiff;1;1;2480;3508;10652;124;1100;129;48;124;1100;253;1100;253;1148;124;1148;France;AAAAAA;BA;BILLING_ADDRESS;Billing Address
invoice-86.tiff;1;1;2480;3508;10670;1541;1169;124;54;1541;1169;1665;1169;1665;1223;1541;1223;Order;AAAAA;undefined;OTHER;OTHER
invoice-86.tiff;1;1;2480;3508;10671;1679;1169;45;54;1679;1169;1724;1169;1724;1223;1679;1223;ID;AA;undefined;OTHER;OTHER
invoice-86.tiff;1;1;2480;3508;10672;2166;1169;157;48;2166;1169;2323;1169;2323;1217;2166;1217;CM5130;AANNNN;ONUM;ORDER_NUMBER;Order Number
invoice-86.tiff;1;1;2480;3508;10653;124;1190;194;59;124;1190;318;1190;318;1249;124;1249;Delivery;AAAAAAAA;undefined;OTHER;OTHER
invoice-86.tiff;1;1;2480;3508;10654;333;1190;61;59;333;1190;394;1190;394;1249;333;1249;To;AA;undefined;OTHER;OTHER
invoice-86.tiff;1;1;2480;3508;10655;124;1250;87;49;124;1250;211;1250;211;1299;124;1299;Murl;AAAA;SHN;SHIPPING_NAME;Shipping Name
invoice-86.tiff;1;1;2480;3508;10656;224;1250;141;49;224;1250;365;1250;365;1299;224;1299;Senger;AAAAAA;SHN;SHIPPING_NAME;Shipping Name
invoice-86.tiff;1;1;2480;3508;10657;124;1299;34;48;124;1299;158;1299;158;1347;124;1347;8,;NS;SHA;SHIPPING_ADDRESS;Shipping Address
invoice-86.tiff;1;1;2480;3508;10658;171;1299;60;48;171;1299;231;1299;231;1347;171;1347;rue;AAA;SHA;SHIPPING_ADDRESS;Shipping Address
invoice-86.tiff;1;1;2480;3508;10659;243;1299;46;48;243;1299;289;1299;289;1347;243;1347;de;AA;SHA;SHIPPING_ADDRESS;Shipping Address
invoice-86.tiff;1;1;2480;3508;10660;301;1299;107;48;301;1299;408;1299;408;1347;301;1347;l'hôtel;ASAAAAA;SHA;SHIPPING_ADDRESS;Shipping Address
invoice-86.tiff;1;1;2480;3508;10661;420;1299;46;48;420;1299;466;1299;466;1347;420;1347;de;AA;SHA;SHIPPING_ADDRESS;Shipping Address
invoice-86.tiff;1;1;2480;3508;10662;478;1299;71;48;478;1299;549;1299;549;1347;478;1347;ville;AAAAA;SHA;SHIPPING_ADDRESS;Shipping Address
invoice-86.tiff;1;1;2480;3508;10663;124;1347;115;48;124;1347;239;1347;239;1395;124;1395;59620;NNNNN;SHA;SHIPPING_ADDRESS;Shipping Address
invoice-86.tiff;1;1;2480;3508;10664;282;1347;338;48;282;1347;620;1347;620;1395;282;1395;Aulnoye-Aymeries;AAAAAAASAAAAAAAA;SHA;SHIPPING_ADDRESS;Shipping Address
invoice-86.tiff;1;1;2480;3508;10665;124;1395;129;48;124;1395;253;1395;253;1443;124;1443;France;AAAAAA;SHA;SHIPPING_ADDRESS;Shipping Address
invoice-86.tiff;1;1;2480;3508;10673;211;1711;76;54;211;1711;287;1711;287;1765;211;1765;Qty;AAA;undefined;OTHER;OTHER
invoice-86.tiff;1;1;2480;3508;10674;673;1711;277;54;673;1711;950;1711;950;1765;673;1765;Descriptions;AAAAAAAAAAAA;undefined;OTHER;OTHER
invoice-86.tiff;1;1;2480;3508;10675;1372;1711;89;54;1372;1711;1461;1711;1461;1765;1372;1765;U.P.;ASAS;undefined;OTHER;OTHER
invoice-86.tiff;1;1;2480;3508;10676;1651;1711;196;54;1651;1711;1847;1711;1847;1765;1651;1765;VAT/TVA;AAASAAA;undefined;OTHER;OTHER
invoice-86.tiff;1;1;2480;3508;10677;1996;1711;173;54;1996;1711;2169;1711;2169;1765;1996;1765;Amount;AAAAAA;undefined;OTHER;OTHER
invoice-86.tiff;1;1;2480;3508;10678;238;1786;23;49;238;1786;261;1786;261;1835;238;1835;4;N;undefined;OTHER;OTHER
invoice-86.tiff;1;1;2480;3508;10679;375;1786;138;49;375;1786;513;1786;513;1835;375;1835;Disque;AAAAAA;undefined;OTHER;OTHER
invoice-86.tiff;1;1;2480;3508;10680;525;1786;85;49;525;1786;610;1786;610;1835;525;1835;SSD;AAA;undefined;OTHER;OTHER
invoice-86.tiff;1;1;2480;3508;10681;622;1786;148;49;622;1786;770;1786;770;1835;622;1835;externe;AAAAAAA;undefined;OTHER;OTHER
invoice-86.tiff;1;1;2480;3508;10682;782;1786;187;49;782;1786;969;1786;969;1835;782;1835;Samsung;AAAAAAA;undefined;OTHER;OTHER
invoice-86.tiff;1;1;2480;3508;10683;981;1786;166;49;981;1786;1147;1786;1147;1835;981;1835;Portable;AAAAAAAA;undefined;OTHER;OTHER
invoice-86.tiff;1;1;2480;3508;10684;1159;1786;85;49;1159;1786;1244;1786;1244;1835;1159;1835;SSD;AAA;undefined;OTHER;OTHER
invoice-86.tiff;1;1;2480;3508;10687;1303;1786;127;49;1303;1786;1430;1786;1430;1835;1303;1835;691,66;NNNSNN;undefined;OTHER;OTHER
invoice-86.tiff;1;1;2480;3508;10688;1442;1786;87;49;1442;1786;1529;1786;1529;1835;1442;1835;EUR;AAA;undefined;OTHER;OTHER
invoice-86.tiff;1;1;2480;3508;10689;1690;1786;118;49;1690;1786;1808;1786;1808;1835;1690;1835;20.0%;NNSNS;undefined;OTHER;OTHER
invoice-86.tiff;1;1;2480;3508;10690;1958;1786;150;49;1958;1786;2108;1786;2108;1835;1958;1835;2766,63;NNNNSNN;undefined;OTHER;OTHER
invoice-86.tiff;1;1;2480;3508;10691;2120;1786;87;49;2120;1786;2207;1786;2207;1835;2120;1835;EUR;AAA;undefined;OTHER;OTHER
invoice-86.tiff;1;1;2480;3508;10685;375;1836;48;49;375;1836;423;1836;423;1885;375;1885;T5;AN;undefined;OTHER;OTHER
invoice-86.tiff;1;1;2480;3508;10686;435;1836;74;49;435;1836;509;1836;509;1885;435;1885;2To;NAA;undefined;OTHER;OTHER
invoice-86.tiff;1;1;2480;3508;10692;238;1927;23;49;238;1927;261;1927;261;1976;238;1976;4;N;undefined;OTHER;OTHER
invoice-86.tiff;1;1;2480;3508;10693;375;1927;208;49;375;1927;583;1927;583;1976;375;1976;Téléphone;AAAAAAAAA;undefined;OTHER;OTHER
invoice-86.tiff;1;1;2480;3508;10694;594;1927;164;49;594;1927;758;1927;758;1976;594;1976;portable;AAAAAAAA;undefined;OTHER;OTHER
invoice-86.tiff;1;1;2480;3508;10695;770;1927;187;49;770;1927;957;1927;957;1976;770;1976;Thomson;AAAAAAA;undefined;OTHER;OTHER
invoice-86.tiff;1;1;2480;3508;10696;969;1927;113;49;969;1927;1082;1927;1082;1976;969;1976;Serea;AAAAA;undefined;OTHER;OTHER
invoice-86.tiff;1;1;2480;3508;10697;1095;1927;46;49;1095;1927;1141;1927;1141;1976;1095;1976;75;NN;undefined;OTHER;OTHER
invoice-86.tiff;1;1;2480;3508;10699;1314;1927;104;49;1314;1927;1418;1927;1418;1976;1314;1976;65,83;NNSNN;undefined;OTHER;OTHER
invoice-86.tiff;1;1;2480;3508;10700;1430;1927;87;49;1430;1927;1517;1927;1517;1976;1430;1976;EUR;AAA;undefined;OTHER;OTHER
invoice-86.tiff;1;1;2480;3508;10701;1690;1927;118;49;1690;1927;1808;1927;1808;1976;1690;1976;20.0%;NNSNS;undefined;OTHER;OTHER
invoice-86.tiff;1;1;2480;3508;10702;1969;1927;127;49;1969;1927;2096;1927;2096;1976;1969;1976;263,33;NNNSNN;undefined;OTHER;OTHER
invoice-86.tiff;1;1;2480;3508;10703;2108;1927;87;49;2108;1927;2195;1927;2195;1976;2108;1976;EUR;AAA;undefined;OTHER;OTHER
invoice-86.tiff;1;1;2480;3508;10698;375;1977;113;49;375;1977;488;1977;488;2026;375;2026;Silver;AAAAAA;undefined;OTHER;OTHER
invoice-86.tiff;1;1;2480;3508;10704;238;2068;23;49;238;2068;261;2068;261;2117;238;2117;2;N;undefined;OTHER;OTHER
invoice-86.tiff;1;1;2480;3508;10705;375;2068;173;49;375;2068;548;2068;548;2117;375;2117;Enceinte;AAAAAAAA;undefined;OTHER;OTHER
invoice-86.tiff;1;1;2480;3508;10706;560;2068;159;49;560;2068;719;2068;719;2117;560;2117;colonne;AAAAAAA;undefined;OTHER;OTHER
invoice-86.tiff;1;1;2480;3508;10707;731;2068;108;49;731;2068;839;2068;839;2117;731;2117;Focal;AAAAA;undefined;OTHER;OTHER
invoice-86.tiff;1;1;2480;3508;10708;852;2068;101;49;852;2068;953;2068;953;2117;852;2117;ARIA;AAAA;undefined;OTHER;OTHER
invoice-86.tiff;1;1;2480;3508;10709;965;2068;69;49;965;2068;1034;2068;1034;2117;965;2117;948;NNN;undefined;OTHER;OTHER
invoice-86.tiff;1;1;2480;3508;10710;1046;2068;148;49;1046;2068;1194;2068;1194;2117;1046;2117;NOYER;AAAAA;undefined;OTHER;OTHER
invoice-86.tiff;1;1;2480;3508;10712;1291;2068;150;49;1291;2068;1441;2068;1441;2117;1291;2117;1207,50;NNNNSNN;undefined;OTHER;OTHER
invoice-86.tiff;1;1;2480;3508;10713;1453;2068;87;49;1453;2068;1540;2068;1540;2117;1453;2117;EUR;AAA;undefined;OTHER;OTHER
invoice-86.tiff;1;1;2480;3508;10714;1690;2068;118;49;1690;2068;1808;2068;1808;2117;1690;2117;20.0%;NNSNS;undefined;OTHER;OTHER
invoice-86.tiff;1;1;2480;3508;10715;1958;2068;150;49;1958;2068;2108;2068;2108;2117;1958;2117;2415,00;NNNNSNN;undefined;OTHER;OTHER
invoice-86.tiff;1;1;2480;3508;10716;2120;2068;87;49;2120;2068;2207;2068;2207;2117;2120;2117;EUR;AAA;undefined;OTHER;OTHER
invoice-86.tiff;1;1;2480;3508;10711;375;2118;50;49;375;2118;425;2118;425;2167;375;2167;X1;AN;undefined;OTHER;OTHER
invoice-86.tiff;1;1;2480;3508;10717;1852;2250;154;54;1852;2250;2006;2250;2006;2304;1852;2304;@DISC;SAAAA;undefined;OTHER;OTHER
invoice-86.tiff;1;1;2480;3508;10718;2027;2250;81;49;2027;2250;2108;2250;2108;2299;2027;2299;0,00;NSNN;undefined;OTHER;OTHER
invoice-86.tiff;1;1;2480;3508;10719;2120;2250;87;49;2120;2250;2207;2250;2207;2299;2120;2299;EUR;AAA;undefined;OTHER;OTHER
invoice-86.tiff;1;1;2480;3508;10720;1743;2305;173;54;1743;2305;1916;2305;1916;2359;1743;2359;Amount;AAAAAA;undefined;OTHER;OTHER
invoice-86.tiff;1;1;2480;3508;10721;1958;2305;150;49;1958;2305;2108;2305;2108;2354;1958;2354;5444,96;NNNNSNN;TWTX;TOTAL_WITHOUT_TAX;TWTXS
invoice-86.tiff;1;1;2480;3508;10722;2120;2305;87;49;2120;2305;2207;2305;2207;2354;2120;2354;EUR;AAA;TWTX;TOTAL_WITHOUT_TAX;TWTXS
invoice-86.tiff;1;1;2480;3508;10723;1639;2360;91;54;1639;2360;1730;2360;1730;2414;1639;2414;TVA;AAA;undefined;OTHER;OTHER
invoice-86.tiff;1;1;2480;3508;10724;1743;2360;173;54;1743;2360;1916;2360;1916;2414;1743;2414;Amount;AAAAAA;undefined;OTHER;OTHER
invoice-86.tiff;1;1;2480;3508;10725;1958;2360;150;49;1958;2360;2108;2360;2108;2409;1958;2409;1089,00;NNNNSNN;TTX;TOTAL_TAX;Total Tax
invoice-86.tiff;1;1;2480;3508;10726;2120;2360;87;49;2120;2360;2207;2360;2207;2409;2120;2409;EUR;AAA;TTX;TOTAL_TAX;Total Tax
invoice-86.tiff;1;1;2480;3508;10727;1621;2414;109;54;1621;2414;1730;2414;1730;2468;1621;2468;Total;AAAAA;undefined;OTHER;OTHER
invoice-86.tiff;1;1;2480;3508;10728;1743;2414;173;54;1743;2414;1916;2414;1916;2468;1743;2468;Amount;AAAAAA;undefined;OTHER;OTHER
invoice-86.tiff;1;1;2480;3508;10729;1958;2414;150;49;1958;2414;2108;2414;2108;2463;1958;2463;6533,96;NNNNSNN;TA;TOTAL_AMOUNT;Total with TAX
invoice-86.tiff;1;1;2480;3508;10730;2120;2414;87;49;2120;2414;2207;2414;2207;2463;2120;2463;EUR;AAA;TA;TOTAL_AMOUNT;Total with TAX
invoice-86.tiff;1;1;2480;3508;10731;124;3175;192;49;124;3175;316;3175;316;3224;124;3224;DYNAMIS;AAAAAAA;SN;SUPPLIER_NAME;Seller/Company) name
invoice-86.tiff;1;1;2480;3508;10732;328;3175;157;49;328;3175;485;3175;485;3224;328;3224;STUDIO;AAAAAA;SN;SUPPLIER_NAME;Seller/Company) name
invoice-86.tiff;1;1;2480;3508;10733;124;3224;46;48;124;3224;170;3224;170;3272;124;3272;17;NN;SA;SUPPLIER_ADDRESS;Seller Address
invoice-86.tiff;1;1;2480;3508;10734;182;3224;87;48;182;3224;269;3224;269;3272;182;3272;RUE;AAA;SA;SUPPLIER_ADDRESS;Seller Address
invoice-86.tiff;1;1;2480;3508;10735;282;3224;85;48;282;3224;367;3224;367;3272;282;3272;DES;AAA;SA;SUPPLIER_ADDRESS;Seller Address
invoice-86.tiff;1;1;2480;3508;10736;379;3224;180;48;379;3224;559;3224;559;3272;379;3272;FAURIES;AAAAAAA;SA;SUPPLIER_ADDRESS;Seller Address
invoice-86.tiff;1;1;2480;3508;10737;124;3272;115;48;124;3272;239;3272;239;3320;124;3320;26250;NNNNN;SA;SUPPLIER_ADDRESS;Seller Address
invoice-86.tiff;1;1;2480;3508;10738;282;3272;155;48;282;3272;437;3272;437;3320;282;3320;LIVRON;AAAAAA;SA;SUPPLIER_ADDRESS;Seller Address
invoice-86.tiff;1;1;2480;3508;10739;449;3272;87;48;449;3272;536;3272;536;3320;449;3320;SUR;AAA;SA;SUPPLIER_ADDRESS;Seller Address
invoice-86.tiff;1;1;2480;3508;10740;548;3272;155;48;548;3272;703;3272;703;3320;548;3320;DROME;AAAAA;SA;SUPPLIER_ADDRESS;Seller Address
invoice-86.tiff;1;1;2480;3508;10741;124;3320;171;48;124;3320;295;3320;295;3368;124;3368;FRANCE;AAAAAA;SA;SUPPLIER_ADDRESS;Seller Address
