src;num_pages;page_id;page_width;page_height;id;col;row;width;height;x1;y1;x2;y2;x3;y3;x4;y4;contents;contents_masked;correctclass;tag;description
invoice-741.tiff;1;1;2480;3508;91428;1624;62;466;175;1624;62;2090;62;2090;237;1624;237;common/logo;AAAAAASAAAA;img;IMAGE;Image
invoice-741.tiff;1;1;2480;3508;91407;124;237;50;48;124;237;174;237;174;285;124;285;ST;AA;SN;SUPPLIER_NAME;Seller/Company) name
invoice-741.tiff;1;1;2480;3508;91408;186;237;157;48;186;237;343;237;343;285;186;285;PIERRE;AAAAAA;SN;SUPPLIER_NAME;Seller/Company) name
invoice-741.tiff;1;1;2480;3508;91409;354;237;118;48;354;237;472;237;472;285;354;285;TROL;AAAA;SN;SUPPLIER_NAME;Seller/Company) name
invoice-741.tiff;1;1;2480;3508;91410;124;285;69;45;124;285;193;285;193;330;124;330;LES;AAA;SA;SUPPLIER_ADDRESS;Seller Address
invoice-741.tiff;1;1;2480;3508;91411;204;285;148;45;204;285;352;285;352;330;204;330;ALLUES;AAAAAA;SA;SUPPLIER_ADDRESS;Seller Address
invoice-741.tiff;1;1;2480;3508;91412;361;285;10;45;361;285;371;285;371;330;361;330;,;S;SA;SUPPLIER_ADDRESS;Seller Address
invoice-741.tiff;1;1;2480;3508;91413;382;285;104;45;382;285;486;285;486;330;382;330;73250;NNNNN;SA;SUPPLIER_ADDRESS;Seller Address
invoice-741.tiff;1;1;2480;3508;91414;494;285;111;45;494;285;605;285;605;330;494;330;SAINT;AAAAA;SA;SUPPLIER_ADDRESS;Seller Address
invoice-741.tiff;1;1;2480;3508;91415;616;285;141;45;616;285;757;285;757;330;616;330;PIERRE;AAAAAA;SA;SUPPLIER_ADDRESS;Seller Address
invoice-741.tiff;1;1;2480;3508;91416;767;285;207;45;767;285;974;285;974;330;767;330;D'ALBIGNY;ASAAAAAAA;SA;SUPPLIER_ADDRESS;Seller Address
invoice-741.tiff;1;1;2480;3508;91417;984;285;10;45;984;285;994;285;994;330;984;330;,;S;SA;SUPPLIER_ADDRESS;Seller Address
invoice-741.tiff;1;1;2480;3508;91418;1004;285;157;45;1004;285;1161;285;1161;330;1004;330;FRANCE;AAAAAA;SA;SUPPLIER_ADDRESS;Seller Address
invoice-741.tiff;1;1;2480;3508;91419;124;331;87;45;124;331;211;331;211;376;124;376;Siren;AAAAA;undefined;OTHER;OTHER
invoice-741.tiff;1;1;2480;3508;91420;229;331;187;45;229;331;416;331;416;376;229;376;599085785;NNNNNNNNN;SCID;SUPPLIER_ID;Seller Identifier Number (Siren)
invoice-741.tiff;1;1;2480;3508;91421;442;331;74;45;442;331;516;331;516;376;442;376;VAT;AAA;undefined;OTHER;OTHER
invoice-741.tiff;1;1;2480;3508;91422;526;331;134;45;526;331;660;331;660;376;526;376;Number;AAAAAA;undefined;OTHER;OTHER
invoice-741.tiff;1;1;2480;3508;91423;677;331;280;45;677;331;957;331;957;376;677;376;FR45599085785;AANNNNNNNNNNN;SVAT;SUPPLIER_VAT;Seller Vat Number/TVA
invoice-741.tiff;1;1;2480;3508;91424;124;377;106;45;124;377;230;377;230;422;124;422;Phone;AAAAA;undefined;OTHER;OTHER
invoice-741.tiff;1;1;2480;3508;91425;256;377;263;45;256;377;519;377;519;422;256;422;08-33-96-93-54;NNSNNSNNSNNSNN;SCN;SUPPLIER_CONTACT_NUMBER;Seller Contact Number
invoice-741.tiff;1;1;2480;3508;91426;561;377;64;45;561;377;625;377;625;422;561;422;Fax;AAA;undefined;OTHER;OTHER
invoice-741.tiff;1;1;2480;3508;91427;651;377;263;45;651;377;914;377;914;422;651;422;08-33-96-53-80;NNSNNSNNSNNSNN;SFAX;SUPPLIER_FAX_NUMBER;Seller Fax Number
invoice-741.tiff;1;1;2480;3508;91429;124;607;180;57;124;607;304;607;304;664;124;664;Delivery;AAAAAAAA;undefined;OTHER;OTHER
invoice-741.tiff;1;1;2480;3508;91430;318;607;58;57;318;607;376;607;376;664;318;664;To;AA;undefined;OTHER;OTHER
invoice-741.tiff;1;1;2480;3508;91431;124;664;115;48;124;664;239;664;239;712;124;712;Porter;AAAAAA;SHN;SHIPPING_NAME;Shipping Name
invoice-741.tiff;1;1;2480;3508;91432;251;664;111;48;251;664;362;664;362;712;251;712;Bruen;AAAAA;SHN;SHIPPING_NAME;Shipping Name
invoice-741.tiff;1;1;2480;3508;91437;1541;664;115;48;1541;664;1656;664;1656;712;1541;712;Porter;AAAAAA;BN;BILLING_NAME;Billing Name
invoice-741.tiff;1;1;2480;3508;91438;1667;664;111;48;1667;664;1778;664;1778;712;1667;712;Bruen;AAAAA;BN;BILLING_NAME;Billing Name
invoice-741.tiff;1;1;2480;3508;91433;124;712;10;45;124;712;134;712;134;757;124;757;,;S;SHA;SHIPPING_ADDRESS;Shipping Address
invoice-741.tiff;1;1;2480;3508;91434;145;712;194;45;145;712;339;712;339;757;145;757;DOLCHEN;AAAAAAA;SHA;SHIPPING_ADDRESS;Shipping Address
invoice-741.tiff;1;1;2480;3508;91439;1541;712;10;45;1541;712;1551;712;1551;757;1541;757;,;S;BA;BILLING_ADDRESS;Billing Address
invoice-741.tiff;1;1;2480;3508;91440;1562;712;194;45;1562;712;1756;712;1756;757;1562;757;DOLCHEN;AAAAAAA;BA;BILLING_ADDRESS;Billing Address
invoice-741.tiff;1;1;2480;3508;91435;166;758;238;45;166;758;404;758;404;803;166;803;TURCKHEIM;AAAAAAAAA;SHA;SHIPPING_ADDRESS;Shipping Address
invoice-741.tiff;1;1;2480;3508;91441;1583;758;238;45;1583;758;1821;758;1821;803;1583;803;TURCKHEIM;AAAAAAAAA;BA;BILLING_ADDRESS;Billing Address
invoice-741.tiff;1;1;2480;3508;91436;124;804;120;45;124;804;244;804;244;849;124;849;France;AAAAAA;SHA;SHIPPING_ADDRESS;Shipping Address
invoice-741.tiff;1;1;2480;3508;91442;1541;804;120;45;1541;804;1661;804;1661;849;1541;849;France;AAAAAA;BA;BILLING_ADDRESS;Billing Address
invoice-741.tiff;1;1;2480;3508;91443;1541;1047;142;52;1541;1047;1683;1047;1683;1099;1541;1099;Invoice;AAAAAAA;undefined;OTHER;OTHER
invoice-741.tiff;1;1;2480;3508;91444;1695;1047;50;52;1695;1047;1745;1047;1745;1099;1695;1099;ID;AA;undefined;OTHER;OTHER
invoice-741.tiff;1;1;2480;3508;91445;2166;1047;326;46;2166;1047;2492;1047;2492;1093;2166;1093;CH-AK-915099-72;AASAASNNNNNNSNN;IN;INVOICE_NUMBER;Invoice Number
invoice-741.tiff;1;1;2480;3508;91446;1541;1121;142;52;1541;1121;1683;1121;1683;1173;1541;1173;Invoice;AAAAAAA;undefined;OTHER;OTHER
invoice-741.tiff;1;1;2480;3508;91447;1695;1121;91;52;1695;1121;1786;1121;1786;1173;1695;1173;Date;AAAA;undefined;OTHER;OTHER
invoice-741.tiff;1;1;2480;3508;91448;2166;1121;64;46;2166;1121;2230;1121;2230;1167;2166;1167;mar;AAA;IDATE;INVOICE_DATE;Invoice Date
invoice-741.tiff;1;1;2480;3508;91449;2241;1121;31;46;2241;1121;2272;1121;2272;1167;2241;1167;9,;NS;IDATE;INVOICE_DATE;Invoice Date
invoice-741.tiff;1;1;2480;3508;91450;2283;1121;83;46;2283;1121;2366;1121;2366;1167;2283;1167;2006;NNNN;IDATE;INVOICE_DATE;Invoice Date
invoice-741.tiff;1;1;2480;3508;91451;1541;1194;119;52;1541;1194;1660;1194;1660;1246;1541;1246;Payed;AAAAA;undefined;OTHER;OTHER
invoice-741.tiff;1;1;2480;3508;91452;1672;1194;157;52;1672;1194;1829;1194;1829;1246;1672;1246;through;AAAAAAA;undefined;OTHER;OTHER
invoice-741.tiff;1;1;2480;3508;91453;2166;1194;127;46;2166;1194;2293;1194;2293;1240;2166;1240;Cheque;AAAAAA;PMODE;PAYMENT_MODE;Payment Mode
invoice-741.tiff;1;1;2480;3508;91454;440;1699;244;52;440;1699;684;1699;684;1751;440;1751;Descriptions;AAAAAAAAAAAA;undefined;OTHER;OTHER
invoice-741.tiff;1;1;2480;3508;91455;1088;1699;73;52;1088;1699;1161;1699;1161;1751;1088;1751;Qty;AAA;undefined;OTHER;OTHER
invoice-741.tiff;1;1;2480;3508;91456;1374;1699;84;52;1374;1699;1458;1699;1458;1751;1374;1751;U.P.;ASAS;undefined;OTHER;OTHER
invoice-741.tiff;1;1;2480;3508;91457;1646;1699;206;52;1646;1699;1852;1699;1852;1751;1646;1751;VAT/TVA;AAASAAA;undefined;OTHER;OTHER
invoice-741.tiff;1;1;2480;3508;91458;2003;1699;160;52;2003;1699;2163;1699;2163;1751;2003;1751;Amount;AAAAAA;undefined;OTHER;OTHER
invoice-741.tiff;1;1;2480;3508;91459;124;1773;62;48;124;1773;186;1773;186;1821;124;1821;Jeu;AAA;undefined;OTHER;OTHER
invoice-741.tiff;1;1;2480;3508;91460;197;1773;69;48;197;1773;266;1773;266;1821;197;1821;PS4;AAN;undefined;OTHER;OTHER
invoice-741.tiff;1;1;2480;3508;91461;277;1773;88;48;277;1773;365;1773;365;1821;277;1821;Sony;AAAA;undefined;OTHER;OTHER
invoice-741.tiff;1;1;2480;3508;91462;376;1773;67;48;376;1773;443;1773;443;1821;376;1821;Eve;AAA;undefined;OTHER;OTHER
invoice-741.tiff;1;1;2480;3508;91463;453;1773;155;48;453;1773;608;1773;608;1821;453;1821;Valkyrie;AAAAAAAA;undefined;OTHER;OTHER
invoice-741.tiff;1;1;2480;3508;91464;619;1773;87;48;619;1773;706;1773;706;1821;619;1821;(VR);SAAS;undefined;OTHER;OTHER
invoice-741.tiff;1;1;2480;3508;91465;1114;1773;20;48;1114;1773;1134;1773;1134;1821;1114;1821;1;N;undefined;OTHER;OTHER
invoice-741.tiff;1;1;2480;3508;91466;1320;1773;93;48;1320;1773;1413;1773;1413;1821;1320;1821;49,99;NNSNN;undefined;OTHER;OTHER
invoice-741.tiff;1;1;2480;3508;91467;1424;1773;87;48;1424;1773;1511;1773;1511;1821;1424;1821;EUR;AAA;undefined;OTHER;OTHER
invoice-741.tiff;1;1;2480;3508;91468;1692;1773;114;48;1692;1773;1806;1773;1806;1821;1692;1821;20.0%;NNSNS;undefined;OTHER;OTHER
invoice-741.tiff;1;1;2480;3508;91469;1987;1773;93;48;1987;1773;2080;1773;2080;1821;1987;1821;49,99;NNSNN;undefined;OTHER;OTHER
invoice-741.tiff;1;1;2480;3508;91470;2091;1773;87;48;2091;1773;2178;1773;2178;1821;2091;1821;EUR;AAA;undefined;OTHER;OTHER
invoice-741.tiff;1;1;2480;3508;91471;124;1863;148;48;124;1863;272;1863;272;1911;124;1911;Bracelet;AAAAAAAA;undefined;OTHER;OTHER
invoice-741.tiff;1;1;2480;3508;91472;283;1863;106;48;283;1863;389;1863;389;1911;283;1911;Apple;AAAAA;undefined;OTHER;OTHER
invoice-741.tiff;1;1;2480;3508;91473;400;1863;99;48;400;1863;499;1863;499;1911;400;1911;nylon;AAAAA;undefined;OTHER;OTHER
invoice-741.tiff;1;1;2480;3508;91474;510;1863;76;48;510;1863;586;1863;586;1911;510;1911;tiss√©;AAAAA;undefined;OTHER;OTHER
invoice-741.tiff;1;1;2480;3508;91475;597;1863;127;48;597;1863;724;1863;724;1911;597;1911;or/bleu;AASAAAA;undefined;OTHER;OTHER
invoice-741.tiff;1;1;2480;3508;91476;734;1863;50;48;734;1863;784;1863;784;1911;734;1911;roi;AAA;undefined;OTHER;OTHER
invoice-741.tiff;1;1;2480;3508;91477;796;1863;111;48;796;1863;907;1863;907;1911;796;1911;42mm;NNAA;undefined;OTHER;OTHER
invoice-741.tiff;1;1;2480;3508;91478;1114;1863;20;48;1114;1863;1134;1863;1134;1911;1114;1911;3;N;undefined;OTHER;OTHER
invoice-741.tiff;1;1;2480;3508;91479;1320;1863;93;48;1320;1863;1413;1863;1413;1911;1320;1911;49,17;NNSNN;undefined;OTHER;OTHER
invoice-741.tiff;1;1;2480;3508;91480;1424;1863;87;48;1424;1863;1511;1863;1511;1911;1424;1911;EUR;AAA;undefined;OTHER;OTHER
invoice-741.tiff;1;1;2480;3508;91481;1692;1863;114;48;1692;1863;1806;1863;1806;1911;1692;1911;20.0%;NNSNS;undefined;OTHER;OTHER
invoice-741.tiff;1;1;2480;3508;91482;1976;1863;114;48;1976;1863;2090;1863;2090;1911;1976;1911;147,50;NNNSNN;undefined;OTHER;OTHER
invoice-741.tiff;1;1;2480;3508;91483;2101;1863;87;48;2101;1863;2188;1863;2188;1911;2101;1911;EUR;AAA;undefined;OTHER;OTHER
invoice-741.tiff;1;1;2480;3508;91484;124;1952;101;48;124;1952;225;1952;225;2000;124;2000;Carte;AAAAA;undefined;OTHER;OTHER
invoice-741.tiff;1;1;2480;3508;91485;237;1952;182;48;237;1952;419;1952;419;2000;237;2000;graphique;AAAAAAAAA;undefined;OTHER;OTHER
invoice-741.tiff;1;1;2480;3508;91486;430;1952;118;48;430;1952;548;1952;548;2000;430;2000;Nvidia;AAAAAA;undefined;OTHER;OTHER
invoice-741.tiff;1;1;2480;3508;91487;559;1952;85;48;559;1952;644;1952;644;2000;559;2000;Asus;AAAA;undefined;OTHER;OTHER
invoice-741.tiff;1;1;2480;3508;91488;655;1952;94;48;655;1952;749;1952;749;2000;655;2000;ROG;AAA;undefined;OTHER;OTHER
invoice-741.tiff;1;1;2480;3508;91490;1114;1952;20;48;1114;1952;1134;1952;1134;2000;1114;2000;4;N;undefined;OTHER;OTHER
invoice-741.tiff;1;1;2480;3508;91491;1310;1952;114;48;1310;1952;1424;1952;1424;2000;1310;2000;674,99;NNNSNN;undefined;OTHER;OTHER
invoice-741.tiff;1;1;2480;3508;91492;1435;1952;87;48;1435;1952;1522;1952;1522;2000;1435;2000;EUR;AAA;undefined;OTHER;OTHER
invoice-741.tiff;1;1;2480;3508;91493;1692;1952;114;48;1692;1952;1806;1952;1806;2000;1692;2000;20.0%;NNSNS;undefined;OTHER;OTHER
invoice-741.tiff;1;1;2480;3508;91494;1966;1952;135;48;1966;1952;2101;1952;2101;2000;1966;2000;2699,97;NNNNSNN;undefined;OTHER;OTHER
invoice-741.tiff;1;1;2480;3508;91495;2112;1952;87;48;2112;1952;2199;1952;2199;2000;2112;2000;EUR;AAA;undefined;OTHER;OTHER
invoice-741.tiff;1;1;2480;3508;91489;124;2000;395;48;124;2000;519;2000;519;2048;124;2048;STRIX-GTX1080-8G-;AAAAASAAANNNNSNAS;undefined;OTHER;OTHER
invoice-741.tiff;1;1;2480;3508;91496;1772;2132;160;52;1772;2132;1932;2132;1932;2184;1772;2184;Amount;AAAAAA;undefined;OTHER;OTHER
invoice-741.tiff;1;1;2480;3508;91497;1974;2132;135;48;1974;2132;2109;2132;2109;2180;1974;2180;2897,46;NNNNSNN;TWTX;TOTAL_WITHOUT_TAX;TWTXS
invoice-741.tiff;1;1;2480;3508;91498;2120;2132;87;48;2120;2132;2207;2132;2207;2180;2120;2180;EUR;AAA;TWTX;TOTAL_WITHOUT_TAX;TWTXS
invoice-741.tiff;1;1;2480;3508;91499;1685;2185;96;52;1685;2185;1781;2185;1781;2237;1685;2237;TVA;AAA;undefined;OTHER;OTHER
invoice-741.tiff;1;1;2480;3508;91500;1793;2185;160;52;1793;2185;1953;2185;1953;2237;1793;2237;Amount;AAAAAA;undefined;OTHER;OTHER
invoice-741.tiff;1;1;2480;3508;91501;1995;2185;114;48;1995;2185;2109;2185;2109;2233;1995;2233;579,49;NNNSNN;TTX;TOTAL_TAX;Total Tax
invoice-741.tiff;1;1;2480;3508;91502;2120;2185;87;48;2120;2185;2207;2185;2207;2233;2120;2233;EUR;AAA;TTX;TOTAL_TAX;Total Tax
invoice-741.tiff;1;1;2480;3508;91503;1656;2237;104;52;1656;2237;1760;2237;1760;2289;1656;2289;Total;AAAAA;undefined;OTHER;OTHER
invoice-741.tiff;1;1;2480;3508;91504;1772;2237;160;52;1772;2237;1932;2237;1932;2289;1772;2289;Amount;AAAAAA;undefined;OTHER;OTHER
invoice-741.tiff;1;1;2480;3508;91505;1974;2237;135;48;1974;2237;2109;2237;2109;2285;1974;2285;3476,95;NNNNSNN;TA;TOTAL_AMOUNT;Total with TAX
invoice-741.tiff;1;1;2480;3508;91506;2120;2237;87;48;2120;2237;2207;2237;2207;2285;2120;2285;EUR;AAA;TA;TOTAL_AMOUNT;Total with TAX
invoice-741.tiff;1;1;2480;3508;91507;124;3154;50;48;124;3154;174;3154;174;3202;124;3202;ST;AA;SN;SUPPLIER_NAME;Seller/Company) name
invoice-741.tiff;1;1;2480;3508;91508;186;3154;157;48;186;3154;343;3154;343;3202;186;3202;PIERRE;AAAAAA;SN;SUPPLIER_NAME;Seller/Company) name
invoice-741.tiff;1;1;2480;3508;91509;354;3154;118;48;354;3154;472;3154;472;3202;354;3202;TROL;AAAA;SN;SUPPLIER_NAME;Seller/Company) name
invoice-741.tiff;1;1;2480;3508;91510;124;3202;69;45;124;3202;193;3202;193;3247;124;3247;LES;AAA;SA;SUPPLIER_ADDRESS;Seller Address
invoice-741.tiff;1;1;2480;3508;91511;204;3202;148;45;204;3202;352;3202;352;3247;204;3247;ALLUES;AAAAAA;SA;SUPPLIER_ADDRESS;Seller Address
invoice-741.tiff;1;1;2480;3508;91512;124;3248;104;45;124;3248;228;3248;228;3293;124;3293;73250;NNNNN;SA;SUPPLIER_ADDRESS;Seller Address
invoice-741.tiff;1;1;2480;3508;91513;270;3248;111;45;270;3248;381;3248;381;3293;270;3293;SAINT;AAAAA;SA;SUPPLIER_ADDRESS;Seller Address
invoice-741.tiff;1;1;2480;3508;91514;392;3248;141;45;392;3248;533;3248;533;3293;392;3293;PIERRE;AAAAAA;SA;SUPPLIER_ADDRESS;Seller Address
invoice-741.tiff;1;1;2480;3508;91515;543;3248;207;45;543;3248;750;3248;750;3293;543;3293;D'ALBIGNY;ASAAAAAAA;SA;SUPPLIER_ADDRESS;Seller Address
invoice-741.tiff;1;1;2480;3508;91516;124;3293;157;45;124;3293;281;3293;281;3338;124;3338;FRANCE;AAAAAA;SA;SUPPLIER_ADDRESS;Seller Address
