src;num_pages;page_id;page_width;page_height;id;col;row;width;height;x1;y1;x2;y2;x3;y3;x4;y4;contents;contents_masked;correctclass;tag;description
invoice-395.tiff;1;1;2480;3508;48775;124;62;230;175;124;62;354;62;354;237;124;237;common/logo;AAAAAASAAAA;img;IMAGE;Image
invoice-395.tiff;1;1;2480;3508;48776;750;237;113;48;750;237;863;237;863;285;750;285;CCAS;AAAA;SN;SUPPLIER_NAME;Seller/Company) name
invoice-395.tiff;1;1;2480;3508;48777;758;285;104;45;758;285;862;285;862;330;758;330;80490;NNNNN;SA;SUPPLIER_ADDRESS;Seller Address
invoice-395.tiff;1;1;2480;3508;48778;870;285;124;45;870;285;994;285;994;330;870;330;SOREL;AAAAA;SA;SUPPLIER_ADDRESS;Seller Address
invoice-395.tiff;1;1;2480;3508;48779;1006;285;53;45;1006;285;1059;285;1059;330;1006;330;EN;AA;SA;SUPPLIER_ADDRESS;Seller Address
invoice-395.tiff;1;1;2480;3508;48780;1069;285;129;45;1069;285;1198;285;1198;330;1069;330;VIMEU;AAAAA;SA;SUPPLIER_ADDRESS;Seller Address
invoice-395.tiff;1;1;2480;3508;48781;1207;285;157;45;1207;285;1364;285;1364;330;1207;330;FRANCE;AAAAAA;SA;SUPPLIER_ADDRESS;Seller Address
invoice-395.tiff;1;1;2480;3508;48782;750;331;87;45;750;331;837;331;837;376;750;376;Siren;AAAAA;undefined;OTHER;OTHER
invoice-395.tiff;1;1;2480;3508;48783;854;331;187;45;854;331;1041;331;1041;376;854;376;430428486;NNNNNNNNN;SCID;SUPPLIER_ID;Seller Identifier Number (Siren)
invoice-395.tiff;1;1;2480;3508;48784;1067;331;74;45;1067;331;1141;331;1141;376;1067;376;VAT;AAA;undefined;OTHER;OTHER
invoice-395.tiff;1;1;2480;3508;48785;1151;331;134;45;1151;331;1285;331;1285;376;1151;376;Number;AAAAAA;undefined;OTHER;OTHER
invoice-395.tiff;1;1;2480;3508;48786;1302;331;280;45;1302;331;1582;331;1582;376;1302;376;FR33430428486;AANNNNNNNNNNN;SVAT;SUPPLIER_VAT;Seller Vat Number/TVA
invoice-395.tiff;1;1;2480;3508;48787;750;377;106;45;750;377;856;377;856;422;750;422;Phone;AAAAA;undefined;OTHER;OTHER
invoice-395.tiff;1;1;2480;3508;48788;881;377;69;45;881;377;950;377;950;422;881;422;+33;SNN;SCN;SUPPLIER_CONTACT_NUMBER;Seller Contact Number
invoice-395.tiff;1;1;2480;3508;48789;961;377;48;45;961;377;1009;377;1009;422;961;422;(0);SNS;SCN;SUPPLIER_CONTACT_NUMBER;Seller Contact Number
invoice-395.tiff;1;1;2480;3508;48790;1020;377;20;45;1020;377;1040;377;1040;422;1020;422;3;N;SCN;SUPPLIER_CONTACT_NUMBER;Seller Contact Number
invoice-395.tiff;1;1;2480;3508;48791;1051;377;41;45;1051;377;1092;377;1092;422;1051;422;09;NN;SCN;SUPPLIER_CONTACT_NUMBER;Seller Contact Number
invoice-395.tiff;1;1;2480;3508;48792;1103;377;41;45;1103;377;1144;377;1144;422;1103;422;30;NN;SCN;SUPPLIER_CONTACT_NUMBER;Seller Contact Number
invoice-395.tiff;1;1;2480;3508;48793;1156;377;41;45;1156;377;1197;377;1197;422;1156;422;67;NN;SCN;SUPPLIER_CONTACT_NUMBER;Seller Contact Number
invoice-395.tiff;1;1;2480;3508;48794;1208;377;41;45;1208;377;1249;377;1249;422;1208;422;56;NN;SCN;SUPPLIER_CONTACT_NUMBER;Seller Contact Number
invoice-395.tiff;1;1;2480;3508;48795;1291;377;64;45;1291;377;1355;377;1355;422;1291;422;Fax;AAA;undefined;OTHER;OTHER
invoice-395.tiff;1;1;2480;3508;48796;1381;377;69;45;1381;377;1450;377;1450;422;1381;422;+33;SNN;SFAX;SUPPLIER_FAX_NUMBER;Seller Fax Number
invoice-395.tiff;1;1;2480;3508;48797;1461;377;48;45;1461;377;1509;377;1509;422;1461;422;(0);SNS;SFAX;SUPPLIER_FAX_NUMBER;Seller Fax Number
invoice-395.tiff;1;1;2480;3508;48798;1520;377;20;45;1520;377;1540;377;1540;422;1520;422;3;N;SFAX;SUPPLIER_FAX_NUMBER;Seller Fax Number
invoice-395.tiff;1;1;2480;3508;48799;1551;377;41;45;1551;377;1592;377;1592;422;1551;422;09;NN;SFAX;SUPPLIER_FAX_NUMBER;Seller Fax Number
invoice-395.tiff;1;1;2480;3508;48800;1603;377;41;45;1603;377;1644;377;1644;422;1603;422;30;NN;SFAX;SUPPLIER_FAX_NUMBER;Seller Fax Number
invoice-395.tiff;1;1;2480;3508;48801;1655;377;41;45;1655;377;1696;377;1696;422;1655;422;38;NN;SFAX;SUPPLIER_FAX_NUMBER;Seller Fax Number
invoice-395.tiff;1;1;2480;3508;48802;1708;377;41;45;1708;377;1749;377;1749;422;1708;422;34;NN;SFAX;SUPPLIER_FAX_NUMBER;Seller Fax Number
invoice-395.tiff;1;1;2480;3508;48816;1541;749;75;57;1541;749;1616;749;1616;806;1541;806;Bill;AAAA;undefined;OTHER;OTHER
invoice-395.tiff;1;1;2480;3508;48817;1629;749;58;57;1629;749;1687;749;1687;806;1629;806;To;AA;undefined;OTHER;OTHER
invoice-395.tiff;1;1;2480;3508;48818;1541;807;122;48;1541;807;1663;807;1663;855;1541;855;Sabina;AAAAAA;BN;BILLING_NAME;Billing Name
invoice-395.tiff;1;1;2480;3508;48819;1674;807;162;48;1674;807;1836;807;1836;855;1674;855;Weissnat;AAAAAAAA;BN;BILLING_NAME;Billing Name
invoice-395.tiff;1;1;2480;3508;48820;1847;807;48;48;1847;807;1895;807;1895;855;1847;855;III;AAA;BN;BILLING_NAME;Billing Name
invoice-395.tiff;1;1;2480;3508;48821;1541;855;52;45;1541;855;1593;855;1593;900;1541;900;54,;NNS;BA;BILLING_ADDRESS;Billing Address
invoice-395.tiff;1;1;2480;3508;48822;1604;855;55;45;1604;855;1659;855;1659;900;1604;900;rue;AAA;BA;BILLING_ADDRESS;Billing Address
invoice-395.tiff;1;1;2480;3508;48823;1670;855;162;45;1670;855;1832;855;1832;900;1670;900;labruyère;AAAAAAAAA;BA;BILLING_ADDRESS;Billing Address
invoice-395.tiff;1;1;2480;3508;48803;124;866;142;52;124;866;266;866;266;918;124;918;Invoice;AAAAAAA;undefined;OTHER;OTHER
invoice-395.tiff;1;1;2480;3508;48804;279;866;195;52;279;866;474;866;474;918;279;918;Reference;AAAAAAAAA;undefined;OTHER;OTHER
invoice-395.tiff;1;1;2480;3508;48805;750;866;208;46;750;866;958;866;958;912;750;912;7667650150;NNNNNNNNNN;IN;INVOICE_NUMBER;Invoice Number
invoice-395.tiff;1;1;2480;3508;48824;1541;901;104;45;1541;901;1645;901;1645;946;1541;946;59100;NNNNN;BA;BILLING_ADDRESS;Billing Address
invoice-395.tiff;1;1;2480;3508;48825;1687;901;138;45;1687;901;1825;901;1825;946;1687;946;Roubaix;AAAAAAA;BA;BILLING_ADDRESS;Billing Address
invoice-395.tiff;1;1;2480;3508;48806;124;939;117;52;124;939;241;939;241;991;124;991;Dated;AAAAA;undefined;OTHER;OTHER
invoice-395.tiff;1;1;2480;3508;48807;750;939;41;46;750;939;791;939;791;985;750;985;25;NN;IDATE;INVOICE_DATE;Invoice Date
invoice-395.tiff;1;1;2480;3508;48808;802;939;65;46;802;939;867;939;867;985;802;985;sep,;AAAS;IDATE;INVOICE_DATE;Invoice Date
invoice-395.tiff;1;1;2480;3508;48809;878;939;83;46;878;939;961;939;961;985;878;985;1981;NNNN;IDATE;INVOICE_DATE;Invoice Date
invoice-395.tiff;1;1;2480;3508;48826;1541;946;120;45;1541;946;1661;946;1661;991;1541;991;France;AAAAAA;BA;BILLING_ADDRESS;Billing Address
invoice-395.tiff;1;1;2480;3508;48810;124;1013;119;52;124;1013;243;1013;243;1065;124;1065;Client;AAAAAA;undefined;OTHER;OTHER
invoice-395.tiff;1;1;2480;3508;48811;256;1013;195;52;256;1013;451;1013;451;1065;256;1065;Reference;AAAAAAAAA;undefined;OTHER;OTHER
invoice-395.tiff;1;1;2480;3508;48812;750;1013;104;46;750;1013;854;1013;854;1059;750;1059;82468;NNNNN;CNUM;CLIENT_NUMBER;Client Number
invoice-395.tiff;1;1;2480;3508;48827;1541;1034;97;57;1541;1034;1638;1034;1638;1091;1541;1091;Ship;AAAA;undefined;OTHER;OTHER
invoice-395.tiff;1;1;2480;3508;48828;1651;1034;58;57;1651;1034;1709;1034;1709;1091;1651;1091;To;AA;undefined;OTHER;OTHER
invoice-395.tiff;1;1;2480;3508;48813;124;1087;122;52;124;1087;246;1087;246;1139;124;1139;Order;AAAAA;undefined;OTHER;OTHER
invoice-395.tiff;1;1;2480;3508;48814;258;1087;195;52;258;1087;453;1087;453;1139;258;1139;Reference;AAAAAAAAA;undefined;OTHER;OTHER
invoice-395.tiff;1;1;2480;3508;48815;750;1087;83;46;750;1087;833;1087;833;1133;750;1133;6654;NNNN;ONUM;ORDER_NUMBER;Order Number
invoice-395.tiff;1;1;2480;3508;48829;1541;1092;122;48;1541;1092;1663;1092;1663;1140;1541;1140;Sabina;AAAAAA;SHN;SHIPPING_NAME;Shipping Name
invoice-395.tiff;1;1;2480;3508;48830;1674;1092;162;48;1674;1092;1836;1092;1836;1140;1674;1140;Weissnat;AAAAAAAA;SHN;SHIPPING_NAME;Shipping Name
invoice-395.tiff;1;1;2480;3508;48831;1847;1092;48;48;1847;1092;1895;1092;1895;1140;1847;1140;III;AAA;SHN;SHIPPING_NAME;Shipping Name
invoice-395.tiff;1;1;2480;3508;48832;1541;1140;52;45;1541;1140;1593;1140;1593;1185;1541;1185;54,;NNS;SHA;SHIPPING_ADDRESS;Shipping Address
invoice-395.tiff;1;1;2480;3508;48833;1604;1140;55;45;1604;1140;1659;1140;1659;1185;1604;1185;rue;AAA;SHA;SHIPPING_ADDRESS;Shipping Address
invoice-395.tiff;1;1;2480;3508;48834;1670;1140;162;45;1670;1140;1832;1140;1832;1185;1670;1185;labruyère;AAAAAAAAA;SHA;SHIPPING_ADDRESS;Shipping Address
invoice-395.tiff;1;1;2480;3508;48835;1541;1185;104;45;1541;1185;1645;1185;1645;1230;1541;1230;59100;NNNNN;SHA;SHIPPING_ADDRESS;Shipping Address
invoice-395.tiff;1;1;2480;3508;48836;1687;1185;138;45;1687;1185;1825;1185;1825;1230;1687;1230;Roubaix;AAAAAAA;SHA;SHIPPING_ADDRESS;Shipping Address
invoice-395.tiff;1;1;2480;3508;48837;1541;1231;120;45;1541;1231;1661;1231;1661;1276;1541;1276;France;AAAAAA;SHA;SHIPPING_ADDRESS;Shipping Address
invoice-395.tiff;1;1;2480;3508;48838;440;1555;244;52;440;1555;684;1555;684;1607;440;1607;Descriptions;AAAAAAAAAAAA;undefined;OTHER;OTHER
invoice-395.tiff;1;1;2480;3508;48839;1088;1555;73;52;1088;1555;1161;1555;1161;1607;1088;1607;Qty;AAA;undefined;OTHER;OTHER
invoice-395.tiff;1;1;2480;3508;48840;1374;1555;84;52;1374;1555;1458;1555;1458;1607;1374;1607;U.P.;ASAS;undefined;OTHER;OTHER
invoice-395.tiff;1;1;2480;3508;48841;1646;1555;206;52;1646;1555;1852;1555;1852;1607;1646;1607;VAT/TVA;AAASAAA;undefined;OTHER;OTHER
invoice-395.tiff;1;1;2480;3508;48842;2003;1555;160;52;2003;1555;2163;1555;2163;1607;2003;1607;Amount;AAAAAA;undefined;OTHER;OTHER
invoice-395.tiff;1;1;2480;3508;48843;124;1628;143;48;124;1628;267;1628;267;1676;124;1676;Batterie;AAAAAAAA;undefined;OTHER;OTHER
invoice-395.tiff;1;1;2480;3508;48844;278;1628;131;48;278;1628;409;1628;409;1676;278;1676;externe;AAAAAAA;undefined;OTHER;OTHER
invoice-395.tiff;1;1;2480;3508;48845;421;1628;88;48;421;1628;509;1628;509;1676;421;1676;Sony;AAAA;undefined;OTHER;OTHER
invoice-395.tiff;1;1;2480;3508;48846;519;1628;74;48;519;1628;593;1628;593;1676;519;1676;noir;AAAA;undefined;OTHER;OTHER
invoice-395.tiff;1;1;2480;3508;48847;604;1628;83;48;604;1628;687;1628;687;1676;604;1676;3000;NNNN;undefined;OTHER;OTHER
invoice-395.tiff;1;1;2480;3508;48848;697;1628;87;48;697;1628;784;1628;784;1676;697;1676;mAh;AAA;undefined;OTHER;OTHER
invoice-395.tiff;1;1;2480;3508;48849;796;1628;120;48;796;1628;916;1628;916;1676;796;1676;CP-V3;AASAN;undefined;OTHER;OTHER
invoice-395.tiff;1;1;2480;3508;48850;1114;1628;20;48;1114;1628;1134;1628;1134;1676;1114;1676;2;N;undefined;OTHER;OTHER
invoice-395.tiff;1;1;2480;3508;48851;1320;1628;93;48;1320;1628;1413;1628;1413;1676;1320;1676;16,66;NNSNN;undefined;OTHER;OTHER
invoice-395.tiff;1;1;2480;3508;48852;1424;1628;87;48;1424;1628;1511;1628;1511;1676;1424;1676;EUR;AAA;undefined;OTHER;OTHER
invoice-395.tiff;1;1;2480;3508;48853;1692;1628;114;48;1692;1628;1806;1628;1806;1676;1692;1676;20.0%;NNSNS;undefined;OTHER;OTHER
invoice-395.tiff;1;1;2480;3508;48854;1987;1628;93;48;1987;1628;2080;1628;2080;1676;1987;1676;33,32;NNSNN;undefined;OTHER;OTHER
invoice-395.tiff;1;1;2480;3508;48855;2091;1628;87;48;2091;1628;2178;1628;2178;1676;2091;1676;EUR;AAA;undefined;OTHER;OTHER
invoice-395.tiff;1;1;2480;3508;48856;124;1718;178;48;124;1718;302;1718;302;1766;124;1766;Nespresso;AAAAAAAAA;undefined;OTHER;OTHER
invoice-395.tiff;1;1;2480;3508;48857;313;1718;113;48;313;1718;426;1718;426;1766;313;1766;Krups;AAAAA;undefined;OTHER;OTHER
invoice-395.tiff;1;1;2480;3508;48858;437;1718;199;48;437;1718;636;1718;636;1766;437;1766;YY2733FD;AANNNNAA;undefined;OTHER;OTHER
invoice-395.tiff;1;1;2480;3508;48859;646;1718;85;48;646;1718;731;1718;731;1766;646;1766;Citiz;AAAAA;undefined;OTHER;OTHER
invoice-395.tiff;1;1;2480;3508;48860;743;1718;104;48;743;1718;847;1718;847;1766;743;1766;Silver;AAAAAA;undefined;OTHER;OTHER
invoice-395.tiff;1;1;2480;3508;48861;1114;1718;20;48;1114;1718;1134;1718;1134;1766;1114;1766;1;N;undefined;OTHER;OTHER
invoice-395.tiff;1;1;2480;3508;48862;1310;1718;114;48;1310;1718;1424;1718;1424;1766;1310;1766;124,17;NNNSNN;undefined;OTHER;OTHER
invoice-395.tiff;1;1;2480;3508;48863;1435;1718;87;48;1435;1718;1522;1718;1522;1766;1435;1766;EUR;AAA;undefined;OTHER;OTHER
invoice-395.tiff;1;1;2480;3508;48864;1692;1718;114;48;1692;1718;1806;1718;1806;1766;1692;1766;20.0%;NNSNS;undefined;OTHER;OTHER
invoice-395.tiff;1;1;2480;3508;48865;1976;1718;114;48;1976;1718;2090;1718;2090;1766;1976;1766;124,17;NNNSNN;undefined;OTHER;OTHER
invoice-395.tiff;1;1;2480;3508;48866;2101;1718;87;48;2101;1718;2188;1718;2188;1766;2101;1766;EUR;AAA;undefined;OTHER;OTHER
invoice-395.tiff;1;1;2480;3508;48867;124;1808;157;48;124;1808;281;1808;281;1856;124;1856;Gaufrier;AAAAAAAA;undefined;OTHER;OTHER
invoice-395.tiff;1;1;2480;3508;48868;292;1808;171;48;292;1808;463;1808;463;1856;292;1856;Lagrange;AAAAAAAA;undefined;OTHER;OTHER
invoice-395.tiff;1;1;2480;3508;48869;474;1808;124;48;474;1808;598;1808;598;1856;474;1856;019122;NNNNNN;undefined;OTHER;OTHER
invoice-395.tiff;1;1;2480;3508;48870;609;1808;208;48;609;1808;817;1808;817;1856;609;1856;PREMIUM;AAAAAAA;undefined;OTHER;OTHER
invoice-395.tiff;1;1;2480;3508;48872;1114;1808;20;48;1114;1808;1134;1808;1134;1856;1114;1856;4;N;undefined;OTHER;OTHER
invoice-395.tiff;1;1;2480;3508;48873;1320;1808;93;48;1320;1808;1413;1808;1413;1856;1320;1856;95,94;NNSNN;undefined;OTHER;OTHER
invoice-395.tiff;1;1;2480;3508;48874;1424;1808;87;48;1424;1808;1511;1808;1511;1856;1424;1856;EUR;AAA;undefined;OTHER;OTHER
invoice-395.tiff;1;1;2480;3508;48875;1692;1808;114;48;1692;1808;1806;1808;1806;1856;1692;1856;20.0%;NNSNS;undefined;OTHER;OTHER
invoice-395.tiff;1;1;2480;3508;48876;1976;1808;114;48;1976;1808;2090;1808;2090;1856;1976;1856;383,77;NNNSNN;undefined;OTHER;OTHER
invoice-395.tiff;1;1;2480;3508;48877;2101;1808;87;48;2101;1808;2188;1808;2188;1856;2101;1856;EUR;AAA;undefined;OTHER;OTHER
invoice-395.tiff;1;1;2480;3508;48871;124;1856;175;48;124;1856;299;1856;299;1904;124;1904;GAUFRE;AAAAAA;undefined;OTHER;OTHER
invoice-395.tiff;1;1;2480;3508;48878;124;1946;175;48;124;1946;299;1946;299;1994;124;1994;Bouilloire;AAAAAAAAAA;undefined;OTHER;OTHER
invoice-395.tiff;1;1;2480;3508;48879;311;1946;20;48;311;1946;331;1946;331;1994;311;1994;à;A;undefined;OTHER;OTHER
invoice-395.tiff;1;1;2480;3508;48880;342;1946;222;48;342;1946;564;1946;564;1994;342;1994;température;AAAAAAAAAAA;undefined;OTHER;OTHER
invoice-395.tiff;1;1;2480;3508;48881;575;1946;143;48;575;1946;718;1946;718;1994;575;1994;réglable;AAAAAAAA;undefined;OTHER;OTHER
invoice-395.tiff;1;1;2480;3508;48882;729;1946;131;48;729;1946;860;1946;860;1994;729;1994;Riviera;AAAAAAA;undefined;OTHER;OTHER
invoice-395.tiff;1;1;2480;3508;48883;871;1946;41;48;871;1946;912;1946;912;1994;871;1994;Et;AA;undefined;OTHER;OTHER
invoice-395.tiff;1;1;2480;3508;48884;923;1946;67;48;923;1946;990;1946;990;1994;923;1994;Bar;AAA;undefined;OTHER;OTHER
invoice-395.tiff;1;1;2480;3508;48889;1114;1946;20;48;1114;1946;1134;1946;1134;1994;1114;1994;1;N;undefined;OTHER;OTHER
invoice-395.tiff;1;1;2480;3508;48890;1320;1946;93;48;1320;1946;1413;1946;1413;1994;1320;1994;74,99;NNSNN;undefined;OTHER;OTHER
invoice-395.tiff;1;1;2480;3508;48891;1424;1946;87;48;1424;1946;1511;1946;1511;1994;1424;1994;EUR;AAA;undefined;OTHER;OTHER
invoice-395.tiff;1;1;2480;3508;48892;1692;1946;114;48;1692;1946;1806;1946;1806;1994;1692;1994;20.0%;NNSNS;undefined;OTHER;OTHER
invoice-395.tiff;1;1;2480;3508;48893;1987;1946;93;48;1987;1946;2080;1946;2080;1994;1987;1994;74,99;NNSNN;undefined;OTHER;OTHER
invoice-395.tiff;1;1;2480;3508;48894;2091;1946;87;48;2091;1946;2178;1946;2178;1994;2091;1994;EUR;AAA;undefined;OTHER;OTHER
invoice-395.tiff;1;1;2480;3508;48885;124;1994;148;48;124;1994;272;1994;272;2042;124;2042;BT541A;AANNNA;undefined;OTHER;OTHER
invoice-395.tiff;1;1;2480;3508;48886;283;1994;122;48;283;1994;405;1994;405;2042;283;2042;Serena;AAAAAA;undefined;OTHER;OTHER
invoice-395.tiff;1;1;2480;3508;48887;416;1994;97;48;416;1994;513;1994;513;2042;416;2042;blanc;AAAAA;undefined;OTHER;OTHER
invoice-395.tiff;1;1;2480;3508;48888;524;1994;99;48;524;1994;623;1994;623;2042;524;2042;nacré;AAAAA;undefined;OTHER;OTHER
invoice-395.tiff;1;1;2480;3508;48895;1864;2125;152;52;1864;2125;2016;2125;2016;2177;1864;2177;@DISC;SAAAA;undefined;OTHER;OTHER
invoice-395.tiff;1;1;2480;3508;48896;2037;2125;72;48;2037;2125;2109;2125;2109;2173;2037;2173;0,00;NSNN;undefined;OTHER;OTHER
invoice-395.tiff;1;1;2480;3508;48897;2120;2125;87;48;2120;2125;2207;2125;2207;2173;2120;2173;EUR;AAA;undefined;OTHER;OTHER
invoice-395.tiff;1;1;2480;3508;48898;1793;2178;160;52;1793;2178;1953;2178;1953;2230;1793;2230;Amount;AAAAAA;undefined;OTHER;OTHER
invoice-395.tiff;1;1;2480;3508;48899;1995;2178;114;48;1995;2178;2109;2178;2109;2226;1995;2226;616,24;NNNSNN;TWTX;TOTAL_WITHOUT_TAX;TWTXS
invoice-395.tiff;1;1;2480;3508;48900;2120;2178;87;48;2120;2178;2207;2178;2207;2226;2120;2226;EUR;AAA;TWTX;TOTAL_WITHOUT_TAX;TWTXS
invoice-395.tiff;1;1;2480;3508;48901;1685;2231;96;52;1685;2231;1781;2231;1781;2283;1685;2283;TVA;AAA;undefined;OTHER;OTHER
invoice-395.tiff;1;1;2480;3508;48902;1793;2231;160;52;1793;2231;1953;2231;1953;2283;1793;2283;Amount;AAAAAA;undefined;OTHER;OTHER
invoice-395.tiff;1;1;2480;3508;48903;1995;2231;114;48;1995;2231;2109;2231;2109;2279;1995;2279;123,25;NNNSNN;TTX;TOTAL_TAX;Total Tax
invoice-395.tiff;1;1;2480;3508;48904;2120;2231;87;48;2120;2231;2207;2231;2207;2279;2120;2279;EUR;AAA;TTX;TOTAL_TAX;Total Tax
invoice-395.tiff;1;1;2480;3508;48905;1677;2284;104;52;1677;2284;1781;2284;1781;2336;1677;2336;Total;AAAAA;undefined;OTHER;OTHER
invoice-395.tiff;1;1;2480;3508;48906;1793;2284;160;52;1793;2284;1953;2284;1953;2336;1793;2336;Amount;AAAAAA;undefined;OTHER;OTHER
invoice-395.tiff;1;1;2480;3508;48907;1995;2284;114;48;1995;2284;2109;2284;2109;2332;1995;2332;739,49;NNNSNN;TA;TOTAL_AMOUNT;Total with TAX
invoice-395.tiff;1;1;2480;3508;48908;2120;2284;87;48;2120;2284;2207;2284;2207;2332;2120;2332;EUR;AAA;TA;TOTAL_AMOUNT;Total with TAX
invoice-395.tiff;1;1;2480;3508;48909;1130;3175;113;48;1130;3175;1243;3175;1243;3223;1130;3223;CCAS;AAAA;SN;SUPPLIER_NAME;Seller/Company) name
invoice-395.tiff;1;1;2480;3508;48910;884;3223;104;45;884;3223;988;3223;988;3268;884;3268;80490;NNNNN;SA;SUPPLIER_ADDRESS;Seller Address
invoice-395.tiff;1;1;2480;3508;48911;996;3223;124;45;996;3223;1120;3223;1120;3268;996;3268;SOREL;AAAAA;SA;SUPPLIER_ADDRESS;Seller Address
invoice-395.tiff;1;1;2480;3508;48912;1131;3223;53;45;1131;3223;1184;3223;1184;3268;1131;3268;EN;AA;SA;SUPPLIER_ADDRESS;Seller Address
invoice-395.tiff;1;1;2480;3508;48913;1195;3223;129;45;1195;3223;1324;3223;1324;3268;1195;3268;VIMEU;AAAAA;SA;SUPPLIER_ADDRESS;Seller Address
invoice-395.tiff;1;1;2480;3508;48914;1333;3223;157;45;1333;3223;1490;3223;1490;3268;1333;3268;FRANCE;AAAAAA;SA;SUPPLIER_ADDRESS;Seller Address
