src;num_pages;page_id;page_width;page_height;id;col;row;width;height;x1;y1;x2;y2;x3;y3;x4;y4;contents;contents_masked;correctclass;tag;description
invoice-679.tiff;1;1;2480;3508;83933;833;62;625;175;833;62;1458;62;1458;237;833;237;common/logo;AAAAAASAAAA;img;IMAGE;Image
invoice-679.tiff;1;1;2480;3508;83923;124;237;127;48;124;237;251;237;251;285;124;285;BLITZ;AAAAA;SN;SUPPLIER_NAME;Seller/Company) name
invoice-679.tiff;1;1;2480;3508;83934;1541;237;134;45;1541;237;1675;237;1675;282;1541;282;Numéro;AAAAAA;undefined;OTHER;OTHER
invoice-679.tiff;1;1;2480;3508;83935;1686;237;39;45;1686;237;1725;237;1725;282;1686;282;de;AA;undefined;OTHER;OTHER
invoice-679.tiff;1;1;2480;3508;83936;1736;237;53;45;1736;237;1789;237;1789;282;1736;282;Tel;AAA;undefined;OTHER;OTHER
invoice-679.tiff;1;1;2480;3508;83937;1851;237;263;45;1851;237;2114;237;2114;282;1851;282;04-52-41-67-96;NNSNNSNNSNNSNN;SCN;SUPPLIER_CONTACT_NUMBER;Seller Contact Number
invoice-679.tiff;1;1;2480;3508;83938;1541;283;134;45;1541;283;1675;283;1675;328;1541;328;Numéro;AAAAAA;undefined;OTHER;OTHER
invoice-679.tiff;1;1;2480;3508;83939;1686;283;39;45;1686;283;1725;283;1725;328;1686;328;de;AA;undefined;OTHER;OTHER
invoice-679.tiff;1;1;2480;3508;83940;1736;283;64;45;1736;283;1800;283;1800;328;1736;328;Fax;AAA;undefined;OTHER;OTHER
invoice-679.tiff;1;1;2480;3508;83941;1863;283;263;45;1863;283;2126;283;2126;328;1863;328;04-52-41-61-84;NNSNNSNNSNNSNN;SFAX;SUPPLIER_FAX_NUMBER;Seller Fax Number
invoice-679.tiff;1;1;2480;3508;83924;124;285;41;45;124;285;165;285;165;330;124;330;18;NN;SA;SUPPLIER_ADDRESS;Seller Address
invoice-679.tiff;1;1;2480;3508;83925;177;285;25;45;177;285;202;285;202;330;177;330;B;A;SA;SUPPLIER_ADDRESS;Seller Address
invoice-679.tiff;1;1;2480;3508;83926;212;285;159;45;212;285;371;285;371;330;212;330;AVENUE;AAAAAA;SA;SUPPLIER_ADDRESS;Seller Address
invoice-679.tiff;1;1;2480;3508;83927;383;285;182;45;383;285;565;285;565;330;383;330;PHILIPPE;AAAAAAAA;SA;SUPPLIER_ADDRESS;Seller Address
invoice-679.tiff;1;1;2480;3508;83928;576;285;185;45;576;285;761;285;761;330;576;330;AUGUSTE;AAAAAAA;SA;SUPPLIER_ADDRESS;Seller Address
invoice-679.tiff;1;1;2480;3508;83929;124;331;104;45;124;331;228;331;228;376;124;376;75011;NNNNN;SA;SUPPLIER_ADDRESS;Seller Address
invoice-679.tiff;1;1;2480;3508;83930;270;331;111;45;270;331;381;331;381;376;270;376;PARIS;AAAAA;SA;SUPPLIER_ADDRESS;Seller Address
invoice-679.tiff;1;1;2480;3508;83931;392;331;41;45;392;331;433;331;433;376;392;376;11;NN;SA;SUPPLIER_ADDRESS;Seller Address
invoice-679.tiff;1;1;2480;3508;83932;124;377;157;45;124;377;281;377;281;422;124;422;FRANCE;AAAAAA;SA;SUPPLIER_ADDRESS;Seller Address
invoice-679.tiff;1;1;2480;3508;83952;1541;807;81;48;1541;807;1622;807;1622;855;1541;855;Mlle;AAAA;BN;BILLING_NAME;Billing Name
invoice-679.tiff;1;1;2480;3508;83953;1633;807;131;48;1633;807;1764;807;1764;855;1633;855;Nathan;AAAAAA;BN;BILLING_NAME;Billing Name
invoice-679.tiff;1;1;2480;3508;83954;1775;807;136;48;1775;807;1911;807;1911;855;1775;855;Masson;AAAAAA;BN;BILLING_NAME;Billing Name
invoice-679.tiff;1;1;2480;3508;83955;1541;855;52;45;1541;855;1593;855;1593;900;1541;900;14,;NNS;BA;BILLING_ADDRESS;Billing Address
invoice-679.tiff;1;1;2480;3508;83956;1604;855;30;45;1604;855;1634;855;1634;900;1604;900;le;AA;BA;BILLING_ADDRESS;Billing Address
invoice-679.tiff;1;1;2480;3508;83957;1644;855;159;45;1644;855;1803;855;1803;900;1644;900;carrefour;AAAAAAAAA;BA;BILLING_ADDRESS;Billing Address
invoice-679.tiff;1;1;2480;3508;83958;1541;901;104;45;1541;901;1645;901;1645;946;1541;946;79370;NNNNN;BA;BILLING_ADDRESS;Billing Address
invoice-679.tiff;1;1;2480;3508;83959;1687;901;159;45;1687;901;1846;901;1846;946;1687;946;Aigonnay;AAAAAAAA;BA;BILLING_ADDRESS;Billing Address
invoice-679.tiff;1;1;2480;3508;83942;124;903;51;52;124;903;175;903;175;955;124;955;N°;AS;undefined;OTHER;OTHER
invoice-679.tiff;1;1;2480;3508;83943;187;903;45;52;187;903;232;903;232;955;187;955;de;AA;undefined;OTHER;OTHER
invoice-679.tiff;1;1;2480;3508;83944;245;903;139;52;245;903;384;903;384;955;245;955;facture;AAAAAAA;undefined;OTHER;OTHER
invoice-679.tiff;1;1;2480;3508;83945;750;903;171;46;750;903;921;903;921;949;750;949;INV-2352;AAASNNNN;IN;INVOICE_NUMBER;Invoice Number
invoice-679.tiff;1;1;2480;3508;83960;1541;946;120;45;1541;946;1661;946;1661;991;1541;991;France;AAAAAA;BA;BILLING_ADDRESS;Billing Address
invoice-679.tiff;1;1;2480;3508;83946;124;976;58;52;124;976;182;976;182;1028;124;1028;Du;AA;undefined;OTHER;OTHER
invoice-679.tiff;1;1;2480;3508;83947;750;976;148;46;750;976;898;976;898;1022;750;1022;04/10/78;NNSNNSNN;IDATE;INVOICE_DATE;Invoice Date
invoice-679.tiff;1;1;2480;3508;83961;1541;1034;169;57;1541;1034;1710;1034;1710;1091;1541;1091;Adresse;AAAAAAA;undefined;OTHER;OTHER
invoice-679.tiff;1;1;2480;3508;83962;1723;1034;50;57;1723;1034;1773;1034;1773;1091;1723;1091;de;AA;undefined;OTHER;OTHER
invoice-679.tiff;1;1;2480;3508;83963;1786;1034;205;57;1786;1034;1991;1034;1991;1091;1786;1091;Livraison;AAAAAAAAA;undefined;OTHER;OTHER
invoice-679.tiff;1;1;2480;3508;83948;124;1050;51;52;124;1050;175;1050;175;1102;124;1102;N°;AS;undefined;OTHER;OTHER
invoice-679.tiff;1;1;2480;3508;83949;187;1050;45;52;187;1050;232;1050;232;1102;187;1102;de;AA;undefined;OTHER;OTHER
invoice-679.tiff;1;1;2480;3508;83950;245;1050;106;52;245;1050;351;1050;351;1102;245;1102;client;AAAAAA;undefined;OTHER;OTHER
invoice-679.tiff;1;1;2480;3508;83951;750;1050;150;46;750;1050;900;1050;900;1096;750;1096;CL-4092;AASNNNN;CNUM;CLIENT_NUMBER;Client Number
invoice-679.tiff;1;1;2480;3508;83964;1541;1092;81;48;1541;1092;1622;1092;1622;1140;1541;1140;Mlle;AAAA;SHN;SHIPPING_NAME;Shipping Name
invoice-679.tiff;1;1;2480;3508;83965;1633;1092;131;48;1633;1092;1764;1092;1764;1140;1633;1140;Nathan;AAAAAA;SHN;SHIPPING_NAME;Shipping Name
invoice-679.tiff;1;1;2480;3508;83966;1775;1092;136;48;1775;1092;1911;1092;1911;1140;1775;1140;Masson;AAAAAA;SHN;SHIPPING_NAME;Shipping Name
invoice-679.tiff;1;1;2480;3508;83967;1541;1140;52;45;1541;1140;1593;1140;1593;1185;1541;1185;23,;NNS;SHA;SHIPPING_ADDRESS;Shipping Address
invoice-679.tiff;1;1;2480;3508;83968;1604;1140;117;45;1604;1140;1721;1140;1721;1185;1604;1185;avenue;AAAAAA;SHA;SHIPPING_ADDRESS;Shipping Address
invoice-679.tiff;1;1;2480;3508;83969;1732;1140;55;45;1732;1140;1787;1140;1787;1185;1732;1185;des;AAA;SHA;SHIPPING_ADDRESS;Shipping Address
invoice-679.tiff;1;1;2480;3508;83970;1798;1140;113;45;1798;1140;1911;1140;1911;1185;1798;1185;tilleuls;AAAAAAAA;SHA;SHIPPING_ADDRESS;Shipping Address
invoice-679.tiff;1;1;2480;3508;83971;1541;1185;104;45;1541;1185;1645;1185;1645;1230;1541;1230;89400;NNNNN;SHA;SHIPPING_ADDRESS;Shipping Address
invoice-679.tiff;1;1;2480;3508;83972;1687;1185;162;45;1687;1185;1849;1185;1849;1230;1687;1230;Migennes;AAAAAAAA;SHA;SHIPPING_ADDRESS;Shipping Address
invoice-679.tiff;1;1;2480;3508;83973;1541;1231;120;45;1541;1231;1661;1231;1661;1276;1541;1276;France;AAAAAA;SHA;SHIPPING_ADDRESS;Shipping Address
invoice-679.tiff;1;1;2480;3508;83974;446;1555;231;52;446;1555;677;1555;677;1607;446;1607;Désignation;AAAAAAAAAAA;undefined;OTHER;OTHER
invoice-679.tiff;1;1;2480;3508;83975;1089;1555;71;52;1089;1555;1160;1555;1160;1607;1089;1607;Qté;AAA;undefined;OTHER;OTHER
invoice-679.tiff;1;1;2480;3508;83976;1386;1555;61;52;1386;1555;1447;1555;1447;1607;1386;1607;UP;AA;undefined;OTHER;OTHER
invoice-679.tiff;1;1;2480;3508;83977;1701;1555;96;52;1701;1555;1797;1555;1797;1607;1701;1607;TVA;AAA;undefined;OTHER;OTHER
invoice-679.tiff;1;1;2480;3508;83978;1947;1555;170;52;1947;1555;2117;1555;2117;1607;1947;1607;Montant;AAAAAAA;undefined;OTHER;OTHER
invoice-679.tiff;1;1;2480;3508;83979;2129;1555;89;52;2129;1555;2218;1555;2218;1607;2129;1607;H.T.;ASAS;undefined;OTHER;OTHER
invoice-679.tiff;1;1;2480;3508;83980;124;1628;391;48;124;1628;515;1628;515;1676;124;1676;Ventilateur-chauffage;AAAAAAAAAAASAAAAAAAAA;undefined;OTHER;OTHER
invoice-679.tiff;1;1;2480;3508;83981;526;1628;180;48;526;1628;706;1628;706;1676;526;1676;Essentielb;AAAAAAAAAA;undefined;OTHER;OTHER
invoice-679.tiff;1;1;2480;3508;83982;717;1628;120;48;717;1628;837;1628;837;1676;717;1676;ECHC;AAAA;undefined;OTHER;OTHER
invoice-679.tiff;1;1;2480;3508;83983;848;1628;122;48;848;1628;970;1628;970;1676;848;1676;1500M;NNNNA;undefined;OTHER;OTHER
invoice-679.tiff;1;1;2480;3508;83984;1114;1628;20;48;1114;1628;1134;1628;1134;1676;1114;1676;3;N;undefined;OTHER;OTHER
invoice-679.tiff;1;1;2480;3508;83985;1322;1628;93;48;1322;1628;1415;1628;1415;1676;1322;1676;83,32;NNSNN;undefined;OTHER;OTHER
invoice-679.tiff;1;1;2480;3508;83986;1427;1628;83;48;1427;1628;1510;1628;1510;1676;1427;1676;USD;AAA;undefined;OTHER;OTHER
invoice-679.tiff;1;1;2480;3508;83987;1692;1628;114;48;1692;1628;1806;1628;1806;1676;1692;1676;20.0%;NNSNS;undefined;OTHER;OTHER
invoice-679.tiff;1;1;2480;3508;83988;1979;1628;114;48;1979;1628;2093;1628;2093;1676;1979;1676;249,97;NNNSNN;undefined;OTHER;OTHER
invoice-679.tiff;1;1;2480;3508;83989;2104;1628;83;48;2104;1628;2187;1628;2187;1676;2104;1676;USD;AAA;undefined;OTHER;OTHER
invoice-679.tiff;1;1;2480;3508;83990;124;1718;201;48;124;1718;325;1718;325;1766;124;1766;Babyphone;AAAAAAAAA;undefined;OTHER;OTHER
invoice-679.tiff;1;1;2480;3508;83991;336;1718;189;48;336;1718;525;1718;525;1766;336;1766;Babymoov;AAAAAAAA;undefined;OTHER;OTHER
invoice-679.tiff;1;1;2480;3508;83992;537;1718;85;48;537;1718;622;1718;622;1766;537;1766;Easy;AAAA;undefined;OTHER;OTHER
invoice-679.tiff;1;1;2480;3508;83993;633;1718;87;48;633;1718;720;1718;720;1766;633;1766;Care;AAAA;undefined;OTHER;OTHER
invoice-679.tiff;1;1;2480;3508;83994;731;1718;155;48;731;1718;886;1718;886;1766;731;1766;A014013;ANNNNNN;undefined;OTHER;OTHER
invoice-679.tiff;1;1;2480;3508;83995;1114;1718;20;48;1114;1718;1134;1718;1134;1766;1114;1766;4;N;undefined;OTHER;OTHER
invoice-679.tiff;1;1;2480;3508;83996;1322;1718;93;48;1322;1718;1415;1718;1415;1766;1322;1766;45,83;NNSNN;undefined;OTHER;OTHER
invoice-679.tiff;1;1;2480;3508;83997;1427;1718;83;48;1427;1718;1510;1718;1510;1766;1427;1766;USD;AAA;undefined;OTHER;OTHER
invoice-679.tiff;1;1;2480;3508;83998;1692;1718;114;48;1692;1718;1806;1718;1806;1766;1692;1766;20.0%;NNSNS;undefined;OTHER;OTHER
invoice-679.tiff;1;1;2480;3508;83999;1979;1718;114;48;1979;1718;2093;1718;2093;1766;1979;1766;183,30;NNNSNN;undefined;OTHER;OTHER
invoice-679.tiff;1;1;2480;3508;84000;2104;1718;83;48;2104;1718;2187;1718;2187;1766;2104;1766;USD;AAA;undefined;OTHER;OTHER
invoice-679.tiff;1;1;2480;3508;84001;124;1808;171;48;124;1808;295;1808;295;1856;124;1856;Tondeuse;AAAAAAAA;undefined;OTHER;OTHER
invoice-679.tiff;1;1;2480;3508;84002;306;1808;94;48;306;1808;400;1808;400;1856;306;1856;multi;AAAAA;undefined;OTHER;OTHER
invoice-679.tiff;1;1;2480;3508;84003;412;1808;115;48;412;1808;527;1808;527;1856;412;1856;usages;AAAAAA;undefined;OTHER;OTHER
invoice-679.tiff;1;1;2480;3508;84004;538;1808;148;48;538;1808;686;1808;686;1856;538;1856;Babyliss;AAAAAAAA;undefined;OTHER;OTHER
invoice-679.tiff;1;1;2480;3508;84005;696;1808;136;48;696;1808;832;1808;832;1856;696;1856;P1059E;ANNNNA;undefined;OTHER;OTHER
invoice-679.tiff;1;1;2480;3508;84006;1114;1808;20;48;1114;1808;1134;1808;1134;1856;1114;1856;3;N;undefined;OTHER;OTHER
invoice-679.tiff;1;1;2480;3508;84007;1322;1808;93;48;1322;1808;1415;1808;1415;1856;1322;1856;49,99;NNSNN;undefined;OTHER;OTHER
invoice-679.tiff;1;1;2480;3508;84008;1427;1808;83;48;1427;1808;1510;1808;1510;1856;1427;1856;USD;AAA;undefined;OTHER;OTHER
invoice-679.tiff;1;1;2480;3508;84009;1692;1808;114;48;1692;1808;1806;1808;1806;1856;1692;1856;20.0%;NNSNS;undefined;OTHER;OTHER
invoice-679.tiff;1;1;2480;3508;84010;1979;1808;114;48;1979;1808;2093;1808;2093;1856;1979;1856;149,98;NNNSNN;undefined;OTHER;OTHER
invoice-679.tiff;1;1;2480;3508;84011;2104;1808;83;48;2104;1808;2187;1808;2187;1856;2104;1856;USD;AAA;undefined;OTHER;OTHER
invoice-679.tiff;1;1;2480;3508;84012;124;1898;155;48;124;1898;279;1898;279;1946;124;1946;Enceinte;AAAAAAAA;undefined;OTHER;OTHER
invoice-679.tiff;1;1;2480;3508;84013;290;1898;136;48;290;1898;426;1898;426;1946;290;1946;colonne;AAAAAAA;undefined;OTHER;OTHER
invoice-679.tiff;1;1;2480;3508;84014;437;1898;136;48;437;1898;573;1898;573;1946;437;1946;Klipsch;AAAAAAA;undefined;OTHER;OTHER
invoice-679.tiff;1;1;2480;3508;84015;584;1898;157;48;584;1898;741;1898;741;1946;584;1946;RP-280F;AASNNNA;undefined;OTHER;OTHER
invoice-679.tiff;1;1;2480;3508;84016;752;1898;101;48;752;1898;853;1898;853;1946;752;1946;Piano;AAAAA;undefined;OTHER;OTHER
invoice-679.tiff;1;1;2480;3508;84017;864;1898;101;48;864;1898;965;1898;965;1946;864;1946;Black;AAAAA;undefined;OTHER;OTHER
invoice-679.tiff;1;1;2480;3508;84019;1114;1898;20;48;1114;1898;1134;1898;1134;1946;1114;1946;2;N;undefined;OTHER;OTHER
invoice-679.tiff;1;1;2480;3508;84020;1312;1898;114;48;1312;1898;1426;1898;1426;1946;1312;1946;749,17;NNNSNN;undefined;OTHER;OTHER
invoice-679.tiff;1;1;2480;3508;84021;1437;1898;83;48;1437;1898;1520;1898;1520;1946;1437;1946;USD;AAA;undefined;OTHER;OTHER
invoice-679.tiff;1;1;2480;3508;84022;1692;1898;114;48;1692;1898;1806;1898;1806;1946;1692;1946;20.0%;NNSNS;undefined;OTHER;OTHER
invoice-679.tiff;1;1;2480;3508;84023;1968;1898;135;48;1968;1898;2103;1898;2103;1946;1968;1946;1498,33;NNNNSNN;undefined;OTHER;OTHER
invoice-679.tiff;1;1;2480;3508;84024;2114;1898;83;48;2114;1898;2197;1898;2197;1946;2114;1946;USD;AAA;undefined;OTHER;OTHER
invoice-679.tiff;1;1;2480;3508;84018;124;1946;50;48;124;1946;174;1946;174;1994;124;1994;X1;AN;undefined;OTHER;OTHER
invoice-679.tiff;1;1;2480;3508;84025;1417;2077;150;51;1417;2077;1567;2077;1567;2128;1417;2128;TOTAL;AAAAA;undefined;OTHER;OTHER
invoice-679.tiff;1;1;2480;3508;84026;1579;2077;168;51;1579;2077;1747;2077;1747;2128;1579;2128;REMISE;AAAAAA;undefined;OTHER;OTHER
invoice-679.tiff;1;1;2480;3508;84027;1758;2077;262;51;1758;2077;2020;2077;2020;2128;1758;2128;IMMEDIATE;AAAAAAAAA;undefined;OTHER;OTHER
invoice-679.tiff;1;1;2480;3508;84028;2041;2077;72;46;2041;2077;2113;2077;2113;2123;2041;2123;0,00;NSNN;undefined;OTHER;OTHER
invoice-679.tiff;1;1;2480;3508;84029;2125;2077;83;46;2125;2077;2208;2077;2208;2123;2125;2123;USD;AAA;undefined;OTHER;OTHER
invoice-679.tiff;1;1;2480;3508;84030;1686;2128;155;51;1686;2128;1841;2128;1841;2179;1686;2179;Montant;AAAAAAA;undefined;OTHER;OTHER
invoice-679.tiff;1;1;2480;3508;84031;1853;2128;84;51;1853;2128;1937;2128;1937;2179;1853;2179;H.T.;ASAS;undefined;OTHER;OTHER
invoice-679.tiff;1;1;2480;3508;84032;1979;2128;135;46;1979;2128;2114;2128;2114;2174;1979;2174;2081,58;NNNNSNN;TWTX;TOTAL_WITHOUT_TAX;TWTXS
invoice-679.tiff;1;1;2480;3508;84033;2125;2128;83;46;2125;2128;2208;2128;2208;2174;2125;2174;USD;AAA;TWTX;TOTAL_WITHOUT_TAX;TWTXS
invoice-679.tiff;1;1;2480;3508;84034;1964;2179;94;51;1964;2179;2058;2179;2058;2230;1964;2230;TVA;AAA;undefined;OTHER;OTHER
invoice-679.tiff;1;1;2480;3508;84035;2100;2179;107;46;2100;2179;2207;2179;2207;2225;2100;2225;20.0%;NNSNS;TXR;TAX_RATE;Tax Rate
invoice-679.tiff;1;1;2480;3508;84036;1697;2230;155;51;1697;2230;1852;2230;1852;2281;1697;2281;Montant;AAAAAAA;undefined;OTHER;OTHER
invoice-679.tiff;1;1;2480;3508;84037;1864;2230;94;51;1864;2230;1958;2230;1958;2281;1864;2281;TVA;AAA;undefined;OTHER;OTHER
invoice-679.tiff;1;1;2480;3508;84038;1999;2230;114;46;1999;2230;2113;2230;2113;2276;1999;2276;416,31;NNNSNN;TTX;TOTAL_TAX;Total Tax
invoice-679.tiff;1;1;2480;3508;84039;2125;2230;83;46;2125;2230;2208;2230;2208;2276;2125;2276;USD;AAA;TTX;TOTAL_TAX;Total Tax
invoice-679.tiff;1;1;2480;3508;84040;1684;2282;155;51;1684;2282;1839;2282;1839;2333;1684;2333;Montant;AAAAAAA;undefined;OTHER;OTHER
invoice-679.tiff;1;1;2480;3508;84041;1850;2282;86;51;1850;2282;1936;2282;1936;2333;1850;2333;TTC;AAA;undefined;OTHER;OTHER
invoice-679.tiff;1;1;2480;3508;84042;1979;2282;135;46;1979;2282;2114;2282;2114;2328;1979;2328;2497,90;NNNNSNN;TA;TOTAL_AMOUNT;Total with TAX
invoice-679.tiff;1;1;2480;3508;84043;2125;2282;83;46;2125;2282;2208;2282;2208;2328;2125;2328;USD;AAA;TA;TOTAL_AMOUNT;Total with TAX
invoice-679.tiff;1;1;2480;3508;84044;1541;2661;112;52;1541;2661;1653;2661;1653;2713;1541;2713;Mode;AAAA;undefined;OTHER;OTHER
invoice-679.tiff;1;1;2480;3508;84045;1665;2661;45;52;1665;2661;1710;2661;1710;2713;1665;2713;de;AA;undefined;OTHER;OTHER
invoice-679.tiff;1;1;2480;3508;84046;1722;2661;195;52;1722;2661;1917;2661;1917;2713;1722;2713;règlement;AAAAAAAAA;undefined;OTHER;OTHER
invoice-679.tiff;1;1;2480;3508;84047;2166;2661;127;46;2166;2661;2293;2661;2293;2707;2166;2707;Chèque;AAAAAA;PMODE;PAYMENT_MODE;Payment Mode
invoice-679.tiff;1;1;2480;3508;84048;1187;3175;127;48;1187;3175;1314;3175;1314;3223;1187;3223;BLITZ;AAAAA;SN;SUPPLIER_NAME;Seller/Company) name
invoice-679.tiff;1;1;2480;3508;84049;1187;3223;41;45;1187;3223;1228;3223;1228;3268;1187;3268;18;NN;SA;SUPPLIER_ADDRESS;Seller Address
invoice-679.tiff;1;1;2480;3508;84050;1239;3223;25;45;1239;3223;1264;3223;1264;3268;1239;3268;B;A;SA;SUPPLIER_ADDRESS;Seller Address
invoice-679.tiff;1;1;2480;3508;84051;1275;3223;159;45;1275;3223;1434;3223;1434;3268;1275;3268;AVENUE;AAAAAA;SA;SUPPLIER_ADDRESS;Seller Address
invoice-679.tiff;1;1;2480;3508;84052;1445;3223;182;45;1445;3223;1627;3223;1627;3268;1445;3268;PHILIPPE;AAAAAAAA;SA;SUPPLIER_ADDRESS;Seller Address
invoice-679.tiff;1;1;2480;3508;84053;1638;3223;185;45;1638;3223;1823;3223;1823;3268;1638;3268;AUGUSTE;AAAAAAA;SA;SUPPLIER_ADDRESS;Seller Address
invoice-679.tiff;1;1;2480;3508;84054;1187;3268;104;45;1187;3268;1291;3268;1291;3313;1187;3313;75011;NNNNN;SA;SUPPLIER_ADDRESS;Seller Address
invoice-679.tiff;1;1;2480;3508;84055;1333;3268;111;45;1333;3268;1444;3268;1444;3313;1333;3313;PARIS;AAAAA;SA;SUPPLIER_ADDRESS;Seller Address
invoice-679.tiff;1;1;2480;3508;84056;1454;3268;41;45;1454;3268;1495;3268;1495;3313;1454;3313;11;NN;SA;SUPPLIER_ADDRESS;Seller Address
invoice-679.tiff;1;1;2480;3508;84057;1187;3314;157;45;1187;3314;1344;3314;1344;3359;1187;3359;FRANCE;AAAAAA;SA;SUPPLIER_ADDRESS;Seller Address
