src;num_pages;page_id;page_width;page_height;id;col;row;width;height;x1;y1;x2;y2;x3;y3;x4;y4;contents;contents_masked;correctclass;tag;description
invoice-781.tiff;1;1;2480;3508;96289;124;62;662;174;124;62;786;62;786;236;124;236;common/logo;AAAAAASAAAA;img;IMAGE;Image
invoice-781.tiff;1;1;2480;3508;96311;1541;270;172;59;1541;270;1713;270;1713;329;1541;329;Invoice;AAAAAAA;undefined;OTHER;OTHER
invoice-781.tiff;1;1;2480;3508;96312;1727;270;188;59;1727;270;1915;270;1915;329;1727;329;Number;AAAAAA;undefined;OTHER;OTHER
invoice-781.tiff;1;1;2480;3508;96313;1979;270;213;52;1979;270;2192;270;2192;322;1979;322;FC500664;AANNNNNN;IN;INVOICE_NUMBER;Invoice Number
invoice-781.tiff;1;1;2480;3508;96290;124;412;134;49;124;412;258;412;258;461;124;461;MIDAS;AAAAA;SN;SUPPLIER_NAME;Seller/Company) name
invoice-781.tiff;1;1;2480;3508;96291;124;462;46;48;124;462;170;462;170;510;124;510;11;NN;SA;SUPPLIER_ADDRESS;Seller Address
invoice-781.tiff;1;1;2480;3508;96292;182;462;55;48;182;462;237;462;237;510;182;510;AV;AA;SA;SUPPLIER_ADDRESS;Seller Address
invoice-781.tiff;1;1;2480;3508;96293;250;462;85;48;250;462;335;462;335;510;250;510;DES;AAA;SA;SUPPLIER_ADDRESS;Seller Address
invoice-781.tiff;1;1;2480;3508;96294;347;462;113;48;347;462;460;462;460;510;347;510;PRES;AAAA;SA;SUPPLIER_ADDRESS;Seller Address
invoice-781.tiff;1;1;2480;3508;96295;124;510;115;48;124;510;239;510;239;558;124;558;78180;NNNNN;SA;SUPPLIER_ADDRESS;Seller Address
invoice-781.tiff;1;1;2480;3508;96296;282;510;224;48;282;510;506;510;506;558;282;558;MONTIGNY;AAAAAAAA;SA;SUPPLIER_ADDRESS;Seller Address
invoice-781.tiff;1;1;2480;3508;96297;518;510;50;48;518;510;568;510;568;558;518;558;LE;AA;SA;SUPPLIER_ADDRESS;Seller Address
invoice-781.tiff;1;1;2480;3508;96298;581;510;289;48;581;510;870;510;870;558;581;558;BRETONNEUX;AAAAAAAAAA;SA;SUPPLIER_ADDRESS;Seller Address
invoice-781.tiff;1;1;2480;3508;96299;124;558;120;48;124;558;244;558;244;606;124;606;Phone;AAAAA;undefined;OTHER;OTHER
invoice-781.tiff;1;1;2480;3508;96300;307;558;70;48;307;558;377;558;377;606;307;606;+33;SNN;SCN;SUPPLIER_CONTACT_NUMBER;Seller Contact Number
invoice-781.tiff;1;1;2480;3508;96301;390;558;23;48;390;558;413;558;413;606;390;606;0;N;SCN;SUPPLIER_CONTACT_NUMBER;Seller Contact Number
invoice-781.tiff;1;1;2480;3508;96302;424;558;69;48;424;558;493;558;493;606;424;606;007;NNN;SCN;SUPPLIER_CONTACT_NUMBER;Seller Contact Number
invoice-781.tiff;1;1;2480;3508;96303;506;558;69;48;506;558;575;558;575;606;506;606;499;NNN;SCN;SUPPLIER_CONTACT_NUMBER;Seller Contact Number
invoice-781.tiff;1;1;2480;3508;96304;587;558;69;48;587;558;656;558;656;606;587;606;679;NNN;SCN;SUPPLIER_CONTACT_NUMBER;Seller Contact Number
invoice-781.tiff;1;1;2480;3508;96305;124;606;69;48;124;606;193;606;193;654;124;654;Fax;AAA;undefined;OTHER;OTHER
invoice-781.tiff;1;1;2480;3508;96306;256;606;70;48;256;606;326;606;326;654;256;654;+33;SNN;SFAX;SUPPLIER_FAX_NUMBER;Seller Fax Number
invoice-781.tiff;1;1;2480;3508;96307;339;606;23;48;339;606;362;606;362;654;339;654;0;N;SFAX;SUPPLIER_FAX_NUMBER;Seller Fax Number
invoice-781.tiff;1;1;2480;3508;96308;373;606;69;48;373;606;442;606;442;654;373;654;007;NNN;SFAX;SUPPLIER_FAX_NUMBER;Seller Fax Number
invoice-781.tiff;1;1;2480;3508;96309;455;606;69;48;455;606;524;606;524;654;455;654;499;NNN;SFAX;SUPPLIER_FAX_NUMBER;Seller Fax Number
invoice-781.tiff;1;1;2480;3508;96310;536;606;69;48;536;606;605;606;605;654;536;654;790;NNN;SFAX;SUPPLIER_FAX_NUMBER;Seller Fax Number
invoice-781.tiff;1;1;2480;3508;96326;1541;991;172;59;1541;991;1713;991;1713;1050;1541;1050;Invoice;AAAAAAA;undefined;OTHER;OTHER
invoice-781.tiff;1;1;2480;3508;96327;1727;991;61;59;1727;991;1788;991;1788;1050;1727;1050;To;AA;undefined;OTHER;OTHER
invoice-781.tiff;1;1;2480;3508;96328;1541;1051;92;49;1541;1051;1633;1051;1633;1100;1541;1100;Miss;AAAA;BN;BILLING_NAME;Billing Name
invoice-781.tiff;1;1;2480;3508;96329;1645;1051;78;49;1645;1051;1723;1051;1723;1100;1645;1100;Coy;AAA;BN;BILLING_NAME;Billing Name
invoice-781.tiff;1;1;2480;3508;96330;1736;1051;129;49;1736;1051;1865;1051;1865;1100;1736;1100;Parker;AAAAAA;BN;BILLING_NAME;Billing Name
invoice-781.tiff;1;1;2480;3508;96331;1541;1100;57;48;1541;1100;1598;1100;1598;1148;1541;1148;14,;NNS;BA;BILLING_ADDRESS;Billing Address
invoice-781.tiff;1;1;2480;3508;96332;1611;1100;32;48;1611;1100;1643;1100;1643;1148;1611;1148;le;AA;BA;BILLING_ADDRESS;Billing Address
invoice-781.tiff;1;1;2480;3508;96333;1655;1100;166;48;1655;1100;1821;1100;1821;1148;1655;1148;carrefour;AAAAAAAAA;BA;BILLING_ADDRESS;Billing Address
invoice-781.tiff;1;1;2480;3508;96334;1541;1148;115;48;1541;1148;1656;1148;1656;1196;1541;1196;79370;NNNNN;BA;BILLING_ADDRESS;Billing Address
invoice-781.tiff;1;1;2480;3508;96335;1699;1148;173;48;1699;1148;1872;1148;1872;1196;1699;1196;Aigonnay;AAAAAAAA;BA;BILLING_ADDRESS;Billing Address
invoice-781.tiff;1;1;2480;3508;96314;124;1153;157;54;124;1153;281;1153;281;1207;124;1207;Invoice;AAAAAAA;undefined;OTHER;OTHER
invoice-781.tiff;1;1;2480;3508;96315;295;1153;99;54;295;1153;394;1153;394;1207;295;1207;Date;AAAA;undefined;OTHER;OTHER
invoice-781.tiff;1;1;2480;3508;96316;750;1153;46;48;750;1153;796;1153;796;1201;750;1201;29;NN;IDATE;INVOICE_DATE;Invoice Date
invoice-781.tiff;1;1;2480;3508;96317;807;1153;81;48;807;1153;888;1153;888;1201;807;1201;ago,;AAAS;IDATE;INVOICE_DATE;Invoice Date
invoice-781.tiff;1;1;2480;3508;96318;900;1153;92;48;900;1153;992;1153;992;1201;900;1201;1984;NNNN;IDATE;INVOICE_DATE;Invoice Date
invoice-781.tiff;1;1;2480;3508;96336;1541;1197;129;48;1541;1197;1670;1197;1670;1245;1541;1245;France;AAAAAA;BA;BILLING_ADDRESS;Billing Address
invoice-781.tiff;1;1;2480;3508;96319;124;1228;127;54;124;1228;251;1228;251;1282;124;1282;Client;AAAAAA;undefined;OTHER;OTHER
invoice-781.tiff;1;1;2480;3508;96320;265;1228;173;54;265;1228;438;1228;438;1282;265;1282;Number;AAAAAA;undefined;OTHER;OTHER
invoice-781.tiff;1;1;2480;3508;96321;750;1228;169;48;750;1228;919;1228;919;1276;750;1276;CL55844;AANNNNN;CNUM;CLIENT_NUMBER;Client Number
invoice-781.tiff;1;1;2480;3508;96337;1541;1286;194;59;1541;1286;1735;1286;1735;1345;1541;1345;Delivery;AAAAAAAA;undefined;OTHER;OTHER
invoice-781.tiff;1;1;2480;3508;96338;1750;1286;61;59;1750;1286;1811;1286;1811;1345;1750;1345;To;AA;undefined;OTHER;OTHER
invoice-781.tiff;1;1;2480;3508;96322;124;1303;191;54;124;1303;315;1303;315;1357;124;1357;Payment;AAAAAAA;undefined;OTHER;OTHER
invoice-781.tiff;1;1;2480;3508;96323;328;1303;145;54;328;1303;473;1303;473;1357;328;1357;means;AAAAA;undefined;OTHER;OTHER
invoice-781.tiff;1;1;2480;3508;96324;750;1303;94;48;750;1303;844;1303;844;1351;750;1351;Bank;AAAA;PMODE;PAYMENT_MODE;Payment Mode
invoice-781.tiff;1;1;2480;3508;96325;856;1303;155;48;856;1303;1011;1303;1011;1351;856;1351;Transfer;AAAAAAAA;PMODE;PAYMENT_MODE;Payment Mode
invoice-781.tiff;1;1;2480;3508;96339;1541;1346;92;49;1541;1346;1633;1346;1633;1395;1541;1395;Miss;AAAA;SHN;SHIPPING_NAME;Shipping Name
invoice-781.tiff;1;1;2480;3508;96340;1645;1346;78;49;1645;1346;1723;1346;1723;1395;1645;1395;Coy;AAA;SHN;SHIPPING_NAME;Shipping Name
invoice-781.tiff;1;1;2480;3508;96341;1736;1346;129;49;1736;1346;1865;1346;1865;1395;1736;1395;Parker;AAAAAA;SHN;SHIPPING_NAME;Shipping Name
invoice-781.tiff;1;1;2480;3508;96342;1541;1395;57;48;1541;1395;1598;1395;1598;1443;1541;1443;15,;NNS;SHA;SHIPPING_ADDRESS;Shipping Address
invoice-781.tiff;1;1;2480;3508;96343;1611;1395;134;48;1611;1395;1745;1395;1745;1443;1611;1443;chemin;AAAAAA;SHA;SHIPPING_ADDRESS;Shipping Address
invoice-781.tiff;1;1;2480;3508;96344;1757;1395;46;48;1757;1395;1803;1395;1803;1443;1757;1443;du;AA;SHA;SHIPPING_ADDRESS;Shipping Address
invoice-781.tiff;1;1;2480;3508;96345;1814;1395;127;48;1814;1395;1941;1395;1941;1443;1814;1443;fournel;AAAAAAA;SHA;SHIPPING_ADDRESS;Shipping Address
invoice-781.tiff;1;1;2480;3508;96346;1541;1444;115;48;1541;1444;1656;1444;1656;1492;1541;1492;38840;NNNNN;SHA;SHIPPING_ADDRESS;Shipping Address
invoice-781.tiff;1;1;2480;3508;96347;1699;1444;224;48;1699;1444;1923;1444;1923;1492;1699;1492;Saint-Lattier;AAAAASAAAAAAA;SHA;SHIPPING_ADDRESS;Shipping Address
invoice-781.tiff;1;1;2480;3508;96348;1541;1492;129;48;1541;1492;1670;1492;1670;1540;1541;1540;France;AAAAAA;SHA;SHIPPING_ADDRESS;Shipping Address
invoice-781.tiff;1;1;2480;3508;96349;171;1807;73;54;171;1807;244;1807;244;1861;171;1861;No.;AAS;undefined;OTHER;OTHER
invoice-781.tiff;1;1;2480;3508;96350;399;1807;76;54;399;1807;475;1807;475;1861;399;1861;Qty;AAA;undefined;OTHER;OTHER
invoice-781.tiff;1;1;2480;3508;96351;840;1807;277;54;840;1807;1117;1807;1117;1861;840;1861;Descriptions;AAAAAAAAAAAA;undefined;OTHER;OTHER
invoice-781.tiff;1;1;2480;3508;96352;1476;1807;89;54;1476;1807;1565;1807;1565;1861;1476;1861;U.P.;ASAS;undefined;OTHER;OTHER
invoice-781.tiff;1;1;2480;3508;96353;1714;1807;196;54;1714;1807;1910;1807;1910;1861;1714;1861;VAT/TVA;AAASAAA;undefined;OTHER;OTHER
invoice-781.tiff;1;1;2480;3508;96354;2017;1807;173;54;2017;1807;2190;1807;2190;1861;2017;1861;Amount;AAAAAA;undefined;OTHER;OTHER
invoice-781.tiff;1;1;2480;3508;96355;196;1883;23;49;196;1883;219;1883;219;1932;196;1932;1;N;undefined;OTHER;OTHER
invoice-781.tiff;1;1;2480;3508;96356;425;1883;23;49;425;1883;448;1883;448;1932;425;1932;1;N;undefined;OTHER;OTHER
invoice-781.tiff;1;1;2480;3508;96357;583;1883;171;49;583;1883;754;1883;754;1932;583;1932;Sacoche;AAAAAAA;undefined;OTHER;OTHER
invoice-781.tiff;1;1;2480;3508;96358;766;1883;111;49;766;1883;877;1883;877;1932;766;1932;Thule;AAAAA;undefined;OTHER;OTHER
invoice-781.tiff;1;1;2480;3508;96359;888;1883;185;49;888;1883;1073;1883;1073;1932;888;1932;MacBook;AAAAAAA;undefined;OTHER;OTHER
invoice-781.tiff;1;1;2480;3508;96360;1085;1883;208;49;1085;1883;1293;1883;1293;1932;1085;1932;Pro/RÃ©tina;AAASAAAAAA;undefined;OTHER;OTHER
invoice-781.tiff;1;1;2480;3508;96361;1305;1883;50;49;1305;1883;1355;1883;1355;1932;1305;1932;ou;AA;undefined;OTHER;OTHER
invoice-781.tiff;1;1;2480;3508;96364;1468;1883;104;49;1468;1883;1572;1883;1572;1932;1468;1932;41,66;NNSNN;undefined;OTHER;OTHER
invoice-781.tiff;1;1;2480;3508;96365;1753;1883;118;49;1753;1883;1871;1883;1871;1932;1753;1932;20.0%;NNSNS;undefined;OTHER;OTHER
invoice-781.tiff;1;1;2480;3508;96366;2052;1883;104;49;2052;1883;2156;1883;2156;1932;2052;1932;41,66;NNSNN;undefined;OTHER;OTHER
invoice-781.tiff;1;1;2480;3508;96362;583;1932;57;49;583;1932;640;1932;640;1981;583;1981;Air;AAA;undefined;OTHER;OTHER
invoice-781.tiff;1;1;2480;3508;96363;652;1932;66;49;652;1932;718;1932;718;1981;652;1981;13'';NNSS;undefined;OTHER;OTHER
invoice-781.tiff;1;1;2480;3508;96367;196;2023;23;49;196;2023;219;2023;219;2072;196;2072;2;N;undefined;OTHER;OTHER
invoice-781.tiff;1;1;2480;3508;96368;425;2023;23;49;425;2023;448;2023;448;2072;425;2072;3;N;undefined;OTHER;OTHER
invoice-781.tiff;1;1;2480;3508;96369;583;2023;208;49;583;2023;791;2023;791;2072;583;2072;Aspirateur;AAAAAAAAAA;undefined;OTHER;OTHER
invoice-781.tiff;1;1;2480;3508;96370;803;2023;92;49;803;2023;895;2023;895;2072;803;2072;avec;AAAA;undefined;OTHER;OTHER
invoice-781.tiff;1;1;2480;3508;96371;907;2023;69;49;907;2023;976;2023;976;2072;907;2072;sac;AAA;undefined;OTHER;OTHER
invoice-781.tiff;1;1;2480;3508;96372;988;2023;127;49;988;2023;1115;2023;1115;2072;988;2072;Bosch;AAAAA;undefined;OTHER;OTHER
invoice-781.tiff;1;1;2480;3508;96373;1127;2023;208;49;1127;2023;1335;2023;1335;2072;1127;2072;Aspirateur;AAAAAAAAAA;undefined;OTHER;OTHER
invoice-781.tiff;1;1;2480;3508;96378;1468;2023;104;49;1468;2023;1572;2023;1572;2072;1468;2072;69,27;NNSNN;undefined;OTHER;OTHER
invoice-781.tiff;1;1;2480;3508;96379;1753;2023;118;49;1753;2023;1871;2023;1871;2072;1753;2072;20.0%;NNSNS;undefined;OTHER;OTHER
invoice-781.tiff;1;1;2480;3508;96380;2040;2023;127;49;2040;2023;2167;2023;2167;2072;2040;2072;207,80;NNNSNN;undefined;OTHER;OTHER
invoice-781.tiff;1;1;2480;3508;96374;583;2073;99;49;583;2073;682;2073;682;2122;583;2122;Avec;AAAA;undefined;OTHER;OTHER
invoice-781.tiff;1;1;2480;3508;96375;694;2073;74;49;694;2073;768;2073;768;2122;694;2122;Sac;AAA;undefined;OTHER;OTHER
invoice-781.tiff;1;1;2480;3508;96376;780;2073;13;49;780;2073;793;2073;793;2122;780;2122;-;S;undefined;OTHER;OTHER
invoice-781.tiff;1;1;2480;3508;96377;805;2073;203;49;805;2073;1008;2073;1008;2122;805;2122;bgl2ua200;AAANAANNN;undefined;OTHER;OTHER
invoice-781.tiff;1;1;2480;3508;96381;196;2164;23;49;196;2164;219;2164;219;2213;196;2213;3;N;undefined;OTHER;OTHER
invoice-781.tiff;1;1;2480;3508;96382;425;2164;23;49;425;2164;448;2164;448;2213;425;2213;4;N;undefined;OTHER;OTHER
invoice-781.tiff;1;1;2480;3508;96383;583;2164;94;49;583;2164;677;2164;677;2213;583;2213;Lave;AAAA;undefined;OTHER;OTHER
invoice-781.tiff;1;1;2480;3508;96384;689;2164;97;49;689;2164;786;2164;786;2213;689;2213;linge;AAAAA;undefined;OTHER;OTHER
invoice-781.tiff;1;1;2480;3508;96385;798;2164;157;49;798;2164;955;2164;955;2213;798;2213;sÃ©chant;AAAAAAA;undefined;OTHER;OTHER
invoice-781.tiff;1;1;2480;3508;96386;967;2164;127;49;967;2164;1094;2164;1094;2213;967;2213;hublot;AAAAAA;undefined;OTHER;OTHER
invoice-781.tiff;1;1;2480;3508;96387;1106;2164;104;49;1106;2164;1210;2164;1210;2213;1106;2213;Miele;AAAAA;undefined;OTHER;OTHER
invoice-781.tiff;1;1;2480;3508;96388;1222;2164;120;49;1222;2164;1342;2164;1342;2213;1222;2213;WTZH;AAAA;undefined;OTHER;OTHER
invoice-781.tiff;1;1;2480;3508;96391;1445;2164;150;49;1445;2164;1595;2164;1595;2213;1445;2213;1999,17;NNNNSNN;undefined;OTHER;OTHER
invoice-781.tiff;1;1;2480;3508;96392;1753;2164;118;49;1753;2164;1871;2164;1871;2213;1753;2213;20.0%;NNSNS;undefined;OTHER;OTHER
invoice-781.tiff;1;1;2480;3508;96393;2028;2164;150;49;2028;2164;2178;2164;2178;2213;2028;2213;7996,67;NNNNSNN;undefined;OTHER;OTHER
invoice-781.tiff;1;1;2480;3508;96389;583;2214;69;49;583;2214;652;2214;652;2263;583;2263;730;NNN;undefined;OTHER;OTHER
invoice-781.tiff;1;1;2480;3508;96390;664;2214;101;49;664;2214;765;2214;765;2263;664;2263;WPM;AAA;undefined;OTHER;OTHER
invoice-781.tiff;1;1;2480;3508;96394;1985;2347;109;54;1985;2347;2094;2347;2094;2401;1985;2401;DISC;AAAA;undefined;OTHER;OTHER
invoice-781.tiff;1;1;2480;3508;96395;2115;2347;81;49;2115;2347;2196;2347;2196;2396;2115;2396;0,00;NSNN;undefined;OTHER;OTHER
invoice-781.tiff;1;1;2480;3508;96396;1831;2401;173;54;1831;2401;2004;2401;2004;2455;1831;2455;Amount;AAAAAA;undefined;OTHER;OTHER
invoice-781.tiff;1;1;2480;3508;96397;2046;2401;150;49;2046;2401;2196;2401;2196;2450;2046;2450;8246,13;NNNNSNN;TWTX;TOTAL_WITHOUT_TAX;TWTXS
invoice-781.tiff;1;1;2480;3508;96398;1726;2456;91;54;1726;2456;1817;2456;1817;2510;1726;2510;TVA;AAA;undefined;OTHER;OTHER
invoice-781.tiff;1;1;2480;3508;96399;1831;2456;173;54;1831;2456;2004;2456;2004;2510;1831;2510;Amount;AAAAAA;undefined;OTHER;OTHER
invoice-781.tiff;1;1;2480;3508;96400;2046;2456;150;49;2046;2456;2196;2456;2196;2505;2046;2505;1649,22;NNNNSNN;TTX;TOTAL_TAX;Total Tax
invoice-781.tiff;1;1;2480;3508;96401;1709;2510;109;54;1709;2510;1818;2510;1818;2564;1709;2564;Total;AAAAA;undefined;OTHER;OTHER
invoice-781.tiff;1;1;2480;3508;96402;1831;2510;173;54;1831;2510;2004;2510;2004;2564;1831;2564;Amount;AAAAAA;undefined;OTHER;OTHER
invoice-781.tiff;1;1;2480;3508;96403;2046;2510;150;49;2046;2510;2196;2510;2196;2559;2046;2559;9895,35;NNNNSNN;TA;TOTAL_AMOUNT;Total with TAX
invoice-781.tiff;1;1;2480;3508;96404;124;3175;134;49;124;3175;258;3175;258;3224;124;3224;MIDAS;AAAAA;SN;SUPPLIER_NAME;Seller/Company) name
invoice-781.tiff;1;1;2480;3508;96405;124;3224;46;48;124;3224;170;3224;170;3272;124;3272;11;NN;SA;SUPPLIER_ADDRESS;Seller Address
invoice-781.tiff;1;1;2480;3508;96406;182;3224;55;48;182;3224;237;3224;237;3272;182;3272;AV;AA;SA;SUPPLIER_ADDRESS;Seller Address
invoice-781.tiff;1;1;2480;3508;96407;250;3224;85;48;250;3224;335;3224;335;3272;250;3272;DES;AAA;SA;SUPPLIER_ADDRESS;Seller Address
invoice-781.tiff;1;1;2480;3508;96408;347;3224;113;48;347;3224;460;3224;460;3272;347;3272;PRES;AAAA;SA;SUPPLIER_ADDRESS;Seller Address
invoice-781.tiff;1;1;2480;3508;96409;124;3272;115;48;124;3272;239;3272;239;3320;124;3320;78180;NNNNN;SA;SUPPLIER_ADDRESS;Seller Address
invoice-781.tiff;1;1;2480;3508;96410;282;3272;224;48;282;3272;506;3272;506;3320;282;3320;MONTIGNY;AAAAAAAA;SA;SUPPLIER_ADDRESS;Seller Address
invoice-781.tiff;1;1;2480;3508;96411;518;3272;50;48;518;3272;568;3272;568;3320;518;3320;LE;AA;SA;SUPPLIER_ADDRESS;Seller Address
invoice-781.tiff;1;1;2480;3508;96412;581;3272;289;48;581;3272;870;3272;870;3320;581;3320;BRETONNEUX;AAAAAAAAAA;SA;SUPPLIER_ADDRESS;Seller Address
