src;num_pages;page_id;page_width;page_height;id;col;row;width;height;x1;y1;x2;y2;x3;y3;x4;y4;contents;contents_masked;correctclass;tag;description
invoice-348.tiff;1;1;2480;3508;43091;1541;62;148;175;1541;62;1689;62;1689;237;1541;237;common/logo;AAAAAASAAAA;img;IMAGE;Image
invoice-348.tiff;1;1;2480;3508;43088;124;270;238;59;124;270;362;270;362;329;124;329;FACTURE;AAAAAAA;undefined;OTHER;OTHER
invoice-348.tiff;1;1;2480;3508;43089;377;270;66;59;377;270;443;270;443;329;377;329;No;AA;undefined;OTHER;OTHER
invoice-348.tiff;1;1;2480;3508;43090;506;270;178;52;506;270;684;270;684;322;506;322;1431076;NNNNNNN;IN;INVOICE_NUMBER;Invoice Number
invoice-348.tiff;1;1;2480;3508;43092;1541;412;234;49;1541;412;1775;412;1775;461;1541;461;L'ALPAZUR;ASAAAAAAA;SN;SUPPLIER_NAME;Seller/Company) name
invoice-348.tiff;1;1;2480;3508;43093;1541;462;69;48;1541;462;1610;462;1610;510;1541;510;106;NNN;SA;SUPPLIER_ADDRESS;Seller Address
invoice-348.tiff;1;1;2480;3508;43094;1622;462;87;48;1622;462;1709;462;1709;510;1622;510;RUE;AAA;SA;SUPPLIER_ADDRESS;Seller Address
invoice-348.tiff;1;1;2480;3508;43095;1722;462;60;48;1722;462;1782;462;1782;510;1722;510;DU;AA;SA;SUPPLIER_ADDRESS;Seller Address
invoice-348.tiff;1;1;2480;3508;43096;1794;462;122;48;1794;462;1916;462;1916;510;1794;510;MONT;AAAA;SA;SUPPLIER_ADDRESS;Seller Address
invoice-348.tiff;1;1;2480;3508;43097;1928;462;127;48;1928;462;2055;462;2055;510;1928;510;CENIS;AAAAA;SA;SUPPLIER_ADDRESS;Seller Address
invoice-348.tiff;1;1;2480;3508;43098;1541;510;115;48;1541;510;1656;510;1656;558;1541;558;73480;NNNNN;SA;SUPPLIER_ADDRESS;Seller Address
invoice-348.tiff;1;1;2480;3508;43099;1699;510;219;48;1699;510;1918;510;1918;558;1699;558;VAL-CENIS;AAASAAAAA;SA;SUPPLIER_ADDRESS;Seller Address
invoice-348.tiff;1;1;2480;3508;43100;1541;558;196;48;1541;558;1737;558;1737;606;1541;606;Téléphone;AAAAAAAAA;undefined;OTHER;OTHER
invoice-348.tiff;1;1;2480;3508;43101;1801;558;70;48;1801;558;1871;558;1871;606;1801;606;+33;SNN;SCN;SUPPLIER_CONTACT_NUMBER;Seller Contact Number
invoice-348.tiff;1;1;2480;3508;43102;1883;558;23;48;1883;558;1906;558;1906;606;1883;606;0;N;SCN;SUPPLIER_CONTACT_NUMBER;Seller Contact Number
invoice-348.tiff;1;1;2480;3508;43103;1918;558;69;48;1918;558;1987;558;1987;606;1918;606;167;NNN;SCN;SUPPLIER_CONTACT_NUMBER;Seller Contact Number
invoice-348.tiff;1;1;2480;3508;43104;1999;558;69;48;1999;558;2068;558;2068;606;1999;606;918;NNN;SCN;SUPPLIER_CONTACT_NUMBER;Seller Contact Number
invoice-348.tiff;1;1;2480;3508;43105;2080;558;69;48;2080;558;2149;558;2149;606;2080;606;219;NNN;SCN;SUPPLIER_CONTACT_NUMBER;Seller Contact Number
invoice-348.tiff;1;1;2480;3508;43106;1541;606;180;48;1541;606;1721;606;1721;654;1541;654;Télécopie;AAAAAAAAA;undefined;OTHER;OTHER
invoice-348.tiff;1;1;2480;3508;43107;1784;606;70;48;1784;606;1854;606;1854;654;1784;654;+33;SNN;SFAX;SUPPLIER_FAX_NUMBER;Seller Fax Number
invoice-348.tiff;1;1;2480;3508;43108;1867;606;23;48;1867;606;1890;606;1890;654;1867;654;0;N;SFAX;SUPPLIER_FAX_NUMBER;Seller Fax Number
invoice-348.tiff;1;1;2480;3508;43109;1901;606;69;48;1901;606;1970;606;1970;654;1901;654;167;NNN;SFAX;SUPPLIER_FAX_NUMBER;Seller Fax Number
invoice-348.tiff;1;1;2480;3508;43110;1982;606;69;48;1982;606;2051;606;2051;654;1982;654;918;NNN;SFAX;SUPPLIER_FAX_NUMBER;Seller Fax Number
invoice-348.tiff;1;1;2480;3508;43111;2063;606;69;48;2063;606;2132;606;2132;654;2063;654;876;NNN;SFAX;SUPPLIER_FAX_NUMBER;Seller Fax Number
invoice-348.tiff;1;1;2480;3508;43112;124;1051;150;49;124;1051;274;1051;274;1100;124;1100;Noémie;AAAAAA;BN;BILLING_NAME;Billing Name
invoice-348.tiff;1;1;2480;3508;43113;287;1051;113;49;287;1051;400;1051;400;1100;287;1100;David;AAAAA;BN;BILLING_NAME;Billing Name
invoice-348.tiff;1;1;2480;3508;43114;124;1100;57;48;124;1100;181;1100;181;1148;124;1148;16,;NNS;BA;BILLING_ADDRESS;Billing Address
invoice-348.tiff;1;1;2480;3508;43115;194;1100;60;48;194;1100;254;1100;254;1148;194;1148;rue;AAA;BA;BILLING_ADDRESS;Billing Address
invoice-348.tiff;1;1;2480;3508;43116;266;1100;46;48;266;1100;312;1100;312;1148;266;1148;de;AA;BA;BILLING_ADDRESS;Billing Address
invoice-348.tiff;1;1;2480;3508;43117;324;1100;115;48;324;1100;439;1100;439;1148;324;1148;bonne;AAAAA;BA;BILLING_ADDRESS;Billing Address
invoice-348.tiff;1;1;2480;3508;43118;451;1100;155;48;451;1100;606;1100;606;1148;451;1148;nouvelle;AAAAAAAA;BA;BILLING_ADDRESS;Billing Address
invoice-348.tiff;1;1;2480;3508;43119;124;1148;115;48;124;1148;239;1148;239;1196;124;1196;22560;NNNNN;BA;BILLING_ADDRESS;Billing Address
invoice-348.tiff;1;1;2480;3508;43120;282;1148;215;48;282;1148;497;1148;497;1196;282;1196;Trébeurden;AAAAAAAAAA;BA;BILLING_ADDRESS;Billing Address
invoice-348.tiff;1;1;2480;3508;43134;1541;1153;99;54;1541;1153;1640;1153;1640;1207;1541;1207;Date;AAAA;undefined;OTHER;OTHER
invoice-348.tiff;1;1;2480;3508;43135;1653;1153;53;54;1653;1153;1706;1153;1706;1207;1653;1207;de;AA;undefined;OTHER;OTHER
invoice-348.tiff;1;1;2480;3508;43136;1719;1153;38;54;1719;1153;1757;1153;1757;1207;1719;1207;la;AA;undefined;OTHER;OTHER
invoice-348.tiff;1;1;2480;3508;43137;1770;1153;152;54;1770;1153;1922;1153;1922;1207;1770;1207;facture;AAAAAAA;undefined;OTHER;OTHER
invoice-348.tiff;1;1;2480;3508;43138;2166;1153;46;48;2166;1153;2212;1153;2212;1201;2166;1201;17;NN;IDATE;INVOICE_DATE;Invoice Date
invoice-348.tiff;1;1;2480;3508;43139;2224;1153;57;48;2224;1153;2281;1153;2281;1201;2224;1201;feb;AAA;IDATE;INVOICE_DATE;Invoice Date
invoice-348.tiff;1;1;2480;3508;43140;2294;1153;92;48;2294;1153;2386;1153;2386;1201;2294;1201;1985;NNNN;IDATE;INVOICE_DATE;Invoice Date
invoice-348.tiff;1;1;2480;3508;43121;124;1197;129;48;124;1197;253;1197;253;1245;124;1245;France;AAAAAA;BA;BILLING_ADDRESS;Billing Address
invoice-348.tiff;1;1;2480;3508;43141;1541;1228;165;54;1541;1228;1706;1228;1706;1282;1541;1282;CLIENT;AAAAAA;undefined;OTHER;OTHER
invoice-348.tiff;1;1;2480;3508;43142;1719;1228;61;54;1719;1228;1780;1228;1780;1282;1719;1282;No;AA;undefined;OTHER;OTHER
invoice-348.tiff;1;1;2480;3508;43143;2166;1228;115;48;2166;1228;2281;1228;2281;1276;2166;1276;70951;NNNNN;CNUM;CLIENT_NUMBER;Client Number
invoice-348.tiff;1;1;2480;3508;43122;124;1286;197;59;124;1286;321;1286;321;1345;124;1345;Adresse;AAAAAAA;undefined;OTHER;OTHER
invoice-348.tiff;1;1;2480;3508;43123;336;1286;222;59;336;1286;558;1286;558;1345;336;1345;Livraison;AAAAAAAAA;undefined;OTHER;OTHER
invoice-348.tiff;1;1;2480;3508;43144;1541;1303;274;54;1541;1303;1815;1303;1815;1357;1541;1357;COMMANDE;AAAAAAAA;undefined;OTHER;OTHER
invoice-348.tiff;1;1;2480;3508;43145;1829;1303;61;54;1829;1303;1890;1303;1890;1357;1829;1357;No;AA;undefined;OTHER;OTHER
invoice-348.tiff;1;1;2480;3508;43146;2166;1303;92;48;2166;1303;2258;1303;2258;1351;2166;1351;2072;NNNN;ONUM;ORDER_NUMBER;Order Number
invoice-348.tiff;1;1;2480;3508;43124;124;1346;150;49;124;1346;274;1346;274;1395;124;1395;Noémie;AAAAAA;SHN;SHIPPING_NAME;Shipping Name
invoice-348.tiff;1;1;2480;3508;43125;287;1346;113;49;287;1346;400;1346;400;1395;287;1395;David;AAAAA;SHN;SHIPPING_NAME;Shipping Name
invoice-348.tiff;1;1;2480;3508;43126;124;1395;57;48;124;1395;181;1395;181;1443;124;1443;16,;NNS;SHA;SHIPPING_ADDRESS;Shipping Address
invoice-348.tiff;1;1;2480;3508;43127;194;1395;60;48;194;1395;254;1395;254;1443;194;1443;rue;AAA;SHA;SHIPPING_ADDRESS;Shipping Address
invoice-348.tiff;1;1;2480;3508;43128;266;1395;46;48;266;1395;312;1395;312;1443;266;1443;de;AA;SHA;SHIPPING_ADDRESS;Shipping Address
invoice-348.tiff;1;1;2480;3508;43129;324;1395;115;48;324;1395;439;1395;439;1443;324;1443;bonne;AAAAA;SHA;SHIPPING_ADDRESS;Shipping Address
invoice-348.tiff;1;1;2480;3508;43130;451;1395;155;48;451;1395;606;1395;606;1443;451;1443;nouvelle;AAAAAAAA;SHA;SHIPPING_ADDRESS;Shipping Address
invoice-348.tiff;1;1;2480;3508;43131;124;1444;115;48;124;1444;239;1444;239;1492;124;1492;22560;NNNNN;SHA;SHIPPING_ADDRESS;Shipping Address
invoice-348.tiff;1;1;2480;3508;43132;282;1444;215;48;282;1444;497;1444;497;1492;282;1492;Trébeurden;AAAAAAAAAA;SHA;SHIPPING_ADDRESS;Shipping Address
invoice-348.tiff;1;1;2480;3508;43133;124;1492;129;48;124;1492;253;1492;253;1540;124;1540;France;AAAAAA;SHA;SHIPPING_ADDRESS;Shipping Address
invoice-348.tiff;1;1;2480;3508;43147;431;1807;262;54;431;1807;693;1807;693;1861;431;1861;Désignation;AAAAAAAAAAA;undefined;OTHER;OTHER
invoice-348.tiff;1;1;2480;3508;43148;1086;1807;76;54;1086;1807;1162;1807;1162;1861;1086;1861;Qté;AAA;undefined;OTHER;OTHER
invoice-348.tiff;1;1;2480;3508;43149;1384;1807;63;54;1384;1807;1447;1807;1447;1861;1384;1861;UP;AA;undefined;OTHER;OTHER
invoice-348.tiff;1;1;2480;3508;43150;1704;1807;91;54;1704;1807;1795;1807;1795;1861;1704;1861;TVA;AAA;undefined;OTHER;OTHER
invoice-348.tiff;1;1;2480;3508;43151;1944;1807;178;54;1944;1807;2122;1807;2122;1861;1944;1861;Montant;AAAAAAA;undefined;OTHER;OTHER
invoice-348.tiff;1;1;2480;3508;43152;2135;1807;86;54;2135;1807;2221;1807;2221;1861;2135;1861;H.T.;ASAS;undefined;OTHER;OTHER
invoice-348.tiff;1;1;2480;3508;43153;124;1883;138;49;124;1883;262;1883;262;1932;124;1932;Montre;AAAAAA;undefined;OTHER;OTHER
invoice-348.tiff;1;1;2480;3508;43154;275;1883;104;49;275;1883;379;1883;379;1932;275;1932;sport;AAAAA;undefined;OTHER;OTHER
invoice-348.tiff;1;1;2480;3508;43155;391;1883;88;49;391;1883;479;1883;479;1932;391;1932;GPS;AAA;undefined;OTHER;OTHER
invoice-348.tiff;1;1;2480;3508;43156;490;1883;145;49;490;1883;635;1883;635;1932;490;1932;Garmin;AAAAAA;undefined;OTHER;OTHER
invoice-348.tiff;1;1;2480;3508;43157;648;1883;345;49;648;1883;993;1883;993;1932;648;1932;Forerunner920XT;AAAAAAAAAANNNAA;undefined;OTHER;OTHER
invoice-348.tiff;1;1;2480;3508;43160;1113;1883;23;49;1113;1883;1136;1883;1136;1932;1113;1932;2;N;undefined;OTHER;OTHER
invoice-348.tiff;1;1;2480;3508;43161;1303;1883;127;49;1303;1883;1430;1883;1430;1932;1303;1932;374,99;NNNSNN;undefined;OTHER;OTHER
invoice-348.tiff;1;1;2480;3508;43162;1442;1883;87;49;1442;1883;1529;1883;1529;1932;1442;1932;EUR;AAA;undefined;OTHER;OTHER
invoice-348.tiff;1;1;2480;3508;43163;1690;1883;118;49;1690;1883;1808;1883;1808;1932;1690;1932;20.0%;NNSNS;undefined;OTHER;OTHER
invoice-348.tiff;1;1;2480;3508;43164;1969;1883;127;49;1969;1883;2096;1883;2096;1932;1969;1932;749,98;NNNSNN;undefined;OTHER;OTHER
invoice-348.tiff;1;1;2480;3508;43165;2108;1883;87;49;2108;1883;2195;1883;2195;1932;2108;1932;EUR;AAA;undefined;OTHER;OTHER
invoice-348.tiff;1;1;2480;3508;43158;124;1932;348;49;124;1932;472;1932;472;1981;124;1981;Noir/ble+Ceinture;AAAASAAASAAAAAAAA;undefined;OTHER;OTHER
invoice-348.tiff;1;1;2480;3508;43159;485;1932;125;49;485;1932;610;1932;610;1981;485;1981;cardio;AAAAAA;undefined;OTHER;OTHER
invoice-348.tiff;1;1;2480;3508;43166;124;2023;162;49;124;2023;286;2023;286;2072;124;2072;Friteuse;AAAAAAAA;undefined;OTHER;OTHER
invoice-348.tiff;1;1;2480;3508;43167;298;2023;180;49;298;2023;478;2023;478;2072;298;2072;Moulinex;AAAAAAAA;undefined;OTHER;OTHER
invoice-348.tiff;1;1;2480;3508;43168;490;2023;178;49;490;2023;668;2023;668;2072;490;2072;Principio;AAAAAAAAA;undefined;OTHER;OTHER
invoice-348.tiff;1;1;2480;3508;43169;680;2023;57;49;680;2023;737;2023;737;2072;680;2072;1.2;NSN;undefined;OTHER;OTHER
invoice-348.tiff;1;1;2480;3508;43170;750;2023;25;49;750;2023;775;2023;775;2072;750;2072;L;A;undefined;OTHER;OTHER
invoice-348.tiff;1;1;2480;3508;43171;787;2023;194;49;787;2023;981;2023;981;2072;787;2072;AF230170;AANNNNNN;undefined;OTHER;OTHER
invoice-348.tiff;1;1;2480;3508;43172;1113;2023;23;49;1113;2023;1136;2023;1136;2072;1113;2072;1;N;undefined;OTHER;OTHER
invoice-348.tiff;1;1;2480;3508;43173;1314;2023;104;49;1314;2023;1418;2023;1418;2072;1314;2072;24,99;NNSNN;undefined;OTHER;OTHER
invoice-348.tiff;1;1;2480;3508;43174;1430;2023;87;49;1430;2023;1517;2023;1517;2072;1430;2072;EUR;AAA;undefined;OTHER;OTHER
invoice-348.tiff;1;1;2480;3508;43175;1690;2023;118;49;1690;2023;1808;2023;1808;2072;1690;2072;20.0%;NNSNS;undefined;OTHER;OTHER
invoice-348.tiff;1;1;2480;3508;43176;1981;2023;104;49;1981;2023;2085;2023;2085;2072;1981;2072;24,99;NNSNN;undefined;OTHER;OTHER
invoice-348.tiff;1;1;2480;3508;43177;2097;2023;87;49;2097;2023;2184;2023;2184;2072;2097;2072;EUR;AAA;undefined;OTHER;OTHER
invoice-348.tiff;1;1;2480;3508;43178;1395;2156;152;54;1395;2156;1547;2156;1547;2210;1395;2210;TOTAL;AAAAA;undefined;OTHER;OTHER
invoice-348.tiff;1;1;2480;3508;43179;1561;2156;175;54;1561;2156;1736;2156;1736;2210;1561;2210;REMISE;AAAAAA;undefined;OTHER;OTHER
invoice-348.tiff;1;1;2480;3508;43180;1749;2156;257;54;1749;2156;2006;2156;2006;2210;1749;2210;IMMEDIATE;AAAAAAAAA;undefined;OTHER;OTHER
invoice-348.tiff;1;1;2480;3508;43181;2027;2156;81;49;2027;2156;2108;2156;2108;2205;2027;2205;0,00;NSNN;undefined;OTHER;OTHER
invoice-348.tiff;1;1;2480;3508;43182;2120;2156;87;49;2120;2156;2207;2156;2207;2205;2120;2205;EUR;AAA;undefined;OTHER;OTHER
invoice-348.tiff;1;1;2480;3508;43183;1662;2211;178;54;1662;2211;1840;2211;1840;2265;1662;2265;Montant;AAAAAAA;undefined;OTHER;OTHER
invoice-348.tiff;1;1;2480;3508;43184;1853;2211;86;54;1853;2211;1939;2211;1939;2265;1853;2265;H.T.;ASAS;undefined;OTHER;OTHER
invoice-348.tiff;1;1;2480;3508;43185;1981;2211;127;49;1981;2211;2108;2211;2108;2260;1981;2260;774,98;NNNSNN;TWTX;TOTAL_WITHOUT_TAX;TWTXS
invoice-348.tiff;1;1;2480;3508;43186;2120;2211;87;49;2120;2211;2207;2211;2207;2260;2120;2260;EUR;AAA;TWTX;TOTAL_WITHOUT_TAX;TWTXS
invoice-348.tiff;1;1;2480;3508;43187;1956;2265;91;54;1956;2265;2047;2265;2047;2319;1956;2319;TVA;AAA;undefined;OTHER;OTHER
invoice-348.tiff;1;1;2480;3508;43188;2090;2265;118;49;2090;2265;2208;2265;2208;2314;2090;2314;20.0%;NNSNS;TXR;TAX_RATE;Tax Rate
invoice-348.tiff;1;1;2480;3508;43189;1657;2320;178;54;1657;2320;1835;2320;1835;2374;1657;2374;Montant;AAAAAAA;undefined;OTHER;OTHER
invoice-348.tiff;1;1;2480;3508;43190;1848;2320;91;54;1848;2320;1939;2320;1939;2374;1848;2374;TVA;AAA;undefined;OTHER;OTHER
invoice-348.tiff;1;1;2480;3508;43191;1981;2320;127;49;1981;2320;2108;2320;2108;2369;1981;2369;154,99;NNNSNN;TTX;TOTAL_TAX;Total Tax
invoice-348.tiff;1;1;2480;3508;43192;2120;2320;87;49;2120;2320;2207;2320;2207;2369;2120;2369;EUR;AAA;TTX;TOTAL_TAX;Total Tax
invoice-348.tiff;1;1;2480;3508;43193;1659;2375;178;54;1659;2375;1837;2375;1837;2429;1659;2429;Montant;AAAAAAA;undefined;OTHER;OTHER
invoice-348.tiff;1;1;2480;3508;43194;1850;2375;89;54;1850;2375;1939;2375;1939;2429;1850;2429;TTC;AAA;undefined;OTHER;OTHER
invoice-348.tiff;1;1;2480;3508;43195;1981;2375;127;49;1981;2375;2108;2375;2108;2424;1981;2424;929,97;NNNSNN;TA;TOTAL_AMOUNT;Total with TAX
invoice-348.tiff;1;1;2480;3508;43196;2120;2375;87;49;2120;2375;2207;2375;2207;2424;2120;2424;EUR;AAA;TA;TOTAL_AMOUNT;Total with TAX
invoice-348.tiff;1;1;2480;3508;43197;1541;2758;119;54;1541;2758;1660;2758;1660;2812;1541;2812;Mode;AAAA;undefined;OTHER;OTHER
invoice-348.tiff;1;1;2480;3508;43198;1674;2758;53;54;1674;2758;1727;2758;1727;2812;1674;2812;de;AA;undefined;OTHER;OTHER
invoice-348.tiff;1;1;2480;3508;43199;1740;2758;219;54;1740;2758;1959;2758;1959;2812;1740;2812;règlement;AAAAAAAAA;undefined;OTHER;OTHER
invoice-348.tiff;1;1;2480;3508;43200;2166;2758;127;48;2166;2758;2293;2758;2293;2806;2166;2806;Paypal;AAAAAA;PMODE;PAYMENT_MODE;Payment Mode
invoice-348.tiff;1;1;2480;3508;43201;2015;3175;234;49;2015;3175;2249;3175;2249;3224;2015;3224;L'ALPAZUR;ASAAAAAAA;SN;SUPPLIER_NAME;Seller/Company) name
invoice-348.tiff;1;1;2480;3508;43202;1375;3224;69;48;1375;3224;1444;3224;1444;3272;1375;3272;106;NNN;SA;SUPPLIER_ADDRESS;Seller Address
invoice-348.tiff;1;1;2480;3508;43203;1456;3224;87;48;1456;3224;1543;3224;1543;3272;1456;3272;RUE;AAA;SA;SUPPLIER_ADDRESS;Seller Address
invoice-348.tiff;1;1;2480;3508;43204;1555;3224;60;48;1555;3224;1615;3224;1615;3272;1555;3272;DU;AA;SA;SUPPLIER_ADDRESS;Seller Address
invoice-348.tiff;1;1;2480;3508;43205;1627;3224;122;48;1627;3224;1749;3224;1749;3272;1627;3272;MONT;AAAA;SA;SUPPLIER_ADDRESS;Seller Address
invoice-348.tiff;1;1;2480;3508;43206;1761;3224;127;48;1761;3224;1888;3224;1888;3272;1761;3272;CENIS;AAAAA;SA;SUPPLIER_ADDRESS;Seller Address
invoice-348.tiff;1;1;2480;3508;43207;1897;3224;115;48;1897;3224;2012;3224;2012;3272;1897;3272;73480;NNNNN;SA;SUPPLIER_ADDRESS;Seller Address
invoice-348.tiff;1;1;2480;3508;43208;2021;3224;219;48;2021;3224;2240;3224;2240;3272;2021;3272;VAL-CENIS;AAASAAAAA;SA;SUPPLIER_ADDRESS;Seller Address
