src;num_pages;page_id;page_width;page_height;id;col;row;width;height;x1;y1;x2;y2;x3;y3;x4;y4;contents;contents_masked;correctclass;tag;description
invoice-15.tiff;1;1;2480;3508;1695;124;62;352;175;124;62;476;62;476;237;124;237;common/logo;AAAAAASAAAA;img;IMAGE;Image
invoice-15.tiff;1;1;2480;3508;1696;750;237;155;48;750;237;905;237;905;285;750;285;SAITER;AAAAAA;SN;SUPPLIER_NAME;Seller/Company) name
invoice-15.tiff;1;1;2480;3508;1697;915;237;254;48;915;237;1169;237;1169;285;915;285;CONSERVES;AAAAAAAAA;SN;SUPPLIER_NAME;Seller/Company) name
invoice-15.tiff;1;1;2480;3508;1698;750;285;48;45;750;285;798;285;798;330;750;330;LA;AA;SA;SUPPLIER_ADDRESS;Seller Address
invoice-15.tiff;1;1;2480;3508;1699;809;285;286;45;809;285;1095;285;1095;330;809;330;POISSONNERIE;AAAAAAAAAAAA;SA;SUPPLIER_ADDRESS;Seller Address
invoice-15.tiff;1;1;2480;3508;1700;1104;285;104;45;1104;285;1208;285;1208;330;1104;330;14360;NNNNN;SA;SUPPLIER_ADDRESS;Seller Address
invoice-15.tiff;1;1;2480;3508;1701;1216;285;219;45;1216;285;1435;285;1435;330;1216;330;TROUVILLE;AAAAAAAAA;SA;SUPPLIER_ADDRESS;Seller Address
invoice-15.tiff;1;1;2480;3508;1702;1447;285;76;45;1447;285;1523;285;1523;330;1447;330;SUR;AAA;SA;SUPPLIER_ADDRESS;Seller Address
invoice-15.tiff;1;1;2480;3508;1703;1533;285;85;45;1533;285;1618;285;1618;330;1533;330;MER;AAA;SA;SUPPLIER_ADDRESS;Seller Address
invoice-15.tiff;1;1;2480;3508;1704;750;331;134;45;750;331;884;331;884;376;750;376;Numéro;AAAAAA;undefined;OTHER;OTHER
invoice-15.tiff;1;1;2480;3508;1705;894;331;39;45;894;331;933;331;933;376;894;376;de;AA;undefined;OTHER;OTHER
invoice-15.tiff;1;1;2480;3508;1706;944;331;74;45;944;331;1018;331;1018;376;944;376;TVA;AAA;undefined;OTHER;OTHER
invoice-15.tiff;1;1;2480;3508;1707;1035;331;50;45;1035;331;1085;331;1085;376;1035;376;FR;AA;SVAT;SUPPLIER_VAT;Seller Vat Number/TVA
invoice-15.tiff;1;1;2480;3508;1708;1096;331;41;45;1096;331;1137;331;1137;376;1096;376;77;NN;SVAT;SUPPLIER_VAT;Seller Vat Number/TVA
invoice-15.tiff;1;1;2480;3508;1709;1148;331;62;45;1148;331;1210;331;1210;376;1148;376;389;NNN;SVAT;SUPPLIER_VAT;Seller Vat Number/TVA
invoice-15.tiff;1;1;2480;3508;1710;1221;331;62;45;1221;331;1283;331;1283;376;1221;376;078;NNN;SVAT;SUPPLIER_VAT;Seller Vat Number/TVA
invoice-15.tiff;1;1;2480;3508;1711;1294;331;62;45;1294;331;1356;331;1356;376;1294;376;500;NNN;SVAT;SUPPLIER_VAT;Seller Vat Number/TVA
invoice-15.tiff;1;1;2480;3508;1712;750;377;173;45;750;377;923;377;923;422;750;422;Téléphone;AAAAAAAAA;undefined;OTHER;OTHER
invoice-15.tiff;1;1;2480;3508;1713;948;377;249;45;948;377;1197;377;1197;422;948;422;08.41.27.28.40;NNSNNSNNSNNSNN;SCN;SUPPLIER_CONTACT_NUMBER;Seller Contact Number
invoice-15.tiff;1;1;2480;3508;1714;1240;377;162;45;1240;377;1402;377;1402;422;1240;422;Télécopie;AAAAAAAAA;undefined;OTHER;OTHER
invoice-15.tiff;1;1;2480;3508;1715;1427;377;249;45;1427;377;1676;377;1676;422;1427;422;08.41.27.95.99;NNSNNSNNSNNSNN;SFAX;SUPPLIER_FAX_NUMBER;Seller Fax Number
invoice-15.tiff;1;1;2480;3508;1728;1541;807;129;48;1541;807;1670;807;1670;855;1541;855;Nicolas;AAAAAAA;BN;BILLING_NAME;Billing Name
invoice-15.tiff;1;1;2480;3508;1729;1681;807;124;48;1681;807;1805;807;1805;855;1681;855;Poirier;AAAAAAA;BN;BILLING_NAME;Billing Name
invoice-15.tiff;1;1;2480;3508;1730;1541;855;31;45;1541;855;1572;855;1572;900;1541;900;1,;NS;BA;BILLING_ADDRESS;Billing Address
invoice-15.tiff;1;1;2480;3508;1731;1583;855;159;45;1583;855;1742;855;1742;900;1583;900;résidence;AAAAAAAAA;BA;BILLING_ADDRESS;Billing Address
invoice-15.tiff;1;1;2480;3508;1732;1753;855;41;45;1753;855;1794;855;1794;900;1753;900;du;AA;BA;BILLING_ADDRESS;Billing Address
invoice-15.tiff;1;1;2480;3508;1733;1805;855;127;45;1805;855;1932;855;1932;900;1805;900;catillon;AAAAAAAA;BA;BILLING_ADDRESS;Billing Address
invoice-15.tiff;1;1;2480;3508;1716;124;866;221;52;124;866;345;866;345;918;124;918;FACTURE;AAAAAAA;undefined;OTHER;OTHER
invoice-15.tiff;1;1;2480;3508;1717;357;866;51;52;357;866;408;866;408;918;357;918;N°;AS;undefined;OTHER;OTHER
invoice-15.tiff;1;1;2480;3508;1718;750;866;166;46;750;866;916;866;916;912;750;912;72407899;NNNNNNNN;IN;INVOICE_NUMBER;Invoice Number
invoice-15.tiff;1;1;2480;3508;1734;1541;901;104;45;1541;901;1645;901;1645;946;1541;946;27940;NNNNN;BA;BILLING_ADDRESS;Billing Address
invoice-15.tiff;1;1;2480;3508;1735;1687;901;351;45;1687;901;2038;901;2038;946;1687;946;Courcelles-sur-Seine;AAAAAAAAAASAAASAAAAA;BA;BILLING_ADDRESS;Billing Address
invoice-15.tiff;1;1;2480;3508;1719;124;939;58;52;124;939;182;939;182;991;124;991;Du;AA;undefined;OTHER;OTHER
invoice-15.tiff;1;1;2480;3508;1720;750;939;148;46;750;939;898;939;898;985;750;985;10/08/19;NNSNNSNN;IDATE;INVOICE_DATE;Invoice Date
invoice-15.tiff;1;1;2480;3508;1736;1541;946;120;45;1541;946;1661;946;1661;991;1541;991;France;AAAAAA;BA;BILLING_ADDRESS;Billing Address
invoice-15.tiff;1;1;2480;3508;1721;124;1013;285;52;124;1013;409;1013;409;1065;124;1065;COMMANDE;AAAAAAAA;undefined;OTHER;OTHER
invoice-15.tiff;1;1;2480;3508;1722;421;1013;51;52;421;1013;472;1013;472;1065;421;1065;N°;AS;undefined;OTHER;OTHER
invoice-15.tiff;1;1;2480;3508;1723;750;1013;83;46;750;1013;833;1013;833;1059;750;1059;1131;NNNN;ONUM;ORDER_NUMBER;Order Number
invoice-15.tiff;1;1;2480;3508;1737;1541;1034;205;57;1541;1034;1746;1034;1746;1091;1541;1091;Livraison;AAAAAAAAA;undefined;OTHER;OTHER
invoice-15.tiff;1;1;2480;3508;1738;1759;1034;25;57;1759;1034;1784;1034;1784;1091;1759;1091;à;A;undefined;OTHER;OTHER
invoice-15.tiff;1;1;2480;3508;1724;124;1087;134;52;124;1087;258;1087;258;1139;124;1139;Moyen;AAAAA;undefined;OTHER;OTHER
invoice-15.tiff;1;1;2480;3508;1725;271;1087;45;52;271;1087;316;1087;316;1139;271;1139;de;AA;undefined;OTHER;OTHER
invoice-15.tiff;1;1;2480;3508;1726;328;1087;180;52;328;1087;508;1087;508;1139;328;1139;paiement;AAAAAAAA;undefined;OTHER;OTHER
invoice-15.tiff;1;1;2480;3508;1727;750;1087;157;46;750;1087;907;1087;907;1133;750;1133;Virement;AAAAAAAA;PMODE;PAYMENT_MODE;Payment Mode
invoice-15.tiff;1;1;2480;3508;1739;1541;1092;129;48;1541;1092;1670;1092;1670;1140;1541;1140;Nicolas;AAAAAAA;SHN;SHIPPING_NAME;Shipping Name
invoice-15.tiff;1;1;2480;3508;1740;1681;1092;124;48;1681;1092;1805;1092;1805;1140;1681;1140;Poirier;AAAAAAA;SHN;SHIPPING_NAME;Shipping Name
invoice-15.tiff;1;1;2480;3508;1741;1541;1140;31;45;1541;1140;1572;1140;1572;1185;1541;1185;1,;NS;SHA;SHIPPING_ADDRESS;Shipping Address
invoice-15.tiff;1;1;2480;3508;1742;1583;1140;159;45;1583;1140;1742;1140;1742;1185;1583;1185;résidence;AAAAAAAAA;SHA;SHIPPING_ADDRESS;Shipping Address
invoice-15.tiff;1;1;2480;3508;1743;1753;1140;41;45;1753;1140;1794;1140;1794;1185;1753;1185;du;AA;SHA;SHIPPING_ADDRESS;Shipping Address
invoice-15.tiff;1;1;2480;3508;1744;1805;1140;127;45;1805;1140;1932;1140;1932;1185;1805;1185;catillon;AAAAAAAA;SHA;SHIPPING_ADDRESS;Shipping Address
invoice-15.tiff;1;1;2480;3508;1745;1541;1185;104;45;1541;1185;1645;1185;1645;1230;1541;1230;27940;NNNNN;SHA;SHIPPING_ADDRESS;Shipping Address
invoice-15.tiff;1;1;2480;3508;1746;1687;1185;351;45;1687;1185;2038;1185;2038;1230;1687;1230;Courcelles-sur-Seine;AAAAAAAAAASAAASAAAAA;SHA;SHIPPING_ADDRESS;Shipping Address
invoice-15.tiff;1;1;2480;3508;1747;1541;1231;120;45;1541;1231;1661;1231;1661;1276;1541;1276;France;AAAAAA;SHA;SHIPPING_ADDRESS;Shipping Address
invoice-15.tiff;1;1;2480;3508;1748;163;1555;173;52;163;1555;336;1555;336;1607;163;1607;Quantité;AAAAAAAA;undefined;OTHER;OTHER
invoice-15.tiff;1;1;2480;3508;1749;699;1555;226;52;699;1555;925;1555;925;1607;699;1607;Description;AAAAAAAAAAA;undefined;OTHER;OTHER
invoice-15.tiff;1;1;2480;3508;1750;1287;1555;84;52;1287;1555;1371;1555;1371;1607;1287;1607;Prix;AAAA;undefined;OTHER;OTHER
invoice-15.tiff;1;1;2480;3508;1751;1382;1555;162;52;1382;1555;1544;1555;1544;1607;1382;1607;Unitaire;AAAAAAAA;undefined;OTHER;OTHER
invoice-15.tiff;1;1;2480;3508;1752;1616;1555;101;52;1616;1555;1717;1555;1717;1607;1616;1607;Taux;AAAA;undefined;OTHER;OTHER
invoice-15.tiff;1;1;2480;3508;1753;1729;1555;45;52;1729;1555;1774;1555;1774;1607;1729;1607;de;AA;undefined;OTHER;OTHER
invoice-15.tiff;1;1;2480;3508;1754;1786;1555;96;52;1786;1555;1882;1555;1882;1607;1786;1607;TVA;AAA;undefined;OTHER;OTHER
invoice-15.tiff;1;1;2480;3508;1755;1959;1555;170;52;1959;1555;2129;1555;2129;1607;1959;1607;Montant;AAAAAAA;undefined;OTHER;OTHER
invoice-15.tiff;1;1;2480;3508;1756;2141;1555;66;52;2141;1555;2207;1555;2207;1607;2141;1607;HT;AA;undefined;OTHER;OTHER
invoice-15.tiff;1;1;2480;3508;1757;239;1628;20;48;239;1628;259;1628;259;1676;239;1676;1;N;undefined;OTHER;OTHER
invoice-15.tiff;1;1;2480;3508;1758;375;1628;106;48;375;1628;481;1628;481;1676;375;1676;Spray;AAAAA;undefined;OTHER;OTHER
invoice-15.tiff;1;1;2480;3508;1759;491;1628;168;48;491;1628;659;1628;659;1676;491;1676;nettoyant;AAAAAAAAA;undefined;OTHER;OTHER
invoice-15.tiff;1;1;2480;3508;1760;671;1628;104;48;671;1628;775;1628;775;1676;671;1676;Wpro;AAAA;undefined;OTHER;OTHER
invoice-15.tiff;1;1;2480;3508;1761;785;1628;106;48;785;1628;891;1628;891;1676;785;1676;Spray;AAAAA;undefined;OTHER;OTHER
invoice-15.tiff;1;1;2480;3508;1762;902;1628;175;48;902;1628;1077;1628;1077;1676;902;1676;Nettoyant;AAAAAAAAA;undefined;OTHER;OTHER
invoice-15.tiff;1;1;2480;3508;1763;1089;1628;50;48;1089;1628;1139;1628;1139;1676;1089;1676;réf;AAA;undefined;OTHER;OTHER
invoice-15.tiff;1;1;2480;3508;1765;1364;1628;72;48;1364;1628;1436;1628;1436;1676;1364;1676;5,83;NSNN;undefined;OTHER;OTHER
invoice-15.tiff;1;1;2480;3508;1766;1447;1628;20;48;1447;1628;1467;1628;1467;1676;1447;1676;$;S;undefined;OTHER;OTHER
invoice-15.tiff;1;1;2480;3508;1767;1692;1628;114;48;1692;1628;1806;1628;1806;1676;1692;1676;20.0%;NNSNS;undefined;OTHER;OTHER
invoice-15.tiff;1;1;2480;3508;1768;2031;1628;72;48;2031;1628;2103;1628;2103;1676;2031;1676;5,83;NSNN;undefined;OTHER;OTHER
invoice-15.tiff;1;1;2480;3508;1769;2114;1628;20;48;2114;1628;2134;1628;2134;1676;2114;1676;$;S;undefined;OTHER;OTHER
invoice-15.tiff;1;1;2480;3508;1764;375;1676;134;48;375;1676;509;1676;509;1724;375;1724;FRI101;AAANNN;undefined;OTHER;OTHER
invoice-15.tiff;1;1;2480;3508;1770;239;1766;20;48;239;1766;259;1766;259;1814;239;1814;3;N;undefined;OTHER;OTHER
invoice-15.tiff;1;1;2480;3508;1771;375;1766;145;48;375;1766;520;1766;520;1814;375;1814;Support;AAAAAAA;undefined;OTHER;OTHER
invoice-15.tiff;1;1;2480;3508;1772;531;1766;108;48;531;1766;639;1766;639;1814;531;1814;mural;AAAAA;undefined;OTHER;OTHER
invoice-15.tiff;1;1;2480;3508;1773;650;1766;57;48;650;1766;707;1766;707;1814;650;1814;TV;AA;undefined;OTHER;OTHER
invoice-15.tiff;1;1;2480;3508;1774;718;1766;129;48;718;1766;847;1766;847;1814;718;1814;Vogel's;AAAAASA;undefined;OTHER;OTHER
invoice-15.tiff;1;1;2480;3508;1775;858;1766;106;48;858;1766;964;1766;964;1814;858;1814;THIN;AAAA;undefined;OTHER;OTHER
invoice-15.tiff;1;1;2480;3508;1776;975;1766;62;48;975;1766;1037;1766;1037;1814;975;1814;215;NNN;undefined;OTHER;OTHER
invoice-15.tiff;1;1;2480;3508;1777;1048;1766;85;48;1048;1766;1133;1766;1133;1814;1048;1814;LED;AAA;undefined;OTHER;OTHER
invoice-15.tiff;1;1;2480;3508;1779;1354;1766;93;48;1354;1766;1447;1766;1447;1814;1354;1814;91,66;NNSNN;undefined;OTHER;OTHER
invoice-15.tiff;1;1;2480;3508;1780;1458;1766;20;48;1458;1766;1478;1766;1478;1814;1458;1814;$;S;undefined;OTHER;OTHER
invoice-15.tiff;1;1;2480;3508;1781;1692;1766;114;48;1692;1766;1806;1766;1806;1814;1692;1814;20.0%;NNSNS;undefined;OTHER;OTHER
invoice-15.tiff;1;1;2480;3508;1782;2010;1766;114;48;2010;1766;2124;1766;2124;1814;2010;1814;274,97;NNNSNN;undefined;OTHER;OTHER
invoice-15.tiff;1;1;2480;3508;1783;2135;1766;20;48;2135;1766;2155;1766;2155;1814;2135;1814;$;S;undefined;OTHER;OTHER
invoice-15.tiff;1;1;2480;3508;1778;375;1814;122;48;375;1814;497;1814;497;1862;375;1862;26-55P;NNSNNA;undefined;OTHER;OTHER
invoice-15.tiff;1;1;2480;3508;1784;239;1904;20;48;239;1904;259;1904;259;1952;239;1952;4;N;undefined;OTHER;OTHER
invoice-15.tiff;1;1;2480;3508;1785;375;1904;148;48;375;1904;523;1904;523;1952;375;1952;Bracelet;AAAAAAAA;undefined;OTHER;OTHER
invoice-15.tiff;1;1;2480;3508;1786;533;1904;155;48;533;1904;688;1904;688;1952;533;1952;connecté;AAAAAAAA;undefined;OTHER;OTHER
invoice-15.tiff;1;1;2480;3508;1787;698;1904;141;48;698;1904;839;1904;839;1952;698;1952;Garmin;AAAAAA;undefined;OTHER;OTHER
invoice-15.tiff;1;1;2480;3508;1788;850;1904;187;48;850;1904;1037;1904;1037;1952;850;1952;Vivosmart;AAAAAAAAA;undefined;OTHER;OTHER
invoice-15.tiff;1;1;2480;3508;1789;1048;1904;62;48;1048;1904;1110;1904;1110;1952;1048;1952;HR;AA;undefined;OTHER;OTHER
invoice-15.tiff;1;1;2480;3508;1790;1121;1904;74;48;1121;1904;1195;1904;1195;1952;1121;1952;noir;AAAA;undefined;OTHER;OTHER
invoice-15.tiff;1;1;2480;3508;1792;1343;1904;114;48;1343;1904;1457;1904;1457;1952;1343;1952;124,99;NNNSNN;undefined;OTHER;OTHER
invoice-15.tiff;1;1;2480;3508;1793;1468;1904;20;48;1468;1904;1488;1904;1488;1952;1468;1952;$;S;undefined;OTHER;OTHER
invoice-15.tiff;1;1;2480;3508;1794;1692;1904;114;48;1692;1904;1806;1904;1806;1952;1692;1952;20.0%;NNSNS;undefined;OTHER;OTHER
invoice-15.tiff;1;1;2480;3508;1795;2010;1904;114;48;2010;1904;2124;1904;2124;1952;2010;1952;499,97;NNNSNN;undefined;OTHER;OTHER
invoice-15.tiff;1;1;2480;3508;1796;2135;1904;20;48;2135;1904;2155;1904;2155;1952;2135;1952;$;S;undefined;OTHER;OTHER
invoice-15.tiff;1;1;2480;3508;1791;375;1952;143;48;375;1952;518;1952;518;2000;375;2000;Regular;AAAAAAA;undefined;OTHER;OTHER
invoice-15.tiff;1;1;2480;3508;1797;1479;2083;150;51;1479;2083;1629;2083;1629;2134;1479;2134;TOTAL;AAAAA;undefined;OTHER;OTHER
invoice-15.tiff;1;1;2480;3508;1798;1641;2083;168;51;1641;2083;1809;2083;1809;2134;1641;2134;REMISE;AAAAAA;undefined;OTHER;OTHER
invoice-15.tiff;1;1;2480;3508;1799;1821;2083;262;51;1821;2083;2083;2083;2083;2134;1821;2134;IMMEDIATE;AAAAAAAAA;undefined;OTHER;OTHER
invoice-15.tiff;1;1;2480;3508;1800;2104;2083;72;46;2104;2083;2176;2083;2176;2129;2104;2129;0,00;NSNN;undefined;OTHER;OTHER
invoice-15.tiff;1;1;2480;3508;1801;2187;2083;20;46;2187;2083;2207;2083;2207;2129;2187;2129;$;S;undefined;OTHER;OTHER
invoice-15.tiff;1;1;2480;3508;1802;1792;2135;155;51;1792;2135;1947;2135;1947;2186;1792;2186;Montant;AAAAAAA;undefined;OTHER;OTHER
invoice-15.tiff;1;1;2480;3508;1803;1959;2135;61;51;1959;2135;2020;2135;2020;2186;1959;2186;HT;AA;undefined;OTHER;OTHER
invoice-15.tiff;1;1;2480;3508;1804;2062;2135;114;46;2062;2135;2176;2135;2176;2181;2062;2181;780,78;NNNSNN;TWTX;TOTAL_WITHOUT_TAX;TWTXS
invoice-15.tiff;1;1;2480;3508;1805;2187;2135;20;46;2187;2135;2207;2135;2207;2181;2187;2181;$;S;TWTX;TOTAL_WITHOUT_TAX;TWTXS
invoice-15.tiff;1;1;2480;3508;1806;1926;2186;94;51;1926;2186;2020;2186;2020;2237;1926;2237;TVA;AAA;undefined;OTHER;OTHER
invoice-15.tiff;1;1;2480;3508;1807;2062;2186;114;46;2062;2186;2176;2186;2176;2232;2062;2232;156,16;NNNSNN;TTX;TOTAL_TAX;Total Tax
invoice-15.tiff;1;1;2480;3508;1808;2187;2186;20;46;2187;2186;2207;2186;2207;2232;2187;2232;$;S;TTX;TOTAL_TAX;Total Tax
invoice-15.tiff;1;1;2480;3508;1809;1826;2237;96;51;1826;2237;1922;2237;1922;2288;1826;2288;Total;AAAAA;undefined;OTHER;OTHER
invoice-15.tiff;1;1;2480;3508;1810;1934;2237;86;51;1934;2237;2020;2237;2020;2288;1934;2288;TTC;AAA;undefined;OTHER;OTHER
invoice-15.tiff;1;1;2480;3508;1811;2062;2237;114;46;2062;2237;2176;2237;2176;2283;2062;2283;936,93;NNNSNN;TA;TOTAL_AMOUNT;Total with TAX
invoice-15.tiff;1;1;2480;3508;1812;2187;2237;20;46;2187;2237;2207;2237;2207;2283;2187;2283;$;S;TA;TOTAL_AMOUNT;Total with TAX
invoice-15.tiff;1;1;2480;3508;1813;1187;3175;155;48;1187;3175;1342;3175;1342;3223;1187;3223;SAITER;AAAAAA;SN;SUPPLIER_NAME;Seller/Company) name
invoice-15.tiff;1;1;2480;3508;1814;1353;3175;254;48;1353;3175;1607;3175;1607;3223;1353;3223;CONSERVES;AAAAAAAAA;SN;SUPPLIER_NAME;Seller/Company) name
invoice-15.tiff;1;1;2480;3508;1815;1187;3223;48;45;1187;3223;1235;3223;1235;3268;1187;3268;LA;AA;SA;SUPPLIER_ADDRESS;Seller Address
invoice-15.tiff;1;1;2480;3508;1816;1246;3223;286;45;1246;3223;1532;3223;1532;3268;1246;3268;POISSONNERIE;AAAAAAAAAAAA;SA;SUPPLIER_ADDRESS;Seller Address
invoice-15.tiff;1;1;2480;3508;1817;1187;3268;104;45;1187;3268;1291;3268;1291;3313;1187;3313;14360;NNNNN;SA;SUPPLIER_ADDRESS;Seller Address
invoice-15.tiff;1;1;2480;3508;1818;1333;3268;219;45;1333;3268;1552;3268;1552;3313;1333;3313;TROUVILLE;AAAAAAAAA;SA;SUPPLIER_ADDRESS;Seller Address
invoice-15.tiff;1;1;2480;3508;1819;1563;3268;76;45;1563;3268;1639;3268;1639;3313;1563;3313;SUR;AAA;SA;SUPPLIER_ADDRESS;Seller Address
invoice-15.tiff;1;1;2480;3508;1820;1650;3268;85;45;1650;3268;1735;3268;1735;3313;1650;3313;MER;AAA;SA;SUPPLIER_ADDRESS;Seller Address
