src;num_pages;page_id;page_width;page_height;id;col;row;width;height;x1;y1;x2;y2;x3;y3;x4;y4;contents;contents_masked;correctclass;tag;description
invoice-2032.tiff;1;1;2480;3508;249769;1541;62;239;175;1541;62;1780;62;1780;237;1541;237;common/logo;AAAAAASAAAA;img;IMAGE;Image
invoice-2032.tiff;1;1;2480;3508;249758;124;237;132;48;124;237;256;237;256;285;124;285;BASES;AAAAA;SN;SUPPLIER_NAME;Seller/Company) name
invoice-2032.tiff;1;1;2480;3508;249759;267;237;57;48;267;237;324;237;324;285;267;285;DE;AA;SN;SUPPLIER_NAME;Seller/Company) name
invoice-2032.tiff;1;1;2480;3508;249760;335;237;169;48;335;237;504;237;504;285;335;285;LOISIRS;AAAAAAA;SN;SUPPLIER_NAME;Seller/Company) name
invoice-2032.tiff;1;1;2480;3508;249765;833;237;106;45;833;237;939;237;939;282;833;282;Phone;AAAAA;undefined;OTHER;OTHER
invoice-2032.tiff;1;1;2480;3508;249766;1002;237;263;45;1002;237;1265;237;1265;282;1002;282;09-13-82-16-47;NNSNNSNNSNNSNN;SCN;SUPPLIER_CONTACT_NUMBER;Seller Contact Number
invoice-2032.tiff;1;1;2480;3508;249767;833;283;64;45;833;283;897;283;897;328;833;328;Fax;AAA;undefined;OTHER;OTHER
invoice-2032.tiff;1;1;2480;3508;249768;960;283;263;45;960;283;1223;283;1223;328;960;328;09-13-82-60-67;NNSNNSNNSNNSNN;SFAX;SUPPLIER_FAX_NUMBER;Seller Fax Number
invoice-2032.tiff;1;1;2480;3508;249761;124;285;152;45;124;285;276;285;276;330;124;330;PRADES;AAAAAA;SA;SUPPLIER_ADDRESS;Seller Address
invoice-2032.tiff;1;1;2480;3508;249762;124;331;104;45;124;331;228;331;228;376;124;376;34650;NNNNN;SA;SUPPLIER_ADDRESS;Seller Address
invoice-2032.tiff;1;1;2480;3508;249763;270;331;127;45;270;331;397;331;397;376;270;376;LUNAS;AAAAA;SA;SUPPLIER_ADDRESS;Seller Address
invoice-2032.tiff;1;1;2480;3508;249764;124;377;157;45;124;377;281;377;281;422;124;422;FRANCE;AAAAAA;SA;SUPPLIER_ADDRESS;Seller Address
invoice-2032.tiff;1;1;2480;3508;249770;124;749;125;57;124;749;249;749;249;806;124;806;Billed;AAAAAA;undefined;OTHER;OTHER
invoice-2032.tiff;1;1;2480;3508;249771;262;749;58;57;262;749;320;749;320;806;262;806;To;AA;undefined;OTHER;OTHER
invoice-2032.tiff;1;1;2480;3508;249772;124;807;97;48;124;807;221;807;221;855;124;855;Miles;AAAAA;BN;BILLING_NAME;Billing Name
invoice-2032.tiff;1;1;2480;3508;249773;232;807;138;48;232;807;370;807;370;855;232;855;Schmitt;AAAAAAA;BN;BILLING_NAME;Billing Name
invoice-2032.tiff;1;1;2480;3508;249774;124;855;52;45;124;855;176;855;176;900;124;900;30,;NNS;BA;BILLING_ADDRESS;Billing Address
invoice-2032.tiff;1;1;2480;3508;249775;187;855;55;45;187;855;242;855;242;900;187;900;rue;AAA;BA;BILLING_ADDRESS;Billing Address
invoice-2032.tiff;1;1;2480;3508;249776;253;855;41;45;253;855;294;855;294;900;253;900;du;AA;BA;BILLING_ADDRESS;Billing Address
invoice-2032.tiff;1;1;2480;3508;249777;305;855;129;45;305;855;434;855;434;900;305;900;progrès;AAAAAAA;BA;BILLING_ADDRESS;Billing Address
invoice-2032.tiff;1;1;2480;3508;249778;124;901;104;45;124;901;228;901;228;946;124;946;76000;NNNNN;BA;BILLING_ADDRESS;Billing Address
invoice-2032.tiff;1;1;2480;3508;249779;270;901;106;45;270;901;376;901;376;946;270;946;Rouen;AAAAA;BA;BILLING_ADDRESS;Billing Address
invoice-2032.tiff;1;1;2480;3508;249792;1541;903;142;52;1541;903;1683;903;1683;955;1541;955;Invoice;AAAAAAA;undefined;OTHER;OTHER
invoice-2032.tiff;1;1;2480;3508;249793;1695;903;50;52;1695;903;1745;903;1745;955;1695;955;ID;AA;undefined;OTHER;OTHER
invoice-2032.tiff;1;1;2480;3508;249794;2166;903;208;46;2166;903;2374;903;2374;949;2166;949;8103755473;NNNNNNNNNN;IN;INVOICE_NUMBER;Invoice Number
invoice-2032.tiff;1;1;2480;3508;249780;124;946;120;45;124;946;244;946;244;991;124;991;France;AAAAAA;BA;BILLING_ADDRESS;Billing Address
invoice-2032.tiff;1;1;2480;3508;249795;1541;976;91;52;1541;976;1632;976;1632;1028;1541;1028;Date;AAAA;undefined;OTHER;OTHER
invoice-2032.tiff;1;1;2480;3508;249796;2166;976;53;46;2166;976;2219;976;2219;1022;2166;1022;feb;AAA;IDATE;INVOICE_DATE;Invoice Date
invoice-2032.tiff;1;1;2480;3508;249797;2230;976;31;46;2230;976;2261;976;2261;1022;2230;1022;9,;NS;IDATE;INVOICE_DATE;Invoice Date
invoice-2032.tiff;1;1;2480;3508;249798;2271;976;83;46;2271;976;2354;976;2354;1022;2271;1022;2018;NNNN;IDATE;INVOICE_DATE;Invoice Date
invoice-2032.tiff;1;1;2480;3508;249781;124;1034;175;57;124;1034;299;1034;299;1091;124;1091;Shipped;AAAAAAA;undefined;OTHER;OTHER
invoice-2032.tiff;1;1;2480;3508;249782;312;1034;58;57;312;1034;370;1034;370;1091;312;1091;To;AA;undefined;OTHER;OTHER
invoice-2032.tiff;1;1;2480;3508;249799;1541;1050;119;52;1541;1050;1660;1050;1660;1102;1541;1102;Client;AAAAAA;undefined;OTHER;OTHER
invoice-2032.tiff;1;1;2480;3508;249800;1672;1050;50;52;1672;1050;1722;1050;1722;1102;1672;1102;ID;AA;undefined;OTHER;OTHER
invoice-2032.tiff;1;1;2480;3508;249801;2166;1050;104;46;2166;1050;2270;1050;2270;1096;2166;1096;84237;NNNNN;CNUM;CLIENT_NUMBER;Client Number
invoice-2032.tiff;1;1;2480;3508;249783;124;1092;97;48;124;1092;221;1092;221;1140;124;1140;Miles;AAAAA;SHN;SHIPPING_NAME;Shipping Name
invoice-2032.tiff;1;1;2480;3508;249784;232;1092;138;48;232;1092;370;1092;370;1140;232;1140;Schmitt;AAAAAAA;SHN;SHIPPING_NAME;Shipping Name
invoice-2032.tiff;1;1;2480;3508;249785;124;1140;52;45;124;1140;176;1140;176;1185;124;1185;30,;NNS;SHA;SHIPPING_ADDRESS;Shipping Address
invoice-2032.tiff;1;1;2480;3508;249786;187;1140;55;45;187;1140;242;1140;242;1185;187;1185;rue;AAA;SHA;SHIPPING_ADDRESS;Shipping Address
invoice-2032.tiff;1;1;2480;3508;249787;253;1140;41;45;253;1140;294;1140;294;1185;253;1185;du;AA;SHA;SHIPPING_ADDRESS;Shipping Address
invoice-2032.tiff;1;1;2480;3508;249788;305;1140;129;45;305;1140;434;1140;434;1185;305;1185;progrès;AAAAAAA;SHA;SHIPPING_ADDRESS;Shipping Address
invoice-2032.tiff;1;1;2480;3508;249789;124;1185;104;45;124;1185;228;1185;228;1230;124;1230;76000;NNNNN;SHA;SHIPPING_ADDRESS;Shipping Address
invoice-2032.tiff;1;1;2480;3508;249790;270;1185;106;45;270;1185;376;1185;376;1230;270;1230;Rouen;AAAAA;SHA;SHIPPING_ADDRESS;Shipping Address
invoice-2032.tiff;1;1;2480;3508;249791;124;1231;120;45;124;1231;244;1231;244;1276;124;1276;France;AAAAAA;SHA;SHIPPING_ADDRESS;Shipping Address
invoice-2032.tiff;1;1;2480;3508;249802;440;1555;244;52;440;1555;684;1555;684;1607;440;1607;Descriptions;AAAAAAAAAAAA;undefined;OTHER;OTHER
invoice-2032.tiff;1;1;2480;3508;249803;1088;1555;73;52;1088;1555;1161;1555;1161;1607;1088;1607;Qty;AAA;undefined;OTHER;OTHER
invoice-2032.tiff;1;1;2480;3508;249804;1374;1555;84;52;1374;1555;1458;1555;1458;1607;1374;1607;U.P.;ASAS;undefined;OTHER;OTHER
invoice-2032.tiff;1;1;2480;3508;249805;1646;1555;206;52;1646;1555;1852;1555;1852;1607;1646;1607;VAT/TVA;AAASAAA;undefined;OTHER;OTHER
invoice-2032.tiff;1;1;2480;3508;249806;2003;1555;160;52;2003;1555;2163;1555;2163;1607;2003;1607;Amount;AAAAAA;undefined;OTHER;OTHER
invoice-2032.tiff;1;1;2480;3508;249807;124;1628;134;48;124;1628;258;1628;258;1676;124;1676;Montre;AAAAAA;undefined;OTHER;OTHER
invoice-2032.tiff;1;1;2480;3508;249808;269;1628;173;48;269;1628;442;1628;442;1676;269;1676;connectée;AAAAAAAAA;undefined;OTHER;OTHER
invoice-2032.tiff;1;1;2480;3508;249809;453;1628;106;48;453;1628;559;1628;559;1676;453;1676;Apple;AAAAA;undefined;OTHER;OTHER
invoice-2032.tiff;1;1;2480;3508;249810;570;1628;118;48;570;1628;688;1628;688;1676;570;1676;Watch;AAAAA;undefined;OTHER;OTHER
invoice-2032.tiff;1;1;2480;3508;249811;698;1628;120;48;698;1628;818;1628;818;1676;698;1676;38MM;NNAA;undefined;OTHER;OTHER
invoice-2032.tiff;1;1;2480;3508;249816;1114;1628;20;48;1114;1628;1134;1628;1134;1676;1114;1676;3;N;undefined;OTHER;OTHER
invoice-2032.tiff;1;1;2480;3508;249817;1310;1628;114;48;1310;1628;1424;1628;1424;1676;1310;1676;374,17;NNNSNN;undefined;OTHER;OTHER
invoice-2032.tiff;1;1;2480;3508;249818;1435;1628;87;48;1435;1628;1522;1628;1522;1676;1435;1676;EUR;AAA;undefined;OTHER;OTHER
invoice-2032.tiff;1;1;2480;3508;249819;1692;1628;114;48;1692;1628;1806;1628;1806;1676;1692;1676;20.0%;NNSNS;undefined;OTHER;OTHER
invoice-2032.tiff;1;1;2480;3508;249820;1966;1628;135;48;1966;1628;2101;1628;2101;1676;1966;1676;1122,50;NNNNSNN;undefined;OTHER;OTHER
invoice-2032.tiff;1;1;2480;3508;249821;2112;1628;87;48;2112;1628;2199;1628;2199;1676;2112;1676;EUR;AAA;undefined;OTHER;OTHER
invoice-2032.tiff;1;1;2480;3508;249812;124;1676;189;48;124;1676;313;1676;313;1724;124;1724;Alu/Nuage;AAASAAAAA;undefined;OTHER;OTHER
invoice-2032.tiff;1;1;2480;3508;249813;325;1676;106;48;325;1676;431;1676;431;1724;325;1724;Series;AAAAAA;undefined;OTHER;OTHER
invoice-2032.tiff;1;1;2480;3508;249814;442;1676;20;48;442;1676;462;1676;462;1724;442;1724;3;N;undefined;OTHER;OTHER
invoice-2032.tiff;1;1;2480;3508;249815;473;1676;145;48;473;1676;618;1676;618;1724;473;1724;Cellular;AAAAAAAA;undefined;OTHER;OTHER
invoice-2032.tiff;1;1;2480;3508;249822;1114;1766;20;48;1114;1766;1134;1766;1134;1814;1114;1814;1;N;undefined;OTHER;OTHER
invoice-2032.tiff;1;1;2480;3508;249823;1331;1766;72;48;1331;1766;1403;1766;1403;1814;1331;1814;0,00;NSNN;undefined;OTHER;OTHER
invoice-2032.tiff;1;1;2480;3508;249824;1414;1766;87;48;1414;1766;1501;1766;1501;1814;1414;1814;EUR;AAA;undefined;OTHER;OTHER
invoice-2032.tiff;1;1;2480;3508;249825;1692;1766;114;48;1692;1766;1806;1766;1806;1814;1692;1814;20.0%;NNSNS;undefined;OTHER;OTHER
invoice-2032.tiff;1;1;2480;3508;249826;1997;1766;72;48;1997;1766;2069;1766;2069;1814;1997;1814;0,00;NSNN;undefined;OTHER;OTHER
invoice-2032.tiff;1;1;2480;3508;249827;2081;1766;87;48;2081;1766;2168;1766;2168;1814;2081;1814;EUR;AAA;undefined;OTHER;OTHER
invoice-2032.tiff;1;1;2480;3508;249828;124;1856;143;48;124;1856;267;1856;267;1904;124;1904;Batterie;AAAAAAAA;undefined;OTHER;OTHER
invoice-2032.tiff;1;1;2480;3508;249829;278;1856;41;48;278;1856;319;1856;319;1904;278;1904;de;AA;undefined;OTHER;OTHER
invoice-2032.tiff;1;1;2480;3508;249830;330;1856;122;48;330;1856;452;1856;452;1904;330;1904;cuisine;AAAAAAA;undefined;OTHER;OTHER
invoice-2032.tiff;1;1;2480;3508;249831;464;1856;92;48;464;1856;556;1856;556;1904;464;1904;Tefal;AAAAA;undefined;OTHER;OTHER
invoice-2032.tiff;1;1;2480;3508;249832;567;1856;134;48;567;1856;701;1856;701;1904;567;1904;Ingenio;AAAAAAA;undefined;OTHER;OTHER
invoice-2032.tiff;1;1;2480;3508;249833;711;1856;231;48;711;1856;942;1856;942;1904;711;1904;Performance;AAAAAAAAAAA;undefined;OTHER;OTHER
invoice-2032.tiff;1;1;2480;3508;249837;1114;1856;20;48;1114;1856;1134;1856;1134;1904;1114;1904;2;N;undefined;OTHER;OTHER
invoice-2032.tiff;1;1;2480;3508;249838;1320;1856;93;48;1320;1856;1413;1856;1413;1904;1320;1904;79,16;NNSNN;undefined;OTHER;OTHER
invoice-2032.tiff;1;1;2480;3508;249839;1424;1856;87;48;1424;1856;1511;1856;1511;1904;1424;1904;EUR;AAA;undefined;OTHER;OTHER
invoice-2032.tiff;1;1;2480;3508;249840;1692;1856;114;48;1692;1856;1806;1856;1806;1904;1692;1904;20.0%;NNSNS;undefined;OTHER;OTHER
invoice-2032.tiff;1;1;2480;3508;249841;1976;1856;114;48;1976;1856;2090;1856;2090;1904;1976;1904;158,32;NNNSNN;undefined;OTHER;OTHER
invoice-2032.tiff;1;1;2480;3508;249842;2101;1856;87;48;2101;1856;2188;1856;2188;1904;2101;1904;EUR;AAA;undefined;OTHER;OTHER
invoice-2032.tiff;1;1;2480;3508;249834;124;1904;113;48;124;1904;237;1904;237;1952;124;1952;Rouge;AAAAA;undefined;OTHER;OTHER
invoice-2032.tiff;1;1;2480;3508;249835;248;1904;41;48;248;1904;289;1904;289;1952;248;1952;10;NN;undefined;OTHER;OTHER
invoice-2032.tiff;1;1;2480;3508;249836;300;1904;106;48;300;1904;406;1904;406;1952;300;1952;pièces;AAAAAA;undefined;OTHER;OTHER
invoice-2032.tiff;1;1;2480;3508;249843;124;1994;182;48;124;1994;306;1994;306;2042;124;2042;Détachant;AAAAAAAAA;undefined;OTHER;OTHER
invoice-2032.tiff;1;1;2480;3508;249844;318;1994;83;48;318;1994;401;1994;401;2042;318;2042;Polti;AAAAA;undefined;OTHER;OTHER
invoice-2032.tiff;1;1;2480;3508;249845;412;1994;120;48;412;1994;532;1994;532;2042;412;2042;HP007;AANNN;undefined;OTHER;OTHER
invoice-2032.tiff;1;1;2480;3508;249846;542;1994;106;48;542;1994;648;1994;648;2042;542;2042;Spray;AAAAA;undefined;OTHER;OTHER
invoice-2032.tiff;1;1;2480;3508;249847;659;1994;108;48;659;1994;767;1994;767;2042;659;2042;500ml;NNNAA;undefined;OTHER;OTHER
invoice-2032.tiff;1;1;2480;3508;249848;1114;1994;20;48;1114;1994;1134;1994;1134;2042;1114;2042;2;N;undefined;OTHER;OTHER
invoice-2032.tiff;1;1;2480;3508;249849;1331;1994;72;48;1331;1994;1403;1994;1403;2042;1331;2042;8,32;NSNN;undefined;OTHER;OTHER
invoice-2032.tiff;1;1;2480;3508;249850;1414;1994;87;48;1414;1994;1501;1994;1501;2042;1414;2042;EUR;AAA;undefined;OTHER;OTHER
invoice-2032.tiff;1;1;2480;3508;249851;1692;1994;114;48;1692;1994;1806;1994;1806;2042;1692;2042;20.0%;NNSNS;undefined;OTHER;OTHER
invoice-2032.tiff;1;1;2480;3508;249852;1987;1994;93;48;1987;1994;2080;1994;2080;2042;1987;2042;16,65;NNSNN;undefined;OTHER;OTHER
invoice-2032.tiff;1;1;2480;3508;249853;2091;1994;87;48;2091;1994;2178;1994;2178;2042;2091;2042;EUR;AAA;undefined;OTHER;OTHER
invoice-2032.tiff;1;1;2480;3508;249854;1855;2125;165;51;1855;2125;2020;2125;2020;2176;1855;2176;Discount;AAAAAAAA;undefined;OTHER;OTHER
invoice-2032.tiff;1;1;2480;3508;249855;2041;2125;72;46;2041;2125;2113;2125;2113;2171;2041;2171;0,00;NSNN;undefined;OTHER;OTHER
invoice-2032.tiff;1;1;2480;3508;249856;2125;2125;83;46;2125;2125;2208;2125;2208;2171;2125;2171;EUR;AAA;undefined;OTHER;OTHER
invoice-2032.tiff;1;1;2480;3508;249857;1787;2176;150;51;1787;2176;1937;2176;1937;2227;1787;2227;Amount;AAAAAA;undefined;OTHER;OTHER
invoice-2032.tiff;1;1;2480;3508;249858;1979;2176;135;46;1979;2176;2114;2176;2114;2222;1979;2222;1297,47;NNNNSNN;TWTX;TOTAL_WITHOUT_TAX;TWTXS
invoice-2032.tiff;1;1;2480;3508;249859;2125;2176;83;46;2125;2176;2208;2176;2208;2222;2125;2222;EUR;AAA;TWTX;TOTAL_WITHOUT_TAX;TWTXS
invoice-2032.tiff;1;1;2480;3508;249860;1857;2227;201;51;1857;2227;2058;2227;2058;2278;1857;2278;VAT/TVA;AAASAAA;undefined;OTHER;OTHER
invoice-2032.tiff;1;1;2480;3508;249861;2100;2227;107;46;2100;2227;2207;2227;2207;2273;2100;2273;20.0%;NNSNS;TXR;TAX_RATE;Tax Rate
invoice-2032.tiff;1;1;2480;3508;249862;1702;2278;94;51;1702;2278;1796;2278;1796;2329;1702;2329;TVA;AAA;undefined;OTHER;OTHER
invoice-2032.tiff;1;1;2480;3508;249863;1808;2278;150;51;1808;2278;1958;2278;1958;2329;1808;2329;Amount;AAAAAA;undefined;OTHER;OTHER
invoice-2032.tiff;1;1;2480;3508;249864;1999;2278;114;46;1999;2278;2113;2278;2113;2324;1999;2324;259,49;NNNSNN;TTX;TOTAL_TAX;Total Tax
invoice-2032.tiff;1;1;2480;3508;249865;2125;2278;83;46;2125;2278;2208;2278;2208;2324;2125;2324;EUR;AAA;TTX;TOTAL_TAX;Total Tax
invoice-2032.tiff;1;1;2480;3508;249866;1679;2330;96;51;1679;2330;1775;2330;1775;2381;1679;2381;Total;AAAAA;undefined;OTHER;OTHER
invoice-2032.tiff;1;1;2480;3508;249867;1787;2330;150;51;1787;2330;1937;2330;1937;2381;1787;2381;Amount;AAAAAA;undefined;OTHER;OTHER
invoice-2032.tiff;1;1;2480;3508;249868;1979;2330;135;46;1979;2330;2114;2330;2114;2376;1979;2376;1556,96;NNNNSNN;TA;TOTAL_AMOUNT;Total with TAX
invoice-2032.tiff;1;1;2480;3508;249869;2125;2330;83;46;2125;2330;2208;2330;2208;2376;2125;2376;EUR;AAA;TA;TOTAL_AMOUNT;Total with TAX
invoice-2032.tiff;1;1;2480;3508;249870;124;3154;132;48;124;3154;256;3154;256;3202;124;3202;BASES;AAAAA;SN;SUPPLIER_NAME;Seller/Company) name
invoice-2032.tiff;1;1;2480;3508;249871;267;3154;57;48;267;3154;324;3154;324;3202;267;3202;DE;AA;SN;SUPPLIER_NAME;Seller/Company) name
invoice-2032.tiff;1;1;2480;3508;249872;335;3154;169;48;335;3154;504;3154;504;3202;335;3202;LOISIRS;AAAAAAA;SN;SUPPLIER_NAME;Seller/Company) name
invoice-2032.tiff;1;1;2480;3508;249873;124;3202;152;45;124;3202;276;3202;276;3247;124;3247;PRADES;AAAAAA;SA;SUPPLIER_ADDRESS;Seller Address
invoice-2032.tiff;1;1;2480;3508;249874;124;3248;104;45;124;3248;228;3248;228;3293;124;3293;34650;NNNNN;SA;SUPPLIER_ADDRESS;Seller Address
invoice-2032.tiff;1;1;2480;3508;249875;270;3248;127;45;270;3248;397;3248;397;3293;270;3293;LUNAS;AAAAA;SA;SUPPLIER_ADDRESS;Seller Address
invoice-2032.tiff;1;1;2480;3508;249876;124;3293;157;45;124;3293;281;3293;281;3338;124;3338;FRANCE;AAAAAA;SA;SUPPLIER_ADDRESS;Seller Address
