src;num_pages;page_id;page_width;page_height;id;col;row;width;height;x1;y1;x2;y2;x3;y3;x4;y4;contents;contents_masked;correctclass;tag;description
invoice-1738.tiff;1;1;2480;3508;212903;1187;62;204;175;1187;62;1391;62;1391;237;1187;237;common/logo;AAAAAASAAAA;img;IMAGE;Image
invoice-1738.tiff;1;1;2480;3508;212900;124;270;166;57;124;270;290;270;290;327;124;327;Facture;AAAAAAA;undefined;OTHER;OTHER
invoice-1738.tiff;1;1;2480;3508;212901;304;270;47;57;304;270;351;270;351;327;304;327;n°;AS;undefined;OTHER;OTHER
invoice-1738.tiff;1;1;2480;3508;212902;414;270;285;50;414;270;699;270;699;320;414;320;FV2013000860;AANNNNNNNNNN;IN;INVOICE_NUMBER;Invoice Number
invoice-1738.tiff;1;1;2480;3508;212904;1187;412;127;48;1187;412;1314;412;1314;460;1187;460;BLITZ;AAAAA;SN;SUPPLIER_NAME;Seller/Company) name
invoice-1738.tiff;1;1;2480;3508;212905;1187;460;41;45;1187;460;1228;460;1228;505;1187;505;18;NN;SA;SUPPLIER_ADDRESS;Seller Address
invoice-1738.tiff;1;1;2480;3508;212906;1239;460;25;45;1239;460;1264;460;1264;505;1239;505;B;A;SA;SUPPLIER_ADDRESS;Seller Address
invoice-1738.tiff;1;1;2480;3508;212907;1275;460;159;45;1275;460;1434;460;1434;505;1275;505;AVENUE;AAAAAA;SA;SUPPLIER_ADDRESS;Seller Address
invoice-1738.tiff;1;1;2480;3508;212908;1445;460;182;45;1445;460;1627;460;1627;505;1445;505;PHILIPPE;AAAAAAAA;SA;SUPPLIER_ADDRESS;Seller Address
invoice-1738.tiff;1;1;2480;3508;212909;1638;460;185;45;1638;460;1823;460;1823;505;1638;505;AUGUSTE;AAAAAAA;SA;SUPPLIER_ADDRESS;Seller Address
invoice-1738.tiff;1;1;2480;3508;212910;1832;460;10;45;1832;460;1842;460;1842;505;1832;505;,;S;SA;SUPPLIER_ADDRESS;Seller Address
invoice-1738.tiff;1;1;2480;3508;212911;1853;460;104;45;1853;460;1957;460;1957;505;1853;505;75011;NNNNN;SA;SUPPLIER_ADDRESS;Seller Address
invoice-1738.tiff;1;1;2480;3508;212912;1965;460;111;45;1965;460;2076;460;2076;505;1965;505;PARIS;AAAAA;SA;SUPPLIER_ADDRESS;Seller Address
invoice-1738.tiff;1;1;2480;3508;212913;2087;460;41;45;2087;460;2128;460;2128;505;2087;505;11;NN;SA;SUPPLIER_ADDRESS;Seller Address
invoice-1738.tiff;1;1;2480;3508;212914;2137;460;10;45;2137;460;2147;460;2147;505;2137;505;,;S;SA;SUPPLIER_ADDRESS;Seller Address
invoice-1738.tiff;1;1;2480;3508;212915;2157;460;157;45;2157;460;2314;460;2314;505;2157;505;FRANCE;AAAAAA;SA;SUPPLIER_ADDRESS;Seller Address
invoice-1738.tiff;1;1;2480;3508;212916;1187;506;134;45;1187;506;1321;506;1321;551;1187;551;Numéro;AAAAAA;undefined;OTHER;OTHER
invoice-1738.tiff;1;1;2480;3508;212917;1332;506;39;45;1332;506;1371;506;1371;551;1332;551;de;AA;undefined;OTHER;OTHER
invoice-1738.tiff;1;1;2480;3508;212918;1381;506;53;45;1381;506;1434;506;1434;551;1381;551;Tel;AAA;undefined;OTHER;OTHER
invoice-1738.tiff;1;1;2480;3508;212919;1460;506;249;45;1460;506;1709;506;1709;551;1460;551;06.08.45.53.82;NNSNNSNNSNNSNN;SCN;SUPPLIER_CONTACT_NUMBER;Seller Contact Number
invoice-1738.tiff;1;1;2480;3508;212920;1751;506;134;45;1751;506;1885;506;1885;551;1751;551;Numéro;AAAAAA;undefined;OTHER;OTHER
invoice-1738.tiff;1;1;2480;3508;212921;1896;506;39;45;1896;506;1935;506;1935;551;1896;551;de;AA;undefined;OTHER;OTHER
invoice-1738.tiff;1;1;2480;3508;212922;1946;506;64;45;1946;506;2010;506;2010;551;1946;551;Fax;AAA;undefined;OTHER;OTHER
invoice-1738.tiff;1;1;2480;3508;212923;2036;506;249;45;2036;506;2285;506;2285;551;2036;551;06.08.45.47.51;NNSNNSNNSNNSNN;SFAX;SUPPLIER_FAX_NUMBER;Seller Fax Number
invoice-1738.tiff;1;1;2480;3508;212924;124;878;261;57;124;878;385;878;385;935;124;935;Destinataire;AAAAAAAAAAAA;undefined;OTHER;OTHER
invoice-1738.tiff;1;1;2480;3508;212925;124;936;81;48;124;936;205;936;205;984;124;984;Mlle;AAAA;BN;BILLING_NAME;Billing Name
invoice-1738.tiff;1;1;2480;3508;212926;216;936;101;48;216;936;317;936;317;984;216;984;Yanis;AAAAA;BN;BILLING_NAME;Billing Name
invoice-1738.tiff;1;1;2480;3508;212927;328;936;157;48;328;936;485;936;485;984;328;984;Fontaine;AAAAAAAA;BN;BILLING_NAME;Billing Name
invoice-1738.tiff;1;1;2480;3508;212928;124;984;31;45;124;984;155;984;155;1029;124;1029;2,;NS;BA;BILLING_ADDRESS;Billing Address
invoice-1738.tiff;1;1;2480;3508;212929;166;984;30;45;166;984;196;984;196;1029;166;1029;le;AA;BA;BILLING_ADDRESS;Billing Address
invoice-1738.tiff;1;1;2480;3508;212930;207;984;101;45;207;984;308;984;308;1029;207;1029;jardin;AAAAAA;BA;BILLING_ADDRESS;Billing Address
invoice-1738.tiff;1;1;2480;3508;212931;319;984;55;45;319;984;374;984;374;1029;319;1029;des;AAA;BA;BILLING_ADDRESS;Billing Address
invoice-1738.tiff;1;1;2480;3508;212932;385;984;94;45;385;984;479;984;479;1029;385;1029;fleurs;AAAAAA;BA;BILLING_ADDRESS;Billing Address
invoice-1738.tiff;1;1;2480;3508;212933;124;1030;104;45;124;1030;228;1030;228;1075;124;1075;84160;NNNNN;BA;BILLING_ADDRESS;Billing Address
invoice-1738.tiff;1;1;2480;3508;212934;270;1030;180;45;270;1030;450;1030;450;1075;270;1075;Lourmarin;AAAAAAAAA;BA;BILLING_ADDRESS;Billing Address
invoice-1738.tiff;1;1;2480;3508;212949;1541;1032;91;52;1541;1032;1632;1032;1632;1084;1541;1084;Date;AAAA;undefined;OTHER;OTHER
invoice-1738.tiff;1;1;2480;3508;212950;1644;1032;45;52;1644;1032;1689;1032;1689;1084;1644;1084;de;AA;undefined;OTHER;OTHER
invoice-1738.tiff;1;1;2480;3508;212951;1702;1032;35;52;1702;1032;1737;1032;1737;1084;1702;1084;la;AA;undefined;OTHER;OTHER
invoice-1738.tiff;1;1;2480;3508;212952;1749;1032;139;52;1749;1032;1888;1032;1888;1084;1749;1084;facture;AAAAAAA;undefined;OTHER;OTHER
invoice-1738.tiff;1;1;2480;3508;212953;2166;1032;41;46;2166;1032;2207;1032;2207;1078;2166;1078;19;NN;IDATE;INVOICE_DATE;Invoice Date
invoice-1738.tiff;1;1;2480;3508;212954;2218;1032;53;46;2218;1032;2271;1032;2271;1078;2218;1078;jun;AAA;IDATE;INVOICE_DATE;Invoice Date
invoice-1738.tiff;1;1;2480;3508;212955;2282;1032;83;46;2282;1032;2365;1032;2365;1078;2282;1078;1992;NNNN;IDATE;INVOICE_DATE;Invoice Date
invoice-1738.tiff;1;1;2480;3508;212935;124;1076;120;45;124;1076;244;1076;244;1121;124;1121;France;AAAAAA;BA;BILLING_ADDRESS;Billing Address
invoice-1738.tiff;1;1;2480;3508;212956;1541;1105;119;52;1541;1105;1660;1105;1660;1157;1541;1157;Client;AAAAAA;undefined;OTHER;OTHER
invoice-1738.tiff;1;1;2480;3508;212957;1672;1105;43;52;1672;1105;1715;1105;1715;1157;1672;1157;n°;AS;undefined;OTHER;OTHER
invoice-1738.tiff;1;1;2480;3508;212958;2166;1105;199;46;2166;1105;2365;1105;2365;1151;2166;1151;CL1030091;AANNNNNNN;CNUM;CLIENT_NUMBER;Client Number
invoice-1738.tiff;1;1;2480;3508;212936;124;1163;205;57;124;1163;329;1163;329;1220;124;1220;Livraison;AAAAAAAAA;undefined;OTHER;OTHER
invoice-1738.tiff;1;1;2480;3508;212937;343;1163;25;57;343;1163;368;1163;368;1220;343;1220;à;A;undefined;OTHER;OTHER
invoice-1738.tiff;1;1;2480;3508;212959;1541;1179;99;52;1541;1179;1640;1179;1640;1231;1541;1231;Type;AAAA;undefined;OTHER;OTHER
invoice-1738.tiff;1;1;2480;3508;212960;1652;1179;45;52;1652;1179;1697;1179;1697;1231;1652;1231;de;AA;undefined;OTHER;OTHER
invoice-1738.tiff;1;1;2480;3508;212961;1709;1179;180;52;1709;1179;1889;1179;1889;1231;1709;1231;paiement;AAAAAAAA;undefined;OTHER;OTHER
invoice-1738.tiff;1;1;2480;3508;212962;2166;1179;55;46;2166;1179;2221;1179;2221;1225;2166;1225;CB;AA;PMODE;PAYMENT_MODE;Payment Mode
invoice-1738.tiff;1;1;2480;3508;212938;124;1221;81;48;124;1221;205;1221;205;1269;124;1269;Mlle;AAAA;SHN;SHIPPING_NAME;Shipping Name
invoice-1738.tiff;1;1;2480;3508;212939;216;1221;101;48;216;1221;317;1221;317;1269;216;1269;Yanis;AAAAA;SHN;SHIPPING_NAME;Shipping Name
invoice-1738.tiff;1;1;2480;3508;212940;328;1221;157;48;328;1221;485;1221;485;1269;328;1269;Fontaine;AAAAAAAA;SHN;SHIPPING_NAME;Shipping Name
invoice-1738.tiff;1;1;2480;3508;212941;124;1269;31;45;124;1269;155;1269;155;1314;124;1314;2,;NS;SHA;SHIPPING_ADDRESS;Shipping Address
invoice-1738.tiff;1;1;2480;3508;212942;166;1269;30;45;166;1269;196;1269;196;1314;166;1314;le;AA;SHA;SHIPPING_ADDRESS;Shipping Address
invoice-1738.tiff;1;1;2480;3508;212943;207;1269;101;45;207;1269;308;1269;308;1314;207;1314;jardin;AAAAAA;SHA;SHIPPING_ADDRESS;Shipping Address
invoice-1738.tiff;1;1;2480;3508;212944;319;1269;55;45;319;1269;374;1269;374;1314;319;1314;des;AAA;SHA;SHIPPING_ADDRESS;Shipping Address
invoice-1738.tiff;1;1;2480;3508;212945;385;1269;94;45;385;1269;479;1269;479;1314;385;1314;fleurs;AAAAAA;SHA;SHIPPING_ADDRESS;Shipping Address
invoice-1738.tiff;1;1;2480;3508;212946;124;1315;104;45;124;1315;228;1315;228;1360;124;1360;84160;NNNNN;SHA;SHIPPING_ADDRESS;Shipping Address
invoice-1738.tiff;1;1;2480;3508;212947;270;1315;180;45;270;1315;450;1315;450;1360;270;1360;Lourmarin;AAAAAAAAA;SHA;SHIPPING_ADDRESS;Shipping Address
invoice-1738.tiff;1;1;2480;3508;212948;124;1360;120;45;124;1360;244;1360;244;1405;124;1405;France;AAAAAA;SHA;SHIPPING_ADDRESS;Shipping Address
invoice-1738.tiff;1;1;2480;3508;212963;143;1684;129;52;143;1684;272;1684;272;1736;143;1736;S.Non.;ASAAAS;undefined;OTHER;OTHER
invoice-1738.tiff;1;1;2480;3508;212964;350;1684;173;52;350;1684;523;1684;523;1736;350;1736;Quantité;AAAAAAAA;undefined;OTHER;OTHER
invoice-1738.tiff;1;1;2480;3508;212965;865;1684;226;52;865;1684;1091;1684;1091;1736;865;1736;Description;AAAAAAAAAAA;undefined;OTHER;OTHER
invoice-1738.tiff;1;1;2480;3508;212966;1391;1684;84;52;1391;1684;1475;1684;1475;1736;1391;1736;Prix;AAAA;undefined;OTHER;OTHER
invoice-1738.tiff;1;1;2480;3508;212967;1487;1684;162;52;1487;1684;1649;1684;1649;1736;1487;1736;Unitaire;AAAAAAAA;undefined;OTHER;OTHER
invoice-1738.tiff;1;1;2480;3508;212968;1678;1684;101;52;1678;1684;1779;1684;1779;1736;1678;1736;Taux;AAAA;undefined;OTHER;OTHER
invoice-1738.tiff;1;1;2480;3508;212969;1792;1684;45;52;1792;1684;1837;1684;1837;1736;1792;1736;de;AA;undefined;OTHER;OTHER
invoice-1738.tiff;1;1;2480;3508;212970;1849;1684;96;52;1849;1684;1945;1684;1945;1736;1849;1736;TVA;AAA;undefined;OTHER;OTHER
invoice-1738.tiff;1;1;2480;3508;212971;1980;1684;170;52;1980;1684;2150;1684;2150;1736;1980;1736;Montant;AAAAAAA;undefined;OTHER;OTHER
invoice-1738.tiff;1;1;2480;3508;212972;2162;1684;66;52;2162;1684;2228;1684;2228;1736;2162;1736;HT;AA;undefined;OTHER;OTHER
invoice-1738.tiff;1;1;2480;3508;212973;197;1758;20;48;197;1758;217;1758;217;1806;197;1806;1;N;undefined;OTHER;OTHER
invoice-1738.tiff;1;1;2480;3508;212974;427;1758;20;48;427;1758;447;1758;447;1806;427;1806;4;N;undefined;OTHER;OTHER
invoice-1738.tiff;1;1;2480;3508;212975;583;1758;203;48;583;1758;786;1758;786;1806;583;1806;Ordinateur;AAAAAAAAAA;undefined;OTHER;OTHER
invoice-1738.tiff;1;1;2480;3508;212976;797;1758;150;48;797;1758;947;1758;947;1806;797;1806;portable;AAAAAAAA;undefined;OTHER;OTHER
invoice-1738.tiff;1;1;2480;3508;212977;958;1758;131;48;958;1758;1089;1758;1089;1806;958;1806;Lenovo;AAAAAA;undefined;OTHER;OTHER
invoice-1738.tiff;1;1;2480;3508;212978;1100;1758;124;48;1100;1758;1224;1758;1224;1806;1100;1806;YOGA;AAAA;undefined;OTHER;OTHER
invoice-1738.tiff;1;1;2480;3508;212980;1463;1758;114;48;1463;1758;1577;1758;1577;1806;1463;1806;832,50;NNNSNN;undefined;OTHER;OTHER
invoice-1738.tiff;1;1;2480;3508;212981;1755;1758;114;48;1755;1758;1869;1758;1869;1806;1755;1806;20.0%;NNSNS;undefined;OTHER;OTHER
invoice-1738.tiff;1;1;2480;3508;212982;2036;1758;135;48;2036;1758;2171;1758;2171;1806;2036;1806;3330,00;NNNNSNN;undefined;OTHER;OTHER
invoice-1738.tiff;1;1;2480;3508;212979;583;1806;194;48;583;1806;777;1806;777;1854;583;1854;720-13IKB;NNNSNNAAA;undefined;OTHER;OTHER
invoice-1738.tiff;1;1;2480;3508;212983;197;1895;20;48;197;1895;217;1895;217;1943;197;1943;2;N;undefined;OTHER;OTHER
invoice-1738.tiff;1;1;2480;3508;212984;427;1895;20;48;427;1895;447;1895;447;1943;427;1943;3;N;undefined;OTHER;OTHER
invoice-1738.tiff;1;1;2480;3508;212985;583;1895;57;48;583;1895;640;1895;640;1943;583;1943;TV;AA;undefined;OTHER;OTHER
invoice-1738.tiff;1;1;2480;3508;212986;651;1895;85;48;651;1895;736;1895;736;1943;651;1943;LED;AAA;undefined;OTHER;OTHER
invoice-1738.tiff;1;1;2480;3508;212987;747;1895;90;48;747;1895;837;1895;837;1943;747;1943;Listo;AAAAA;undefined;OTHER;OTHER
invoice-1738.tiff;1;1;2480;3508;212988;848;1895;41;48;848;1895;889;1895;889;1943;848;1943;28;NN;undefined;OTHER;OTHER
invoice-1738.tiff;1;1;2480;3508;212989;900;1895;201;48;900;1895;1101;1895;1101;1943;900;1943;HD-2T-139;AASNASNNN;undefined;OTHER;OTHER
invoice-1738.tiff;1;1;2480;3508;212990;1463;1895;114;48;1463;1895;1577;1895;1577;1943;1463;1943;133,32;NNNSNN;undefined;OTHER;OTHER
invoice-1738.tiff;1;1;2480;3508;212991;1755;1895;114;48;1755;1895;1869;1895;1869;1943;1755;1943;20.0%;NNSNS;undefined;OTHER;OTHER
invoice-1738.tiff;1;1;2480;3508;212992;2046;1895;114;48;2046;1895;2160;1895;2160;1943;2046;1943;399,97;NNNSNN;undefined;OTHER;OTHER
invoice-1738.tiff;1;1;2480;3508;212993;197;1985;20;48;197;1985;217;1985;217;2033;197;2033;3;N;undefined;OTHER;OTHER
invoice-1738.tiff;1;1;2480;3508;212994;427;1985;20;48;427;1985;447;1985;447;2033;427;2033;2;N;undefined;OTHER;OTHER
invoice-1738.tiff;1;1;2480;3508;212995;583;1985;127;48;583;1985;710;1985;710;2033;583;2033;Station;AAAAAAA;undefined;OTHER;OTHER
invoice-1738.tiff;1;1;2480;3508;212996;721;1985;106;48;721;1985;827;1985;827;2033;721;2033;météo;AAAAA;undefined;OTHER;OTHER
invoice-1738.tiff;1;1;2480;3508;212997;837;1985;48;48;837;1985;885;1985;885;2033;837;2033;La;AA;undefined;OTHER;OTHER
invoice-1738.tiff;1;1;2480;3508;212998;896;1985;120;48;896;1985;1016;1985;1016;2033;896;2033;Crosse;AAAAAA;undefined;OTHER;OTHER
invoice-1738.tiff;1;1;2480;3508;212999;1027;1985;273;48;1027;1985;1300;1985;1300;2033;1027;2033;WS9068IT-SIL;AANNNNAASAAA;undefined;OTHER;OTHER
invoice-1738.tiff;1;1;2480;3508;213000;1473;1985;93;48;1473;1985;1566;1985;1566;2033;1473;2033;41,66;NNSNN;undefined;OTHER;OTHER
invoice-1738.tiff;1;1;2480;3508;213001;1755;1985;114;48;1755;1985;1869;1985;1869;2033;1755;2033;20.0%;NNSNS;undefined;OTHER;OTHER
invoice-1738.tiff;1;1;2480;3508;213002;2057;1985;93;48;2057;1985;2150;1985;2150;2033;2057;2033;83,32;NNSNN;undefined;OTHER;OTHER
invoice-1738.tiff;1;1;2480;3508;213003;1500;2116;150;51;1500;2116;1650;2116;1650;2167;1500;2167;TOTAL;AAAAA;undefined;OTHER;OTHER
invoice-1738.tiff;1;1;2480;3508;213004;1662;2116;168;51;1662;2116;1830;2116;1830;2167;1662;2167;REMISE;AAAAAA;undefined;OTHER;OTHER
invoice-1738.tiff;1;1;2480;3508;213005;1841;2116;262;51;1841;2116;2103;2116;2103;2167;1841;2167;IMMEDIATE;AAAAAAAAA;undefined;OTHER;OTHER
invoice-1738.tiff;1;1;2480;3508;213006;2125;2116;72;46;2125;2116;2197;2116;2197;2162;2125;2162;0,00;NSNN;undefined;OTHER;OTHER
invoice-1738.tiff;1;1;2480;3508;213007;1792;2168;155;51;1792;2168;1947;2168;1947;2219;1792;2219;Montant;AAAAAAA;undefined;OTHER;OTHER
invoice-1738.tiff;1;1;2480;3508;213008;1959;2168;61;51;1959;2168;2020;2168;2020;2219;1959;2219;HT;AA;undefined;OTHER;OTHER
invoice-1738.tiff;1;1;2480;3508;213009;2062;2168;135;46;2062;2168;2197;2168;2197;2214;2062;2214;3813,29;NNNNSNN;TWTX;TOTAL_WITHOUT_TAX;TWTXS
invoice-1738.tiff;1;1;2480;3508;213010;1947;2219;94;51;1947;2219;2041;2219;2041;2270;1947;2270;TVA;AAA;undefined;OTHER;OTHER
invoice-1738.tiff;1;1;2480;3508;213011;2083;2219;114;46;2083;2219;2197;2219;2197;2265;2083;2265;762,66;NNNSNN;TTX;TOTAL_TAX;Total Tax
invoice-1738.tiff;1;1;2480;3508;213012;1826;2270;96;51;1826;2270;1922;2270;1922;2321;1826;2321;Total;AAAAA;undefined;OTHER;OTHER
invoice-1738.tiff;1;1;2480;3508;213013;1934;2270;86;51;1934;2270;2020;2270;2020;2321;1934;2321;TTC;AAA;undefined;OTHER;OTHER
invoice-1738.tiff;1;1;2480;3508;213014;2062;2270;135;46;2062;2270;2197;2270;2197;2316;2062;2316;4575,95;NNNNSNN;TA;TOTAL_AMOUNT;Total with TAX
invoice-1738.tiff;1;1;2480;3508;213015;2122;3154;127;48;2122;3154;2249;3154;2249;3202;2122;3202;BLITZ;AAAAA;SN;SUPPLIER_NAME;Seller/Company) name
invoice-1738.tiff;1;1;2480;3508;213016;1086;3202;41;45;1086;3202;1127;3202;1127;3247;1086;3247;18;NN;SA;SUPPLIER_ADDRESS;Seller Address
invoice-1738.tiff;1;1;2480;3508;213017;1138;3202;25;45;1138;3202;1163;3202;1163;3247;1138;3247;B;A;SA;SUPPLIER_ADDRESS;Seller Address
invoice-1738.tiff;1;1;2480;3508;213018;1173;3202;159;45;1173;3202;1332;3202;1332;3247;1173;3247;AVENUE;AAAAAA;SA;SUPPLIER_ADDRESS;Seller Address
invoice-1738.tiff;1;1;2480;3508;213019;1344;3202;182;45;1344;3202;1526;3202;1526;3247;1344;3247;PHILIPPE;AAAAAAAA;SA;SUPPLIER_ADDRESS;Seller Address
invoice-1738.tiff;1;1;2480;3508;213020;1537;3202;185;45;1537;3202;1722;3202;1722;3247;1537;3247;AUGUSTE;AAAAAAA;SA;SUPPLIER_ADDRESS;Seller Address
invoice-1738.tiff;1;1;2480;3508;213021;1730;3202;13;45;1730;3202;1743;3202;1743;3247;1730;3247;-;S;SA;SUPPLIER_ADDRESS;Seller Address
invoice-1738.tiff;1;1;2480;3508;213022;1755;3202;104;45;1755;3202;1859;3202;1859;3247;1755;3247;75011;NNNNN;SA;SUPPLIER_ADDRESS;Seller Address
invoice-1738.tiff;1;1;2480;3508;213023;1878;3202;111;45;1878;3202;1989;3202;1989;3247;1878;3247;PARIS;AAAAA;SA;SUPPLIER_ADDRESS;Seller Address
invoice-1738.tiff;1;1;2480;3508;213024;1999;3202;41;45;1999;3202;2040;3202;2040;3247;1999;3247;11;NN;SA;SUPPLIER_ADDRESS;Seller Address
invoice-1738.tiff;1;1;2480;3508;213025;2049;3202;13;45;2049;3202;2062;3202;2062;3247;2049;3247;-;S;SA;SUPPLIER_ADDRESS;Seller Address
invoice-1738.tiff;1;1;2480;3508;213026;2073;3202;157;45;2073;3202;2230;3202;2230;3247;2073;3247;FRANCE;AAAAAA;SA;SUPPLIER_ADDRESS;Seller Address
