src;num_pages;page_id;page_width;page_height;id;col;row;width;height;x1;y1;x2;y2;x3;y3;x4;y4;contents;contents_masked;correctclass;tag;description
invoice-3197.tiff;1;1;2480;3508;393306;1541;62;175;175;1541;62;1716;62;1716;237;1541;237;common/logo;AAAAAASAAAA;img;IMAGE;Image
invoice-3197.tiff;1;1;2480;3508;393302;124;258;138;59;124;258;262;258;262;317;124;317;Dated;AAAAA;undefined;OTHER;OTHER
invoice-3197.tiff;1;1;2480;3508;393303;326;258;50;52;326;258;376;258;376;310;326;310;26;NN;IDATE;INVOICE_DATE;Invoice Date
invoice-3197.tiff;1;1;2480;3508;393304;390;258;91;52;390;258;481;258;481;310;390;310;mar,;AAAS;IDATE;INVOICE_DATE;Invoice Date
invoice-3197.tiff;1;1;2480;3508;393305;494;258;101;52;494;258;595;258;595;310;494;310;1979;NNNN;IDATE;INVOICE_DATE;Invoice Date
invoice-3197.tiff;1;1;2480;3508;393307;1541;412;127;49;1541;412;1668;412;1668;461;1541;461;SNJ33;AAANN;SN;SUPPLIER_NAME;Seller/Company) name
invoice-3197.tiff;1;1;2480;3508;393308;1541;462;23;48;1541;462;1564;462;1564;510;1541;510;4;N;SA;SUPPLIER_ADDRESS;Seller Address
invoice-3197.tiff;1;1;2480;3508;393309;1576;462;87;48;1576;462;1663;462;1663;510;1576;510;RUE;AAA;SA;SUPPLIER_ADDRESS;Seller Address
invoice-3197.tiff;1;1;2480;3508;393310;1675;462;60;48;1675;462;1735;462;1735;510;1675;510;DU;AA;SA;SUPPLIER_ADDRESS;Seller Address
invoice-3197.tiff;1;1;2480;3508;393311;1747;462;212;48;1747;462;1959;462;1959;510;1747;510;BOUCHON;AAAAAAA;SA;SUPPLIER_ADDRESS;Seller Address
invoice-3197.tiff;1;1;2480;3508;393312;1541;510;125;48;1541;510;1666;510;1666;558;1541;558;AUBIE;AAAAA;SA;SUPPLIER_ADDRESS;Seller Address
invoice-3197.tiff;1;1;2480;3508;393313;1678;510;53;48;1678;510;1731;510;1731;558;1678;558;ET;AA;SA;SUPPLIER_ADDRESS;Seller Address
invoice-3197.tiff;1;1;2480;3508;393314;1743;510;222;48;1743;510;1965;510;1965;558;1743;558;ESPESSAS;AAAAAAAA;SA;SUPPLIER_ADDRESS;Seller Address
invoice-3197.tiff;1;1;2480;3508;393315;1541;558;115;48;1541;558;1656;558;1656;606;1541;606;33240;NNNNN;SA;SUPPLIER_ADDRESS;Seller Address
invoice-3197.tiff;1;1;2480;3508;393316;1699;558;78;48;1699;558;1777;558;1777;606;1699;606;VAL;AAA;SA;SUPPLIER_ADDRESS;Seller Address
invoice-3197.tiff;1;1;2480;3508;393317;1789;558;57;48;1789;558;1846;558;1846;606;1789;606;DE;AA;SA;SUPPLIER_ADDRESS;Seller Address
invoice-3197.tiff;1;1;2480;3508;393318;1858;558;152;48;1858;558;2010;558;2010;606;1858;606;VIRVEE;AAAAAA;SA;SUPPLIER_ADDRESS;Seller Address
invoice-3197.tiff;1;1;2480;3508;393319;1541;606;171;48;1541;606;1712;606;1712;654;1541;654;FRANCE;AAAAAA;SA;SUPPLIER_ADDRESS;Seller Address
invoice-3197.tiff;1;1;2480;3508;393320;1541;654;120;48;1541;654;1661;654;1661;702;1541;702;Phone;AAAAA;undefined;OTHER;OTHER
invoice-3197.tiff;1;1;2480;3508;393321;1724;654;70;48;1724;654;1794;654;1794;702;1724;702;+33;SNN;SCN;SUPPLIER_CONTACT_NUMBER;Seller Contact Number
invoice-3197.tiff;1;1;2480;3508;393322;1806;654;23;48;1806;654;1829;654;1829;702;1806;702;0;N;SCN;SUPPLIER_CONTACT_NUMBER;Seller Contact Number
invoice-3197.tiff;1;1;2480;3508;393323;1841;654;69;48;1841;654;1910;654;1910;702;1841;702;935;NNN;SCN;SUPPLIER_CONTACT_NUMBER;Seller Contact Number
invoice-3197.tiff;1;1;2480;3508;393324;1922;654;69;48;1922;654;1991;654;1991;702;1922;702;169;NNN;SCN;SUPPLIER_CONTACT_NUMBER;Seller Contact Number
invoice-3197.tiff;1;1;2480;3508;393325;2003;654;69;48;2003;654;2072;654;2072;702;2003;702;482;NNN;SCN;SUPPLIER_CONTACT_NUMBER;Seller Contact Number
invoice-3197.tiff;1;1;2480;3508;393326;1541;702;69;48;1541;702;1610;702;1610;750;1541;750;Fax;AAA;undefined;OTHER;OTHER
invoice-3197.tiff;1;1;2480;3508;393327;1673;702;70;48;1673;702;1743;702;1743;750;1673;750;+33;SNN;SFAX;SUPPLIER_FAX_NUMBER;Seller Fax Number
invoice-3197.tiff;1;1;2480;3508;393328;1755;702;23;48;1755;702;1778;702;1778;750;1755;750;0;N;SFAX;SUPPLIER_FAX_NUMBER;Seller Fax Number
invoice-3197.tiff;1;1;2480;3508;393329;1790;702;69;48;1790;702;1859;702;1859;750;1790;750;935;NNN;SFAX;SUPPLIER_FAX_NUMBER;Seller Fax Number
invoice-3197.tiff;1;1;2480;3508;393330;1871;702;69;48;1871;702;1940;702;1940;750;1871;750;169;NNN;SFAX;SUPPLIER_FAX_NUMBER;Seller Fax Number
invoice-3197.tiff;1;1;2480;3508;393331;1952;702;69;48;1952;702;2021;702;2021;750;1952;750;079;NNN;SFAX;SUPPLIER_FAX_NUMBER;Seller Fax Number
invoice-3197.tiff;1;1;2480;3508;393341;1541;1147;164;49;1541;1147;1705;1147;1705;1196;1541;1196;Vladimir;AAAAAAAA;BN;BILLING_NAME;Billing Name
invoice-3197.tiff;1;1;2480;3508;393342;1717;1147;104;49;1717;1147;1821;1147;1821;1196;1717;1196;Beier;AAAAA;BN;BILLING_NAME;Billing Name
invoice-3197.tiff;1;1;2480;3508;393343;1541;1197;34;48;1541;1197;1575;1197;1575;1245;1541;1245;7,;NS;BA;BILLING_ADDRESS;Billing Address
invoice-3197.tiff;1;1;2480;3508;393344;1587;1197;60;48;1587;1197;1647;1197;1647;1245;1587;1245;rue;AAA;BA;BILLING_ADDRESS;Billing Address
invoice-3197.tiff;1;1;2480;3508;393345;1659;1197;46;48;1659;1197;1705;1197;1705;1245;1659;1245;de;AA;BA;BILLING_ADDRESS;Billing Address
invoice-3197.tiff;1;1;2480;3508;393346;1717;1197;32;48;1717;1197;1749;1197;1749;1245;1717;1245;la;AA;BA;BILLING_ADDRESS;Billing Address
invoice-3197.tiff;1;1;2480;3508;393347;1761;1197;206;48;1761;1197;1967;1197;1967;1245;1761;1245;jamauderie;AAAAAAAAAA;BA;BILLING_ADDRESS;Billing Address
invoice-3197.tiff;1;1;2480;3508;393348;1541;1245;115;48;1541;1245;1656;1245;1656;1293;1541;1293;89500;NNNNN;BA;BILLING_ADDRESS;Billing Address
invoice-3197.tiff;1;1;2480;3508;393349;1699;1245;152;48;1699;1245;1851;1245;1851;1293;1699;1293;Dixmont;AAAAAAA;BA;BILLING_ADDRESS;Billing Address
invoice-3197.tiff;1;1;2480;3508;393332;124;1249;157;54;124;1249;281;1249;281;1303;124;1303;Invoice;AAAAAAA;undefined;OTHER;OTHER
invoice-3197.tiff;1;1;2480;3508;393333;295;1249;173;54;295;1249;468;1249;468;1303;295;1303;Number;AAAAAA;undefined;OTHER;OTHER
invoice-3197.tiff;1;1;2480;3508;393334;750;1249;328;48;750;1249;1078;1249;1078;1297;750;1297;784-79574-18664;NNNSNNNNNSNNNNN;IN;INVOICE_NUMBER;Invoice Number
invoice-3197.tiff;1;1;2480;3508;393350;1541;1293;129;48;1541;1293;1670;1293;1670;1341;1541;1341;France;AAAAAA;BA;BILLING_ADDRESS;Billing Address
invoice-3197.tiff;1;1;2480;3508;393335;124;1324;124;54;124;1324;248;1324;248;1378;124;1378;Order;AAAAA;undefined;OTHER;OTHER
invoice-3197.tiff;1;1;2480;3508;393336;262;1324;173;54;262;1324;435;1324;435;1378;262;1378;Number;AAAAAA;undefined;OTHER;OTHER
invoice-3197.tiff;1;1;2480;3508;393337;750;1324;152;48;750;1324;902;1324;902;1372;750;1372;230-296;NNNSNNN;ONUM;ORDER_NUMBER;Order Number
invoice-3197.tiff;1;1;2480;3508;393351;1541;1383;108;59;1541;1383;1649;1383;1649;1442;1541;1442;Ship;AAAA;undefined;OTHER;OTHER
invoice-3197.tiff;1;1;2480;3508;393352;1663;1383;61;59;1663;1383;1724;1383;1724;1442;1663;1442;To;AA;undefined;OTHER;OTHER
invoice-3197.tiff;1;1;2480;3508;393338;124;1400;191;54;124;1400;315;1400;315;1454;124;1454;Payment;AAAAAAA;undefined;OTHER;OTHER
invoice-3197.tiff;1;1;2480;3508;393339;328;1400;145;54;328;1400;473;1400;473;1454;328;1454;means;AAAAA;undefined;OTHER;OTHER
invoice-3197.tiff;1;1;2480;3508;393340;750;1400;145;48;750;1400;895;1400;895;1448;750;1448;Cheque;AAAAAA;PMODE;PAYMENT_MODE;Payment Mode
invoice-3197.tiff;1;1;2480;3508;393353;1541;1442;164;49;1541;1442;1705;1442;1705;1491;1541;1491;Vladimir;AAAAAAAA;SHN;SHIPPING_NAME;Shipping Name
invoice-3197.tiff;1;1;2480;3508;393354;1717;1442;104;49;1717;1442;1821;1442;1821;1491;1717;1491;Beier;AAAAA;SHN;SHIPPING_NAME;Shipping Name
invoice-3197.tiff;1;1;2480;3508;393355;1541;1492;57;48;1541;1492;1598;1492;1598;1540;1541;1540;19,;NNS;SHA;SHIPPING_ADDRESS;Shipping Address
invoice-3197.tiff;1;1;2480;3508;393356;1611;1492;60;48;1611;1492;1671;1492;1671;1540;1611;1540;rue;AAA;SHA;SHIPPING_ADDRESS;Shipping Address
invoice-3197.tiff;1;1;2480;3508;393357;1682;1492;46;48;1682;1492;1728;1492;1728;1540;1682;1540;de;AA;SHA;SHIPPING_ADDRESS;Shipping Address
invoice-3197.tiff;1;1;2480;3508;393358;1740;1492;196;48;1740;1492;1936;1492;1936;1540;1740;1540;maubeuge;AAAAAAAA;SHA;SHIPPING_ADDRESS;Shipping Address
invoice-3197.tiff;1;1;2480;3508;393359;1541;1540;115;48;1541;1540;1656;1540;1656;1588;1541;1588;59600;NNNNN;SHA;SHIPPING_ADDRESS;Shipping Address
invoice-3197.tiff;1;1;2480;3508;393360;1699;1540;217;48;1699;1540;1916;1540;1916;1588;1699;1588;Vieux-Reng;AAAAASAAAA;SHA;SHIPPING_ADDRESS;Shipping Address
invoice-3197.tiff;1;1;2480;3508;393361;1541;1588;129;48;1541;1588;1670;1588;1670;1636;1541;1636;France;AAAAAA;SHA;SHIPPING_ADDRESS;Shipping Address
invoice-3197.tiff;1;1;2480;3508;393362;343;1904;173;54;343;1904;516;1904;516;1958;343;1958;Product;AAAAAAA;undefined;OTHER;OTHER
invoice-3197.tiff;1;1;2480;3508;393363;529;1904;252;54;529;1904;781;1904;781;1958;529;1958;Description;AAAAAAAAAAA;undefined;OTHER;OTHER
invoice-3197.tiff;1;1;2480;3508;393364;1032;1904;185;54;1032;1904;1217;1904;1217;1958;1032;1958;Quantity;AAAAAAAA;undefined;OTHER;OTHER
invoice-3197.tiff;1;1;2480;3508;393365;1309;1904;89;54;1309;1904;1398;1904;1398;1958;1309;1958;Unit;AAAA;undefined;OTHER;OTHER
invoice-3197.tiff;1;1;2480;3508;393366;1411;1904;112;54;1411;1904;1523;1904;1523;1958;1411;1958;Price;AAAAA;undefined;OTHER;OTHER
invoice-3197.tiff;1;1;2480;3508;393367;1648;1904;91;54;1648;1904;1739;1904;1739;1958;1648;1958;TVA;AAA;undefined;OTHER;OTHER
invoice-3197.tiff;1;1;2480;3508;393368;1752;1904;99;54;1752;1904;1851;1904;1851;1958;1752;1958;Rate;AAAA;undefined;OTHER;OTHER
invoice-3197.tiff;1;1;2480;3508;393369;2028;1904;109;54;2028;1904;2137;1904;2137;1958;2028;1958;Total;AAAAA;undefined;OTHER;OTHER
invoice-3197.tiff;1;1;2480;3508;393370;124;1979;138;49;124;1979;262;1979;262;2028;124;2028;Sticker;AAAAAAA;undefined;OTHER;OTHER
invoice-3197.tiff;1;1;2480;3508;393371;275;1979;138;49;275;1979;413;1979;413;2028;275;2028;iPhone;AAAAAA;undefined;OTHER;OTHER
invoice-3197.tiff;1;1;2480;3508;393372;426;1979;47;49;426;1979;473;1979;473;2028;426;2028;7+;NS;undefined;OTHER;OTHER
invoice-3197.tiff;1;1;2480;3508;393373;485;1979;106;49;485;1979;591;1979;591;2028;485;2028;Grille;AAAAAA;undefined;OTHER;OTHER
invoice-3197.tiff;1;1;2480;3508;393374;603;1979;206;49;603;1979;809;1979;809;2028;603;2028;métallique;AAAAAAAAAA;undefined;OTHER;OTHER
invoice-3197.tiff;1;1;2480;3508;393375;1113;1979;23;49;1113;1979;1136;1979;1136;2028;1113;2028;1;N;undefined;OTHER;OTHER
invoice-3197.tiff;1;1;2480;3508;393376;1314;1979;104;49;1314;1979;1418;1979;1418;2028;1314;2028;16,58;NNSNN;undefined;OTHER;OTHER
invoice-3197.tiff;1;1;2480;3508;393377;1430;1979;87;49;1430;1979;1517;1979;1517;2028;1430;2028;EUR;AAA;undefined;OTHER;OTHER
invoice-3197.tiff;1;1;2480;3508;393378;1690;1979;118;49;1690;1979;1808;1979;1808;2028;1690;2028;20.0%;NNSNS;undefined;OTHER;OTHER
invoice-3197.tiff;1;1;2480;3508;393379;1981;1979;104;49;1981;1979;2085;1979;2085;2028;1981;2028;16,58;NNSNN;undefined;OTHER;OTHER
invoice-3197.tiff;1;1;2480;3508;393380;2097;1979;87;49;2097;1979;2184;1979;2184;2028;2097;2028;EUR;AAA;undefined;OTHER;OTHER
invoice-3197.tiff;1;1;2480;3508;393381;124;2070;83;49;124;2070;207;2070;207;2119;124;2119;Mini;AAAA;undefined;OTHER;OTHER
invoice-3197.tiff;1;1;2480;3508;393382;219;2070;81;49;219;2070;300;2070;300;2119;219;2119;four;AAAA;undefined;OTHER;OTHER
invoice-3197.tiff;1;1;2480;3508;393383;312;2070;85;49;312;2070;397;2070;397;2119;312;2119;SEB;AAA;undefined;OTHER;OTHER
invoice-3197.tiff;1;1;2480;3508;393384;409;2070;196;49;409;2070;605;2070;605;2119;409;2119;OF281811;AANNNNNN;undefined;OTHER;OTHER
invoice-3197.tiff;1;1;2480;3508;393385;1113;2070;23;49;1113;2070;1136;2070;1136;2119;1113;2119;2;N;undefined;OTHER;OTHER
invoice-3197.tiff;1;1;2480;3508;393386;1303;2070;127;49;1303;2070;1430;2070;1430;2119;1303;2119;149,17;NNNSNN;undefined;OTHER;OTHER
invoice-3197.tiff;1;1;2480;3508;393387;1442;2070;87;49;1442;2070;1529;2070;1529;2119;1442;2119;EUR;AAA;undefined;OTHER;OTHER
invoice-3197.tiff;1;1;2480;3508;393388;1690;2070;118;49;1690;2070;1808;2070;1808;2119;1690;2119;20.0%;NNSNS;undefined;OTHER;OTHER
invoice-3197.tiff;1;1;2480;3508;393389;1969;2070;127;49;1969;2070;2096;2070;2096;2119;1969;2119;298,33;NNNSNN;undefined;OTHER;OTHER
invoice-3197.tiff;1;1;2480;3508;393390;2108;2070;87;49;2108;2070;2195;2070;2195;2119;2108;2119;EUR;AAA;undefined;OTHER;OTHER
invoice-3197.tiff;1;1;2480;3508;393391;1837;2203;101;52;1837;2203;1938;2203;1938;2255;1837;2255;Total;AAAAA;undefined;OTHER;OTHER
invoice-3197.tiff;1;1;2480;3508;393392;1981;2203;127;48;1981;2203;2108;2203;2108;2251;1981;2251;314,92;NNNSNN;TWTX;TOTAL_WITHOUT_TAX;TWTXS
invoice-3197.tiff;1;1;2480;3508;393393;2120;2203;87;48;2120;2203;2207;2203;2207;2251;2120;2251;EUR;AAA;TWTX;TOTAL_WITHOUT_TAX;TWTXS
invoice-3197.tiff;1;1;2480;3508;393394;1715;2256;76;52;1715;2256;1791;2256;1791;2308;1715;2308;Tax;AAA;undefined;OTHER;OTHER
invoice-3197.tiff;1;1;2480;3508;393395;1804;2256;157;52;1804;2256;1961;2256;1961;2308;1804;2308;Amount;AAAAAA;undefined;OTHER;OTHER
invoice-3197.tiff;1;1;2480;3508;393396;2004;2256;104;48;2004;2256;2108;2256;2108;2304;2004;2304;62,98;NNSNN;TTX;TOTAL_TAX;Total Tax
invoice-3197.tiff;1;1;2480;3508;393397;2120;2256;87;48;2120;2256;2207;2256;2207;2304;2120;2304;EUR;AAA;TTX;TOTAL_TAX;Total Tax
invoice-3197.tiff;1;1;2480;3508;393398;1644;2309;157;52;1644;2309;1801;2309;1801;2361;1644;2361;Amount;AAAAAA;undefined;OTHER;OTHER
invoice-3197.tiff;1;1;2480;3508;393399;1814;2309;38;52;1814;2309;1852;2309;1852;2361;1814;2361;to;AA;undefined;OTHER;OTHER
invoice-3197.tiff;1;1;2480;3508;393400;1865;2309;73;52;1865;2309;1938;2309;1938;2361;1865;2361;pay;AAA;undefined;OTHER;OTHER
invoice-3197.tiff;1;1;2480;3508;393401;1981;2309;127;48;1981;2309;2108;2309;2108;2357;1981;2357;377,90;NNNSNN;TA;TOTAL_AMOUNT;Total with TAX
invoice-3197.tiff;1;1;2480;3508;393402;2120;2309;87;48;2120;2309;2207;2309;2207;2357;2120;2357;EUR;AAA;TA;TOTAL_AMOUNT;Total with TAX
invoice-3197.tiff;1;1;2480;3508;393403;124;3154;127;49;124;3154;251;3154;251;3203;124;3203;SNJ33;AAANN;SN;SUPPLIER_NAME;Seller/Company) name
invoice-3197.tiff;1;1;2480;3508;393404;124;3203;23;48;124;3203;147;3203;147;3251;124;3251;4;N;SA;SUPPLIER_ADDRESS;Seller Address
invoice-3197.tiff;1;1;2480;3508;393405;159;3203;87;48;159;3203;246;3203;246;3251;159;3251;RUE;AAA;SA;SUPPLIER_ADDRESS;Seller Address
invoice-3197.tiff;1;1;2480;3508;393406;259;3203;60;48;259;3203;319;3203;319;3251;259;3251;DU;AA;SA;SUPPLIER_ADDRESS;Seller Address
invoice-3197.tiff;1;1;2480;3508;393407;331;3203;212;48;331;3203;543;3203;543;3251;331;3251;BOUCHON;AAAAAAA;SA;SUPPLIER_ADDRESS;Seller Address
invoice-3197.tiff;1;1;2480;3508;393408;552;3203;125;48;552;3203;677;3203;677;3251;552;3251;AUBIE;AAAAA;SA;SUPPLIER_ADDRESS;Seller Address
invoice-3197.tiff;1;1;2480;3508;393409;688;3203;53;48;688;3203;741;3203;741;3251;688;3251;ET;AA;SA;SUPPLIER_ADDRESS;Seller Address
invoice-3197.tiff;1;1;2480;3508;393410;753;3203;222;48;753;3203;975;3203;975;3251;753;3251;ESPESSAS;AAAAAAAA;SA;SUPPLIER_ADDRESS;Seller Address
invoice-3197.tiff;1;1;2480;3508;393411;992;3203;115;48;992;3203;1107;3203;1107;3251;992;3251;33240;NNNNN;SA;SUPPLIER_ADDRESS;Seller Address
invoice-3197.tiff;1;1;2480;3508;393412;1116;3203;78;48;1116;3203;1194;3203;1194;3251;1116;3251;VAL;AAA;SA;SUPPLIER_ADDRESS;Seller Address
invoice-3197.tiff;1;1;2480;3508;393413;1207;3203;57;48;1207;3203;1264;3203;1264;3251;1207;3251;DE;AA;SA;SUPPLIER_ADDRESS;Seller Address
invoice-3197.tiff;1;1;2480;3508;393414;1276;3203;152;48;1276;3203;1428;3203;1428;3251;1276;3251;VIRVEE;AAAAAA;SA;SUPPLIER_ADDRESS;Seller Address
invoice-3197.tiff;1;1;2480;3508;393415;1437;3203;171;48;1437;3203;1608;3203;1608;3251;1437;3251;FRANCE;AAAAAA;SA;SUPPLIER_ADDRESS;Seller Address
