src;num_pages;page_id;page_width;page_height;id;col;row;width;height;x1;y1;x2;y2;x3;y3;x4;y4;contents;contents_masked;correctclass;tag;description
invoice-1059.tiff;1;1;2480;3508;130079;1187;62;288;175;1187;62;1475;62;1475;237;1187;237;common/logo;AAAAAASAAAA;img;IMAGE;Image
invoice-1059.tiff;1;1;2480;3508;130076;124;270;172;59;124;270;296;270;296;329;124;329;Invoice;AAAAAAA;undefined;OTHER;OTHER
invoice-1059.tiff;1;1;2480;3508;130077;311;270;188;59;311;270;499;270;499;329;311;329;Number;AAAAAA;undefined;OTHER;OTHER
invoice-1059.tiff;1;1;2480;3508;130078;562;270;178;52;562;270;740;270;740;322;562;322;1470625;NNNNNNN;IN;INVOICE_NUMBER;Invoice Number
invoice-1059.tiff;1;1;2480;3508;130080;1187;412;99;49;1187;412;1286;412;1286;461;1187;461;C.I.M;ASASA;SN;SUPPLIER_NAME;Seller/Company) name
invoice-1059.tiff;1;1;2480;3508;130081;1298;412;175;49;1298;412;1473;412;1473;461;1298;461;PORRAZ;AAAAAA;SN;SUPPLIER_NAME;Seller/Company) name
invoice-1059.tiff;1;1;2480;3508;130082;1187;462;87;48;1187;462;1274;462;1274;510;1187;510;RUE;AAA;SA;SUPPLIER_ADDRESS;Seller Address
invoice-1059.tiff;1;1;2480;3508;130083;1287;462;85;48;1287;462;1372;462;1372;510;1287;510;DES;AAA;SA;SUPPLIER_ADDRESS;Seller Address
invoice-1059.tiff;1;1;2480;3508;130084;1384;462;263;48;1384;462;1647;462;1647;510;1384;510;CHEVALIERS;AAAAAAAAAA;SA;SUPPLIER_ADDRESS;Seller Address
invoice-1059.tiff;1;1;2480;3508;130085;1659;462;182;48;1659;462;1841;462;1841;510;1659;510;TIREURS;AAAAAAA;SA;SUPPLIER_ADDRESS;Seller Address
invoice-1059.tiff;1;1;2480;3508;130086;1851;462;11;48;1851;462;1862;462;1862;510;1851;510;,;S;SA;SUPPLIER_ADDRESS;Seller Address
invoice-1059.tiff;1;1;2480;3508;130087;1874;462;115;48;1874;462;1989;462;1989;510;1874;510;73190;NNNNN;SA;SUPPLIER_ADDRESS;Seller Address
invoice-1059.tiff;1;1;2480;3508;130088;1998;462;122;48;1998;462;2120;462;2120;510;1998;510;SAINT;AAAAA;SA;SUPPLIER_ADDRESS;Seller Address
invoice-1059.tiff;1;1;2480;3508;130089;2132;462;199;48;2132;462;2331;462;2331;510;2132;510;BALDOPH;AAAAAAA;SA;SUPPLIER_ADDRESS;Seller Address
invoice-1059.tiff;1;1;2480;3508;130090;1187;510;120;48;1187;510;1307;510;1307;558;1187;558;Phone;AAAAA;undefined;OTHER;OTHER
invoice-1059.tiff;1;1;2480;3508;130091;1332;510;287;48;1332;510;1619;510;1619;558;1332;558;00-80-30-37-23;NNSNNSNNSNNSNN;SCN;SUPPLIER_CONTACT_NUMBER;Seller Contact Number
invoice-1059.tiff;1;1;2480;3508;130092;1661;510;69;48;1661;510;1730;510;1730;558;1661;558;Fax;AAA;undefined;OTHER;OTHER
invoice-1059.tiff;1;1;2480;3508;130093;1756;510;287;48;1756;510;2043;510;2043;558;1756;558;00-80-30-56-58;NNSNNSNNSNNSNN;SFAX;SUPPLIER_FAX_NUMBER;Seller Fax Number
invoice-1059.tiff;1;1;2480;3508;130094;124;747;108;59;124;747;232;747;232;806;124;806;Sold;AAAA;undefined;OTHER;OTHER
invoice-1059.tiff;1;1;2480;3508;130095;247;747;61;59;247;747;308;747;308;806;247;806;To;AA;undefined;OTHER;OTHER
invoice-1059.tiff;1;1;2480;3508;130103;1541;747;122;59;1541;747;1663;747;1663;806;1541;806;Send;AAAA;undefined;OTHER;OTHER
invoice-1059.tiff;1;1;2480;3508;130104;1677;747;61;59;1677;747;1738;747;1738;806;1677;806;To;AA;undefined;OTHER;OTHER
invoice-1059.tiff;1;1;2480;3508;130096;124;807;50;49;124;807;174;807;174;856;124;856;Eli;AAA;BN;BILLING_NAME;Billing Name
invoice-1059.tiff;1;1;2480;3508;130097;187;807;104;49;187;807;291;807;291;856;187;856;Kling;AAAAA;BN;BILLING_NAME;Billing Name
invoice-1059.tiff;1;1;2480;3508;130105;1541;807;50;49;1541;807;1591;807;1591;856;1541;856;Eli;AAA;SHN;SHIPPING_NAME;Shipping Name
invoice-1059.tiff;1;1;2480;3508;130106;1604;807;104;49;1604;807;1708;807;1708;856;1604;856;Kling;AAAAA;SHN;SHIPPING_NAME;Shipping Name
invoice-1059.tiff;1;1;2480;3508;130098;124;856;34;48;124;856;158;856;158;904;124;904;7,;NS;BA;BILLING_ADDRESS;Billing Address
invoice-1059.tiff;1;1;2480;3508;130099;171;856;217;48;171;856;388;856;388;904;171;904;puybergault;AAAAAAAAAAA;BA;BILLING_ADDRESS;Billing Address
invoice-1059.tiff;1;1;2480;3508;130107;1541;856;34;48;1541;856;1575;856;1575;904;1541;904;7,;NS;SHA;SHIPPING_ADDRESS;Shipping Address
invoice-1059.tiff;1;1;2480;3508;130108;1587;856;217;48;1587;856;1804;856;1804;904;1587;904;puybergault;AAAAAAAAAAA;SHA;SHIPPING_ADDRESS;Shipping Address
invoice-1059.tiff;1;1;2480;3508;130100;124;904;115;48;124;904;239;904;239;952;124;952;86470;NNNNN;BA;BILLING_ADDRESS;Billing Address
invoice-1059.tiff;1;1;2480;3508;130101;282;904;182;48;282;904;464;904;464;952;282;952;Benassay;AAAAAAAA;BA;BILLING_ADDRESS;Billing Address
invoice-1059.tiff;1;1;2480;3508;130109;1541;904;115;48;1541;904;1656;904;1656;952;1541;952;86470;NNNNN;SHA;SHIPPING_ADDRESS;Shipping Address
invoice-1059.tiff;1;1;2480;3508;130110;1699;904;182;48;1699;904;1881;904;1881;952;1699;952;Benassay;AAAAAAAA;SHA;SHIPPING_ADDRESS;Shipping Address
invoice-1059.tiff;1;1;2480;3508;130102;124;953;129;48;124;953;253;953;253;1001;124;1001;France;AAAAAA;BA;BILLING_ADDRESS;Billing Address
invoice-1059.tiff;1;1;2480;3508;130111;1541;953;129;48;1541;953;1670;953;1670;1001;1541;1001;France;AAAAAA;SHA;SHIPPING_ADDRESS;Shipping Address
invoice-1059.tiff;1;1;2480;3508;130112;124;1233;157;54;124;1233;281;1233;281;1287;124;1287;Invoice;AAAAAAA;undefined;OTHER;OTHER
invoice-1059.tiff;1;1;2480;3508;130113;295;1233;99;54;295;1233;394;1233;394;1287;295;1287;Date;AAAA;undefined;OTHER;OTHER
invoice-1059.tiff;1;1;2480;3508;130114;750;1233;60;48;750;1233;810;1233;810;1281;750;1281;abr;AAA;IDATE;INVOICE_DATE;Invoice Date
invoice-1059.tiff;1;1;2480;3508;130115;821;1233;57;48;821;1233;878;1233;878;1281;821;1281;16,;NNS;IDATE;INVOICE_DATE;Invoice Date
invoice-1059.tiff;1;1;2480;3508;130116;891;1233;92;48;891;1233;983;1233;983;1281;891;1281;2007;NNNN;IDATE;INVOICE_DATE;Invoice Date
invoice-1059.tiff;1;1;2480;3508;130117;124;1308;127;54;124;1308;251;1308;251;1362;124;1362;Client;AAAAAA;undefined;OTHER;OTHER
invoice-1059.tiff;1;1;2480;3508;130118;265;1308;173;54;265;1308;438;1308;438;1362;265;1362;Number;AAAAAA;undefined;OTHER;OTHER
invoice-1059.tiff;1;1;2480;3508;130119;750;1308;115;48;750;1308;865;1308;865;1356;750;1356;78097;NNNNN;CNUM;CLIENT_NUMBER;Client Number
invoice-1059.tiff;1;1;2480;3508;130120;124;1384;124;54;124;1384;248;1384;248;1438;124;1438;Order;AAAAA;undefined;OTHER;OTHER
invoice-1059.tiff;1;1;2480;3508;130121;262;1384;173;54;262;1384;435;1384;435;1438;262;1438;Number;AAAAAA;undefined;OTHER;OTHER
invoice-1059.tiff;1;1;2480;3508;130122;750;1384;92;48;750;1384;842;1384;842;1432;750;1432;2094;NNNN;ONUM;ORDER_NUMBER;Order Number
invoice-1059.tiff;1;1;2480;3508;130123;124;1459;135;54;124;1459;259;1459;259;1513;124;1513;Payed;AAAAA;undefined;OTHER;OTHER
invoice-1059.tiff;1;1;2480;3508;130124;272;1459;173;54;272;1459;445;1459;445;1513;272;1513;through;AAAAAAA;undefined;OTHER;OTHER
invoice-1059.tiff;1;1;2480;3508;130125;750;1459;94;48;750;1459;844;1459;844;1507;750;1507;Bank;AAAA;PMODE;PAYMENT_MODE;Payment Mode
invoice-1059.tiff;1;1;2480;3508;130126;856;1459;155;48;856;1459;1011;1459;1011;1507;856;1507;Transfer;AAAAAAAA;PMODE;PAYMENT_MODE;Payment Mode
invoice-1059.tiff;1;1;2480;3508;130127;149;1925;117;54;149;1925;266;1925;266;1979;149;1979;S.No.;ASAAS;undefined;OTHER;OTHER
invoice-1059.tiff;1;1;2480;3508;130128;468;1925;173;54;468;1925;641;1925;641;1979;468;1979;Product;AAAAAAA;undefined;OTHER;OTHER
invoice-1059.tiff;1;1;2480;3508;130129;654;1925;252;54;654;1925;906;1925;906;1979;654;1979;Description;AAAAAAAAAAA;undefined;OTHER;OTHER
invoice-1059.tiff;1;1;2480;3508;130130;1136;1925;185;54;1136;1925;1321;1925;1321;1979;1136;1979;Quantity;AAAAAAAA;undefined;OTHER;OTHER
invoice-1059.tiff;1;1;2480;3508;130131;1413;1925;89;54;1413;1925;1502;1925;1502;1979;1413;1979;Unit;AAAA;undefined;OTHER;OTHER
invoice-1059.tiff;1;1;2480;3508;130132;1515;1925;112;54;1515;1925;1627;1925;1627;1979;1515;1979;Price;AAAAA;undefined;OTHER;OTHER
invoice-1059.tiff;1;1;2480;3508;130133;1710;1925;91;54;1710;1925;1801;1925;1801;1979;1710;1979;TVA;AAA;undefined;OTHER;OTHER
invoice-1059.tiff;1;1;2480;3508;130134;1815;1925;99;54;1815;1925;1914;1925;1914;1979;1815;1979;Rate;AAAA;undefined;OTHER;OTHER
invoice-1059.tiff;1;1;2480;3508;130135;2049;1925;109;54;2049;1925;2158;1925;2158;1979;2049;1979;Total;AAAAA;undefined;OTHER;OTHER
invoice-1059.tiff;1;1;2480;3508;130136;196;2001;23;49;196;2001;219;2001;219;2050;196;2050;1;N;undefined;OTHER;OTHER
invoice-1059.tiff;1;1;2480;3508;130137;291;2001;141;49;291;2001;432;2001;432;2050;291;2050;Brosse;AAAAAA;undefined;OTHER;OTHER
invoice-1059.tiff;1;1;2480;3508;130138;444;2001;23;49;444;2001;467;2001;467;2050;444;2050;à;A;undefined;OTHER;OTHER
invoice-1059.tiff;1;1;2480;3508;130139;479;2001;111;49;479;2001;590;2001;590;2050;479;2050;dents;AAAAA;undefined;OTHER;OTHER
invoice-1059.tiff;1;1;2480;3508;130140;601;2001;196;49;601;2001;797;2001;797;2050;601;2050;électrique;AAAAAAAAAA;undefined;OTHER;OTHER
invoice-1059.tiff;1;1;2480;3508;130141;810;2001;127;49;810;2001;937;2001;937;2050;810;2050;Oral-B;AAAASA;undefined;OTHER;OTHER
invoice-1059.tiff;1;1;2480;3508;130145;1217;2001;23;49;1217;2001;1240;2001;1240;2050;1217;2050;3;N;undefined;OTHER;OTHER
invoice-1059.tiff;1;1;2480;3508;130146;1468;2001;104;49;1468;2001;1572;2001;1572;2050;1468;2050;20,83;NNSNN;undefined;OTHER;OTHER
invoice-1059.tiff;1;1;2480;3508;130147;1753;2001;118;49;1753;2001;1871;2001;1871;2050;1753;2050;20.0%;NNSNS;undefined;OTHER;OTHER
invoice-1059.tiff;1;1;2480;3508;130148;2052;2001;104;49;2052;2001;2156;2001;2156;2050;2052;2050;62,48;NNSNN;undefined;OTHER;OTHER
invoice-1059.tiff;1;1;2480;3508;130142;291;2050;185;49;291;2050;476;2050;476;2099;291;2099;VITALITY;AAAAAAAA;undefined;OTHER;OTHER
invoice-1059.tiff;1;1;2480;3508;130143;488;2050;148;49;488;2050;636;2050;636;2099;488;2099;CROSS;AAAAA;undefined;OTHER;OTHER
invoice-1059.tiff;1;1;2480;3508;130144;648;2050;159;49;648;2050;807;2050;807;2099;648;2099;ACTION;AAAAAA;undefined;OTHER;OTHER
invoice-1059.tiff;1;1;2480;3508;130149;196;2142;23;49;196;2142;219;2142;219;2191;196;2191;2;N;undefined;OTHER;OTHER
invoice-1059.tiff;1;1;2480;3508;130150;1217;2142;23;49;1217;2142;1240;2142;1240;2191;1217;2191;2;N;undefined;OTHER;OTHER
invoice-1059.tiff;1;1;2480;3508;130151;1480;2142;81;49;1480;2142;1561;2142;1561;2191;1480;2191;0,00;NSNN;undefined;OTHER;OTHER
invoice-1059.tiff;1;1;2480;3508;130152;1753;2142;118;49;1753;2142;1871;2142;1871;2191;1753;2191;20.0%;NNSNS;undefined;OTHER;OTHER
invoice-1059.tiff;1;1;2480;3508;130153;2063;2142;81;49;2063;2142;2144;2142;2144;2191;2063;2191;0,00;NSNN;undefined;OTHER;OTHER
invoice-1059.tiff;1;1;2480;3508;130154;196;2233;23;49;196;2233;219;2233;219;2282;196;2282;3;N;undefined;OTHER;OTHER
invoice-1059.tiff;1;1;2480;3508;130155;291;2233;166;49;291;2233;457;2233;457;2282;291;2282;Appareil;AAAAAAAA;undefined;OTHER;OTHER
invoice-1059.tiff;1;1;2480;3508;130156;469;2233;115;49;469;2233;584;2233;584;2282;469;2282;photo;AAAAA;undefined;OTHER;OTHER
invoice-1059.tiff;1;1;2480;3508;130157;597;2233;208;49;597;2233;805;2233;805;2282;597;2282;Instantané;AAAAAAAAAA;undefined;OTHER;OTHER
invoice-1059.tiff;1;1;2480;3508;130158;817;2233;74;49;817;2233;891;2233;891;2282;817;2282;Fuji;AAAA;undefined;OTHER;OTHER
invoice-1059.tiff;1;1;2480;3508;130159;902;2233;120;49;902;2233;1022;2233;1022;2282;902;2282;Instax;AAAAAA;undefined;OTHER;OTHER
invoice-1059.tiff;1;1;2480;3508;130163;1217;2233;23;49;1217;2233;1240;2233;1240;2282;1217;2282;1;N;undefined;OTHER;OTHER
invoice-1059.tiff;1;1;2480;3508;130164;1468;2233;104;49;1468;2233;1572;2233;1572;2282;1468;2282;58,33;NNSNN;undefined;OTHER;OTHER
invoice-1059.tiff;1;1;2480;3508;130165;1753;2233;118;49;1753;2233;1871;2233;1871;2282;1753;2282;20.0%;NNSNS;undefined;OTHER;OTHER
invoice-1059.tiff;1;1;2480;3508;130166;2052;2233;104;49;2052;2233;2156;2233;2156;2282;2052;2282;58,33;NNSNN;undefined;OTHER;OTHER
invoice-1059.tiff;1;1;2480;3508;130160;291;2283;83;49;291;2283;374;2283;374;2332;291;2332;Mini;AAAA;undefined;OTHER;OTHER
invoice-1059.tiff;1;1;2480;3508;130161;386;2283;23;49;386;2283;409;2283;409;2332;386;2332;8;N;undefined;OTHER;OTHER
invoice-1059.tiff;1;1;2480;3508;130162;421;2283;129;49;421;2283;550;2283;550;2332;421;2332;Rouge;AAAAA;undefined;OTHER;OTHER
invoice-1059.tiff;1;1;2480;3508;130167;1918;2415;109;54;1918;2415;2027;2415;2027;2469;1918;2469;Total;AAAAA;undefined;OTHER;OTHER
invoice-1059.tiff;1;1;2480;3508;130168;2069;2415;127;49;2069;2415;2196;2415;2196;2464;2069;2464;120,80;NNNSNN;TWTX;TOTAL_WITHOUT_TAX;TWTXS
invoice-1059.tiff;1;1;2480;3508;130169;1844;2470;91;54;1844;2470;1935;2470;1935;2524;1844;2524;TVA;AAA;undefined;OTHER;OTHER
invoice-1059.tiff;1;1;2480;3508;130170;1949;2470;99;54;1949;2470;2048;2470;2048;2524;1949;2524;Rate;AAAA;undefined;OTHER;OTHER
invoice-1059.tiff;1;1;2480;3508;130171;2090;2470;118;49;2090;2470;2208;2470;2208;2519;2090;2519;20.0%;NNSNS;TXR;TAX_RATE;Tax Rate
invoice-1059.tiff;1;1;2480;3508;130172;1786;2525;78;54;1786;2525;1864;2525;1864;2579;1786;2579;Tax;AAA;undefined;OTHER;OTHER
invoice-1059.tiff;1;1;2480;3508;130173;1877;2525;173;54;1877;2525;2050;2525;2050;2579;1877;2579;Amount;AAAAAA;undefined;OTHER;OTHER
invoice-1059.tiff;1;1;2480;3508;130174;2092;2525;104;49;2092;2525;2196;2525;2196;2574;2092;2574;24,16;NNSNN;TTX;TOTAL_TAX;Total Tax
invoice-1059.tiff;1;1;2480;3508;130175;1706;2579;173;54;1706;2579;1879;2579;1879;2633;1706;2633;Amount;AAAAAA;undefined;OTHER;OTHER
invoice-1059.tiff;1;1;2480;3508;130176;1892;2579;43;54;1892;2579;1935;2579;1935;2633;1892;2633;to;AA;undefined;OTHER;OTHER
invoice-1059.tiff;1;1;2480;3508;130177;1948;2579;78;54;1948;2579;2026;2579;2026;2633;1948;2633;pay;AAA;undefined;OTHER;OTHER
invoice-1059.tiff;1;1;2480;3508;130178;2069;2579;127;49;2069;2579;2196;2579;2196;2628;2069;2628;144,96;NNNSNN;TA;TOTAL_AMOUNT;Total with TAX
invoice-1059.tiff;1;1;2480;3508;130179;124;3175;99;49;124;3175;223;3175;223;3224;124;3224;C.I.M;ASASA;SN;SUPPLIER_NAME;Seller/Company) name
invoice-1059.tiff;1;1;2480;3508;130180;236;3175;175;49;236;3175;411;3175;411;3224;236;3224;PORRAZ;AAAAAA;SN;SUPPLIER_NAME;Seller/Company) name
invoice-1059.tiff;1;1;2480;3508;130181;124;3224;87;48;124;3224;211;3224;211;3272;124;3272;RUE;AAA;SA;SUPPLIER_ADDRESS;Seller Address
invoice-1059.tiff;1;1;2480;3508;130182;224;3224;85;48;224;3224;309;3224;309;3272;224;3272;DES;AAA;SA;SUPPLIER_ADDRESS;Seller Address
invoice-1059.tiff;1;1;2480;3508;130183;321;3224;263;48;321;3224;584;3224;584;3272;321;3272;CHEVALIERS;AAAAAAAAAA;SA;SUPPLIER_ADDRESS;Seller Address
invoice-1059.tiff;1;1;2480;3508;130184;597;3224;182;48;597;3224;779;3224;779;3272;597;3272;TIREURS;AAAAAAA;SA;SUPPLIER_ADDRESS;Seller Address
invoice-1059.tiff;1;1;2480;3508;130185;124;3272;115;48;124;3272;239;3272;239;3320;124;3320;73190;NNNNN;SA;SUPPLIER_ADDRESS;Seller Address
invoice-1059.tiff;1;1;2480;3508;130186;282;3272;122;48;282;3272;404;3272;404;3320;282;3320;SAINT;AAAAA;SA;SUPPLIER_ADDRESS;Seller Address
invoice-1059.tiff;1;1;2480;3508;130187;416;3272;199;48;416;3272;615;3272;615;3320;416;3320;BALDOPH;AAAAAAA;SA;SUPPLIER_ADDRESS;Seller Address
