src;num_pages;page_id;page_width;page_height;id;col;row;width;height;x1;y1;x2;y2;x3;y3;x4;y4;contents;contents_masked;correctclass;tag;description
invoice-2433.tiff;1;1;2480;3508;299479;833;62;149;175;833;62;982;62;982;237;833;237;common/logo;AAAAAASAAAA;img;IMAGE;Image
invoice-2433.tiff;1;1;2480;3508;299475;124;237;106;45;124;237;230;237;230;282;124;282;Phone;AAAAA;undefined;OTHER;OTHER
invoice-2433.tiff;1;1;2480;3508;299476;293;237;263;45;293;237;556;237;556;282;293;282;02-24-62-40-04;NNSNNSNNSNNSNN;SCN;SUPPLIER_CONTACT_NUMBER;Seller Contact Number
invoice-2433.tiff;1;1;2480;3508;299480;1541;237;250;48;1541;237;1791;237;1791;285;1541;285;MOLINILLO;AAAAAAAAA;SN;SUPPLIER_NAME;Seller/Company) name
invoice-2433.tiff;1;1;2480;3508;299481;1802;237;219;48;1802;237;2021;237;2021;285;1802;285;TRAITEUR;AAAAAAAA;SN;SUPPLIER_NAME;Seller/Company) name
invoice-2433.tiff;1;1;2480;3508;299477;124;283;64;45;124;283;188;283;188;328;124;328;Fax;AAA;undefined;OTHER;OTHER
invoice-2433.tiff;1;1;2480;3508;299478;252;283;263;45;252;283;515;283;515;328;252;328;02-24-62-27-50;NNSNNSNNSNNSNN;SFAX;SUPPLIER_FAX_NUMBER;Seller Fax Number
invoice-2433.tiff;1;1;2480;3508;299482;1541;285;20;45;1541;285;1561;285;1561;330;1541;330;4;N;SA;SUPPLIER_ADDRESS;Seller Address
invoice-2433.tiff;1;1;2480;3508;299483;1572;285;134;45;1572;285;1706;285;1706;330;1572;330;ROUTE;AAAAA;SA;SUPPLIER_ADDRESS;Seller Address
invoice-2433.tiff;1;1;2480;3508;299484;1717;285;55;45;1717;285;1772;285;1772;330;1717;330;DE;AA;SA;SUPPLIER_ADDRESS;Seller Address
invoice-2433.tiff;1;1;2480;3508;299485;1783;285;233;45;1783;285;2016;285;2016;330;1783;330;BERNISSART;AAAAAAAAAA;SA;SUPPLIER_ADDRESS;Seller Address
invoice-2433.tiff;1;1;2480;3508;299486;1541;331;104;45;1541;331;1645;331;1645;376;1541;376;59163;NNNNN;SA;SUPPLIER_ADDRESS;Seller Address
invoice-2433.tiff;1;1;2480;3508;299487;1687;331;141;45;1687;331;1828;331;1828;376;1687;376;CONDE;AAAAA;SA;SUPPLIER_ADDRESS;Seller Address
invoice-2433.tiff;1;1;2480;3508;299488;1839;331;76;45;1839;331;1915;331;1915;376;1839;376;SUR;AAA;SA;SUPPLIER_ADDRESS;Seller Address
invoice-2433.tiff;1;1;2480;3508;299489;1925;331;184;45;1925;331;2109;331;2109;376;1925;376;L'ESCAUT;ASAAAAAA;SA;SUPPLIER_ADDRESS;Seller Address
invoice-2433.tiff;1;1;2480;3508;299490;1541;377;157;45;1541;377;1698;377;1698;422;1541;422;FRANCE;AAAAAA;SA;SUPPLIER_ADDRESS;Seller Address
invoice-2433.tiff;1;1;2480;3508;299491;124;607;105;57;124;607;229;607;229;664;124;664;Send;AAAA;undefined;OTHER;OTHER
invoice-2433.tiff;1;1;2480;3508;299492;243;607;58;57;243;607;301;607;301;664;243;664;To;AA;undefined;OTHER;OTHER
invoice-2433.tiff;1;1;2480;3508;299501;1541;607;94;57;1541;607;1635;607;1635;664;1541;664;Sold;AAAA;undefined;OTHER;OTHER
invoice-2433.tiff;1;1;2480;3508;299502;1648;607;58;57;1648;607;1706;607;1706;664;1648;664;To;AA;undefined;OTHER;OTHER
invoice-2433.tiff;1;1;2480;3508;299493;124;664;115;48;124;664;239;664;239;712;124;712;Joanie;AAAAAA;SHN;SHIPPING_NAME;Shipping Name
invoice-2433.tiff;1;1;2480;3508;299494;251;664;138;48;251;664;389;664;389;712;251;712;Sawayn;AAAAAA;SHN;SHIPPING_NAME;Shipping Name
invoice-2433.tiff;1;1;2480;3508;299495;400;664;16;48;400;664;416;664;416;712;400;712;I;A;SHN;SHIPPING_NAME;Shipping Name
invoice-2433.tiff;1;1;2480;3508;299503;1541;664;115;48;1541;664;1656;664;1656;712;1541;712;Joanie;AAAAAA;BN;BILLING_NAME;Billing Name
invoice-2433.tiff;1;1;2480;3508;299504;1667;664;138;48;1667;664;1805;664;1805;712;1667;712;Sawayn;AAAAAA;BN;BILLING_NAME;Billing Name
invoice-2433.tiff;1;1;2480;3508;299505;1817;664;16;48;1817;664;1833;664;1833;712;1817;712;I;A;BN;BILLING_NAME;Billing Name
invoice-2433.tiff;1;1;2480;3508;299496;124;712;31;45;124;712;155;712;155;757;124;757;1,;NS;SHA;SHIPPING_ADDRESS;Shipping Address
invoice-2433.tiff;1;1;2480;3508;299497;166;712;194;45;166;712;360;712;360;757;166;757;canavaggio;AAAAAAAAAA;SHA;SHIPPING_ADDRESS;Shipping Address
invoice-2433.tiff;1;1;2480;3508;299506;1541;712;31;45;1541;712;1572;712;1572;757;1541;757;1,;NS;BA;BILLING_ADDRESS;Billing Address
invoice-2433.tiff;1;1;2480;3508;299507;1583;712;194;45;1583;712;1777;712;1777;757;1583;757;canavaggio;AAAAAAAAAA;BA;BILLING_ADDRESS;Billing Address
invoice-2433.tiff;1;1;2480;3508;299498;124;758;104;45;124;758;228;758;228;803;124;803;20142;NNNNN;SHA;SHIPPING_ADDRESS;Shipping Address
invoice-2433.tiff;1;1;2480;3508;299499;270;758;120;45;270;758;390;758;390;803;270;803;Campo;AAAAA;SHA;SHIPPING_ADDRESS;Shipping Address
invoice-2433.tiff;1;1;2480;3508;299508;1541;758;104;45;1541;758;1645;758;1645;803;1541;803;20142;NNNNN;BA;BILLING_ADDRESS;Billing Address
invoice-2433.tiff;1;1;2480;3508;299509;1687;758;120;45;1687;758;1807;758;1807;803;1687;803;Campo;AAAAA;BA;BILLING_ADDRESS;Billing Address
invoice-2433.tiff;1;1;2480;3508;299500;124;804;120;45;124;804;244;804;244;849;124;849;France;AAAAAA;SHA;SHIPPING_ADDRESS;Shipping Address
invoice-2433.tiff;1;1;2480;3508;299510;1541;804;120;45;1541;804;1661;804;1661;849;1541;849;France;AAAAAA;BA;BILLING_ADDRESS;Billing Address
invoice-2433.tiff;1;1;2480;3508;299511;124;1084;142;52;124;1084;266;1084;266;1136;124;1136;Invoice;AAAAAAA;undefined;OTHER;OTHER
invoice-2433.tiff;1;1;2480;3508;299512;279;1084;195;52;279;1084;474;1084;474;1136;279;1136;Reference;AAAAAAAAA;undefined;OTHER;OTHER
invoice-2433.tiff;1;1;2480;3508;299513;750;1084;171;46;750;1084;921;1084;921;1130;750;1130;INV-3303;AAASNNNN;IN;INVOICE_NUMBER;Invoice Number
invoice-2433.tiff;1;1;2480;3508;299514;124;1158;142;52;124;1158;266;1158;266;1210;124;1210;Invoice;AAAAAAA;undefined;OTHER;OTHER
invoice-2433.tiff;1;1;2480;3508;299515;279;1158;91;52;279;1158;370;1158;370;1210;279;1210;Date;AAAA;undefined;OTHER;OTHER
invoice-2433.tiff;1;1;2480;3508;299516;750;1158;41;46;750;1158;791;1158;791;1204;750;1204;29;NN;IDATE;INVOICE_DATE;Invoice Date
invoice-2433.tiff;1;1;2480;3508;299517;802;1158;75;46;802;1158;877;1158;877;1204;802;1204;mar,;AAAS;IDATE;INVOICE_DATE;Invoice Date
invoice-2433.tiff;1;1;2480;3508;299518;887;1158;83;46;887;1158;970;1158;970;1204;887;1204;1998;NNNN;IDATE;INVOICE_DATE;Invoice Date
invoice-2433.tiff;1;1;2480;3508;299525;1541;1194;122;52;1541;1194;1663;1194;1663;1246;1541;1246;Order;AAAAA;undefined;OTHER;OTHER
invoice-2433.tiff;1;1;2480;3508;299526;1675;1194;195;52;1675;1194;1870;1194;1870;1246;1675;1246;Reference;AAAAAAAAA;undefined;OTHER;OTHER
invoice-2433.tiff;1;1;2480;3508;299527;2166;1194;171;46;2166;1194;2337;1194;2337;1240;2166;1240;COM-805;AAASNNN;ONUM;ORDER_NUMBER;Order Number
invoice-2433.tiff;1;1;2480;3508;299519;124;1231;119;52;124;1231;243;1231;243;1283;124;1283;Client;AAAAAA;undefined;OTHER;OTHER
invoice-2433.tiff;1;1;2480;3508;299520;256;1231;195;52;256;1231;451;1231;451;1283;256;1283;Reference;AAAAAAAAA;undefined;OTHER;OTHER
invoice-2433.tiff;1;1;2480;3508;299521;750;1231;150;46;750;1231;900;1231;900;1277;750;1277;CL-0136;AASNNNN;CNUM;CLIENT_NUMBER;Client Number
invoice-2433.tiff;1;1;2480;3508;299522;124;1305;119;52;124;1305;243;1305;243;1357;124;1357;Payed;AAAAA;undefined;OTHER;OTHER
invoice-2433.tiff;1;1;2480;3508;299523;256;1305;157;52;256;1305;413;1305;413;1357;256;1357;through;AAAAAAA;undefined;OTHER;OTHER
invoice-2433.tiff;1;1;2480;3508;299524;750;1305;127;46;750;1305;877;1305;877;1351;750;1351;Cheque;AAAAAA;PMODE;PAYMENT_MODE;Payment Mode
invoice-2433.tiff;1;1;2480;3508;299528;174;1773;67;52;174;1773;241;1773;241;1825;174;1825;No.;AAS;undefined;OTHER;OTHER
invoice-2433.tiff;1;1;2480;3508;299529;565;1773;244;52;565;1773;809;1773;809;1825;565;1825;Descriptions;AAAAAAAAAAAA;undefined;OTHER;OTHER
invoice-2433.tiff;1;1;2480;3508;299530;1192;1773;73;52;1192;1773;1265;1773;1265;1825;1192;1825;Qty;AAA;undefined;OTHER;OTHER
invoice-2433.tiff;1;1;2480;3508;299531;1478;1773;84;52;1478;1773;1562;1773;1562;1825;1478;1825;U.P.;ASAS;undefined;OTHER;OTHER
invoice-2433.tiff;1;1;2480;3508;299532;1709;1773;206;52;1709;1773;1915;1773;1915;1825;1709;1825;VAT/TVA;AAASAAA;undefined;OTHER;OTHER
invoice-2433.tiff;1;1;2480;3508;299533;2023;1773;160;52;2023;1773;2183;1773;2183;1825;2023;1825;Amount;AAAAAA;undefined;OTHER;OTHER
invoice-2433.tiff;1;1;2480;3508;299534;197;1847;20;48;197;1847;217;1847;217;1895;197;1895;1;N;undefined;OTHER;OTHER
invoice-2433.tiff;1;1;2480;3508;299535;291;1847;159;48;291;1847;450;1847;450;1895;291;1895;Filament;AAAAAAAA;undefined;OTHER;OTHER
invoice-2433.tiff;1;1;2480;3508;299536;461;1847;50;48;461;1847;511;1847;511;1895;461;1895;3D;NA;undefined;OTHER;OTHER
invoice-2433.tiff;1;1;2480;3508;299537;523;1847;148;48;523;1847;671;1847;671;1895;523;1895;Dagoma;AAAAAA;undefined;OTHER;OTHER
invoice-2433.tiff;1;1;2480;3508;299538;681;1847;159;48;681;1847;840;1847;840;1895;681;1895;Filament;AAAAAAAA;undefined;OTHER;OTHER
invoice-2433.tiff;1;1;2480;3508;299539;851;1847;83;48;851;1847;934;1847;934;1895;851;1895;PLA;AAA;undefined;OTHER;OTHER
invoice-2433.tiff;1;1;2480;3508;299543;1218;1847;20;48;1218;1847;1238;1847;1238;1895;1218;1895;1;N;undefined;OTHER;OTHER
invoice-2433.tiff;1;1;2480;3508;299544;1424;1847;93;48;1424;1847;1517;1847;1517;1895;1424;1895;20,75;NNSNN;undefined;OTHER;OTHER
invoice-2433.tiff;1;1;2480;3508;299545;1528;1847;87;48;1528;1847;1615;1847;1615;1895;1528;1895;EUR;AAA;undefined;OTHER;OTHER
invoice-2433.tiff;1;1;2480;3508;299546;1755;1847;114;48;1755;1847;1869;1847;1869;1895;1755;1895;20.0%;NNSNS;undefined;OTHER;OTHER
invoice-2433.tiff;1;1;2480;3508;299547;2008;1847;93;48;2008;1847;2101;1847;2101;1895;2008;1895;20,75;NNSNN;undefined;OTHER;OTHER
invoice-2433.tiff;1;1;2480;3508;299548;2112;1847;87;48;2112;1847;2199;1847;2199;1895;2112;1895;EUR;AAA;undefined;OTHER;OTHER
invoice-2433.tiff;1;1;2480;3508;299540;291;1895;196;48;291;1895;487;1895;487;1943;291;1943;Chromatik;AAAAAAAAA;undefined;OTHER;OTHER
invoice-2433.tiff;1;1;2480;3508;299541;498;1895;85;48;498;1895;583;1895;583;1943;498;1943;Rose;AAAA;undefined;OTHER;OTHER
invoice-2433.tiff;1;1;2480;3508;299542;594;1895;134;48;594;1895;728;1895;728;1943;594;1943;bonbon;AAAAAA;undefined;OTHER;OTHER
invoice-2433.tiff;1;1;2480;3508;299549;197;1984;20;48;197;1984;217;1984;217;2032;197;2032;2;N;undefined;OTHER;OTHER
invoice-2433.tiff;1;1;2480;3508;299550;291;1984;104;48;291;1984;395;1984;395;2032;291;2032;Câble;AAAAA;undefined;OTHER;OTHER
invoice-2433.tiff;1;1;2480;3508;299551;406;1984;90;48;406;1984;496;1984;496;2032;406;2032;RCA;AAA;undefined;OTHER;OTHER
invoice-2433.tiff;1;1;2480;3508;299552;506;1984;94;48;506;1984;600;1984;600;2032;506;2032;APM;AAA;undefined;OTHER;OTHER
invoice-2433.tiff;1;1;2480;3508;299553;612;1984;90;48;612;1984;702;1984;702;2032;612;2032;RCA;AAA;undefined;OTHER;OTHER
invoice-2433.tiff;1;1;2480;3508;299554;712;1984;85;48;712;1984;797;1984;797;2032;712;2032;mâle;AAAA;undefined;OTHER;OTHER
invoice-2433.tiff;1;1;2480;3508;299555;808;1984;76;48;808;1984;884;1984;884;2032;808;2032;jack;AAAA;undefined;OTHER;OTHER
invoice-2433.tiff;1;1;2480;3508;299556;895;1984;127;48;895;1984;1022;1984;1022;2032;895;2032;femelle;AAAAAAA;undefined;OTHER;OTHER
invoice-2433.tiff;1;1;2480;3508;299557;1218;1984;20;48;1218;1984;1238;1984;1238;2032;1218;2032;3;N;undefined;OTHER;OTHER
invoice-2433.tiff;1;1;2480;3508;299558;1435;1984;72;48;1435;1984;1507;1984;1507;2032;1435;2032;4,99;NSNN;undefined;OTHER;OTHER
invoice-2433.tiff;1;1;2480;3508;299559;1518;1984;87;48;1518;1984;1605;1984;1605;2032;1518;2032;EUR;AAA;undefined;OTHER;OTHER
invoice-2433.tiff;1;1;2480;3508;299560;1755;1984;114;48;1755;1984;1869;1984;1869;2032;1755;2032;20.0%;NNSNS;undefined;OTHER;OTHER
invoice-2433.tiff;1;1;2480;3508;299561;2008;1984;93;48;2008;1984;2101;1984;2101;2032;2008;2032;14,98;NNSNN;undefined;OTHER;OTHER
invoice-2433.tiff;1;1;2480;3508;299562;2112;1984;87;48;2112;1984;2199;1984;2199;2032;2112;2032;EUR;AAA;undefined;OTHER;OTHER
invoice-2433.tiff;1;1;2480;3508;299563;1828;2116;150;51;1828;2116;1978;2116;1978;2167;1828;2167;Amount;AAAAAA;undefined;OTHER;OTHER
invoice-2433.tiff;1;1;2480;3508;299564;2020;2116;93;46;2020;2116;2113;2116;2113;2162;2020;2162;35,73;NNSNN;TWTX;TOTAL_WITHOUT_TAX;TWTXS
invoice-2433.tiff;1;1;2480;3508;299565;2125;2116;83;46;2125;2116;2208;2116;2208;2162;2125;2162;EUR;AAA;TWTX;TOTAL_WITHOUT_TAX;TWTXS
invoice-2433.tiff;1;1;2480;3508;299566;1857;2167;201;51;1857;2167;2058;2167;2058;2218;1857;2218;VAT/TVA;AAASAAA;undefined;OTHER;OTHER
invoice-2433.tiff;1;1;2480;3508;299567;2100;2167;107;46;2100;2167;2207;2167;2207;2213;2100;2213;20.0%;NNSNS;TXR;TAX_RATE;Tax Rate
invoice-2433.tiff;1;1;2480;3508;299568;1744;2218;94;51;1744;2218;1838;2218;1838;2269;1744;2269;TVA;AAA;undefined;OTHER;OTHER
invoice-2433.tiff;1;1;2480;3508;299569;1849;2218;150;51;1849;2218;1999;2218;1999;2269;1849;2269;Amount;AAAAAA;undefined;OTHER;OTHER
invoice-2433.tiff;1;1;2480;3508;299570;2041;2218;72;46;2041;2218;2113;2218;2113;2264;2041;2264;7,14;NSNN;TTX;TOTAL_TAX;Total Tax
invoice-2433.tiff;1;1;2480;3508;299571;2125;2218;83;46;2125;2218;2208;2218;2208;2264;2125;2264;EUR;AAA;TTX;TOTAL_TAX;Total Tax
invoice-2433.tiff;1;1;2480;3508;299572;1720;2269;96;51;1720;2269;1816;2269;1816;2320;1720;2320;Total;AAAAA;undefined;OTHER;OTHER
invoice-2433.tiff;1;1;2480;3508;299573;1828;2269;150;51;1828;2269;1978;2269;1978;2320;1828;2320;Amount;AAAAAA;undefined;OTHER;OTHER
invoice-2433.tiff;1;1;2480;3508;299574;2020;2269;93;46;2020;2269;2113;2269;2113;2315;2020;2315;42,87;NNSNN;TA;TOTAL_AMOUNT;Total with TAX
invoice-2433.tiff;1;1;2480;3508;299575;2125;2269;83;46;2125;2269;2208;2269;2208;2315;2125;2315;EUR;AAA;TA;TOTAL_AMOUNT;Total with TAX
invoice-2433.tiff;1;1;2480;3508;299576;1769;3175;250;48;1769;3175;2019;3175;2019;3223;1769;3223;MOLINILLO;AAAAAAAAA;SN;SUPPLIER_NAME;Seller/Company) name
invoice-2433.tiff;1;1;2480;3508;299577;2030;3175;219;48;2030;3175;2249;3175;2249;3223;2030;3223;TRAITEUR;AAAAAAAA;SN;SUPPLIER_NAME;Seller/Company) name
invoice-2433.tiff;1;1;2480;3508;299578;1014;3223;20;45;1014;3223;1034;3223;1034;3268;1014;3268;4;N;SA;SUPPLIER_ADDRESS;Seller Address
invoice-2433.tiff;1;1;2480;3508;299579;1045;3223;134;45;1045;3223;1179;3223;1179;3268;1045;3268;ROUTE;AAAAA;SA;SUPPLIER_ADDRESS;Seller Address
invoice-2433.tiff;1;1;2480;3508;299580;1190;3223;55;45;1190;3223;1245;3223;1245;3268;1190;3268;DE;AA;SA;SUPPLIER_ADDRESS;Seller Address
invoice-2433.tiff;1;1;2480;3508;299581;1256;3223;233;45;1256;3223;1489;3223;1489;3268;1256;3268;BERNISSART;AAAAAAAAAA;SA;SUPPLIER_ADDRESS;Seller Address
invoice-2433.tiff;1;1;2480;3508;299582;1498;3223;10;45;1498;3223;1508;3223;1508;3268;1498;3268;,;S;SA;SUPPLIER_ADDRESS;Seller Address
invoice-2433.tiff;1;1;2480;3508;299583;1519;3223;104;45;1519;3223;1623;3223;1623;3268;1519;3268;59163;NNNNN;SA;SUPPLIER_ADDRESS;Seller Address
invoice-2433.tiff;1;1;2480;3508;299584;1631;3223;141;45;1631;3223;1772;3223;1772;3268;1631;3268;CONDE;AAAAA;SA;SUPPLIER_ADDRESS;Seller Address
invoice-2433.tiff;1;1;2480;3508;299585;1783;3223;76;45;1783;3223;1859;3223;1859;3268;1783;3268;SUR;AAA;SA;SUPPLIER_ADDRESS;Seller Address
invoice-2433.tiff;1;1;2480;3508;299586;1870;3223;184;45;1870;3223;2054;3223;2054;3268;1870;3268;L'ESCAUT;ASAAAAAA;SA;SUPPLIER_ADDRESS;Seller Address
invoice-2433.tiff;1;1;2480;3508;299587;2063;3223;10;45;2063;3223;2073;3223;2073;3268;2063;3268;,;S;SA;SUPPLIER_ADDRESS;Seller Address
invoice-2433.tiff;1;1;2480;3508;299588;2084;3223;157;45;2084;3223;2241;3223;2241;3268;2084;3268;FRANCE;AAAAAA;SA;SUPPLIER_ADDRESS;Seller Address
