src;num_pages;page_id;page_width;page_height;id;col;row;width;height;x1;y1;x2;y2;x3;y3;x4;y4;contents;contents_masked;correctclass;tag;description
invoice-3010.tiff;1;1;2480;3508;370306;124;62;193;175;124;62;317;62;317;237;124;237;common/logo;AAAAAASAAAA;img;IMAGE;Image
invoice-3010.tiff;1;1;2480;3508;370338;1541;270;247;59;1541;270;1788;270;1788;329;1541;329;Facture-n°;AAAAAAASAS;undefined;OTHER;OTHER
invoice-3010.tiff;1;1;2480;3508;370339;1851;270;361;52;1851;270;2212;270;2212;322;1851;322;475-85938-10084;NNNSNNNNNSNNNNN;IN;INVOICE_NUMBER;Invoice Number
invoice-3010.tiff;1;1;2480;3508;370307;124;412;187;49;124;412;311;412;311;461;124;461;INSTITUT;AAAAAAAA;SN;SUPPLIER_NAME;Seller/Company) name
invoice-3010.tiff;1;1;2480;3508;370308;324;412;85;49;324;412;409;412;409;461;324;461;DES;AAA;SN;SUPPLIER_NAME;Seller/Company) name
invoice-3010.tiff;1;1;2480;3508;370309;421;412;185;49;421;412;606;412;606;461;421;461;METIERS;AAAAAAA;SN;SUPPLIER_NAME;Seller/Company) name
invoice-3010.tiff;1;1;2480;3508;370310;618;412;57;49;618;412;675;412;675;461;618;461;DE;AA;SN;SUPPLIER_NAME;Seller/Company) name
invoice-3010.tiff;1;1;2480;3508;370311;687;412;276;49;687;412;963;412;963;461;687;461;L'ARTISANAT;ASAAAAAAAAA;SN;SUPPLIER_NAME;Seller/Company) name
invoice-3010.tiff;1;1;2480;3508;370312;124;462;46;48;124;462;170;462;170;510;124;510;11;NN;SA;SUPPLIER_ADDRESS;Seller Address
invoice-3010.tiff;1;1;2480;3508;370313;182;462;87;48;182;462;269;462;269;510;182;510;RUE;AAA;SA;SUPPLIER_ADDRESS;Seller Address
invoice-3010.tiff;1;1;2480;3508;370314;282;462;201;48;282;462;483;462;483;510;282;510;LEONARD;AAAAAAA;SA;SUPPLIER_ADDRESS;Seller Address
invoice-3010.tiff;1;1;2480;3508;370315;495;462;57;48;495;462;552;462;552;510;495;510;DE;AA;SA;SUPPLIER_ADDRESS;Seller Address
invoice-3010.tiff;1;1;2480;3508;370316;564;462;111;48;564;462;675;462;675;510;564;510;VINCI;AAAAA;SA;SUPPLIER_ADDRESS;Seller Address
invoice-3010.tiff;1;1;2480;3508;370317;124;510;55;48;124;510;179;510;179;558;124;558;BP;AA;SA;SUPPLIER_ADDRESS;Seller Address
invoice-3010.tiff;1;1;2480;3508;370318;192;510;115;48;192;510;307;510;307;558;192;558;10691;NNNNN;SA;SUPPLIER_ADDRESS;Seller Address
invoice-3010.tiff;1;1;2480;3508;370319;124;558;115;48;124;558;239;558;239;606;124;606;60000;NNNNN;SA;SUPPLIER_ADDRESS;Seller Address
invoice-3010.tiff;1;1;2480;3508;370320;282;558;208;48;282;558;490;558;490;606;282;606;BEAUVAIS;AAAAAAAA;SA;SUPPLIER_ADDRESS;Seller Address
invoice-3010.tiff;1;1;2480;3508;370321;124;606;171;48;124;606;295;606;295;654;124;654;FRANCE;AAAAAA;SA;SUPPLIER_ADDRESS;Seller Address
invoice-3010.tiff;1;1;2480;3508;370322;124;654;69;48;124;654;193;654;193;702;124;702;Tel:;AAAS;undefined;OTHER;OTHER
invoice-3010.tiff;1;1;2480;3508;370323;256;654;70;48;256;654;326;654;326;702;256;702;+33;SNN;SCN;SUPPLIER_CONTACT_NUMBER;Seller Contact Number
invoice-3010.tiff;1;1;2480;3508;370324;339;654;50;48;339;654;389;654;389;702;339;702;(0);SNS;SCN;SUPPLIER_CONTACT_NUMBER;Seller Contact Number
invoice-3010.tiff;1;1;2480;3508;370325;401;654;23;48;401;654;424;654;424;702;401;702;9;N;SCN;SUPPLIER_CONTACT_NUMBER;Seller Contact Number
invoice-3010.tiff;1;1;2480;3508;370326;436;654;46;48;436;654;482;654;482;702;436;702;28;NN;SCN;SUPPLIER_CONTACT_NUMBER;Seller Contact Number
invoice-3010.tiff;1;1;2480;3508;370327;494;654;46;48;494;654;540;654;540;702;494;702;66;NN;SCN;SUPPLIER_CONTACT_NUMBER;Seller Contact Number
invoice-3010.tiff;1;1;2480;3508;370328;552;654;46;48;552;654;598;654;598;702;552;702;50;NN;SCN;SUPPLIER_CONTACT_NUMBER;Seller Contact Number
invoice-3010.tiff;1;1;2480;3508;370329;610;654;46;48;610;654;656;654;656;702;610;702;08;NN;SCN;SUPPLIER_CONTACT_NUMBER;Seller Contact Number
invoice-3010.tiff;1;1;2480;3508;370330;124;702;81;48;124;702;205;702;205;750;124;750;Fax:;AAAS;undefined;OTHER;OTHER
invoice-3010.tiff;1;1;2480;3508;370331;268;702;70;48;268;702;338;702;338;750;268;750;+33;SNN;SFAX;SUPPLIER_FAX_NUMBER;Seller Fax Number
invoice-3010.tiff;1;1;2480;3508;370332;350;702;50;48;350;702;400;702;400;750;350;750;(0);SNS;SFAX;SUPPLIER_FAX_NUMBER;Seller Fax Number
invoice-3010.tiff;1;1;2480;3508;370333;413;702;23;48;413;702;436;702;436;750;413;750;9;N;SFAX;SUPPLIER_FAX_NUMBER;Seller Fax Number
invoice-3010.tiff;1;1;2480;3508;370334;448;702;46;48;448;702;494;702;494;750;448;750;28;NN;SFAX;SUPPLIER_FAX_NUMBER;Seller Fax Number
invoice-3010.tiff;1;1;2480;3508;370335;505;702;46;48;505;702;551;702;551;750;505;750;66;NN;SFAX;SUPPLIER_FAX_NUMBER;Seller Fax Number
invoice-3010.tiff;1;1;2480;3508;370336;563;702;46;48;563;702;609;702;609;750;563;750;60;NN;SFAX;SUPPLIER_FAX_NUMBER;Seller Fax Number
invoice-3010.tiff;1;1;2480;3508;370337;621;702;46;48;621;702;667;702;667;750;621;750;91;NN;SFAX;SUPPLIER_FAX_NUMBER;Seller Fax Number
invoice-3010.tiff;1;1;2480;3508;370350;1541;991;61;54;1541;991;1602;991;1602;1045;1541;1045;Du;AA;undefined;OTHER;OTHER
invoice-3010.tiff;1;1;2480;3508;370351;2166;991;46;48;2166;991;2212;991;2212;1039;2166;1039;17;NN;IDATE;INVOICE_DATE;Invoice Date
invoice-3010.tiff;1;1;2480;3508;370352;2224;991;67;48;2224;991;2291;991;2291;1039;2224;1039;nov;AAA;IDATE;INVOICE_DATE;Invoice Date
invoice-3010.tiff;1;1;2480;3508;370353;2303;991;92;48;2303;991;2395;991;2395;1039;2303;1039;2001;NNNN;IDATE;INVOICE_DATE;Invoice Date
invoice-3010.tiff;1;1;2480;3508;370340;124;999;108;49;124;999;232;999;232;1048;124;1048;Lucie;AAAAA;BN;BILLING_NAME;Billing Name
invoice-3010.tiff;1;1;2480;3508;370341;245;999;148;49;245;999;393;999;393;1048;245;1048;Garnier;AAAAAAA;BN;BILLING_NAME;Billing Name
invoice-3010.tiff;1;1;2480;3508;370342;124;1049;81;48;124;1049;205;1049;205;1097;124;1097;170,;NNNS;BA;BILLING_ADDRESS;Billing Address
invoice-3010.tiff;1;1;2480;3508;370343;217;1049;94;48;217;1049;311;1049;311;1097;217;1097;route;AAAAA;BA;BILLING_ADDRESS;Billing Address
invoice-3010.tiff;1;1;2480;3508;370344;324;1049;46;48;324;1049;370;1049;370;1097;324;1097;de;AA;BA;BILLING_ADDRESS;Billing Address
invoice-3010.tiff;1;1;2480;3508;370345;382;1049;32;48;382;1049;414;1049;414;1097;382;1097;la;AA;BA;BILLING_ADDRESS;Billing Address
invoice-3010.tiff;1;1;2480;3508;370346;426;1049;83;48;426;1049;509;1049;509;1097;426;1097;gare;AAAA;BA;BILLING_ADDRESS;Billing Address
invoice-3010.tiff;1;1;2480;3508;370354;1541;1067;145;54;1541;1067;1686;1067;1686;1121;1541;1121;Moyen;AAAAA;undefined;OTHER;OTHER
invoice-3010.tiff;1;1;2480;3508;370355;1699;1067;53;54;1699;1067;1752;1067;1752;1121;1699;1121;de;AA;undefined;OTHER;OTHER
invoice-3010.tiff;1;1;2480;3508;370356;1765;1067;201;54;1765;1067;1966;1067;1966;1121;1765;1121;paiement;AAAAAAAA;undefined;OTHER;OTHER
invoice-3010.tiff;1;1;2480;3508;370357;2166;1067;166;48;2166;1067;2332;1067;2332;1115;2166;1115;Virement;AAAAAAAA;PMODE;PAYMENT_MODE;Payment Mode
invoice-3010.tiff;1;1;2480;3508;370347;124;1097;115;48;124;1097;239;1097;239;1145;124;1145;69490;NNNNN;BA;BILLING_ADDRESS;Billing Address
invoice-3010.tiff;1;1;2480;3508;370348;282;1097;444;48;282;1097;726;1097;726;1145;282;1145;Saint-Romain-de-Popey;AAAAASAAAAAASAASAAAAA;BA;BILLING_ADDRESS;Billing Address
invoice-3010.tiff;1;1;2480;3508;370349;124;1145;129;48;124;1145;253;1145;253;1193;124;1193;France;AAAAAA;BA;BILLING_ADDRESS;Billing Address
invoice-3010.tiff;1;1;2480;3508;370358;431;1608;262;54;431;1608;693;1608;693;1662;431;1662;Désignation;AAAAAAAAAAA;undefined;OTHER;OTHER
invoice-3010.tiff;1;1;2480;3508;370359;1086;1608;76;54;1086;1608;1162;1608;1162;1662;1086;1662;Qté;AAA;undefined;OTHER;OTHER
invoice-3010.tiff;1;1;2480;3508;370360;1384;1608;63;54;1384;1608;1447;1608;1447;1662;1384;1662;UP;AA;undefined;OTHER;OTHER
invoice-3010.tiff;1;1;2480;3508;370361;1704;1608;91;54;1704;1608;1795;1608;1795;1662;1704;1662;TVA;AAA;undefined;OTHER;OTHER
invoice-3010.tiff;1;1;2480;3508;370362;1944;1608;178;54;1944;1608;2122;1608;2122;1662;1944;1662;Montant;AAAAAAA;undefined;OTHER;OTHER
invoice-3010.tiff;1;1;2480;3508;370363;2135;1608;86;54;2135;1608;2221;1608;2221;1662;2135;1662;H.T.;ASAS;undefined;OTHER;OTHER
invoice-3010.tiff;1;1;2480;3508;370364;124;1684;138;49;124;1684;262;1684;262;1733;124;1733;Clavier;AAAAAAA;undefined;OTHER;OTHER
invoice-3010.tiff;1;1;2480;3508;370365;275;1684;94;49;275;1684;369;1684;369;1733;275;1733;sans;AAAA;undefined;OTHER;OTHER
invoice-3010.tiff;1;1;2480;3508;370366;382;1684;37;49;382;1684;419;1684;419;1733;382;1733;fil;AAA;undefined;OTHER;OTHER
invoice-3010.tiff;1;1;2480;3508;370367;430;1684;187;49;430;1684;617;1684;617;1733;430;1733;Microsoft;AAAAAAAAA;undefined;OTHER;OTHER
invoice-3010.tiff;1;1;2480;3508;370368;629;1684;97;49;629;1684;726;1684;726;1733;629;1733;Type;AAAA;undefined;OTHER;OTHER
invoice-3010.tiff;1;1;2480;3508;370369;738;1684;118;49;738;1684;856;1684;856;1733;738;1733;Cover;AAAAA;undefined;OTHER;OTHER
invoice-3010.tiff;1;1;2480;3508;370374;1113;1684;23;49;1113;1684;1136;1684;1136;1733;1113;1733;2;N;undefined;OTHER;OTHER
invoice-3010.tiff;1;1;2480;3508;370375;1335;1684;127;49;1335;1684;1462;1684;1462;1733;1335;1733;149,99;NNNSNN;undefined;OTHER;OTHER
invoice-3010.tiff;1;1;2480;3508;370376;1474;1684;23;49;1474;1684;1497;1684;1497;1733;1474;1733;$;S;undefined;OTHER;OTHER
invoice-3010.tiff;1;1;2480;3508;370377;1690;1684;118;49;1690;1684;1808;1684;1808;1733;1690;1733;20.0%;NNSNS;undefined;OTHER;OTHER
invoice-3010.tiff;1;1;2480;3508;370378;2002;1684;127;49;2002;1684;2129;1684;2129;1733;2002;1733;299,98;NNNSNN;undefined;OTHER;OTHER
invoice-3010.tiff;1;1;2480;3508;370379;2141;1684;23;49;2141;1684;2164;1684;2164;1733;2141;1733;$;S;undefined;OTHER;OTHER
invoice-3010.tiff;1;1;2480;3508;370370;124;1733;152;49;124;1733;276;1733;276;1782;124;1782;Surface;AAAAAAA;undefined;OTHER;OTHER
invoice-3010.tiff;1;1;2480;3508;370371;289;1733;69;49;289;1733;358;1733;358;1782;289;1782;Pro;AAA;undefined;OTHER;OTHER
invoice-3010.tiff;1;1;2480;3508;370372;370;1733;13;49;370;1733;383;1733;383;1782;370;1782;-;S;undefined;OTHER;OTHER
invoice-3010.tiff;1;1;2480;3508;370373;395;1733;192;49;395;1733;587;1733;587;1782;395;1782;Bordeaux;AAAAAAAA;undefined;OTHER;OTHER
invoice-3010.tiff;1;1;2480;3508;370380;124;1825;192;49;124;1825;316;1825;316;1874;124;1874;Nettoyant;AAAAAAAAA;undefined;OTHER;OTHER
invoice-3010.tiff;1;1;2480;3508;370381;328;1825;250;49;328;1825;578;1825;578;1874;328;1874;assainissant;AAAAAAAAAAAA;undefined;OTHER;OTHER
invoice-3010.tiff;1;1;2480;3508;370382;590;1825;159;49;590;1825;749;1825;749;1874;590;1874;Starwax;AAAAAAA;undefined;OTHER;OTHER
invoice-3010.tiff;1;1;2480;3508;370386;1113;1825;23;49;1113;1825;1136;1825;1136;1874;1113;1874;2;N;undefined;OTHER;OTHER
invoice-3010.tiff;1;1;2480;3508;370387;1358;1825;81;49;1358;1825;1439;1825;1439;1874;1358;1874;8,32;NSNN;undefined;OTHER;OTHER
invoice-3010.tiff;1;1;2480;3508;370388;1451;1825;23;49;1451;1825;1474;1825;1474;1874;1451;1874;$;S;undefined;OTHER;OTHER
invoice-3010.tiff;1;1;2480;3508;370389;1690;1825;118;49;1690;1825;1808;1825;1808;1874;1690;1874;20.0%;NNSNS;undefined;OTHER;OTHER
invoice-3010.tiff;1;1;2480;3508;370390;2013;1825;104;49;2013;1825;2117;1825;2117;1874;2013;1874;16,65;NNSNN;undefined;OTHER;OTHER
invoice-3010.tiff;1;1;2480;3508;370391;2129;1825;23;49;2129;1825;2152;1825;2152;1874;2129;1874;$;S;undefined;OTHER;OTHER
invoice-3010.tiff;1;1;2480;3508;370383;124;1874;245;49;124;1874;369;1874;369;1923;124;1923;desinfectant;AAAAAAAAAAAA;undefined;OTHER;OTHER
invoice-3010.tiff;1;1;2480;3508;370384;382;1874;219;49;382;1874;601;1874;601;1923;382;1923;surodorant;AAAAAAAAAA;undefined;OTHER;OTHER
invoice-3010.tiff;1;1;2480;3508;370385;613;1874;48;49;613;1874;661;1874;661;1923;613;1923;1L;NA;undefined;OTHER;OTHER
invoice-3010.tiff;1;1;2480;3508;370392;1739;2007;165;52;1739;2007;1904;2007;1904;2059;1739;2059;Montant;AAAAAAA;undefined;OTHER;OTHER
invoice-3010.tiff;1;1;2480;3508;370393;1917;2007;86;52;1917;2007;2003;2007;2003;2059;1917;2059;H.T.;ASAS;undefined;OTHER;OTHER
invoice-3010.tiff;1;1;2480;3508;370394;2046;2007;127;48;2046;2007;2173;2007;2173;2055;2046;2055;316,63;NNNSNN;TWTX;TOTAL_WITHOUT_TAX;TWTXS
invoice-3010.tiff;1;1;2480;3508;370395;2185;2007;23;48;2185;2007;2208;2007;2208;2055;2185;2055;$;S;TWTX;TOTAL_WITHOUT_TAX;TWTXS
invoice-3010.tiff;1;1;2480;3508;370396;1959;2060;89;52;1959;2060;2048;2060;2048;2112;1959;2112;TVA;AAA;undefined;OTHER;OTHER
invoice-3010.tiff;1;1;2480;3508;370397;2090;2060;118;48;2090;2060;2208;2060;2208;2108;2090;2108;20.0%;NNSNS;TXR;TAX_RATE;Tax Rate
invoice-3010.tiff;1;1;2480;3508;370398;1760;2113;165;52;1760;2113;1925;2113;1925;2165;1760;2165;Montant;AAAAAAA;undefined;OTHER;OTHER
invoice-3010.tiff;1;1;2480;3508;370399;1938;2113;89;52;1938;2113;2027;2113;2027;2165;1938;2165;TVA;AAA;undefined;OTHER;OTHER
invoice-3010.tiff;1;1;2480;3508;370400;2069;2113;104;48;2069;2113;2173;2113;2173;2161;2069;2161;63,33;NNSNN;TTX;TOTAL_TAX;Total Tax
invoice-3010.tiff;1;1;2480;3508;370401;2185;2113;23;48;2185;2113;2208;2113;2208;2161;2185;2161;$;S;TTX;TOTAL_TAX;Total Tax
invoice-3010.tiff;1;1;2480;3508;370402;1737;2166;165;52;1737;2166;1902;2166;1902;2218;1737;2218;Montant;AAAAAAA;undefined;OTHER;OTHER
invoice-3010.tiff;1;1;2480;3508;370403;1915;2166;89;52;1915;2166;2004;2166;2004;2218;1915;2218;TTC;AAA;undefined;OTHER;OTHER
invoice-3010.tiff;1;1;2480;3508;370404;2046;2166;127;48;2046;2166;2173;2166;2173;2214;2046;2214;379,96;NNNSNN;TA;TOTAL_AMOUNT;Total with TAX
invoice-3010.tiff;1;1;2480;3508;370405;2185;2166;23;48;2185;2166;2208;2166;2208;2214;2185;2214;$;S;TA;TOTAL_AMOUNT;Total with TAX
invoice-3010.tiff;1;1;2480;3508;370406;1187;3175;187;49;1187;3175;1374;3175;1374;3224;1187;3224;INSTITUT;AAAAAAAA;SN;SUPPLIER_NAME;Seller/Company) name
invoice-3010.tiff;1;1;2480;3508;370407;1386;3175;85;49;1386;3175;1471;3175;1471;3224;1386;3224;DES;AAA;SN;SUPPLIER_NAME;Seller/Company) name
invoice-3010.tiff;1;1;2480;3508;370408;1483;3175;185;49;1483;3175;1668;3175;1668;3224;1483;3224;METIERS;AAAAAAA;SN;SUPPLIER_NAME;Seller/Company) name
invoice-3010.tiff;1;1;2480;3508;370409;1680;3175;57;49;1680;3175;1737;3175;1737;3224;1680;3224;DE;AA;SN;SUPPLIER_NAME;Seller/Company) name
invoice-3010.tiff;1;1;2480;3508;370410;1750;3175;276;49;1750;3175;2026;3175;2026;3224;1750;3224;L'ARTISANAT;ASAAAAAAAAA;SN;SUPPLIER_NAME;Seller/Company) name
invoice-3010.tiff;1;1;2480;3508;370411;1187;3224;46;48;1187;3224;1233;3224;1233;3272;1187;3272;11;NN;SA;SUPPLIER_ADDRESS;Seller Address
invoice-3010.tiff;1;1;2480;3508;370412;1245;3224;87;48;1245;3224;1332;3224;1332;3272;1245;3272;RUE;AAA;SA;SUPPLIER_ADDRESS;Seller Address
invoice-3010.tiff;1;1;2480;3508;370413;1344;3224;201;48;1344;3224;1545;3224;1545;3272;1344;3272;LEONARD;AAAAAAA;SA;SUPPLIER_ADDRESS;Seller Address
invoice-3010.tiff;1;1;2480;3508;370414;1557;3224;57;48;1557;3224;1614;3224;1614;3272;1557;3272;DE;AA;SA;SUPPLIER_ADDRESS;Seller Address
invoice-3010.tiff;1;1;2480;3508;370415;1627;3224;111;48;1627;3224;1738;3224;1738;3272;1627;3272;VINCI;AAAAA;SA;SUPPLIER_ADDRESS;Seller Address
invoice-3010.tiff;1;1;2480;3508;370416;1187;3272;55;48;1187;3272;1242;3272;1242;3320;1187;3320;BP;AA;SA;SUPPLIER_ADDRESS;Seller Address
invoice-3010.tiff;1;1;2480;3508;370417;1254;3272;115;48;1254;3272;1369;3272;1369;3320;1254;3320;10691;NNNNN;SA;SUPPLIER_ADDRESS;Seller Address
invoice-3010.tiff;1;1;2480;3508;370418;1187;3320;115;48;1187;3320;1302;3320;1302;3368;1187;3368;60000;NNNNN;SA;SUPPLIER_ADDRESS;Seller Address
invoice-3010.tiff;1;1;2480;3508;370419;1344;3320;208;48;1344;3320;1552;3320;1552;3368;1344;3368;BEAUVAIS;AAAAAAAA;SA;SUPPLIER_ADDRESS;Seller Address
invoice-3010.tiff;1;1;2480;3508;370420;1187;3369;171;48;1187;3369;1358;3369;1358;3417;1187;3417;FRANCE;AAAAAA;SA;SUPPLIER_ADDRESS;Seller Address
