src;num_pages;page_id;page_width;page_height;id;col;row;width;height;x1;y1;x2;y2;x3;y3;x4;y4;contents;contents_masked;correctclass;tag;description
invoice-3050.tiff;1;1;2480;3508;375325;1541;62;258;175;1541;62;1799;62;1799;237;1541;237;common/logo;AAAAAASAAAA;img;IMAGE;Image
invoice-3050.tiff;1;1;2480;3508;375322;124;270;172;59;124;270;296;270;296;329;124;329;Invoice;AAAAAAA;undefined;OTHER;OTHER
invoice-3050.tiff;1;1;2480;3508;375323;311;270;50;59;311;270;361;270;361;329;311;329;ID;AA;undefined;OTHER;OTHER
invoice-3050.tiff;1;1;2480;3508;375324;423;270;178;52;423;270;601;270;601;322;423;322;0098908;NNNNNNN;IN;INVOICE_NUMBER;Invoice Number
invoice-3050.tiff;1;1;2480;3508;375326;1541;412;171;49;1541;412;1712;412;1712;461;1541;461;CENTRE;AAAAAA;SN;SUPPLIER_NAME;Seller/Company) name
invoice-3050.tiff;1;1;2480;3508;375327;1724;412;252;49;1724;412;1976;412;1976;461;1724;461;FORMATION;AAAAAAAAA;SN;SUPPLIER_NAME;Seller/Company) name
invoice-3050.tiff;1;1;2480;3508;375328;1988;412;30;49;1988;412;2018;412;2018;461;1988;461;D;A;SN;SUPPLIER_NAME;Seller/Company) name
invoice-3050.tiff;1;1;2480;3508;375329;2030;412;238;49;2030;412;2268;412;2268;461;2030;461;APPRENTIS;AAAAAAAAA;SN;SUPPLIER_NAME;Seller/Company) name
invoice-3050.tiff;1;1;2480;3508;375330;1541;462;23;48;1541;462;1564;462;1564;510;1541;510;3;N;SA;SUPPLIER_ADDRESS;Seller Address
invoice-3050.tiff;1;1;2480;3508;375331;1576;462;87;48;1576;462;1663;462;1663;510;1576;510;RUE;AAA;SA;SUPPLIER_ADDRESS;Seller Address
invoice-3050.tiff;1;1;2480;3508;375332;1675;462;166;48;1675;462;1841;462;1841;510;1675;510;JOSEPH;AAAAAA;SA;SUPPLIER_ADDRESS;Seller Address
invoice-3050.tiff;1;1;2480;3508;375333;1854;462;180;48;1854;462;2034;462;2034;510;1854;510;CUGNOT;AAAAAA;SA;SUPPLIER_ADDRESS;Seller Address
invoice-3050.tiff;1;1;2480;3508;375334;1541;510;115;48;1541;510;1656;510;1656;558;1541;558;60200;NNNNN;SA;SUPPLIER_ADDRESS;Seller Address
invoice-3050.tiff;1;1;2480;3508;375335;1699;510;254;48;1699;510;1953;510;1953;558;1699;558;COMPIEGNE;AAAAAAAAA;SA;SUPPLIER_ADDRESS;Seller Address
invoice-3050.tiff;1;1;2480;3508;375336;1541;558;171;48;1541;558;1712;558;1712;606;1541;606;FRANCE;AAAAAA;SA;SUPPLIER_ADDRESS;Seller Address
invoice-3050.tiff;1;1;2480;3508;375337;1541;606;120;48;1541;606;1661;606;1661;654;1541;654;Phone;AAAAA;undefined;OTHER;OTHER
invoice-3050.tiff;1;1;2480;3508;375338;1724;606;70;48;1724;606;1794;606;1794;654;1724;654;+33;SNN;SCN;SUPPLIER_CONTACT_NUMBER;Seller Contact Number
invoice-3050.tiff;1;1;2480;3508;375339;1806;606;50;48;1806;606;1856;606;1856;654;1806;654;(0);SNS;SCN;SUPPLIER_CONTACT_NUMBER;Seller Contact Number
invoice-3050.tiff;1;1;2480;3508;375340;1869;606;23;48;1869;606;1892;606;1892;654;1869;654;6;N;SCN;SUPPLIER_CONTACT_NUMBER;Seller Contact Number
invoice-3050.tiff;1;1;2480;3508;375341;1904;606;46;48;1904;606;1950;606;1950;654;1904;654;02;NN;SCN;SUPPLIER_CONTACT_NUMBER;Seller Contact Number
invoice-3050.tiff;1;1;2480;3508;375342;1962;606;46;48;1962;606;2008;606;2008;654;1962;654;55;NN;SCN;SUPPLIER_CONTACT_NUMBER;Seller Contact Number
invoice-3050.tiff;1;1;2480;3508;375343;2019;606;46;48;2019;606;2065;606;2065;654;2019;654;83;NN;SCN;SUPPLIER_CONTACT_NUMBER;Seller Contact Number
invoice-3050.tiff;1;1;2480;3508;375344;2077;606;46;48;2077;606;2123;606;2123;654;2077;654;71;NN;SCN;SUPPLIER_CONTACT_NUMBER;Seller Contact Number
invoice-3050.tiff;1;1;2480;3508;375345;1541;654;69;48;1541;654;1610;654;1610;702;1541;702;Fax;AAA;undefined;OTHER;OTHER
invoice-3050.tiff;1;1;2480;3508;375346;1673;654;70;48;1673;654;1743;654;1743;702;1673;702;+33;SNN;SFAX;SUPPLIER_FAX_NUMBER;Seller Fax Number
invoice-3050.tiff;1;1;2480;3508;375347;1755;654;50;48;1755;654;1805;654;1805;702;1755;702;(0);SNS;SFAX;SUPPLIER_FAX_NUMBER;Seller Fax Number
invoice-3050.tiff;1;1;2480;3508;375348;1818;654;23;48;1818;654;1841;654;1841;702;1818;702;6;N;SFAX;SUPPLIER_FAX_NUMBER;Seller Fax Number
invoice-3050.tiff;1;1;2480;3508;375349;1853;654;46;48;1853;654;1899;654;1899;702;1853;702;02;NN;SFAX;SUPPLIER_FAX_NUMBER;Seller Fax Number
invoice-3050.tiff;1;1;2480;3508;375350;1911;654;46;48;1911;654;1957;654;1957;702;1911;702;55;NN;SFAX;SUPPLIER_FAX_NUMBER;Seller Fax Number
invoice-3050.tiff;1;1;2480;3508;375351;1968;654;46;48;1968;654;2014;654;2014;702;1968;702;04;NN;SFAX;SUPPLIER_FAX_NUMBER;Seller Fax Number
invoice-3050.tiff;1;1;2480;3508;375352;2026;654;46;48;2026;654;2072;654;2072;702;2026;702;26;NN;SFAX;SUPPLIER_FAX_NUMBER;Seller Fax Number
invoice-3050.tiff;1;1;2480;3508;375365;1541;916;99;54;1541;916;1640;916;1640;970;1541;970;Date;AAAA;undefined;OTHER;OTHER
invoice-3050.tiff;1;1;2480;3508;375366;2166;916;60;48;2166;916;2226;916;2226;964;2166;964;abr;AAA;IDATE;INVOICE_DATE;Invoice Date
invoice-3050.tiff;1;1;2480;3508;375367;2238;916;57;48;2238;916;2295;916;2295;964;2238;964;25,;NNS;IDATE;INVOICE_DATE;Invoice Date
invoice-3050.tiff;1;1;2480;3508;375368;2307;916;92;48;2307;916;2399;916;2399;964;2307;964;2013;NNNN;IDATE;INVOICE_DATE;Invoice Date
invoice-3050.tiff;1;1;2480;3508;375353;124;940;152;59;124;940;276;940;276;999;124;999;Billing;AAAAAAA;undefined;OTHER;OTHER
invoice-3050.tiff;1;1;2480;3508;375354;291;940;200;59;291;940;491;940;491;999;291;999;Address;AAAAAAA;undefined;OTHER;OTHER
invoice-3050.tiff;1;1;2480;3508;375369;1541;991;127;54;1541;991;1668;991;1668;1045;1541;1045;Client;AAAAAA;undefined;OTHER;OTHER
invoice-3050.tiff;1;1;2480;3508;375370;1681;991;45;54;1681;991;1726;991;1726;1045;1681;1045;ID;AA;undefined;OTHER;OTHER
invoice-3050.tiff;1;1;2480;3508;375371;2166;991;139;48;2166;991;2305;991;2305;1039;2166;1039;004877;NNNNNN;CNUM;CLIENT_NUMBER;Client Number
invoice-3050.tiff;1;1;2480;3508;375355;124;999;157;49;124;999;281;999;281;1048;124;1048;Rodolfo;AAAAAAA;BN;BILLING_NAME;Billing Name
invoice-3050.tiff;1;1;2480;3508;375356;293;999;94;49;293;999;387;999;387;1048;293;1048;Mraz;AAAA;BN;BILLING_NAME;Billing Name
invoice-3050.tiff;1;1;2480;3508;375357;124;1049;57;48;124;1049;181;1049;181;1097;124;1097;91,;NNS;BA;BILLING_ADDRESS;Billing Address
invoice-3050.tiff;1;1;2480;3508;375358;194;1049;60;48;194;1049;254;1049;254;1097;194;1097;rue;AAA;BA;BILLING_ADDRESS;Billing Address
invoice-3050.tiff;1;1;2480;3508;375359;266;1049;46;48;266;1049;312;1049;312;1097;266;1097;de;AA;BA;BILLING_ADDRESS;Billing Address
invoice-3050.tiff;1;1;2480;3508;375360;324;1049;32;48;324;1049;356;1049;356;1097;324;1097;la;AA;BA;BILLING_ADDRESS;Billing Address
invoice-3050.tiff;1;1;2480;3508;375361;368;1049;92;48;368;1049;460;1049;460;1097;368;1097;noue;AAAA;BA;BILLING_ADDRESS;Billing Address
invoice-3050.tiff;1;1;2480;3508;375372;1541;1066;124;54;1541;1066;1665;1066;1665;1120;1541;1120;Order;AAAAA;undefined;OTHER;OTHER
invoice-3050.tiff;1;1;2480;3508;375373;1679;1066;45;54;1679;1066;1724;1066;1724;1120;1679;1120;ID;AA;undefined;OTHER;OTHER
invoice-3050.tiff;1;1;2480;3508;375374;2166;1066;115;48;2166;1066;2281;1066;2281;1114;2166;1114;99554;NNNNN;ONUM;ORDER_NUMBER;Order Number
invoice-3050.tiff;1;1;2480;3508;375362;124;1097;115;48;124;1097;239;1097;239;1145;124;1145;44540;NNNNN;BA;BILLING_ADDRESS;Billing Address
invoice-3050.tiff;1;1;2480;3508;375363;282;1097;226;48;282;1097;508;1097;508;1145;282;1145;Maumusson;AAAAAAAAA;BA;BILLING_ADDRESS;Billing Address
invoice-3050.tiff;1;1;2480;3508;375375;1541;1142;191;54;1541;1142;1732;1142;1732;1196;1541;1196;Payment;AAAAAAA;undefined;OTHER;OTHER
invoice-3050.tiff;1;1;2480;3508;375376;1745;1142;94;54;1745;1142;1839;1142;1839;1196;1745;1196;type;AAAA;undefined;OTHER;OTHER
invoice-3050.tiff;1;1;2480;3508;375377;2166;1142;111;48;2166;1142;2277;1142;2277;1190;2166;1190;Credit;AAAAAA;PMODE;PAYMENT_MODE;Payment Mode
invoice-3050.tiff;1;1;2480;3508;375378;2289;1142;81;48;2289;1142;2370;1142;2370;1190;2289;1190;card;AAAA;PMODE;PAYMENT_MODE;Payment Mode
invoice-3050.tiff;1;1;2480;3508;375364;124;1145;129;48;124;1145;253;1145;253;1193;124;1193;France;AAAAAA;BA;BILLING_ADDRESS;Billing Address
invoice-3050.tiff;1;1;2480;3508;375379;149;1608;117;54;149;1608;266;1608;266;1662;149;1662;S.No.;ASAAS;undefined;OTHER;OTHER
invoice-3050.tiff;1;1;2480;3508;375380;468;1608;173;54;468;1608;641;1608;641;1662;468;1662;Product;AAAAAAA;undefined;OTHER;OTHER
invoice-3050.tiff;1;1;2480;3508;375381;654;1608;252;54;654;1608;906;1608;906;1662;654;1662;Description;AAAAAAAAAAA;undefined;OTHER;OTHER
invoice-3050.tiff;1;1;2480;3508;375382;1136;1608;185;54;1136;1608;1321;1608;1321;1662;1136;1662;Quantity;AAAAAAAA;undefined;OTHER;OTHER
invoice-3050.tiff;1;1;2480;3508;375383;1413;1608;89;54;1413;1608;1502;1608;1502;1662;1413;1662;Unit;AAAA;undefined;OTHER;OTHER
invoice-3050.tiff;1;1;2480;3508;375384;1515;1608;112;54;1515;1608;1627;1608;1627;1662;1515;1662;Price;AAAAA;undefined;OTHER;OTHER
invoice-3050.tiff;1;1;2480;3508;375385;1710;1608;91;54;1710;1608;1801;1608;1801;1662;1710;1662;TVA;AAA;undefined;OTHER;OTHER
invoice-3050.tiff;1;1;2480;3508;375386;1815;1608;99;54;1815;1608;1914;1608;1914;1662;1815;1662;Rate;AAAA;undefined;OTHER;OTHER
invoice-3050.tiff;1;1;2480;3508;375387;2049;1608;109;54;2049;1608;2158;1608;2158;1662;2049;1662;Total;AAAAA;undefined;OTHER;OTHER
invoice-3050.tiff;1;1;2480;3508;375388;196;1683;23;49;196;1683;219;1683;219;1732;196;1732;1;N;undefined;OTHER;OTHER
invoice-3050.tiff;1;1;2480;3508;375389;291;1683;208;49;291;1683;499;1683;499;1732;291;1732;Téléphone;AAAAAAAAA;undefined;OTHER;OTHER
invoice-3050.tiff;1;1;2480;3508;375390;511;1683;164;49;511;1683;675;1683;675;1732;511;1732;portable;AAAAAAAA;undefined;OTHER;OTHER
invoice-3050.tiff;1;1;2480;3508;375391;687;1683;136;49;687;1683;823;1683;823;1732;687;1732;Alcatel;AAAAAAA;undefined;OTHER;OTHER
invoice-3050.tiff;1;1;2480;3508;375392;835;1683;122;49;835;1683;957;1683;957;1732;835;1732;2051D;NNNNA;undefined;OTHER;OTHER
invoice-3050.tiff;1;1;2480;3508;375394;1217;1683;23;49;1217;1683;1240;1683;1240;1732;1217;1732;3;N;undefined;OTHER;OTHER
invoice-3050.tiff;1;1;2480;3508;375395;1468;1683;104;49;1468;1683;1572;1683;1572;1732;1468;1732;32,50;NNSNN;undefined;OTHER;OTHER
invoice-3050.tiff;1;1;2480;3508;375396;1753;1683;118;49;1753;1683;1871;1683;1871;1732;1753;1732;20.0%;NNSNS;undefined;OTHER;OTHER
invoice-3050.tiff;1;1;2480;3508;375397;2052;1683;104;49;2052;1683;2156;1683;2156;1732;2052;1732;97,50;NNSNN;undefined;OTHER;OTHER
invoice-3050.tiff;1;1;2480;3508;375393;291;1733;113;49;291;1733;404;1733;404;1782;291;1782;Blanc;AAAAA;undefined;OTHER;OTHER
invoice-3050.tiff;1;1;2480;3508;375398;196;1824;23;49;196;1824;219;1824;219;1873;196;1873;2;N;undefined;OTHER;OTHER
invoice-3050.tiff;1;1;2480;3508;375399;291;1824;236;49;291;1824;527;1824;527;1873;291;1873;Calculatrice;AAAAAAAAAAAA;undefined;OTHER;OTHER
invoice-3050.tiff;1;1;2480;3508;375400;539;1824;175;49;539;1824;714;1824;714;1873;539;1873;standard;AAAAAAAA;undefined;OTHER;OTHER
invoice-3050.tiff;1;1;2480;3508;375401;726;1824;118;49;726;1824;844;1824;844;1873;726;1873;Texas;AAAAA;undefined;OTHER;OTHER
invoice-3050.tiff;1;1;2480;3508;375405;1217;1824;23;49;1217;1824;1240;1824;1240;1873;1217;1873;2;N;undefined;OTHER;OTHER
invoice-3050.tiff;1;1;2480;3508;375406;1480;1824;81;49;1480;1824;1561;1824;1561;1873;1480;1873;8,32;NSNN;undefined;OTHER;OTHER
invoice-3050.tiff;1;1;2480;3508;375407;1753;1824;118;49;1753;1824;1871;1824;1871;1873;1753;1873;20.0%;NNSNS;undefined;OTHER;OTHER
invoice-3050.tiff;1;1;2480;3508;375408;2052;1824;104;49;2052;1824;2156;1824;2156;1873;2052;1873;16,65;NNSNN;undefined;OTHER;OTHER
invoice-3050.tiff;1;1;2480;3508;375402;291;1874;238;49;291;1874;529;1874;529;1923;291;1923;Instruments;AAAAAAAAAAA;undefined;OTHER;OTHER
invoice-3050.tiff;1;1;2480;3508;375403;541;1874;120;49;541;1874;661;1874;661;1923;541;1923;TI-106;AASNNN;undefined;OTHER;OTHER
invoice-3050.tiff;1;1;2480;3508;375404;673;1874;23;49;673;1874;696;1874;696;1923;673;1923;II;AA;undefined;OTHER;OTHER
invoice-3050.tiff;1;1;2480;3508;375409;1938;2007;156;52;1938;2007;2094;2007;2094;2059;1938;2059;@DISC;SAAAA;undefined;OTHER;OTHER
invoice-3050.tiff;1;1;2480;3508;375410;2115;2007;81;48;2115;2007;2196;2007;2196;2055;2115;2055;0,00;NSNN;undefined;OTHER;OTHER
invoice-3050.tiff;1;1;2480;3508;375411;1925;2060;101;52;1925;2060;2026;2060;2026;2112;1925;2112;Total;AAAAA;undefined;OTHER;OTHER
invoice-3050.tiff;1;1;2480;3508;375412;2069;2060;127;48;2069;2060;2196;2060;2196;2108;2069;2108;114,15;NNNSNN;TWTX;TOTAL_WITHOUT_TAX;TWTXS
invoice-3050.tiff;1;1;2480;3508;375413;1803;2113;76;52;1803;2113;1879;2113;1879;2165;1803;2165;Tax;AAA;undefined;OTHER;OTHER
invoice-3050.tiff;1;1;2480;3508;375414;1892;2113;157;52;1892;2113;2049;2113;2049;2165;1892;2165;Amount;AAAAAA;undefined;OTHER;OTHER
invoice-3050.tiff;1;1;2480;3508;375415;2092;2113;104;48;2092;2113;2196;2113;2196;2161;2092;2161;22,83;NNSNN;TTX;TOTAL_TAX;Total Tax
invoice-3050.tiff;1;1;2480;3508;375416;1732;2166;157;52;1732;2166;1889;2166;1889;2218;1732;2218;Amount;AAAAAA;undefined;OTHER;OTHER
invoice-3050.tiff;1;1;2480;3508;375417;1902;2166;38;52;1902;2166;1940;2166;1940;2218;1902;2218;to;AA;undefined;OTHER;OTHER
invoice-3050.tiff;1;1;2480;3508;375418;1953;2166;73;52;1953;2166;2026;2166;2026;2218;1953;2218;pay;AAA;undefined;OTHER;OTHER
invoice-3050.tiff;1;1;2480;3508;375419;2069;2166;127;48;2069;2166;2196;2166;2196;2214;2069;2214;136,98;NNNSNN;TA;TOTAL_AMOUNT;Total with TAX
invoice-3050.tiff;1;1;2480;3508;375420;124;3175;171;49;124;3175;295;3175;295;3224;124;3224;CENTRE;AAAAAA;SN;SUPPLIER_NAME;Seller/Company) name
invoice-3050.tiff;1;1;2480;3508;375421;307;3175;252;49;307;3175;559;3175;559;3224;307;3224;FORMATION;AAAAAAAAA;SN;SUPPLIER_NAME;Seller/Company) name
invoice-3050.tiff;1;1;2480;3508;375422;571;3175;30;49;571;3175;601;3175;601;3224;571;3224;D;A;SN;SUPPLIER_NAME;Seller/Company) name
invoice-3050.tiff;1;1;2480;3508;375423;613;3175;238;49;613;3175;851;3175;851;3224;613;3224;APPRENTIS;AAAAAAAAA;SN;SUPPLIER_NAME;Seller/Company) name
invoice-3050.tiff;1;1;2480;3508;375424;124;3224;23;48;124;3224;147;3224;147;3272;124;3272;3;N;SA;SUPPLIER_ADDRESS;Seller Address
invoice-3050.tiff;1;1;2480;3508;375425;159;3224;87;48;159;3224;246;3224;246;3272;159;3272;RUE;AAA;SA;SUPPLIER_ADDRESS;Seller Address
invoice-3050.tiff;1;1;2480;3508;375426;259;3224;166;48;259;3224;425;3224;425;3272;259;3272;JOSEPH;AAAAAA;SA;SUPPLIER_ADDRESS;Seller Address
invoice-3050.tiff;1;1;2480;3508;375427;437;3224;180;48;437;3224;617;3224;617;3272;437;3272;CUGNOT;AAAAAA;SA;SUPPLIER_ADDRESS;Seller Address
invoice-3050.tiff;1;1;2480;3508;375428;626;3224;13;48;626;3224;639;3224;639;3272;626;3272;-;S;SA;SUPPLIER_ADDRESS;Seller Address
invoice-3050.tiff;1;1;2480;3508;375429;651;3224;115;48;651;3224;766;3224;766;3272;651;3272;60200;NNNNN;SA;SUPPLIER_ADDRESS;Seller Address
invoice-3050.tiff;1;1;2480;3508;375430;787;3224;254;48;787;3224;1041;3224;1041;3272;787;3272;COMPIEGNE;AAAAAAAAA;SA;SUPPLIER_ADDRESS;Seller Address
invoice-3050.tiff;1;1;2480;3508;375431;1050;3224;13;48;1050;3224;1063;3224;1063;3272;1050;3272;-;S;SA;SUPPLIER_ADDRESS;Seller Address
invoice-3050.tiff;1;1;2480;3508;375432;1076;3224;171;48;1076;3224;1247;3224;1247;3272;1076;3272;FRANCE;AAAAAA;SA;SUPPLIER_ADDRESS;Seller Address
