src;num_pages;page_id;page_width;page_height;id;col;row;width;height;x1;y1;x2;y2;x3;y3;x4;y4;contents;contents_masked;correctclass;tag;description
invoice-2278.tiff;1;1;2480;3508;280529;124;62;483;175;124;62;607;62;607;237;124;237;common/logo;AAAAAASAAAA;img;IMAGE;Image
invoice-2278.tiff;1;1;2480;3508;280544;1541;270;188;59;1541;270;1729;270;1729;329;1541;329;Numéro;AAAAAA;undefined;OTHER;OTHER
invoice-2278.tiff;1;1;2480;3508;280545;1744;270;58;59;1744;270;1802;270;1802;329;1744;329;de;AA;undefined;OTHER;OTHER
invoice-2278.tiff;1;1;2480;3508;280546;1816;270;166;59;1816;270;1982;270;1982;329;1816;329;facture;AAAAAAA;undefined;OTHER;OTHER
invoice-2278.tiff;1;1;2480;3508;280547;2045;270;203;52;2045;270;2248;270;2248;322;2045;322;55097480;NNNNNNNN;IN;INVOICE_NUMBER;Invoice Number
invoice-2278.tiff;1;1;2480;3508;280530;124;412;53;49;124;412;177;412;177;461;124;461;LE;AA;SN;SUPPLIER_NAME;Seller/Company) name
invoice-2278.tiff;1;1;2480;3508;280531;189;412;203;49;189;412;392;412;392;461;189;461;COTTAGE;AAAAAAA;SN;SUPPLIER_NAME;Seller/Company) name
invoice-2278.tiff;1;1;2480;3508;280532;124;462;145;48;124;462;269;462;269;510;124;510;ROUTE;AAAAA;SA;SUPPLIER_ADDRESS;Seller Address
invoice-2278.tiff;1;1;2480;3508;280533;282;462;57;48;282;462;339;462;339;510;282;510;DE;AA;SA;SUPPLIER_ADDRESS;Seller Address
invoice-2278.tiff;1;1;2480;3508;280534;351;462;192;48;351;462;543;462;543;510;351;510;CASTETS;AAAAAAA;SA;SUPPLIER_ADDRESS;Seller Address
invoice-2278.tiff;1;1;2480;3508;280535;552;462;11;48;552;462;563;462;563;510;552;510;,;S;SA;SUPPLIER_ADDRESS;Seller Address
invoice-2278.tiff;1;1;2480;3508;280536;575;462;115;48;575;462;690;462;690;510;575;510;40170;NNNNN;SA;SUPPLIER_ADDRESS;Seller Address
invoice-2278.tiff;1;1;2480;3508;280537;699;462;83;48;699;462;782;462;782;510;699;510;UZA;AAA;SA;SUPPLIER_ADDRESS;Seller Address
invoice-2278.tiff;1;1;2480;3508;280538;791;462;11;48;791;462;802;462;802;510;791;510;,;S;SA;SUPPLIER_ADDRESS;Seller Address
invoice-2278.tiff;1;1;2480;3508;280539;814;462;171;48;814;462;985;462;985;510;814;510;FRANCE;AAAAAA;SA;SUPPLIER_ADDRESS;Seller Address
invoice-2278.tiff;1;1;2480;3508;280540;124;510;69;48;124;510;193;510;193;558;124;558;Tel:;AAAS;undefined;OTHER;OTHER
invoice-2278.tiff;1;1;2480;3508;280541;219;510;287;48;219;510;506;510;506;558;219;558;00-89-92-70-68;NNSNNSNNSNNSNN;SCN;SUPPLIER_CONTACT_NUMBER;Seller Contact Number
invoice-2278.tiff;1;1;2480;3508;280542;548;510;81;48;548;510;629;510;629;558;548;558;Fax:;AAAS;undefined;OTHER;OTHER
invoice-2278.tiff;1;1;2480;3508;280543;654;510;287;48;654;510;941;510;941;558;654;558;00-89-92-66-53;NNSNNSNNSNNSNN;SFAX;SUPPLIER_FAX_NUMBER;Seller Fax Number
invoice-2278.tiff;1;1;2480;3508;280548;124;895;286;59;124;895;410;895;410;954;124;954;Destinataire;AAAAAAAAAAAA;undefined;OTHER;OTHER
invoice-2278.tiff;1;1;2480;3508;280549;124;954;94;49;124;954;218;954;218;1003;124;1003;Mme;AAA;BN;BILLING_NAME;Billing Name
invoice-2278.tiff;1;1;2480;3508;280550;231;954;162;49;231;954;393;954;393;1003;231;1003;Raphaël;AAAAAAA;BN;BILLING_NAME;Billing Name
invoice-2278.tiff;1;1;2480;3508;280551;405;954;145;49;405;954;550;954;550;1003;405;1003;Barbier;AAAAAAA;BN;BILLING_NAME;Billing Name
invoice-2278.tiff;1;1;2480;3508;280552;124;1004;34;48;124;1004;158;1004;158;1052;124;1052;5,;NS;BA;BILLING_ADDRESS;Billing Address
invoice-2278.tiff;1;1;2480;3508;280553;171;1004;60;48;171;1004;231;1004;231;1052;171;1052;rue;AAA;BA;BILLING_ADDRESS;Billing Address
invoice-2278.tiff;1;1;2480;3508;280554;243;1004;143;48;243;1004;386;1004;386;1052;243;1052;bernard;AAAAAAA;BA;BILLING_ADDRESS;Billing Address
invoice-2278.tiff;1;1;2480;3508;280555;124;1052;115;48;124;1052;239;1052;239;1100;124;1100;44100;NNNNN;BA;BILLING_ADDRESS;Billing Address
invoice-2278.tiff;1;1;2480;3508;280556;282;1052;132;48;282;1052;414;1052;414;1100;282;1100;Nantes;AAAAAA;BA;BILLING_ADDRESS;Billing Address
invoice-2278.tiff;1;1;2480;3508;280569;1541;1056;61;54;1541;1056;1602;1056;1602;1110;1541;1110;Du;AA;undefined;OTHER;OTHER
invoice-2278.tiff;1;1;2480;3508;280570;2166;1056;23;48;2166;1056;2189;1056;2189;1104;2166;1104;6;N;IDATE;INVOICE_DATE;Invoice Date
invoice-2278.tiff;1;1;2480;3508;280571;2201;1056;60;48;2201;1056;2261;1056;2261;1104;2201;1104;abr;AAA;IDATE;INVOICE_DATE;Invoice Date
invoice-2278.tiff;1;1;2480;3508;280572;2273;1056;92;48;2273;1056;2365;1056;2365;1104;2273;1104;1999;NNNN;IDATE;INVOICE_DATE;Invoice Date
invoice-2278.tiff;1;1;2480;3508;280557;124;1100;129;48;124;1100;253;1100;253;1148;124;1148;France;AAAAAA;BA;BILLING_ADDRESS;Billing Address
invoice-2278.tiff;1;1;2480;3508;280573;1541;1132;173;54;1541;1132;1714;1132;1714;1186;1541;1186;Numéro;AAAAAA;undefined;OTHER;OTHER
invoice-2278.tiff;1;1;2480;3508;280574;1727;1132;53;54;1727;1132;1780;1132;1780;1186;1727;1186;de;AA;undefined;OTHER;OTHER
invoice-2278.tiff;1;1;2480;3508;280575;1793;1132;119;54;1793;1132;1912;1132;1912;1186;1793;1186;client;AAAAAA;undefined;OTHER;OTHER
invoice-2278.tiff;1;1;2480;3508;280576;2166;1132;115;48;2166;1132;2281;1132;2281;1180;2166;1180;27506;NNNNN;CNUM;CLIENT_NUMBER;Client Number
invoice-2278.tiff;1;1;2480;3508;280558;124;1190;222;59;124;1190;346;1190;346;1249;124;1249;Livraison;AAAAAAAAA;undefined;OTHER;OTHER
invoice-2278.tiff;1;1;2480;3508;280559;361;1190;27;59;361;1190;388;1190;388;1249;361;1249;à;A;undefined;OTHER;OTHER
invoice-2278.tiff;1;1;2480;3508;280577;1541;1207;173;54;1541;1207;1714;1207;1714;1261;1541;1261;Numéro;AAAAAA;undefined;OTHER;OTHER
invoice-2278.tiff;1;1;2480;3508;280578;1727;1207;53;54;1727;1207;1780;1207;1780;1261;1727;1261;de;AA;undefined;OTHER;OTHER
invoice-2278.tiff;1;1;2480;3508;280579;1793;1207;241;54;1793;1207;2034;1207;2034;1261;1793;1261;commande;AAAAAAAA;undefined;OTHER;OTHER
invoice-2278.tiff;1;1;2480;3508;280580;2166;1207;92;48;2166;1207;2258;1207;2258;1255;2166;1255;2257;NNNN;ONUM;ORDER_NUMBER;Order Number
invoice-2278.tiff;1;1;2480;3508;280560;124;1250;94;49;124;1250;218;1250;218;1299;124;1299;Mme;AAA;SHN;SHIPPING_NAME;Shipping Name
invoice-2278.tiff;1;1;2480;3508;280561;231;1250;162;49;231;1250;393;1250;393;1299;231;1299;Raphaël;AAAAAAA;SHN;SHIPPING_NAME;Shipping Name
invoice-2278.tiff;1;1;2480;3508;280562;405;1250;145;49;405;1250;550;1250;550;1299;405;1299;Barbier;AAAAAAA;SHN;SHIPPING_NAME;Shipping Name
invoice-2278.tiff;1;1;2480;3508;280563;124;1299;34;48;124;1299;158;1299;158;1347;124;1347;5,;NS;SHA;SHIPPING_ADDRESS;Shipping Address
invoice-2278.tiff;1;1;2480;3508;280564;171;1299;60;48;171;1299;231;1299;231;1347;171;1347;rue;AAA;SHA;SHIPPING_ADDRESS;Shipping Address
invoice-2278.tiff;1;1;2480;3508;280565;243;1299;143;48;243;1299;386;1299;386;1347;243;1347;bernard;AAAAAAA;SHA;SHIPPING_ADDRESS;Shipping Address
invoice-2278.tiff;1;1;2480;3508;280566;124;1347;115;48;124;1347;239;1347;239;1395;124;1395;44100;NNNNN;SHA;SHIPPING_ADDRESS;Shipping Address
invoice-2278.tiff;1;1;2480;3508;280567;282;1347;132;48;282;1347;414;1347;414;1395;282;1395;Nantes;AAAAAA;SHA;SHIPPING_ADDRESS;Shipping Address
invoice-2278.tiff;1;1;2480;3508;280568;124;1395;129;48;124;1395;253;1395;253;1443;124;1443;France;AAAAAA;SHA;SHIPPING_ADDRESS;Shipping Address
invoice-2278.tiff;1;1;2480;3508;280581;431;1711;262;54;431;1711;693;1711;693;1765;431;1765;Désignation;AAAAAAAAAAA;undefined;OTHER;OTHER
invoice-2278.tiff;1;1;2480;3508;280582;1086;1711;76;54;1086;1711;1162;1711;1162;1765;1086;1765;Qté;AAA;undefined;OTHER;OTHER
invoice-2278.tiff;1;1;2480;3508;280583;1384;1711;63;54;1384;1711;1447;1711;1447;1765;1384;1765;UP;AA;undefined;OTHER;OTHER
invoice-2278.tiff;1;1;2480;3508;280584;1704;1711;91;54;1704;1711;1795;1711;1795;1765;1704;1765;TVA;AAA;undefined;OTHER;OTHER
invoice-2278.tiff;1;1;2480;3508;280585;1944;1711;178;54;1944;1711;2122;1711;2122;1765;1944;1765;Montant;AAAAAAA;undefined;OTHER;OTHER
invoice-2278.tiff;1;1;2480;3508;280586;2135;1711;86;54;2135;1711;2221;1711;2221;1765;2135;1765;H.T.;ASAS;undefined;OTHER;OTHER
invoice-2278.tiff;1;1;2480;3508;280587;124;1786;178;49;124;1786;302;1786;302;1835;124;1835;Cafetière;AAAAAAAAA;undefined;OTHER;OTHER
invoice-2278.tiff;1;1;2480;3508;280588;314;1786;23;49;314;1786;337;1786;337;1835;314;1835;à;A;undefined;OTHER;OTHER
invoice-2278.tiff;1;1;2480;3508;280589;349;1786;148;49;349;1786;497;1786;497;1835;349;1835;dosette;AAAAAAA;undefined;OTHER;OTHER
invoice-2278.tiff;1;1;2480;3508;280590;509;1786;136;49;509;1786;645;1786;645;1835;509;1835;Philips;AAAAAAA;undefined;OTHER;OTHER
invoice-2278.tiff;1;1;2480;3508;280591;657;1786;148;49;657;1786;805;1786;805;1835;657;1835;Senseo;AAAAAA;undefined;OTHER;OTHER
invoice-2278.tiff;1;1;2480;3508;280598;1113;1786;23;49;1113;1786;1136;1786;1136;1835;1113;1835;4;N;undefined;OTHER;OTHER
invoice-2278.tiff;1;1;2480;3508;280599;1314;1786;104;49;1314;1786;1418;1786;1418;1835;1314;1835;77,50;NNSNN;undefined;OTHER;OTHER
invoice-2278.tiff;1;1;2480;3508;280600;1430;1786;87;49;1430;1786;1517;1786;1517;1835;1430;1835;EUR;AAA;undefined;OTHER;OTHER
invoice-2278.tiff;1;1;2480;3508;280601;1690;1786;118;49;1690;1786;1808;1786;1808;1835;1690;1835;20.0%;NNSNS;undefined;OTHER;OTHER
invoice-2278.tiff;1;1;2480;3508;280602;1969;1786;127;49;1969;1786;2096;1786;2096;1835;1969;1835;310,00;NNNSNN;undefined;OTHER;OTHER
invoice-2278.tiff;1;1;2480;3508;280603;2108;1786;87;49;2108;1786;2195;1786;2195;1835;2108;1835;EUR;AAA;undefined;OTHER;OTHER
invoice-2278.tiff;1;1;2480;3508;280592;124;1836;210;49;124;1836;334;1836;334;1885;124;1885;HD7836/01;AANNNNSNN;undefined;OTHER;OTHER
invoice-2278.tiff;1;1;2480;3508;280593;347;1836;85;49;347;1836;432;1836;432;1885;347;1885;Viva;AAAA;undefined;OTHER;OTHER
invoice-2278.tiff;1;1;2480;3508;280594;444;1836;129;49;444;1836;573;1836;573;1885;444;1885;Cuivre;AAAAAA;undefined;OTHER;OTHER
invoice-2278.tiff;1;1;2480;3508;280595;585;1836;24;49;585;1836;609;1836;609;1885;585;1885;+;S;undefined;OTHER;OTHER
invoice-2278.tiff;1;1;2480;3508;280596;621;1836;23;49;621;1836;644;1836;644;1885;621;1885;1;N;undefined;OTHER;OTHER
invoice-2278.tiff;1;1;2480;3508;280597;656;1836;99;49;656;1836;755;1836;755;1885;656;1885;boîte;AAAAA;undefined;OTHER;OTHER
invoice-2278.tiff;1;1;2480;3508;280604;124;1927;199;49;124;1927;323;1927;323;1976;124;1976;Détartrant;AAAAAAAAAA;undefined;OTHER;OTHER
invoice-2278.tiff;1;1;2480;3508;280605;335;1927;178;49;335;1927;513;1927;513;1976;335;1976;Delonghi;AAAAAAAA;undefined;OTHER;OTHER
invoice-2278.tiff;1;1;2480;3508;280606;525;1927;263;49;525;1927;788;1927;788;1976;525;1976;ECODECALK;AAAAAAAAA;undefined;OTHER;OTHER
invoice-2278.tiff;1;1;2480;3508;280607;800;1927;23;49;800;1927;823;1927;823;1976;800;1976;2;N;undefined;OTHER;OTHER
invoice-2278.tiff;1;1;2480;3508;280608;835;1927;23;49;835;1927;858;1927;858;1976;835;1976;x;A;undefined;OTHER;OTHER
invoice-2278.tiff;1;1;2480;3508;280609;870;1927;69;49;870;1927;939;1927;939;1976;870;1976;100;NNN;undefined;OTHER;OTHER
invoice-2278.tiff;1;1;2480;3508;280611;1113;1927;23;49;1113;1927;1136;1927;1136;1976;1113;1976;4;N;undefined;OTHER;OTHER
invoice-2278.tiff;1;1;2480;3508;280612;1314;1927;104;49;1314;1927;1418;1927;1418;1976;1314;1976;10,82;NNSNN;undefined;OTHER;OTHER
invoice-2278.tiff;1;1;2480;3508;280613;1430;1927;87;49;1430;1927;1517;1927;1517;1976;1430;1976;EUR;AAA;undefined;OTHER;OTHER
invoice-2278.tiff;1;1;2480;3508;280614;1690;1927;118;49;1690;1927;1808;1927;1808;1976;1690;1976;20.0%;NNSNS;undefined;OTHER;OTHER
invoice-2278.tiff;1;1;2480;3508;280615;1981;1927;104;49;1981;1927;2085;1927;2085;1976;1981;1976;43,30;NNSNN;undefined;OTHER;OTHER
invoice-2278.tiff;1;1;2480;3508;280616;2097;1927;87;49;2097;1927;2184;1927;2184;1976;2097;1976;EUR;AAA;undefined;OTHER;OTHER
invoice-2278.tiff;1;1;2480;3508;280610;124;1977;60;49;124;1977;184;1977;184;2026;124;2026;ML;AA;undefined;OTHER;OTHER
invoice-2278.tiff;1;1;2480;3508;280617;1403;2110;147;52;1403;2110;1550;2110;1550;2162;1403;2162;TOTAL;AAAAA;undefined;OTHER;OTHER
invoice-2278.tiff;1;1;2480;3508;280618;1563;2110;175;52;1563;2110;1738;2110;1738;2162;1563;2162;REMISE;AAAAAA;undefined;OTHER;OTHER
invoice-2278.tiff;1;1;2480;3508;280619;1752;2110;254;52;1752;2110;2006;2110;2006;2162;1752;2162;IMMEDIATE;AAAAAAAAA;undefined;OTHER;OTHER
invoice-2278.tiff;1;1;2480;3508;280620;2027;2110;81;48;2027;2110;2108;2110;2108;2158;2027;2158;0,00;NSNN;undefined;OTHER;OTHER
invoice-2278.tiff;1;1;2480;3508;280621;2120;2110;87;48;2120;2110;2207;2110;2207;2158;2120;2158;EUR;AAA;undefined;OTHER;OTHER
invoice-2278.tiff;1;1;2480;3508;280622;1674;2163;165;52;1674;2163;1839;2163;1839;2215;1674;2215;Montant;AAAAAAA;undefined;OTHER;OTHER
invoice-2278.tiff;1;1;2480;3508;280623;1853;2163;86;52;1853;2163;1939;2163;1939;2215;1853;2215;H.T.;ASAS;undefined;OTHER;OTHER
invoice-2278.tiff;1;1;2480;3508;280624;1981;2163;127;48;1981;2163;2108;2163;2108;2211;1981;2211;353,30;NNNSNN;TWTX;TOTAL_WITHOUT_TAX;TWTXS
invoice-2278.tiff;1;1;2480;3508;280625;2120;2163;87;48;2120;2163;2207;2163;2207;2211;2120;2211;EUR;AAA;TWTX;TOTAL_WITHOUT_TAX;TWTXS
invoice-2278.tiff;1;1;2480;3508;280626;1695;2216;165;52;1695;2216;1860;2216;1860;2268;1695;2268;Montant;AAAAAAA;undefined;OTHER;OTHER
invoice-2278.tiff;1;1;2480;3508;280627;1873;2216;89;52;1873;2216;1962;2216;1962;2268;1873;2268;TVA;AAA;undefined;OTHER;OTHER
invoice-2278.tiff;1;1;2480;3508;280628;2004;2216;104;48;2004;2216;2108;2216;2108;2264;2004;2264;70,66;NNSNN;TTX;TOTAL_TAX;Total Tax
invoice-2278.tiff;1;1;2480;3508;280629;2120;2216;87;48;2120;2216;2207;2216;2207;2264;2120;2264;EUR;AAA;TTX;TOTAL_TAX;Total Tax
invoice-2278.tiff;1;1;2480;3508;280630;1672;2269;165;52;1672;2269;1837;2269;1837;2321;1672;2321;Montant;AAAAAAA;undefined;OTHER;OTHER
invoice-2278.tiff;1;1;2480;3508;280631;1850;2269;89;52;1850;2269;1939;2269;1939;2321;1850;2321;TTC;AAA;undefined;OTHER;OTHER
invoice-2278.tiff;1;1;2480;3508;280632;1981;2269;127;48;1981;2269;2108;2269;2108;2317;1981;2317;423,96;NNNSNN;TA;TOTAL_AMOUNT;Total with TAX
invoice-2278.tiff;1;1;2480;3508;280633;2120;2269;87;48;2120;2269;2207;2269;2207;2317;2120;2317;EUR;AAA;TA;TOTAL_AMOUNT;Total with TAX
invoice-2278.tiff;1;1;2480;3508;280634;124;2651;145;54;124;2651;269;2651;269;2705;124;2705;Moyen;AAAAA;undefined;OTHER;OTHER
invoice-2278.tiff;1;1;2480;3508;280635;282;2651;53;54;282;2651;335;2651;335;2705;282;2705;de;AA;undefined;OTHER;OTHER
invoice-2278.tiff;1;1;2480;3508;280636;349;2651;201;54;349;2651;550;2651;550;2705;349;2705;paiement;AAAAAAAA;undefined;OTHER;OTHER
invoice-2278.tiff;1;1;2480;3508;280637;750;2651;166;48;750;2651;916;2651;916;2699;750;2699;Virement;AAAAAAAA;PMODE;PAYMENT_MODE;Payment Mode
invoice-2278.tiff;1;1;2480;3508;280638;124;3154;53;49;124;3154;177;3154;177;3203;124;3203;LE;AA;SN;SUPPLIER_NAME;Seller/Company) name
invoice-2278.tiff;1;1;2480;3508;280639;189;3154;203;49;189;3154;392;3154;392;3203;189;3203;COTTAGE;AAAAAAA;SN;SUPPLIER_NAME;Seller/Company) name
invoice-2278.tiff;1;1;2480;3508;280640;124;3203;145;48;124;3203;269;3203;269;3251;124;3251;ROUTE;AAAAA;SA;SUPPLIER_ADDRESS;Seller Address
invoice-2278.tiff;1;1;2480;3508;280641;282;3203;57;48;282;3203;339;3203;339;3251;282;3251;DE;AA;SA;SUPPLIER_ADDRESS;Seller Address
invoice-2278.tiff;1;1;2480;3508;280642;351;3203;192;48;351;3203;543;3203;543;3251;351;3251;CASTETS;AAAAAAA;SA;SUPPLIER_ADDRESS;Seller Address
invoice-2278.tiff;1;1;2480;3508;280643;552;3203;13;48;552;3203;565;3203;565;3251;552;3251;-;S;SA;SUPPLIER_ADDRESS;Seller Address
invoice-2278.tiff;1;1;2480;3508;280644;577;3203;115;48;577;3203;692;3203;692;3251;577;3251;40170;NNNNN;SA;SUPPLIER_ADDRESS;Seller Address
invoice-2278.tiff;1;1;2480;3508;280645;713;3203;83;48;713;3203;796;3203;796;3251;713;3251;UZA;AAA;SA;SUPPLIER_ADDRESS;Seller Address
invoice-2278.tiff;1;1;2480;3508;280646;805;3203;13;48;805;3203;818;3203;818;3251;805;3251;-;S;SA;SUPPLIER_ADDRESS;Seller Address
invoice-2278.tiff;1;1;2480;3508;280647;830;3203;171;48;830;3203;1001;3203;1001;3251;830;3251;FRANCE;AAAAAA;SA;SUPPLIER_ADDRESS;Seller Address
