src;num_pages;page_id;page_width;page_height;id;col;row;width;height;x1;y1;x2;y2;x3;y3;x4;y4;contents;contents_masked;correctclass;tag;description
invoice-1711.tiff;1;1;2480;3508;209487;124;62;176;175;124;62;300;62;300;237;124;237;common/logo;AAAAAASAAAA;img;IMAGE;Image
invoice-1711.tiff;1;1;2480;3508;209503;1541;258;99;57;1541;258;1640;258;1640;315;1541;315;Date;AAAA;undefined;OTHER;OTHER
invoice-1711.tiff;1;1;2480;3508;209504;1654;258;50;57;1654;258;1704;258;1704;315;1654;315;de;AA;undefined;OTHER;OTHER
invoice-1711.tiff;1;1;2480;3508;209505;1716;258;38;57;1716;258;1754;258;1754;315;1716;315;la;AA;undefined;OTHER;OTHER
invoice-1711.tiff;1;1;2480;3508;209506;1768;258;152;57;1768;258;1920;258;1920;315;1768;315;facture;AAAAAAA;undefined;OTHER;OTHER
invoice-1711.tiff;1;1;2480;3508;209507;1983;258;162;50;1983;258;2145;258;2145;308;1983;308;31/01/79;NNSNNSNN;IDATE;INVOICE_DATE;Invoice Date
invoice-1711.tiff;1;1;2480;3508;209488;124;412;145;48;124;412;269;412;269;460;124;460;ARBRE;AAAAA;SN;SUPPLIER_NAME;Seller/Company) name
invoice-1711.tiff;1;1;2480;3508;209489;281;412;208;48;281;412;489;412;489;460;281;460;ELAGAGE;AAAAAAA;SN;SUPPLIER_NAME;Seller/Company) name
invoice-1711.tiff;1;1;2480;3508;209490;124;460;41;45;124;460;165;460;165;505;124;505;37;NN;SA;SUPPLIER_ADDRESS;Seller Address
invoice-1711.tiff;1;1;2480;3508;209491;177;460;166;45;177;460;343;460;343;505;177;505;IMPASSE;AAAAAAA;SA;SUPPLIER_ADDRESS;Seller Address
invoice-1711.tiff;1;1;2480;3508;209492;354;460;76;45;354;460;430;460;430;505;354;505;DES;AAA;SA;SUPPLIER_ADDRESS;Seller Address
invoice-1711.tiff;1;1;2480;3508;209493;440;460;131;45;440;460;571;460;571;505;440;505;PETITS;AAAAAA;SA;SUPPLIER_ADDRESS;Seller Address
invoice-1711.tiff;1;1;2480;3508;209494;583;460;136;45;583;460;719;460;719;505;583;505;LAPINS;AAAAAA;SA;SUPPLIER_ADDRESS;Seller Address
invoice-1711.tiff;1;1;2480;3508;209495;728;460;53;45;728;460;781;460;781;505;728;505;CE;AA;SA;SUPPLIER_ADDRESS;Seller Address
invoice-1711.tiff;1;1;2480;3508;209496;808;460;104;45;808;460;912;460;912;505;808;505;44420;NNNNN;SA;SUPPLIER_ADDRESS;Seller Address
invoice-1711.tiff;1;1;2480;3508;209497;921;460;192;45;921;460;1113;460;1113;505;921;505;MESQUER;AAAAAAA;SA;SUPPLIER_ADDRESS;Seller Address
invoice-1711.tiff;1;1;2480;3508;209498;1121;460;157;45;1121;460;1278;460;1278;505;1121;505;FRANCE;AAAAAA;SA;SUPPLIER_ADDRESS;Seller Address
invoice-1711.tiff;1;1;2480;3508;209499;124;506;67;45;124;506;191;506;191;551;124;551;Tel:;AAAS;undefined;OTHER;OTHER
invoice-1711.tiff;1;1;2480;3508;209500;217;506;263;45;217;506;480;506;480;551;217;551;04-35-55-89-80;NNSNNSNNSNNSNN;SCN;SUPPLIER_CONTACT_NUMBER;Seller Contact Number
invoice-1711.tiff;1;1;2480;3508;209501;522;506;78;45;522;506;600;506;600;551;522;551;Fax:;AAAS;undefined;OTHER;OTHER
invoice-1711.tiff;1;1;2480;3508;209502;626;506;263;45;626;506;889;506;889;551;626;551;04-35-55-52-95;NNSNNSNNSNNSNN;SFAX;SUPPLIER_FAX_NUMBER;Seller Fax Number
invoice-1711.tiff;1;1;2480;3508;209520;1541;878;169;57;1541;878;1710;878;1710;935;1541;935;Adresse;AAAAAAA;undefined;OTHER;OTHER
invoice-1711.tiff;1;1;2480;3508;209521;1723;878;50;57;1723;878;1773;878;1773;935;1723;935;de;AA;undefined;OTHER;OTHER
invoice-1711.tiff;1;1;2480;3508;209522;1786;878;252;57;1786;878;2038;878;2038;935;1786;935;Facturation;AAAAAAAAAAA;undefined;OTHER;OTHER
invoice-1711.tiff;1;1;2480;3508;209523;1541;936;185;48;1541;936;1726;936;1726;984;1541;984;Rodriguez;AAAAAAAAA;BN;BILLING_NAME;Billing Name
invoice-1711.tiff;1;1;2480;3508;209524;1737;936;120;48;1737;936;1857;936;1857;984;1737;984;Kylian;AAAAAA;BN;BILLING_NAME;Billing Name
invoice-1711.tiff;1;1;2480;3508;209525;1541;984;31;45;1541;984;1572;984;1572;1029;1541;1029;1,;NS;BA;BILLING_ADDRESS;Billing Address
invoice-1711.tiff;1;1;2480;3508;209526;1583;984;90;45;1583;984;1673;984;1673;1029;1583;1029;place;AAAAA;BA;BILLING_ADDRESS;Billing Address
invoice-1711.tiff;1;1;2480;3508;209527;1684;984;148;45;1684;984;1832;984;1832;1029;1684;1029;raymond;AAAAAAA;BA;BILLING_ADDRESS;Billing Address
invoice-1711.tiff;1;1;2480;3508;209528;1842;984;104;45;1842;984;1946;984;1946;1029;1842;1029;plique;AAAAAA;BA;BILLING_ADDRESS;Billing Address
invoice-1711.tiff;1;1;2480;3508;209529;1541;1030;104;45;1541;1030;1645;1030;1645;1075;1541;1075;36230;NNNNN;BA;BILLING_ADDRESS;Billing Address
invoice-1711.tiff;1;1;2480;3508;209530;1687;1030;113;45;1687;1030;1800;1030;1800;1075;1687;1075;Sarzay;AAAAAA;BA;BILLING_ADDRESS;Billing Address
invoice-1711.tiff;1;1;2480;3508;209508;124;1032;160;52;124;1032;284;1032;284;1084;124;1084;Numéro;AAAAAA;undefined;OTHER;OTHER
invoice-1711.tiff;1;1;2480;3508;209509;296;1032;45;52;296;1032;341;1032;341;1084;296;1084;de;AA;undefined;OTHER;OTHER
invoice-1711.tiff;1;1;2480;3508;209510;354;1032;139;52;354;1032;493;1032;493;1084;354;1084;facture;AAAAAAA;undefined;OTHER;OTHER
invoice-1711.tiff;1;1;2480;3508;209511;750;1032;166;46;750;1032;916;1032;916;1078;750;1078;35938102;NNNNNNNN;IN;INVOICE_NUMBER;Invoice Number
invoice-1711.tiff;1;1;2480;3508;209531;1541;1076;120;45;1541;1076;1661;1076;1661;1121;1541;1121;France;AAAAAA;BA;BILLING_ADDRESS;Billing Address
invoice-1711.tiff;1;1;2480;3508;209512;124;1105;160;52;124;1105;284;1105;284;1157;124;1157;Numéro;AAAAAA;undefined;OTHER;OTHER
invoice-1711.tiff;1;1;2480;3508;209513;296;1105;45;52;296;1105;341;1105;341;1157;296;1157;de;AA;undefined;OTHER;OTHER
invoice-1711.tiff;1;1;2480;3508;209514;354;1105;106;52;354;1105;460;1105;460;1157;354;1157;client;AAAAAA;undefined;OTHER;OTHER
invoice-1711.tiff;1;1;2480;3508;209515;750;1105;104;46;750;1105;854;1105;854;1151;750;1151;27259;NNNNN;CNUM;CLIENT_NUMBER;Client Number
invoice-1711.tiff;1;1;2480;3508;209532;1541;1163;169;57;1541;1163;1710;1163;1710;1220;1541;1220;Adresse;AAAAAAA;undefined;OTHER;OTHER
invoice-1711.tiff;1;1;2480;3508;209533;1723;1163;50;57;1723;1163;1773;1163;1773;1220;1723;1220;de;AA;undefined;OTHER;OTHER
invoice-1711.tiff;1;1;2480;3508;209534;1786;1163;205;57;1786;1163;1991;1163;1991;1220;1786;1220;Livraison;AAAAAAAAA;undefined;OTHER;OTHER
invoice-1711.tiff;1;1;2480;3508;209516;124;1179;160;52;124;1179;284;1179;284;1231;124;1231;Numéro;AAAAAA;undefined;OTHER;OTHER
invoice-1711.tiff;1;1;2480;3508;209517;296;1179;45;52;296;1179;341;1179;341;1231;296;1231;de;AA;undefined;OTHER;OTHER
invoice-1711.tiff;1;1;2480;3508;209518;354;1179;213;52;354;1179;567;1179;567;1231;354;1231;commande;AAAAAAAA;undefined;OTHER;OTHER
invoice-1711.tiff;1;1;2480;3508;209519;750;1179;83;46;750;1179;833;1179;833;1225;750;1225;1226;NNNN;ONUM;ORDER_NUMBER;Order Number
invoice-1711.tiff;1;1;2480;3508;209535;1541;1221;185;48;1541;1221;1726;1221;1726;1269;1541;1269;Rodriguez;AAAAAAAAA;SHN;SHIPPING_NAME;Shipping Name
invoice-1711.tiff;1;1;2480;3508;209536;1737;1221;120;48;1737;1221;1857;1221;1857;1269;1737;1269;Kylian;AAAAAA;SHN;SHIPPING_NAME;Shipping Name
invoice-1711.tiff;1;1;2480;3508;209537;1541;1269;31;45;1541;1269;1572;1269;1572;1314;1541;1314;1,;NS;SHA;SHIPPING_ADDRESS;Shipping Address
invoice-1711.tiff;1;1;2480;3508;209538;1583;1269;90;45;1583;1269;1673;1269;1673;1314;1583;1314;place;AAAAA;SHA;SHIPPING_ADDRESS;Shipping Address
invoice-1711.tiff;1;1;2480;3508;209539;1684;1269;148;45;1684;1269;1832;1269;1832;1314;1684;1314;raymond;AAAAAAA;SHA;SHIPPING_ADDRESS;Shipping Address
invoice-1711.tiff;1;1;2480;3508;209540;1842;1269;104;45;1842;1269;1946;1269;1946;1314;1842;1314;plique;AAAAAA;SHA;SHIPPING_ADDRESS;Shipping Address
invoice-1711.tiff;1;1;2480;3508;209541;1541;1315;104;45;1541;1315;1645;1315;1645;1360;1541;1360;36230;NNNNN;SHA;SHIPPING_ADDRESS;Shipping Address
invoice-1711.tiff;1;1;2480;3508;209542;1687;1315;113;45;1687;1315;1800;1315;1800;1360;1687;1360;Sarzay;AAAAAA;SHA;SHIPPING_ADDRESS;Shipping Address
invoice-1711.tiff;1;1;2480;3508;209543;1541;1360;120;45;1541;1360;1661;1360;1661;1405;1541;1405;France;AAAAAA;SHA;SHIPPING_ADDRESS;Shipping Address
invoice-1711.tiff;1;1;2480;3508;209544;214;1684;71;52;214;1684;285;1684;285;1736;214;1736;Qté;AAA;undefined;OTHER;OTHER
invoice-1711.tiff;1;1;2480;3508;209545;696;1684;231;52;696;1684;927;1684;927;1736;696;1736;Désignation;AAAAAAAAAAA;undefined;OTHER;OTHER
invoice-1711.tiff;1;1;2480;3508;209546;1386;1684;61;52;1386;1684;1447;1684;1447;1736;1386;1736;UP;AA;undefined;OTHER;OTHER
invoice-1711.tiff;1;1;2480;3508;209547;1701;1684;96;52;1701;1684;1797;1684;1797;1736;1701;1736;TVA;AAA;undefined;OTHER;OTHER
invoice-1711.tiff;1;1;2480;3508;209548;1947;1684;170;52;1947;1684;2117;1684;2117;1736;1947;1736;Montant;AAAAAAA;undefined;OTHER;OTHER
invoice-1711.tiff;1;1;2480;3508;209549;2129;1684;89;52;2129;1684;2218;1684;2218;1736;2129;1736;H.T.;ASAS;undefined;OTHER;OTHER
invoice-1711.tiff;1;1;2480;3508;209550;239;1758;20;48;239;1758;259;1758;259;1806;239;1806;3;N;undefined;OTHER;OTHER
invoice-1711.tiff;1;1;2480;3508;209551;375;1758;94;48;375;1758;469;1758;469;1806;375;1806;Patin;AAAAA;undefined;OTHER;OTHER
invoice-1711.tiff;1;1;2480;3508;209552;480;1758;69;48;480;1758;549;1758;549;1806;480;1806;anti;AAAA;undefined;OTHER;OTHER
invoice-1711.tiff;1;1;2480;3508;209553;560;1758;164;48;560;1758;724;1758;724;1806;560;1806;vibration;AAAAAAAAA;undefined;OTHER;OTHER
invoice-1711.tiff;1;1;2480;3508;209554;734;1758;180;48;734;1758;914;1758;914;1806;734;1806;Essentielb;AAAAAAAAAA;undefined;OTHER;OTHER
invoice-1711.tiff;1;1;2480;3508;209555;926;1758;152;48;926;1758;1078;1758;1078;1806;926;1806;PATINS;AAAAAA;undefined;OTHER;OTHER
invoice-1711.tiff;1;1;2480;3508;209558;1380;1758;72;48;1380;1758;1452;1758;1452;1806;1380;1806;7,49;NSNN;undefined;OTHER;OTHER
invoice-1711.tiff;1;1;2480;3508;209559;1692;1758;114;48;1692;1758;1806;1758;1806;1806;1692;1806;20.0%;NNSNS;undefined;OTHER;OTHER
invoice-1711.tiff;1;1;2480;3508;209560;2036;1758;93;48;2036;1758;2129;1758;2129;1806;2036;1806;22,48;NNSNN;undefined;OTHER;OTHER
invoice-1711.tiff;1;1;2480;3508;209556;375;1806;358;48;375;1806;733;1806;733;1854;375;1854;ANTI-VIBRATION;AAAASAAAAAAAAA;undefined;OTHER;OTHER
invoice-1711.tiff;1;1;2480;3508;209557;744;1806;50;48;744;1806;794;1806;794;1854;744;1854;X4;AN;undefined;OTHER;OTHER
invoice-1711.tiff;1;1;2480;3508;209561;239;1895;20;48;239;1895;259;1895;259;1943;239;1943;1;N;undefined;OTHER;OTHER
invoice-1711.tiff;1;1;2480;3508;209562;375;1895;145;48;375;1895;520;1895;520;1943;375;1943;Raclette;AAAAAAAA;undefined;OTHER;OTHER
invoice-1711.tiff;1;1;2480;3508;209563;531;1895;171;48;531;1895;702;1895;702;1943;531;1943;Lagrange;AAAAAAAA;undefined;OTHER;OTHER
invoice-1711.tiff;1;1;2480;3508;209564;712;1895;124;48;712;1895;836;1895;836;1943;712;1943;399002;NNNNNN;undefined;OTHER;OTHER
invoice-1711.tiff;1;1;2480;3508;209565;848;1895;145;48;848;1895;993;1895;993;1943;848;1943;Raclette;AAAAAAAA;undefined;OTHER;OTHER
invoice-1711.tiff;1;1;2480;3508;209566;1004;1895;111;48;1004;1895;1115;1895;1115;1943;1004;1943;Pierre;AAAAAA;undefined;OTHER;OTHER
invoice-1711.tiff;1;1;2480;3508;209568;1369;1895;93;48;1369;1895;1462;1895;1462;1943;1369;1943;76,67;NNSNN;undefined;OTHER;OTHER
invoice-1711.tiff;1;1;2480;3508;209569;1692;1895;114;48;1692;1895;1806;1895;1806;1943;1692;1943;20.0%;NNSNS;undefined;OTHER;OTHER
invoice-1711.tiff;1;1;2480;3508;209570;2036;1895;93;48;2036;1895;2129;1895;2129;1943;2036;1943;76,67;NNSNN;undefined;OTHER;OTHER
invoice-1711.tiff;1;1;2480;3508;209567;375;1943;159;48;375;1943;534;1943;534;1991;375;1991;Elégance;AAAAAAAA;undefined;OTHER;OTHER
invoice-1711.tiff;1;1;2480;3508;209571;239;2033;20;48;239;2033;259;2033;259;2081;239;2081;3;N;undefined;OTHER;OTHER
invoice-1711.tiff;1;1;2480;3508;209572;375;2033;229;48;375;2033;604;2033;604;2081;375;2081;Multicuiseur;AAAAAAAAAAAA;undefined;OTHER;OTHER
invoice-1711.tiff;1;1;2480;3508;209573;614;2033;134;48;614;2033;748;2033;748;2081;614;2081;Severin;AAAAAAA;undefined;OTHER;OTHER
invoice-1711.tiff;1;1;2480;3508;209574;759;2033;78;48;759;2033;837;2033;837;2081;759;2081;Cuit;AAAA;undefined;OTHER;OTHER
invoice-1711.tiff;1;1;2480;3508;209575;848;2033;164;48;848;2033;1012;2033;1012;2081;848;2081;sous-vide;AAAASAAAA;undefined;OTHER;OTHER
invoice-1711.tiff;1;1;2480;3508;209576;1023;2033;53;48;1023;2033;1076;2033;1076;2081;1023;2081;SV;AA;undefined;OTHER;OTHER
invoice-1711.tiff;1;1;2480;3508;209577;1086;2033;83;48;1086;2033;1169;2033;1169;2081;1086;2081;2447;NNNN;undefined;OTHER;OTHER
invoice-1711.tiff;1;1;2480;3508;209578;1369;2033;93;48;1369;2033;1462;2033;1462;2081;1369;2081;91,58;NNSNN;undefined;OTHER;OTHER
invoice-1711.tiff;1;1;2480;3508;209579;1692;2033;114;48;1692;2033;1806;2033;1806;2081;1692;2081;20.0%;NNSNS;undefined;OTHER;OTHER
invoice-1711.tiff;1;1;2480;3508;209580;2026;2033;114;48;2026;2033;2140;2033;2140;2081;2026;2081;274,75;NNNSNN;undefined;OTHER;OTHER
invoice-1711.tiff;1;1;2480;3508;209581;1770;2164;170;52;1770;2164;1940;2164;1940;2216;1770;2216;Montant;AAAAAAA;undefined;OTHER;OTHER
invoice-1711.tiff;1;1;2480;3508;209582;1952;2164;89;52;1952;2164;2041;2164;2041;2216;1952;2216;H.T.;ASAS;undefined;OTHER;OTHER
invoice-1711.tiff;1;1;2480;3508;209583;2083;2164;114;48;2083;2164;2197;2164;2197;2212;2083;2212;373,89;NNNSNN;TWTX;TOTAL_WITHOUT_TAX;TWTXS
invoice-1711.tiff;1;1;2480;3508;209584;1955;2217;96;52;1955;2217;2051;2217;2051;2269;1955;2269;TVA;AAA;undefined;OTHER;OTHER
invoice-1711.tiff;1;1;2480;3508;209585;2093;2217;114;48;2093;2217;2207;2217;2207;2265;2093;2265;20.0%;NNSNS;TXR;TAX_RATE;Tax Rate
invoice-1711.tiff;1;1;2480;3508;209586;1783;2270;170;52;1783;2270;1953;2270;1953;2322;1783;2322;Montant;AAAAAAA;undefined;OTHER;OTHER
invoice-1711.tiff;1;1;2480;3508;209587;1965;2270;96;52;1965;2270;2061;2270;2061;2322;1965;2322;TVA;AAA;undefined;OTHER;OTHER
invoice-1711.tiff;1;1;2480;3508;209588;2104;2270;93;48;2104;2270;2197;2270;2197;2318;2104;2318;74,78;NNSNN;TTX;TOTAL_TAX;Total Tax
invoice-1711.tiff;1;1;2480;3508;209589;1765;2323;170;52;1765;2323;1935;2323;1935;2375;1765;2375;Montant;AAAAAAA;undefined;OTHER;OTHER
invoice-1711.tiff;1;1;2480;3508;209590;1947;2323;94;52;1947;2323;2041;2323;2041;2375;1947;2375;TTC;AAA;undefined;OTHER;OTHER
invoice-1711.tiff;1;1;2480;3508;209591;2083;2323;114;48;2083;2323;2197;2323;2197;2371;2083;2371;448,67;NNNSNN;TA;TOTAL_AMOUNT;Total with TAX
invoice-1711.tiff;1;1;2480;3508;209592;1187;3175;145;48;1187;3175;1332;3175;1332;3223;1187;3223;ARBRE;AAAAA;SN;SUPPLIER_NAME;Seller/Company) name
invoice-1711.tiff;1;1;2480;3508;209593;1343;3175;208;48;1343;3175;1551;3175;1551;3223;1343;3223;ELAGAGE;AAAAAAA;SN;SUPPLIER_NAME;Seller/Company) name
invoice-1711.tiff;1;1;2480;3508;209594;1187;3223;41;45;1187;3223;1228;3223;1228;3268;1187;3268;37;NN;SA;SUPPLIER_ADDRESS;Seller Address
invoice-1711.tiff;1;1;2480;3508;209595;1239;3223;166;45;1239;3223;1405;3223;1405;3268;1239;3268;IMPASSE;AAAAAAA;SA;SUPPLIER_ADDRESS;Seller Address
invoice-1711.tiff;1;1;2480;3508;209596;1416;3223;76;45;1416;3223;1492;3223;1492;3268;1416;3268;DES;AAA;SA;SUPPLIER_ADDRESS;Seller Address
invoice-1711.tiff;1;1;2480;3508;209597;1503;3223;131;45;1503;3223;1634;3223;1634;3268;1503;3268;PETITS;AAAAAA;SA;SUPPLIER_ADDRESS;Seller Address
invoice-1711.tiff;1;1;2480;3508;209598;1645;3223;136;45;1645;3223;1781;3223;1781;3268;1645;3268;LAPINS;AAAAAA;SA;SUPPLIER_ADDRESS;Seller Address
invoice-1711.tiff;1;1;2480;3508;209599;1187;3268;53;45;1187;3268;1240;3268;1240;3313;1187;3313;CE;AA;SA;SUPPLIER_ADDRESS;Seller Address
invoice-1711.tiff;1;1;2480;3508;209600;1187;3314;104;45;1187;3314;1291;3314;1291;3359;1187;3359;44420;NNNNN;SA;SUPPLIER_ADDRESS;Seller Address
invoice-1711.tiff;1;1;2480;3508;209601;1333;3314;192;45;1333;3314;1525;3314;1525;3359;1333;3359;MESQUER;AAAAAAA;SA;SUPPLIER_ADDRESS;Seller Address
invoice-1711.tiff;1;1;2480;3508;209602;1187;3360;157;45;1187;3360;1344;3360;1344;3405;1187;3405;FRANCE;AAAAAA;SA;SUPPLIER_ADDRESS;Seller Address
