src;num_pages;page_id;page_width;page_height;id;col;row;width;height;x1;y1;x2;y2;x3;y3;x4;y4;contents;contents_masked;correctclass;tag;description
invoice-477.tiff;1;1;2480;3508;58804;124;62;236;175;124;62;360;62;360;237;124;237;common/logo;AAAAAASAAAA;img;IMAGE;Image
invoice-477.tiff;1;1;2480;3508;58805;124;412;231;48;124;412;355;412;355;460;124;460;CHESNEAU;AAAAAAAA;SN;SUPPLIER_NAME;Seller/Company) name
invoice-477.tiff;1;1;2480;3508;58806;366;412;379;48;366;412;745;412;745;460;366;460;ENVIRONNEMENT;AAAAAAAAAAAAA;SN;SUPPLIER_NAME;Seller/Company) name
invoice-477.tiff;1;1;2480;3508;58807;124;460;48;45;124;460;172;460;172;505;124;505;LA;AA;SA;SUPPLIER_ADDRESS;Seller Address
invoice-477.tiff;1;1;2480;3508;58808;184;460;205;45;184;460;389;460;389;505;184;505;COCHERIE;AAAAAAAA;SA;SUPPLIER_ADDRESS;Seller Address
invoice-477.tiff;1;1;2480;3508;58809;398;460;104;45;398;460;502;460;502;505;398;505;53240;NNNNN;SA;SUPPLIER_ADDRESS;Seller Address
invoice-477.tiff;1;1;2480;3508;58810;510;460;166;45;510;460;676;460;676;505;510;505;ALEXAIN;AAAAAAA;SA;SUPPLIER_ADDRESS;Seller Address
invoice-477.tiff;1;1;2480;3508;58811;685;460;157;45;685;460;842;460;842;505;685;505;FRANCE;AAAAAA;SA;SUPPLIER_ADDRESS;Seller Address
invoice-477.tiff;1;1;2480;3508;58812;124;506;173;45;124;506;297;506;297;551;124;551;Téléphone;AAAAAAAAA;undefined;OTHER;OTHER
invoice-477.tiff;1;1;2480;3508;58813;323;506;263;45;323;506;586;506;586;551;323;551;06-69-72-78-34;NNSNNSNNSNNSNN;SCN;SUPPLIER_CONTACT_NUMBER;Seller Contact Number
invoice-477.tiff;1;1;2480;3508;58814;629;506;162;45;629;506;791;506;791;551;629;551;Télécopie;AAAAAAAAA;undefined;OTHER;OTHER
invoice-477.tiff;1;1;2480;3508;58815;816;506;263;45;816;506;1079;506;1079;551;816;551;06-69-72-44-76;NNSNNSNNSNNSNN;SFAX;SUPPLIER_FAX_NUMBER;Seller Fax Number
invoice-477.tiff;1;1;2480;3508;58831;1541;878;169;57;1541;878;1710;878;1710;935;1541;935;Adresse;AAAAAAA;undefined;OTHER;OTHER
invoice-477.tiff;1;1;2480;3508;58832;1723;878;252;57;1723;878;1975;878;1975;935;1723;935;Facturation;AAAAAAAAAAA;undefined;OTHER;OTHER
invoice-477.tiff;1;1;2480;3508;58833;1541;936;120;48;1541;936;1661;936;1661;984;1541;984;Maeva;AAAAA;BN;BILLING_NAME;Billing Name
invoice-477.tiff;1;1;2480;3508;58834;1672;936;124;48;1672;936;1796;936;1796;984;1672;984;Brunet;AAAAAA;BN;BILLING_NAME;Billing Name
invoice-477.tiff;1;1;2480;3508;58835;1541;984;72;45;1541;984;1613;984;1613;1029;1541;1029;300,;NNNS;BA;BILLING_ADDRESS;Billing Address
invoice-477.tiff;1;1;2480;3508;58836;1624;984;55;45;1624;984;1679;984;1679;1029;1624;1029;rue;AAA;BA;BILLING_ADDRESS;Billing Address
invoice-477.tiff;1;1;2480;3508;58837;1690;984;106;45;1690;984;1796;984;1796;1029;1690;1029;buffon;AAAAAA;BA;BILLING_ADDRESS;Billing Address
invoice-477.tiff;1;1;2480;3508;58816;124;995;211;52;124;995;335;995;335;1047;124;1047;Facture-n°;AAAAAAASAS;undefined;OTHER;OTHER
invoice-477.tiff;1;1;2480;3508;58817;750;995;145;46;750;995;895;995;895;1041;750;1041;0027967;NNNNNNN;IN;INVOICE_NUMBER;Invoice Number
invoice-477.tiff;1;1;2480;3508;58838;1541;1030;104;45;1541;1030;1645;1030;1645;1075;1541;1075;34070;NNNNN;BA;BILLING_ADDRESS;Billing Address
invoice-477.tiff;1;1;2480;3508;58839;1687;1030;196;45;1687;1030;1883;1030;1883;1075;1687;1075;Montpellier;AAAAAAAAAAA;BA;BILLING_ADDRESS;Billing Address
invoice-477.tiff;1;1;2480;3508;58818;124;1069;91;52;124;1069;215;1069;215;1121;124;1121;Date;AAAA;undefined;OTHER;OTHER
invoice-477.tiff;1;1;2480;3508;58819;228;1069;45;52;228;1069;273;1069;273;1121;228;1121;de;AA;undefined;OTHER;OTHER
invoice-477.tiff;1;1;2480;3508;58820;285;1069;35;52;285;1069;320;1069;320;1121;285;1121;la;AA;undefined;OTHER;OTHER
invoice-477.tiff;1;1;2480;3508;58821;332;1069;139;52;332;1069;471;1069;471;1121;332;1121;facture;AAAAAAA;undefined;OTHER;OTHER
invoice-477.tiff;1;1;2480;3508;58822;750;1069;41;46;750;1069;791;1069;791;1115;750;1115;12;NN;IDATE;INVOICE_DATE;Invoice Date
invoice-477.tiff;1;1;2480;3508;58823;802;1069;60;46;802;1069;862;1069;862;1115;802;1115;ago;AAA;IDATE;INVOICE_DATE;Invoice Date
invoice-477.tiff;1;1;2480;3508;58824;872;1069;83;46;872;1069;955;1069;955;1115;872;1115;1998;NNNN;IDATE;INVOICE_DATE;Invoice Date
invoice-477.tiff;1;1;2480;3508;58840;1541;1076;120;45;1541;1076;1661;1076;1661;1121;1541;1121;France;AAAAAA;BA;BILLING_ADDRESS;Billing Address
invoice-477.tiff;1;1;2480;3508;58825;124;1142;178;52;124;1142;302;1142;302;1194;124;1194;Client-n°;AAAAAASAS;undefined;OTHER;OTHER
invoice-477.tiff;1;1;2480;3508;58826;750;1142;124;46;750;1142;874;1142;874;1188;750;1188;007965;NNNNNN;CNUM;CLIENT_NUMBER;Client Number
invoice-477.tiff;1;1;2480;3508;58841;1541;1163;169;57;1541;1163;1710;1163;1710;1220;1541;1220;Adresse;AAAAAAA;undefined;OTHER;OTHER
invoice-477.tiff;1;1;2480;3508;58842;1723;1163;205;57;1723;1163;1928;1163;1928;1220;1723;1220;Livraison;AAAAAAAAA;undefined;OTHER;OTHER
invoice-477.tiff;1;1;2480;3508;58827;124;1216;112;52;124;1216;236;1216;236;1268;124;1268;Mode;AAAA;undefined;OTHER;OTHER
invoice-477.tiff;1;1;2480;3508;58828;248;1216;45;52;248;1216;293;1216;293;1268;248;1268;de;AA;undefined;OTHER;OTHER
invoice-477.tiff;1;1;2480;3508;58829;305;1216;195;52;305;1216;500;1216;500;1268;305;1268;règlement;AAAAAAAAA;undefined;OTHER;OTHER
invoice-477.tiff;1;1;2480;3508;58830;750;1216;55;46;750;1216;805;1216;805;1262;750;1262;CB;AA;PMODE;PAYMENT_MODE;Payment Mode
invoice-477.tiff;1;1;2480;3508;58843;1541;1221;120;48;1541;1221;1661;1221;1661;1269;1541;1269;Maeva;AAAAA;SHN;SHIPPING_NAME;Shipping Name
invoice-477.tiff;1;1;2480;3508;58844;1672;1221;124;48;1672;1221;1796;1221;1796;1269;1672;1269;Brunet;AAAAAA;SHN;SHIPPING_NAME;Shipping Name
invoice-477.tiff;1;1;2480;3508;58845;1541;1269;72;45;1541;1269;1613;1269;1613;1314;1541;1314;300,;NNNS;SHA;SHIPPING_ADDRESS;Shipping Address
invoice-477.tiff;1;1;2480;3508;58846;1624;1269;55;45;1624;1269;1679;1269;1679;1314;1624;1314;rue;AAA;SHA;SHIPPING_ADDRESS;Shipping Address
invoice-477.tiff;1;1;2480;3508;58847;1690;1269;106;45;1690;1269;1796;1269;1796;1314;1690;1314;buffon;AAAAAA;SHA;SHIPPING_ADDRESS;Shipping Address
invoice-477.tiff;1;1;2480;3508;58848;1541;1315;104;45;1541;1315;1645;1315;1645;1360;1541;1360;34070;NNNNN;SHA;SHIPPING_ADDRESS;Shipping Address
invoice-477.tiff;1;1;2480;3508;58849;1687;1315;196;45;1687;1315;1883;1315;1883;1360;1687;1360;Montpellier;AAAAAAAAAAA;SHA;SHIPPING_ADDRESS;Shipping Address
invoice-477.tiff;1;1;2480;3508;58850;1541;1360;120;45;1541;1360;1661;1360;1661;1405;1541;1405;France;AAAAAA;SHA;SHIPPING_ADDRESS;Shipping Address
invoice-477.tiff;1;1;2480;3508;58851;143;1684;129;52;143;1684;272;1684;272;1736;143;1736;S.Non.;ASAAAS;undefined;OTHER;OTHER
invoice-477.tiff;1;1;2480;3508;58852;350;1684;173;52;350;1684;523;1684;523;1736;350;1736;Quantité;AAAAAAAA;undefined;OTHER;OTHER
invoice-477.tiff;1;1;2480;3508;58853;865;1684;226;52;865;1684;1091;1684;1091;1736;865;1736;Description;AAAAAAAAAAA;undefined;OTHER;OTHER
invoice-477.tiff;1;1;2480;3508;58854;1391;1684;84;52;1391;1684;1475;1684;1475;1736;1391;1736;Prix;AAAA;undefined;OTHER;OTHER
invoice-477.tiff;1;1;2480;3508;58855;1487;1684;162;52;1487;1684;1649;1684;1649;1736;1487;1736;Unitaire;AAAAAAAA;undefined;OTHER;OTHER
invoice-477.tiff;1;1;2480;3508;58856;1678;1684;101;52;1678;1684;1779;1684;1779;1736;1678;1736;Taux;AAAA;undefined;OTHER;OTHER
invoice-477.tiff;1;1;2480;3508;58857;1792;1684;45;52;1792;1684;1837;1684;1837;1736;1792;1736;de;AA;undefined;OTHER;OTHER
invoice-477.tiff;1;1;2480;3508;58858;1849;1684;96;52;1849;1684;1945;1684;1945;1736;1849;1736;TVA;AAA;undefined;OTHER;OTHER
invoice-477.tiff;1;1;2480;3508;58859;1980;1684;170;52;1980;1684;2150;1684;2150;1736;1980;1736;Montant;AAAAAAA;undefined;OTHER;OTHER
invoice-477.tiff;1;1;2480;3508;58860;2162;1684;66;52;2162;1684;2228;1684;2228;1736;2162;1736;HT;AA;undefined;OTHER;OTHER
invoice-477.tiff;1;1;2480;3508;58861;197;1758;20;48;197;1758;217;1758;217;1806;197;1806;1;N;undefined;OTHER;OTHER
invoice-477.tiff;1;1;2480;3508;58862;427;1758;20;48;427;1758;447;1758;447;1806;427;1806;4;N;undefined;OTHER;OTHER
invoice-477.tiff;1;1;2480;3508;58863;1435;1758;72;48;1435;1758;1507;1758;1507;1806;1435;1806;0,00;NSNN;undefined;OTHER;OTHER
invoice-477.tiff;1;1;2480;3508;58864;1518;1758;87;48;1518;1758;1605;1758;1605;1806;1518;1806;EUR;AAA;undefined;OTHER;OTHER
invoice-477.tiff;1;1;2480;3508;58865;1755;1758;114;48;1755;1758;1869;1758;1869;1806;1755;1806;20.0%;NNSNS;undefined;OTHER;OTHER
invoice-477.tiff;1;1;2480;3508;58866;2018;1758;72;48;2018;1758;2090;1758;2090;1806;2018;1806;0,00;NSNN;undefined;OTHER;OTHER
invoice-477.tiff;1;1;2480;3508;58867;2101;1758;87;48;2101;1758;2188;1758;2188;1806;2101;1806;EUR;AAA;undefined;OTHER;OTHER
invoice-477.tiff;1;1;2480;3508;58868;197;1847;20;48;197;1847;217;1847;217;1895;197;1895;2;N;undefined;OTHER;OTHER
invoice-477.tiff;1;1;2480;3508;58869;427;1847;20;48;427;1847;447;1847;447;1895;427;1895;4;N;undefined;OTHER;OTHER
invoice-477.tiff;1;1;2480;3508;58870;583;1847;245;48;583;1847;828;1847;828;1895;583;1895;Réfrigérateur;AAAAAAAAAAAAA;undefined;OTHER;OTHER
invoice-477.tiff;1;1;2480;3508;58871;839;1847;150;48;839;1847;989;1847;989;1895;839;1895;combiné;AAAAAAA;undefined;OTHER;OTHER
invoice-477.tiff;1;1;2480;3508;58872;999;1847;203;48;999;1847;1202;1847;1202;1895;999;1895;encastrable;AAAAAAAAAAA;undefined;OTHER;OTHER
invoice-477.tiff;1;1;2480;3508;58873;1213;1847;106;48;1213;1847;1319;1847;1319;1895;1213;1895;Bosch;AAAAA;undefined;OTHER;OTHER
invoice-477.tiff;1;1;2480;3508;58875;1414;1847;114;48;1414;1847;1528;1847;1528;1895;1414;1895;632,50;NNNSNN;undefined;OTHER;OTHER
invoice-477.tiff;1;1;2480;3508;58876;1539;1847;87;48;1539;1847;1626;1847;1626;1895;1539;1895;EUR;AAA;undefined;OTHER;OTHER
invoice-477.tiff;1;1;2480;3508;58877;1755;1847;114;48;1755;1847;1869;1847;1869;1895;1755;1895;20.0%;NNSNS;undefined;OTHER;OTHER
invoice-477.tiff;1;1;2480;3508;58878;1987;1847;135;48;1987;1847;2122;1847;2122;1895;1987;1895;2530,00;NNNNSNN;undefined;OTHER;OTHER
invoice-477.tiff;1;1;2480;3508;58879;2133;1847;87;48;2133;1847;2220;1847;2220;1895;2133;1895;EUR;AAA;undefined;OTHER;OTHER
invoice-477.tiff;1;1;2480;3508;58874;583;1895;243;48;583;1895;826;1895;826;1943;583;1943;KIV28V20FF;AAANNANNAA;undefined;OTHER;OTHER
invoice-477.tiff;1;1;2480;3508;58880;1417;2027;150;51;1417;2027;1567;2027;1567;2078;1417;2078;TOTAL;AAAAA;undefined;OTHER;OTHER
invoice-477.tiff;1;1;2480;3508;58881;1579;2027;168;51;1579;2027;1747;2027;1747;2078;1579;2078;REMISE;AAAAAA;undefined;OTHER;OTHER
invoice-477.tiff;1;1;2480;3508;58882;1758;2027;262;51;1758;2027;2020;2027;2020;2078;1758;2078;IMMEDIATE;AAAAAAAAA;undefined;OTHER;OTHER
invoice-477.tiff;1;1;2480;3508;58883;2041;2027;72;46;2041;2027;2113;2027;2113;2073;2041;2073;0,00;NSNN;undefined;OTHER;OTHER
invoice-477.tiff;1;1;2480;3508;58884;2125;2027;83;46;2125;2027;2208;2027;2208;2073;2125;2073;EUR;AAA;undefined;OTHER;OTHER
invoice-477.tiff;1;1;2480;3508;58885;1709;2078;155;51;1709;2078;1864;2078;1864;2129;1709;2129;Montant;AAAAAAA;undefined;OTHER;OTHER
invoice-477.tiff;1;1;2480;3508;58886;1876;2078;61;51;1876;2078;1937;2078;1937;2129;1876;2129;HT;AA;undefined;OTHER;OTHER
invoice-477.tiff;1;1;2480;3508;58887;1979;2078;135;46;1979;2078;2114;2078;2114;2124;1979;2124;2530,00;NNNNSNN;TWTX;TOTAL_WITHOUT_TAX;TWTXS
invoice-477.tiff;1;1;2480;3508;58888;2125;2078;83;46;2125;2078;2208;2078;2208;2124;2125;2124;EUR;AAA;TWTX;TOTAL_WITHOUT_TAX;TWTXS
invoice-477.tiff;1;1;2480;3508;58889;1804;2129;94;51;1804;2129;1898;2129;1898;2180;1804;2180;Taux;AAAA;undefined;OTHER;OTHER
invoice-477.tiff;1;1;2480;3508;58890;1910;2129;43;51;1910;2129;1953;2129;1953;2180;1910;2180;de;AA;undefined;OTHER;OTHER
invoice-477.tiff;1;1;2480;3508;58891;1964;2129;94;51;1964;2129;2058;2129;2058;2180;1964;2180;TVA;AAA;undefined;OTHER;OTHER
invoice-477.tiff;1;1;2480;3508;58892;2100;2129;107;46;2100;2129;2207;2129;2207;2175;2100;2175;20.0%;NNSNS;TXR;TAX_RATE;Tax Rate
invoice-477.tiff;1;1;2480;3508;58893;1864;2180;94;51;1864;2180;1958;2180;1958;2231;1864;2231;TVA;AAA;undefined;OTHER;OTHER
invoice-477.tiff;1;1;2480;3508;58894;2000;2180;114;46;2000;2180;2114;2180;2114;2226;2000;2226;506,00;NNNSNN;TTX;TOTAL_TAX;Total Tax
invoice-477.tiff;1;1;2480;3508;58895;2125;2180;83;46;2125;2180;2208;2180;2208;2226;2125;2226;EUR;AAA;TTX;TOTAL_TAX;Total Tax
invoice-477.tiff;1;1;2480;3508;58896;1742;2231;96;51;1742;2231;1838;2231;1838;2282;1742;2282;Total;AAAAA;undefined;OTHER;OTHER
invoice-477.tiff;1;1;2480;3508;58897;1850;2231;86;51;1850;2231;1936;2231;1936;2282;1850;2282;TTC;AAA;undefined;OTHER;OTHER
invoice-477.tiff;1;1;2480;3508;58898;1979;2231;135;46;1979;2231;2114;2231;2114;2277;1979;2277;3036,00;NNNNSNN;TA;TOTAL_AMOUNT;Total with TAX
invoice-477.tiff;1;1;2480;3508;58899;2125;2231;83;46;2125;2231;2208;2231;2208;2277;2125;2277;EUR;AAA;TA;TOTAL_AMOUNT;Total with TAX
invoice-477.tiff;1;1;2480;3508;58900;1628;3154;231;48;1628;3154;1859;3154;1859;3202;1628;3202;CHESNEAU;AAAAAAAA;SN;SUPPLIER_NAME;Seller/Company) name
invoice-477.tiff;1;1;2480;3508;58901;1870;3154;379;48;1870;3154;2249;3154;2249;3202;1870;3202;ENVIRONNEMENT;AAAAAAAAAAAAA;SN;SUPPLIER_NAME;Seller/Company) name
invoice-477.tiff;1;1;2480;3508;58902;1453;3202;48;45;1453;3202;1501;3202;1501;3247;1453;3247;LA;AA;SA;SUPPLIER_ADDRESS;Seller Address
invoice-477.tiff;1;1;2480;3508;58903;1513;3202;205;45;1513;3202;1718;3202;1718;3247;1513;3247;COCHERIE;AAAAAAAA;SA;SUPPLIER_ADDRESS;Seller Address
invoice-477.tiff;1;1;2480;3508;58904;1727;3202;13;45;1727;3202;1740;3202;1740;3247;1727;3247;-;S;SA;SUPPLIER_ADDRESS;Seller Address
invoice-477.tiff;1;1;2480;3508;58905;1751;3202;104;45;1751;3202;1855;3202;1855;3247;1751;3247;53240;NNNNN;SA;SUPPLIER_ADDRESS;Seller Address
invoice-477.tiff;1;1;2480;3508;58906;1874;3202;166;45;1874;3202;2040;3202;2040;3247;1874;3247;ALEXAIN;AAAAAAA;SA;SUPPLIER_ADDRESS;Seller Address
invoice-477.tiff;1;1;2480;3508;58907;2049;3202;13;45;2049;3202;2062;3202;2062;3247;2049;3247;-;S;SA;SUPPLIER_ADDRESS;Seller Address
invoice-477.tiff;1;1;2480;3508;58908;2073;3202;157;45;2073;3202;2230;3202;2230;3247;2073;3247;FRANCE;AAAAAA;SA;SUPPLIER_ADDRESS;Seller Address
