src;num_pages;page_id;page_width;page_height;id;col;row;width;height;x1;y1;x2;y2;x3;y3;x4;y4;contents;contents_masked;correctclass;tag;description
invoice-1525.tiff;1;1;2480;3508;187016;1541;62;247;175;1541;62;1788;62;1788;237;1541;237;common/logo;AAAAAASAAAA;img;IMAGE;Image
invoice-1525.tiff;1;1;2480;3508;187012;124;270;56;59;124;270;180;270;180;329;124;329;N°;AS;undefined;OTHER;OTHER
invoice-1525.tiff;1;1;2480;3508;187013;194;270;58;59;194;270;252;270;252;329;194;329;de;AA;undefined;OTHER;OTHER
invoice-1525.tiff;1;1;2480;3508;187014;267;270;166;59;267;270;433;270;433;329;267;329;facture;AAAAAAA;undefined;OTHER;OTHER
invoice-1525.tiff;1;1;2480;3508;187015;496;270;313;52;496;270;809;270;809;322;496;322;FV2010007020;AANNNNNNNNNN;IN;INVOICE_NUMBER;Invoice Number
invoice-1525.tiff;1;1;2480;3508;187017;1541;412;136;49;1541;412;1677;412;1677;461;1541;461;JOTUL;AAAAA;SN;SUPPLIER_NAME;Seller/Company) name
invoice-1525.tiff;1;1;2480;3508;187018;1689;412;13;49;1689;412;1702;412;1702;461;1689;461;-;S;SN;SUPPLIER_NAME;Seller/Company) name
invoice-1525.tiff;1;1;2480;3508;187019;1715;412;247;49;1715;412;1962;412;1962;461;1715;461;CHEMINEES;AAAAAAAAA;SN;SUPPLIER_NAME;Seller/Company) name
invoice-1525.tiff;1;1;2480;3508;187020;1974;412;143;49;1974;412;2117;412;2117;461;1974;461;PAYOT;AAAAA;SN;SUPPLIER_NAME;Seller/Company) name
invoice-1525.tiff;1;1;2480;3508;187021;1541;462;46;48;1541;462;1587;462;1587;510;1541;510;28;NN;SA;SUPPLIER_ADDRESS;Seller Address
invoice-1525.tiff;1;1;2480;3508;187022;1599;462;257;48;1599;462;1856;462;1856;510;1599;510;BOULEVARD;AAAAAAAAA;SA;SUPPLIER_ADDRESS;Seller Address
invoice-1525.tiff;1;1;2480;3508;187023;1868;462;196;48;1868;462;2064;462;2064;510;1868;510;CHARLES;AAAAAAA;SA;SUPPLIER_ADDRESS;Seller Address
invoice-1525.tiff;1;1;2480;3508;187024;2076;462;57;48;2076;462;2133;462;2133;510;2076;510;DE;AA;SA;SUPPLIER_ADDRESS;Seller Address
invoice-1525.tiff;1;1;2480;3508;187025;2145;462;164;48;2145;462;2309;462;2309;510;2145;510;GAULLE;AAAAAA;SA;SUPPLIER_ADDRESS;Seller Address
invoice-1525.tiff;1;1;2480;3508;187026;1541;510;115;48;1541;510;1656;510;1656;558;1541;558;70000;NNNNN;SA;SUPPLIER_ADDRESS;Seller Address
invoice-1525.tiff;1;1;2480;3508;187027;1699;510;141;48;1699;510;1840;510;1840;558;1699;558;PUSEY;AAAAA;SA;SUPPLIER_ADDRESS;Seller Address
invoice-1525.tiff;1;1;2480;3508;187028;1541;558;171;48;1541;558;1712;558;1712;606;1541;606;FRANCE;AAAAAA;SA;SUPPLIER_ADDRESS;Seller Address
invoice-1525.tiff;1;1;2480;3508;187029;1541;606;69;48;1541;606;1610;606;1610;654;1541;654;Tel:;AAAS;undefined;OTHER;OTHER
invoice-1525.tiff;1;1;2480;3508;187030;1673;606;287;48;1673;606;1960;606;1960;654;1673;654;02-60-84-80-31;NNSNNSNNSNNSNN;SCN;SUPPLIER_CONTACT_NUMBER;Seller Contact Number
invoice-1525.tiff;1;1;2480;3508;187031;1541;654;81;48;1541;654;1622;654;1622;702;1541;702;Fax:;AAAS;undefined;OTHER;OTHER
invoice-1525.tiff;1;1;2480;3508;187032;1685;654;287;48;1685;654;1972;654;1972;702;1685;702;02-60-84-49-19;NNSNNSNNSNNSNN;SFAX;SUPPLIER_FAX_NUMBER;Seller Fax Number
invoice-1525.tiff;1;1;2480;3508;187050;1541;1039;197;59;1541;1039;1738;1039;1738;1098;1541;1098;Adresse;AAAAAAA;undefined;OTHER;OTHER
invoice-1525.tiff;1;1;2480;3508;187051;1752;1039;272;59;1752;1039;2024;1039;2024;1098;1752;1098;Facturation;AAAAAAAAAAA;undefined;OTHER;OTHER
invoice-1525.tiff;1;1;2480;3508;187052;1541;1099;76;49;1541;1099;1617;1099;1617;1148;1541;1148;Lou;AAA;BN;BILLING_NAME;Billing Name
invoice-1525.tiff;1;1;2480;3508;187053;1629;1099;145;49;1629;1099;1774;1099;1774;1148;1629;1148;Barbier;AAAAAAA;BN;BILLING_NAME;Billing Name
invoice-1525.tiff;1;1;2480;3508;187054;1541;1148;81;48;1541;1148;1622;1148;1622;1196;1541;1196;163,;NNNS;BA;BILLING_ADDRESS;Billing Address
invoice-1525.tiff;1;1;2480;3508;187055;1634;1148;88;48;1634;1148;1722;1148;1722;1196;1634;1196;allée;AAAAA;BA;BILLING_ADDRESS;Billing Address
invoice-1525.tiff;1;1;2480;3508;187056;1733;1148;46;48;1733;1148;1779;1148;1779;1196;1733;1196;de;AA;BA;BILLING_ADDRESS;Billing Address
invoice-1525.tiff;1;1;2480;3508;187057;1791;1148;157;48;1791;1148;1948;1148;1948;1196;1791;1196;tauziede;AAAAAAAA;BA;BILLING_ADDRESS;Billing Address
invoice-1525.tiff;1;1;2480;3508;187033;124;1163;99;54;124;1163;223;1163;223;1217;124;1217;Date;AAAA;undefined;OTHER;OTHER
invoice-1525.tiff;1;1;2480;3508;187034;237;1163;53;54;237;1163;290;1163;290;1217;237;1217;de;AA;undefined;OTHER;OTHER
invoice-1525.tiff;1;1;2480;3508;187035;303;1163;38;54;303;1163;341;1163;341;1217;303;1217;la;AA;undefined;OTHER;OTHER
invoice-1525.tiff;1;1;2480;3508;187036;354;1163;152;54;354;1163;506;1163;506;1217;354;1217;facture;AAAAAAA;undefined;OTHER;OTHER
invoice-1525.tiff;1;1;2480;3508;187037;750;1163;162;48;750;1163;912;1163;912;1211;750;1211;01/01/82;NNSNNSNN;IDATE;INVOICE_DATE;Invoice Date
invoice-1525.tiff;1;1;2480;3508;187058;1541;1197;115;48;1541;1197;1656;1197;1656;1245;1541;1245;40500;NNNNN;BA;BILLING_ADDRESS;Billing Address
invoice-1525.tiff;1;1;2480;3508;187059;1699;1197;150;48;1699;1197;1849;1197;1849;1245;1699;1245;Montaut;AAAAAAA;BA;BILLING_ADDRESS;Billing Address
invoice-1525.tiff;1;1;2480;3508;187038;124;1238;51;54;124;1238;175;1238;175;1292;124;1292;N°;AS;undefined;OTHER;OTHER
invoice-1525.tiff;1;1;2480;3508;187039;189;1238;53;54;189;1238;242;1238;242;1292;189;1292;de;AA;undefined;OTHER;OTHER
invoice-1525.tiff;1;1;2480;3508;187040;255;1238;119;54;255;1238;374;1238;374;1292;255;1292;client;AAAAAA;undefined;OTHER;OTHER
invoice-1525.tiff;1;1;2480;3508;187041;750;1238;215;48;750;1238;965;1238;965;1286;750;1286;CL1040045;AANNNNNNN;CNUM;CLIENT_NUMBER;Client Number
invoice-1525.tiff;1;1;2480;3508;187060;1541;1245;129;48;1541;1245;1670;1245;1670;1293;1541;1293;France;AAAAAA;BA;BILLING_ADDRESS;Billing Address
invoice-1525.tiff;1;1;2480;3508;187042;124;1314;51;54;124;1314;175;1314;175;1368;124;1368;N°;AS;undefined;OTHER;OTHER
invoice-1525.tiff;1;1;2480;3508;187043;189;1314;53;54;189;1314;242;1314;242;1368;189;1368;de;AA;undefined;OTHER;OTHER
invoice-1525.tiff;1;1;2480;3508;187044;255;1314;241;54;255;1314;496;1314;496;1368;255;1368;commande;AAAAAAAA;undefined;OTHER;OTHER
invoice-1525.tiff;1;1;2480;3508;187045;750;1314;222;48;750;1314;972;1314;972;1362;750;1362;CD2015005;AANNNNNNN;ONUM;ORDER_NUMBER;Order Number
invoice-1525.tiff;1;1;2480;3508;187061;1541;1335;197;59;1541;1335;1738;1335;1738;1394;1541;1394;Adresse;AAAAAAA;undefined;OTHER;OTHER
invoice-1525.tiff;1;1;2480;3508;187062;1752;1335;222;59;1752;1335;1974;1335;1974;1394;1752;1394;Livraison;AAAAAAAAA;undefined;OTHER;OTHER
invoice-1525.tiff;1;1;2480;3508;187046;124;1389;119;54;124;1389;243;1389;243;1443;124;1443;Mode;AAAA;undefined;OTHER;OTHER
invoice-1525.tiff;1;1;2480;3508;187047;257;1389;53;54;257;1389;310;1389;310;1443;257;1443;de;AA;undefined;OTHER;OTHER
invoice-1525.tiff;1;1;2480;3508;187048;323;1389;219;54;323;1389;542;1389;542;1443;323;1443;règlement;AAAAAAAAA;undefined;OTHER;OTHER
invoice-1525.tiff;1;1;2480;3508;187049;750;1389;166;48;750;1389;916;1389;916;1437;750;1437;Virement;AAAAAAAA;PMODE;PAYMENT_MODE;Payment Mode
invoice-1525.tiff;1;1;2480;3508;187063;1541;1394;76;49;1541;1394;1617;1394;1617;1443;1541;1443;Lou;AAA;SHN;SHIPPING_NAME;Shipping Name
invoice-1525.tiff;1;1;2480;3508;187064;1629;1394;145;49;1629;1394;1774;1394;1774;1443;1629;1443;Barbier;AAAAAAA;SHN;SHIPPING_NAME;Shipping Name
invoice-1525.tiff;1;1;2480;3508;187065;1541;1444;81;48;1541;1444;1622;1444;1622;1492;1541;1492;163,;NNNS;SHA;SHIPPING_ADDRESS;Shipping Address
invoice-1525.tiff;1;1;2480;3508;187066;1634;1444;88;48;1634;1444;1722;1444;1722;1492;1634;1492;allée;AAAAA;SHA;SHIPPING_ADDRESS;Shipping Address
invoice-1525.tiff;1;1;2480;3508;187067;1733;1444;46;48;1733;1444;1779;1444;1779;1492;1733;1492;de;AA;SHA;SHIPPING_ADDRESS;Shipping Address
invoice-1525.tiff;1;1;2480;3508;187068;1791;1444;157;48;1791;1444;1948;1444;1948;1492;1791;1492;tauziede;AAAAAAAA;SHA;SHIPPING_ADDRESS;Shipping Address
invoice-1525.tiff;1;1;2480;3508;187069;1541;1492;115;48;1541;1492;1656;1492;1656;1540;1541;1540;40500;NNNNN;SHA;SHIPPING_ADDRESS;Shipping Address
invoice-1525.tiff;1;1;2480;3508;187070;1699;1492;150;48;1699;1492;1849;1492;1849;1540;1699;1540;Montaut;AAAAAAA;SHA;SHIPPING_ADDRESS;Shipping Address
invoice-1525.tiff;1;1;2480;3508;187071;1541;1540;129;48;1541;1540;1670;1540;1670;1588;1541;1588;France;AAAAAA;SHA;SHIPPING_ADDRESS;Shipping Address
invoice-1525.tiff;1;1;2480;3508;187072;157;1855;101;54;157;1855;258;1855;258;1909;157;1909;Non.;AAAS;undefined;OTHER;OTHER
invoice-1525.tiff;1;1;2480;3508;187073;556;1855;262;54;556;1855;818;1855;818;1909;556;1909;Désignation;AAAAAAAAAAA;undefined;OTHER;OTHER
invoice-1525.tiff;1;1;2480;3508;187074;1190;1855;76;54;1190;1855;1266;1855;1266;1909;1190;1909;Qté;AAA;undefined;OTHER;OTHER
invoice-1525.tiff;1;1;2480;3508;187075;1489;1855;63;54;1489;1855;1552;1855;1552;1909;1489;1909;UP;AA;undefined;OTHER;OTHER
invoice-1525.tiff;1;1;2480;3508;187076;1766;1855;91;54;1766;1855;1857;1855;1857;1909;1766;1909;TVA;AAA;undefined;OTHER;OTHER
invoice-1525.tiff;1;1;2480;3508;187077;1965;1855;178;54;1965;1855;2143;1855;2143;1909;1965;1909;Montant;AAAAAAA;undefined;OTHER;OTHER
invoice-1525.tiff;1;1;2480;3508;187078;2156;1855;86;54;2156;1855;2242;1855;2242;1909;2156;1909;H.T.;ASAS;undefined;OTHER;OTHER
invoice-1525.tiff;1;1;2480;3508;187079;196;1931;23;49;196;1931;219;1931;219;1980;196;1980;1;N;undefined;OTHER;OTHER
invoice-1525.tiff;1;1;2480;3508;187080;291;1931;155;49;291;1931;446;1931;446;1980;291;1980;Blender;AAAAAAA;undefined;OTHER;OTHER
invoice-1525.tiff;1;1;2480;3508;187081;458;1931;148;49;458;1931;606;1931;606;1980;458;1980;Vitamix;AAAAAAA;undefined;OTHER;OTHER
invoice-1525.tiff;1;1;2480;3508;187082;618;1931;143;49;618;1931;761;1931;761;1980;618;1980;BLEND;AAAAA;undefined;OTHER;OTHER
invoice-1525.tiff;1;1;2480;3508;187083;773;1931;90;49;773;1931;863;1931;863;1980;773;1980;AND;AAA;undefined;OTHER;OTHER
invoice-1525.tiff;1;1;2480;3508;187084;875;1931;64;49;875;1931;939;1931;939;1980;875;1980;GO;AA;undefined;OTHER;OTHER
invoice-1525.tiff;1;1;2480;3508;187085;951;1931;74;49;951;1931;1025;1931;1025;1980;951;1980;S30;ANN;undefined;OTHER;OTHER
invoice-1525.tiff;1;1;2480;3508;187087;1217;1931;23;49;1217;1931;1240;1931;1240;1980;1217;1980;3;N;undefined;OTHER;OTHER
invoice-1525.tiff;1;1;2480;3508;187088;1407;1931;127;49;1407;1931;1534;1931;1534;1980;1407;1980;458,33;NNNSNN;undefined;OTHER;OTHER
invoice-1525.tiff;1;1;2480;3508;187089;1546;1931;87;49;1546;1931;1633;1931;1633;1980;1546;1980;USD;AAA;undefined;OTHER;OTHER
invoice-1525.tiff;1;1;2480;3508;187090;1753;1931;118;49;1753;1931;1871;1931;1871;1980;1753;1980;20.0%;NNSNS;undefined;OTHER;OTHER
invoice-1525.tiff;1;1;2480;3508;187091;1979;1931;150;49;1979;1931;2129;1931;2129;1980;1979;1980;1374,98;NNNNSNN;undefined;OTHER;OTHER
invoice-1525.tiff;1;1;2480;3508;187092;2141;1931;87;49;2141;1931;2228;1931;2228;1980;2141;1980;USD;AAA;undefined;OTHER;OTHER
invoice-1525.tiff;1;1;2480;3508;187086;291;1980;111;49;291;1980;402;1980;402;2029;291;2029;VERT;AAAA;undefined;OTHER;OTHER
invoice-1525.tiff;1;1;2480;3508;187093;196;2072;23;49;196;2072;219;2072;219;2121;196;2121;2;N;undefined;OTHER;OTHER
invoice-1525.tiff;1;1;2480;3508;187094;291;2072;162;49;291;2072;453;2072;453;2121;291;2121;Lingette;AAAAAAAA;undefined;OTHER;OTHER
invoice-1525.tiff;1;1;2480;3508;187095;465;2072;169;49;465;2072;634;2072;634;2121;465;2121;Ecodrop;AAAAAAA;undefined;OTHER;OTHER
invoice-1525.tiff;1;1;2480;3508;187096;645;2072;23;49;645;2072;668;2072;668;2121;645;2121;3;N;undefined;OTHER;OTHER
invoice-1525.tiff;1;1;2480;3508;187097;680;2072;134;49;680;2072;814;2072;814;2121;680;2121;émeris;AAAAAA;undefined;OTHER;OTHER
invoice-1525.tiff;1;1;2480;3508;187098;826;2072;37;49;826;2072;863;2072;863;2121;826;2121;et;AA;undefined;OTHER;OTHER
invoice-1525.tiff;1;1;2480;3508;187099;875;2072;23;49;875;2072;898;2072;898;2121;875;2121;2;N;undefined;OTHER;OTHER
invoice-1525.tiff;1;1;2480;3508;187100;909;2072;162;49;909;2072;1071;2072;1071;2121;909;2121;finitions;AAAAAAAAA;undefined;OTHER;OTHER
invoice-1525.tiff;1;1;2480;3508;187103;1217;2072;23;49;1217;2072;1240;2072;1240;2121;1217;2121;3;N;undefined;OTHER;OTHER
invoice-1525.tiff;1;1;2480;3508;187104;1430;2072;81;49;1430;2072;1511;2072;1511;2121;1430;2121;8,32;NSNN;undefined;OTHER;OTHER
invoice-1525.tiff;1;1;2480;3508;187105;1523;2072;87;49;1523;2072;1610;2072;1610;2121;1523;2121;USD;AAA;undefined;OTHER;OTHER
invoice-1525.tiff;1;1;2480;3508;187106;1753;2072;118;49;1753;2072;1871;2072;1871;2121;1753;2121;20.0%;NNSNS;undefined;OTHER;OTHER
invoice-1525.tiff;1;1;2480;3508;187107;2002;2072;104;49;2002;2072;2106;2072;2106;2121;2002;2121;24,97;NNSNN;undefined;OTHER;OTHER
invoice-1525.tiff;1;1;2480;3508;187108;2118;2072;87;49;2118;2072;2205;2072;2205;2121;2118;2121;USD;AAA;undefined;OTHER;OTHER
invoice-1525.tiff;1;1;2480;3508;187101;291;2121;92;49;291;2121;383;2121;383;2170;291;2170;pour;AAAA;undefined;OTHER;OTHER
invoice-1525.tiff;1;1;2480;3508;187102;395;2121;180;49;395;2121;575;2121;575;2170;395;2170;RVA0900;AAANNNN;undefined;OTHER;OTHER
invoice-1525.tiff;1;1;2480;3508;187109;196;2212;23;49;196;2212;219;2212;219;2261;196;2261;3;N;undefined;OTHER;OTHER
invoice-1525.tiff;1;1;2480;3508;187110;291;2212;57;49;291;2212;348;2212;348;2261;291;2261;PC;AA;undefined;OTHER;OTHER
invoice-1525.tiff;1;1;2480;3508;187111;361;2212;155;49;361;2212;516;2212;516;2261;361;2261;Hybride;AAAAAAA;undefined;OTHER;OTHER
invoice-1525.tiff;1;1;2480;3508;187112;527;2212;187;49;527;2212;714;2212;714;2261;527;2261;Microsoft;AAAAAAAAA;undefined;OTHER;OTHER
invoice-1525.tiff;1;1;2480;3508;187113;726;2212;152;49;726;2212;878;2212;878;2261;726;2261;Surface;AAAAAAA;undefined;OTHER;OTHER
invoice-1525.tiff;1;1;2480;3508;187114;891;2212;69;49;891;2212;960;2212;960;2261;891;2261;Pro;AAA;undefined;OTHER;OTHER
invoice-1525.tiff;1;1;2480;3508;187115;972;2212;94;49;972;2212;1066;2212;1066;2261;972;2261;Core;AAAA;undefined;OTHER;OTHER
invoice-1525.tiff;1;1;2480;3508;187119;1217;2212;23;49;1217;2212;1240;2212;1240;2261;1217;2261;1;N;undefined;OTHER;OTHER
invoice-1525.tiff;1;1;2480;3508;187120;1407;2212;127;49;1407;2212;1534;2212;1534;2261;1407;2261;790,83;NNNSNN;undefined;OTHER;OTHER
invoice-1525.tiff;1;1;2480;3508;187121;1546;2212;87;49;1546;2212;1633;2212;1633;2261;1546;2261;USD;AAA;undefined;OTHER;OTHER
invoice-1525.tiff;1;1;2480;3508;187122;1753;2212;118;49;1753;2212;1871;2212;1871;2261;1753;2261;20.0%;NNSNS;undefined;OTHER;OTHER
invoice-1525.tiff;1;1;2480;3508;187123;1990;2212;127;49;1990;2212;2117;2212;2117;2261;1990;2261;790,83;NNNSNN;undefined;OTHER;OTHER
invoice-1525.tiff;1;1;2480;3508;187124;2129;2212;87;49;2129;2212;2216;2212;2216;2261;2129;2261;USD;AAA;undefined;OTHER;OTHER
invoice-1525.tiff;1;1;2480;3508;187116;291;2262;34;49;291;2262;325;2262;325;2311;291;2311;M;A;undefined;OTHER;OTHER
invoice-1525.tiff;1;1;2480;3508;187117;337;2262;81;49;337;2262;418;2262;418;2311;337;2311;4Go;NAA;undefined;OTHER;OTHER
invoice-1525.tiff;1;1;2480;3508;187118;430;2262;127;49;430;2262;557;2262;557;2311;430;2311;128Go;NNNAA;undefined;OTHER;OTHER
invoice-1525.tiff;1;1;2480;3508;187125;1395;2395;152;54;1395;2395;1547;2395;1547;2449;1395;2449;TOTAL;AAAAA;undefined;OTHER;OTHER
invoice-1525.tiff;1;1;2480;3508;187126;1561;2395;175;54;1561;2395;1736;2395;1736;2449;1561;2449;REMISE;AAAAAA;undefined;OTHER;OTHER
invoice-1525.tiff;1;1;2480;3508;187127;1749;2395;257;54;1749;2395;2006;2395;2006;2449;1749;2449;IMMEDIATE;AAAAAAAAA;undefined;OTHER;OTHER
invoice-1525.tiff;1;1;2480;3508;187128;2027;2395;81;49;2027;2395;2108;2395;2108;2444;2027;2444;0,00;NSNN;undefined;OTHER;OTHER
invoice-1525.tiff;1;1;2480;3508;187129;2120;2395;87;49;2120;2395;2207;2395;2207;2444;2120;2444;USD;AAA;undefined;OTHER;OTHER
invoice-1525.tiff;1;1;2480;3508;187130;1639;2449;178;54;1639;2449;1817;2449;1817;2503;1639;2503;Montant;AAAAAAA;undefined;OTHER;OTHER
invoice-1525.tiff;1;1;2480;3508;187131;1829;2449;86;54;1829;2449;1915;2449;1915;2503;1829;2503;H.T.;ASAS;undefined;OTHER;OTHER
invoice-1525.tiff;1;1;2480;3508;187132;1958;2450;150;49;1958;2450;2108;2450;2108;2499;1958;2499;2190,78;NNNNSNN;TWTX;TOTAL_WITHOUT_TAX;TWTXS
invoice-1525.tiff;1;1;2480;3508;187133;2120;2450;87;49;2120;2450;2207;2450;2207;2499;2120;2499;USD;AAA;TWTX;TOTAL_WITHOUT_TAX;TWTXS
invoice-1525.tiff;1;1;2480;3508;187134;1956;2504;91;54;1956;2504;2047;2504;2047;2558;1956;2558;TVA;AAA;undefined;OTHER;OTHER
invoice-1525.tiff;1;1;2480;3508;187135;2090;2504;118;49;2090;2504;2208;2504;2208;2553;2090;2553;20.0%;NNSNS;TXR;TAX_RATE;Tax Rate
invoice-1525.tiff;1;1;2480;3508;187136;1657;2559;178;54;1657;2559;1835;2559;1835;2613;1657;2613;Montant;AAAAAAA;undefined;OTHER;OTHER
invoice-1525.tiff;1;1;2480;3508;187137;1848;2559;91;54;1848;2559;1939;2559;1939;2613;1848;2613;TVA;AAA;undefined;OTHER;OTHER
invoice-1525.tiff;1;1;2480;3508;187138;1981;2559;127;49;1981;2559;2108;2559;2108;2608;1981;2608;438,16;NNNSNN;TTX;TOTAL_TAX;Total Tax
invoice-1525.tiff;1;1;2480;3508;187139;2120;2559;87;49;2120;2559;2207;2559;2207;2608;2120;2608;USD;AAA;TTX;TOTAL_TAX;Total Tax
invoice-1525.tiff;1;1;2480;3508;187140;1636;2613;178;54;1636;2613;1814;2613;1814;2667;1636;2667;Montant;AAAAAAA;undefined;OTHER;OTHER
invoice-1525.tiff;1;1;2480;3508;187141;1827;2613;89;54;1827;2613;1916;2613;1916;2667;1827;2667;TTC;AAA;undefined;OTHER;OTHER
invoice-1525.tiff;1;1;2480;3508;187142;1958;2613;150;49;1958;2613;2108;2613;2108;2662;1958;2662;2628,94;NNNNSNN;TA;TOTAL_AMOUNT;Total with TAX
invoice-1525.tiff;1;1;2480;3508;187143;2120;2613;87;49;2120;2613;2207;2613;2207;2662;2120;2662;USD;AAA;TA;TOTAL_AMOUNT;Total with TAX
invoice-1525.tiff;1;1;2480;3508;187144;1187;3175;136;49;1187;3175;1323;3175;1323;3224;1187;3224;JOTUL;AAAAA;SN;SUPPLIER_NAME;Seller/Company) name
invoice-1525.tiff;1;1;2480;3508;187145;1335;3175;13;49;1335;3175;1348;3175;1348;3224;1335;3224;-;S;SN;SUPPLIER_NAME;Seller/Company) name
invoice-1525.tiff;1;1;2480;3508;187146;1361;3175;247;49;1361;3175;1608;3175;1608;3224;1361;3224;CHEMINEES;AAAAAAAAA;SN;SUPPLIER_NAME;Seller/Company) name
invoice-1525.tiff;1;1;2480;3508;187147;1620;3175;143;49;1620;3175;1763;3175;1763;3224;1620;3224;PAYOT;AAAAA;SN;SUPPLIER_NAME;Seller/Company) name
invoice-1525.tiff;1;1;2480;3508;187148;1187;3224;46;48;1187;3224;1233;3224;1233;3272;1187;3272;28;NN;SA;SUPPLIER_ADDRESS;Seller Address
invoice-1525.tiff;1;1;2480;3508;187149;1245;3224;257;48;1245;3224;1502;3224;1502;3272;1245;3272;BOULEVARD;AAAAAAAAA;SA;SUPPLIER_ADDRESS;Seller Address
invoice-1525.tiff;1;1;2480;3508;187150;1513;3224;196;48;1513;3224;1709;3224;1709;3272;1513;3272;CHARLES;AAAAAAA;SA;SUPPLIER_ADDRESS;Seller Address
invoice-1525.tiff;1;1;2480;3508;187151;1722;3224;57;48;1722;3224;1779;3224;1779;3272;1722;3272;DE;AA;SA;SUPPLIER_ADDRESS;Seller Address
invoice-1525.tiff;1;1;2480;3508;187152;1791;3224;164;48;1791;3224;1955;3224;1955;3272;1791;3272;GAULLE;AAAAAA;SA;SUPPLIER_ADDRESS;Seller Address
invoice-1525.tiff;1;1;2480;3508;187153;1187;3272;115;48;1187;3272;1302;3272;1302;3320;1187;3320;70000;NNNNN;SA;SUPPLIER_ADDRESS;Seller Address
invoice-1525.tiff;1;1;2480;3508;187154;1344;3272;141;48;1344;3272;1485;3272;1485;3320;1344;3320;PUSEY;AAAAA;SA;SUPPLIER_ADDRESS;Seller Address
invoice-1525.tiff;1;1;2480;3508;187155;1187;3320;171;48;1187;3320;1358;3320;1358;3368;1187;3368;FRANCE;AAAAAA;SA;SUPPLIER_ADDRESS;Seller Address
