src;num_pages;page_id;page_width;page_height;id;col;row;width;height;x1;y1;x2;y2;x3;y3;x4;y4;contents;contents_masked;correctclass;tag;description
invoice-1902.tiff;1;1;2480;3508;233532;1187;62;401;175;1187;62;1588;62;1588;237;1187;237;common/logo;AAAAAASAAAA;img;IMAGE;Image
invoice-1902.tiff;1;1;2480;3508;233533;1187;412;78;48;1187;412;1265;412;1265;460;1187;460;LES;AAA;SN;SUPPLIER_NAME;Seller/Company) name
invoice-1902.tiff;1;1;2480;3508;233534;1276;412;145;48;1276;412;1421;412;1421;460;1276;460;GOUTS;AAAAA;SN;SUPPLIER_NAME;Seller/Company) name
invoice-1902.tiff;1;1;2480;3508;233535;1432;412;104;48;1432;412;1536;412;1536;460;1432;460;D'ICI;ASAAA;SN;SUPPLIER_NAME;Seller/Company) name
invoice-1902.tiff;1;1;2480;3508;233536;1187;460;41;45;1187;460;1228;460;1228;505;1187;505;12;NN;SA;SUPPLIER_ADDRESS;Seller Address
invoice-1902.tiff;1;1;2480;3508;233537;1239;460;81;45;1239;460;1320;460;1320;505;1239;505;RUE;AAA;SA;SUPPLIER_ADDRESS;Seller Address
invoice-1902.tiff;1;1;2480;3508;233538;1331;460;55;45;1331;460;1386;460;1386;505;1331;505;DE;AA;SA;SUPPLIER_ADDRESS;Seller Address
invoice-1902.tiff;1;1;2480;3508;233539;1396;460;23;45;1396;460;1419;460;1419;505;1396;505;L;A;SA;SUPPLIER_ADDRESS;Seller Address
invoice-1902.tiff;1;1;2480;3508;233540;1430;460;210;45;1430;460;1640;460;1640;505;1430;505;ARTISANAT;AAAAAAAAA;SA;SUPPLIER_ADDRESS;Seller Address
invoice-1902.tiff;1;1;2480;3508;233541;1649;460;104;45;1649;460;1753;460;1753;505;1649;505;01710;NNNNN;SA;SUPPLIER_ADDRESS;Seller Address
invoice-1902.tiff;1;1;2480;3508;233542;1762;460;145;45;1762;460;1907;460;1907;505;1762;505;THOIRY;AAAAAA;SA;SUPPLIER_ADDRESS;Seller Address
invoice-1902.tiff;1;1;2480;3508;233543;1916;460;157;45;1916;460;2073;460;2073;505;1916;505;FRANCE;AAAAAA;SA;SUPPLIER_ADDRESS;Seller Address
invoice-1902.tiff;1;1;2480;3508;233544;1187;506;106;45;1187;506;1293;506;1293;551;1187;551;Phone;AAAAA;undefined;OTHER;OTHER
invoice-1902.tiff;1;1;2480;3508;233545;1318;506;249;45;1318;506;1567;506;1567;551;1318;551;02.48.31.23.92;NNSNNSNNSNNSNN;SCN;SUPPLIER_CONTACT_NUMBER;Seller Contact Number
invoice-1902.tiff;1;1;2480;3508;233546;1610;506;64;45;1610;506;1674;506;1674;551;1610;551;Fax;AAA;undefined;OTHER;OTHER
invoice-1902.tiff;1;1;2480;3508;233547;1700;506;249;45;1700;506;1949;506;1949;551;1700;551;02.48.31.46.19;NNSNNSNNSNNSNN;SFAX;SUPPLIER_FAX_NUMBER;Seller Fax Number
invoice-1902.tiff;1;1;2480;3508;233561;1541;878;94;57;1541;878;1635;878;1635;935;1541;935;Sold;AAAA;undefined;OTHER;OTHER
invoice-1902.tiff;1;1;2480;3508;233562;1648;878;58;57;1648;878;1706;878;1706;935;1648;935;To;AA;undefined;OTHER;OTHER
invoice-1902.tiff;1;1;2480;3508;233563;1541;936;58;48;1541;936;1599;936;1599;984;1541;984;Dr.;AAS;BN;BILLING_NAME;Billing Name
invoice-1902.tiff;1;1;2480;3508;233564;1611;936;129;48;1611;936;1740;936;1740;984;1611;984;Florine;AAAAAAA;BN;BILLING_NAME;Billing Name
invoice-1902.tiff;1;1;2480;3508;233565;1751;936;173;48;1751;936;1924;936;1924;984;1751;984;Anderson;AAAAAAAA;BN;BILLING_NAME;Billing Name
invoice-1902.tiff;1;1;2480;3508;233566;1541;984;31;45;1541;984;1572;984;1572;1029;1541;1029;4,;NS;BA;BILLING_ADDRESS;Billing Address
invoice-1902.tiff;1;1;2480;3508;233567;1583;984;134;45;1583;984;1717;984;1717;1029;1583;1029;impasse;AAAAAAA;BA;BILLING_ADDRESS;Billing Address
invoice-1902.tiff;1;1;2480;3508;233568;1728;984;39;45;1728;984;1767;984;1767;1029;1728;1029;de;AA;BA;BILLING_ADDRESS;Billing Address
invoice-1902.tiff;1;1;2480;3508;233569;1777;984;99;45;1777;984;1876;984;1876;1029;1777;1029;fumée;AAAAA;BA;BILLING_ADDRESS;Billing Address
invoice-1902.tiff;1;1;2480;3508;233548;124;995;142;52;124;995;266;995;266;1047;124;1047;Invoice;AAAAAAA;undefined;OTHER;OTHER
invoice-1902.tiff;1;1;2480;3508;233549;279;995;67;52;279;995;346;995;346;1047;279;1047;No.;AAS;undefined;OTHER;OTHER
invoice-1902.tiff;1;1;2480;3508;233550;750;995;208;46;750;995;958;995;958;1041;750;1041;5966413078;NNNNNNNNNN;IN;INVOICE_NUMBER;Invoice Number
invoice-1902.tiff;1;1;2480;3508;233570;1541;1030;104;45;1541;1030;1645;1030;1645;1075;1541;1075;21140;NNNNN;BA;BILLING_ADDRESS;Billing Address
invoice-1902.tiff;1;1;2480;3508;233571;1687;1030;74;45;1687;1030;1761;1030;1761;1075;1687;1075;Flée;AAAA;BA;BILLING_ADDRESS;Billing Address
invoice-1902.tiff;1;1;2480;3508;233551;124;1069;117;52;124;1069;241;1069;241;1121;124;1121;Dated;AAAAA;undefined;OTHER;OTHER
invoice-1902.tiff;1;1;2480;3508;233552;750;1069;55;46;750;1069;805;1069;805;1115;750;1115;sep;AAA;IDATE;INVOICE_DATE;Invoice Date
invoice-1902.tiff;1;1;2480;3508;233553;815;1069;52;46;815;1069;867;1069;867;1115;815;1115;24,;NNS;IDATE;INVOICE_DATE;Invoice Date
invoice-1902.tiff;1;1;2480;3508;233554;878;1069;83;46;878;1069;961;1069;961;1115;878;1115;1989;NNNN;IDATE;INVOICE_DATE;Invoice Date
invoice-1902.tiff;1;1;2480;3508;233572;1541;1076;120;45;1541;1076;1661;1076;1661;1121;1541;1121;France;AAAAAA;BA;BILLING_ADDRESS;Billing Address
invoice-1902.tiff;1;1;2480;3508;233555;124;1142;119;52;124;1142;243;1142;243;1194;124;1194;Client;AAAAAA;undefined;OTHER;OTHER
invoice-1902.tiff;1;1;2480;3508;233556;256;1142;67;52;256;1142;323;1142;323;1194;256;1194;No.;AAS;undefined;OTHER;OTHER
invoice-1902.tiff;1;1;2480;3508;233557;750;1142;104;46;750;1142;854;1142;854;1188;750;1188;61487;NNNNN;CNUM;CLIENT_NUMBER;Client Number
invoice-1902.tiff;1;1;2480;3508;233573;1541;1163;105;57;1541;1163;1646;1163;1646;1220;1541;1220;Send;AAAA;undefined;OTHER;OTHER
invoice-1902.tiff;1;1;2480;3508;233574;1659;1163;58;57;1659;1163;1717;1163;1717;1220;1659;1220;To;AA;undefined;OTHER;OTHER
invoice-1902.tiff;1;1;2480;3508;233558;124;1216;122;52;124;1216;246;1216;246;1268;124;1268;Order;AAAAA;undefined;OTHER;OTHER
invoice-1902.tiff;1;1;2480;3508;233559;258;1216;67;52;258;1216;325;1216;325;1268;258;1268;No.;AAS;undefined;OTHER;OTHER
invoice-1902.tiff;1;1;2480;3508;233560;750;1216;83;46;750;1216;833;1216;833;1262;750;1262;9242;NNNN;ONUM;ORDER_NUMBER;Order Number
invoice-1902.tiff;1;1;2480;3508;233575;1541;1221;58;48;1541;1221;1599;1221;1599;1269;1541;1269;Dr.;AAS;SHN;SHIPPING_NAME;Shipping Name
invoice-1902.tiff;1;1;2480;3508;233576;1611;1221;129;48;1611;1221;1740;1221;1740;1269;1611;1269;Florine;AAAAAAA;SHN;SHIPPING_NAME;Shipping Name
invoice-1902.tiff;1;1;2480;3508;233577;1751;1221;173;48;1751;1221;1924;1221;1924;1269;1751;1269;Anderson;AAAAAAAA;SHN;SHIPPING_NAME;Shipping Name
invoice-1902.tiff;1;1;2480;3508;233578;1541;1269;31;45;1541;1269;1572;1269;1572;1314;1541;1314;4,;NS;SHA;SHIPPING_ADDRESS;Shipping Address
invoice-1902.tiff;1;1;2480;3508;233579;1583;1269;134;45;1583;1269;1717;1269;1717;1314;1583;1314;impasse;AAAAAAA;SHA;SHIPPING_ADDRESS;Shipping Address
invoice-1902.tiff;1;1;2480;3508;233580;1728;1269;39;45;1728;1269;1767;1269;1767;1314;1728;1314;de;AA;SHA;SHIPPING_ADDRESS;Shipping Address
invoice-1902.tiff;1;1;2480;3508;233581;1777;1269;99;45;1777;1269;1876;1269;1876;1314;1777;1314;fumée;AAAAA;SHA;SHIPPING_ADDRESS;Shipping Address
invoice-1902.tiff;1;1;2480;3508;233582;1541;1315;104;45;1541;1315;1645;1315;1645;1360;1541;1360;21140;NNNNN;SHA;SHIPPING_ADDRESS;Shipping Address
invoice-1902.tiff;1;1;2480;3508;233583;1687;1315;74;45;1687;1315;1761;1315;1761;1360;1687;1360;Flée;AAAA;SHA;SHIPPING_ADDRESS;Shipping Address
invoice-1902.tiff;1;1;2480;3508;233584;1541;1360;120;45;1541;1360;1661;1360;1661;1405;1541;1405;France;AAAAAA;SHA;SHIPPING_ADDRESS;Shipping Address
invoice-1902.tiff;1;1;2480;3508;233585;364;1684;157;52;364;1684;521;1684;521;1736;364;1736;Product;AAAAAAA;undefined;OTHER;OTHER
invoice-1902.tiff;1;1;2480;3508;233586;533;1684;226;52;533;1684;759;1684;759;1736;533;1736;Description;AAAAAAAAAAA;undefined;OTHER;OTHER
invoice-1902.tiff;1;1;2480;3508;233587;1037;1684;175;52;1037;1684;1212;1684;1212;1736;1037;1736;Quantity;AAAAAAAA;undefined;OTHER;OTHER
invoice-1902.tiff;1;1;2480;3508;233588;1316;1684;86;52;1316;1684;1402;1684;1402;1736;1316;1736;Unit;AAAA;undefined;OTHER;OTHER
invoice-1902.tiff;1;1;2480;3508;233589;1414;1684;101;52;1414;1684;1515;1684;1515;1736;1414;1736;Price;AAAAA;undefined;OTHER;OTHER
invoice-1902.tiff;1;1;2480;3508;233590;1650;1684;96;52;1650;1684;1746;1684;1746;1736;1650;1736;TVA;AAA;undefined;OTHER;OTHER
invoice-1902.tiff;1;1;2480;3508;233591;1758;1684;91;52;1758;1684;1849;1684;1849;1736;1758;1736;Rate;AAAA;undefined;OTHER;OTHER
invoice-1902.tiff;1;1;2480;3508;233592;2031;1684;104;52;2031;1684;2135;1684;2135;1736;2031;1736;Total;AAAAA;undefined;OTHER;OTHER
invoice-1902.tiff;1;1;2480;3508;233593;124;1758;108;48;124;1758;232;1758;232;1806;124;1806;Robot;AAAAA;undefined;OTHER;OTHER
invoice-1902.tiff;1;1;2480;3508;233594;244;1758;129;48;244;1758;373;1758;373;1806;244;1806;cuiseur;AAAAAAA;undefined;OTHER;OTHER
invoice-1902.tiff;1;1;2480;3508;233595;384;1758;196;48;384;1758;580;1758;580;1806;384;1806;Kitchenaid;AAAAAAAAAA;undefined;OTHER;OTHER
invoice-1902.tiff;1;1;2480;3508;233596;591;1758;94;48;591;1758;685;1758;685;1806;591;1806;Cook;AAAA;undefined;OTHER;OTHER
invoice-1902.tiff;1;1;2480;3508;233597;696;1758;173;48;696;1758;869;1758;869;1806;696;1806;Processor;AAAAAAAAA;undefined;OTHER;OTHER
invoice-1902.tiff;1;1;2480;3508;233601;1114;1758;20;48;1114;1758;1134;1758;1134;1806;1114;1806;4;N;undefined;OTHER;OTHER
invoice-1902.tiff;1;1;2480;3508;233602;1343;1758;114;48;1343;1758;1457;1758;1457;1806;1343;1806;832,50;NNNSNN;undefined;OTHER;OTHER
invoice-1902.tiff;1;1;2480;3508;233603;1468;1758;20;48;1468;1758;1488;1758;1488;1806;1468;1806;$;S;undefined;OTHER;OTHER
invoice-1902.tiff;1;1;2480;3508;233604;1692;1758;114;48;1692;1758;1806;1758;1806;1806;1692;1806;20.0%;NNSNS;undefined;OTHER;OTHER
invoice-1902.tiff;1;1;2480;3508;233605;1999;1758;135;48;1999;1758;2134;1758;2134;1806;1999;1806;3330,00;NNNNSNN;undefined;OTHER;OTHER
invoice-1902.tiff;1;1;2480;3508;233606;2145;1758;20;48;2145;1758;2165;1758;2165;1806;2145;1806;$;S;undefined;OTHER;OTHER
invoice-1902.tiff;1;1;2480;3508;233598;124;1806;310;48;124;1806;434;1806;434;1854;124;1854;5KCF0104EER/5;NAAANNNNAAASN;undefined;OTHER;OTHER
invoice-1902.tiff;1;1;2480;3508;233599;445;1806;113;48;445;1806;558;1806;558;1854;445;1854;Rouge;AAAAA;undefined;OTHER;OTHER
invoice-1902.tiff;1;1;2480;3508;233600;569;1806;106;48;569;1806;675;1806;675;1854;569;1854;empir;AAAAA;undefined;OTHER;OTHER
invoice-1902.tiff;1;1;2480;3508;233607;1895;1937;104;52;1895;1937;1999;1937;1999;1989;1895;1989;Total;AAAAA;undefined;OTHER;OTHER
invoice-1902.tiff;1;1;2480;3508;233608;2041;1937;135;48;2041;1937;2176;1937;2176;1985;2041;1985;3330,00;NNNNSNN;TWTX;TOTAL_WITHOUT_TAX;TWTXS
invoice-1902.tiff;1;1;2480;3508;233609;2187;1937;20;48;2187;1937;2207;1937;2207;1985;2187;1985;$;S;TWTX;TOTAL_WITHOUT_TAX;TWTXS
invoice-1902.tiff;1;1;2480;3508;233610;1852;1990;96;52;1852;1990;1948;1990;1948;2042;1852;2042;TVA;AAA;undefined;OTHER;OTHER
invoice-1902.tiff;1;1;2480;3508;233611;1960;1990;91;52;1960;1990;2051;1990;2051;2042;1960;2042;Rate;AAAA;undefined;OTHER;OTHER
invoice-1902.tiff;1;1;2480;3508;233612;2093;1990;114;48;2093;1990;2207;1990;2207;2038;2093;2038;20.0%;NNSNS;TXR;TAX_RATE;Tax Rate
invoice-1902.tiff;1;1;2480;3508;233613;1772;2043;76;52;1772;2043;1848;2043;1848;2095;1772;2095;Tax;AAA;undefined;OTHER;OTHER
invoice-1902.tiff;1;1;2480;3508;233614;1860;2043;160;52;1860;2043;2020;2043;2020;2095;1860;2095;Amount;AAAAAA;undefined;OTHER;OTHER
invoice-1902.tiff;1;1;2480;3508;233615;2062;2043;114;48;2062;2043;2176;2043;2176;2091;2062;2091;666,00;NNNSNN;TTX;TOTAL_TAX;Total Tax
invoice-1902.tiff;1;1;2480;3508;233616;2187;2043;20;48;2187;2043;2207;2043;2207;2091;2187;2091;$;S;TTX;TOTAL_TAX;Total Tax
invoice-1902.tiff;1;1;2480;3508;233617;1707;2096;160;52;1707;2096;1867;2096;1867;2148;1707;2148;Amount;AAAAAA;undefined;OTHER;OTHER
invoice-1902.tiff;1;1;2480;3508;233618;1879;2096;38;52;1879;2096;1917;2096;1917;2148;1879;2148;to;AA;undefined;OTHER;OTHER
invoice-1902.tiff;1;1;2480;3508;233619;1928;2096;71;52;1928;2096;1999;2096;1999;2148;1928;2148;pay;AAA;undefined;OTHER;OTHER
invoice-1902.tiff;1;1;2480;3508;233620;2041;2096;135;48;2041;2096;2176;2096;2176;2144;2041;2144;3996,00;NNNNSNN;TA;TOTAL_AMOUNT;Total with TAX
invoice-1902.tiff;1;1;2480;3508;233621;2187;2096;20;48;2187;2096;2207;2096;2207;2144;2187;2144;$;S;TA;TOTAL_AMOUNT;Total with TAX
invoice-1902.tiff;1;1;2480;3508;233622;124;3175;78;48;124;3175;202;3175;202;3223;124;3223;LES;AAA;SN;SUPPLIER_NAME;Seller/Company) name
invoice-1902.tiff;1;1;2480;3508;233623;214;3175;145;48;214;3175;359;3175;359;3223;214;3223;GOUTS;AAAAA;SN;SUPPLIER_NAME;Seller/Company) name
invoice-1902.tiff;1;1;2480;3508;233624;370;3175;104;48;370;3175;474;3175;474;3223;370;3223;D'ICI;ASAAA;SN;SUPPLIER_NAME;Seller/Company) name
invoice-1902.tiff;1;1;2480;3508;233625;124;3223;41;45;124;3223;165;3223;165;3268;124;3268;12;NN;SA;SUPPLIER_ADDRESS;Seller Address
invoice-1902.tiff;1;1;2480;3508;233626;177;3223;81;45;177;3223;258;3223;258;3268;177;3268;RUE;AAA;SA;SUPPLIER_ADDRESS;Seller Address
invoice-1902.tiff;1;1;2480;3508;233627;268;3223;55;45;268;3223;323;3223;323;3268;268;3268;DE;AA;SA;SUPPLIER_ADDRESS;Seller Address
invoice-1902.tiff;1;1;2480;3508;233628;334;3223;23;45;334;3223;357;3223;357;3268;334;3268;L;A;SA;SUPPLIER_ADDRESS;Seller Address
invoice-1902.tiff;1;1;2480;3508;233629;368;3223;210;45;368;3223;578;3223;578;3268;368;3268;ARTISANAT;AAAAAAAAA;SA;SUPPLIER_ADDRESS;Seller Address
invoice-1902.tiff;1;1;2480;3508;233630;587;3223;13;45;587;3223;600;3223;600;3268;587;3268;-;S;SA;SUPPLIER_ADDRESS;Seller Address
invoice-1902.tiff;1;1;2480;3508;233631;611;3223;104;45;611;3223;715;3223;715;3268;611;3268;01710;NNNNN;SA;SUPPLIER_ADDRESS;Seller Address
invoice-1902.tiff;1;1;2480;3508;233632;734;3223;145;45;734;3223;879;3223;879;3268;734;3268;THOIRY;AAAAAA;SA;SUPPLIER_ADDRESS;Seller Address
invoice-1902.tiff;1;1;2480;3508;233633;888;3223;13;45;888;3223;901;3223;901;3268;888;3268;-;S;SA;SUPPLIER_ADDRESS;Seller Address
invoice-1902.tiff;1;1;2480;3508;233634;912;3223;157;45;912;3223;1069;3223;1069;3268;912;3268;FRANCE;AAAAAA;SA;SUPPLIER_ADDRESS;Seller Address
