src;num_pages;page_id;page_width;page_height;id;col;row;width;height;x1;y1;x2;y2;x3;y3;x4;y4;contents;contents_masked;correctclass;tag;description
invoice-2409.tiff;1;1;2480;3508;296585;1187;62;438;175;1187;62;1625;62;1625;237;1187;237;common/logo;AAAAAASAAAA;img;IMAGE;Image
invoice-2409.tiff;1;1;2480;3508;296578;124;258;108;59;124;258;232;258;232;317;124;317;Date;AAAA;undefined;OTHER;OTHER
invoice-2409.tiff;1;1;2480;3508;296579;247;258;58;59;247;258;305;258;305;317;247;317;de;AA;undefined;OTHER;OTHER
invoice-2409.tiff;1;1;2480;3508;296580;319;258;41;59;319;258;360;258;360;317;319;317;la;AA;undefined;OTHER;OTHER
invoice-2409.tiff;1;1;2480;3508;296581;375;258;166;59;375;258;541;258;541;317;375;317;facture;AAAAAAA;undefined;OTHER;OTHER
invoice-2409.tiff;1;1;2480;3508;296582;604;258;50;52;604;258;654;258;654;310;604;310;14;NN;IDATE;INVOICE_DATE;Invoice Date
invoice-2409.tiff;1;1;2480;3508;296583;668;258;61;52;668;258;729;258;729;310;668;310;oct;AAA;IDATE;INVOICE_DATE;Invoice Date
invoice-2409.tiff;1;1;2480;3508;296584;741;258;101;52;741;258;842;258;842;310;741;310;2011;NNNN;IDATE;INVOICE_DATE;Invoice Date
invoice-2409.tiff;1;1;2480;3508;296586;1187;412;71;49;1187;412;1258;412;1258;461;1187;461;E.G;ASA;SN;SUPPLIER_NAME;Seller/Company) name
invoice-2409.tiff;1;1;2480;3508;296587;1270;412;252;49;1270;412;1522;412;1522;461;1270;461;MARBRERIE;AAAAAAAAA;SN;SUPPLIER_NAME;Seller/Company) name
invoice-2409.tiff;1;1;2480;3508;296588;1187;462;46;48;1187;462;1233;462;1233;510;1187;510;25;NN;SA;SUPPLIER_ADDRESS;Seller Address
invoice-2409.tiff;1;1;2480;3508;296589;1245;462;87;48;1245;462;1332;462;1332;510;1245;510;RUE;AAA;SA;SUPPLIER_ADDRESS;Seller Address
invoice-2409.tiff;1;1;2480;3508;296590;1344;462;113;48;1344;462;1457;462;1457;510;1344;510;LEON;AAAA;SA;SUPPLIER_ADDRESS;Seller Address
invoice-2409.tiff;1;1;2480;3508;296591;1469;462;252;48;1469;462;1721;462;1721;510;1469;510;BOURGEOIS;AAAAAAAAA;SA;SUPPLIER_ADDRESS;Seller Address
invoice-2409.tiff;1;1;2480;3508;296592;1730;462;11;48;1730;462;1741;462;1741;510;1730;510;,;S;SA;SUPPLIER_ADDRESS;Seller Address
invoice-2409.tiff;1;1;2480;3508;296593;1753;462;115;48;1753;462;1868;462;1868;510;1753;510;51000;NNNNN;SA;SUPPLIER_ADDRESS;Seller Address
invoice-2409.tiff;1;1;2480;3508;296594;1878;462;201;48;1878;462;2079;462;2079;510;1878;510;CHALONS;AAAAAAA;SA;SUPPLIER_ADDRESS;Seller Address
invoice-2409.tiff;1;1;2480;3508;296595;2091;462;57;48;2091;462;2148;462;2148;510;2091;510;EN;AA;SA;SUPPLIER_ADDRESS;Seller Address
invoice-2409.tiff;1;1;2480;3508;296596;2160;462;268;48;2160;462;2428;462;2428;510;2160;510;CHAMPAGNE;AAAAAAAAA;SA;SUPPLIER_ADDRESS;Seller Address
invoice-2409.tiff;1;1;2480;3508;296597;2437;462;11;48;2437;462;2448;462;2448;510;2437;510;,;S;SA;SUPPLIER_ADDRESS;Seller Address
invoice-2409.tiff;1;1;2480;3508;296598;2460;462;171;48;2460;462;2631;462;2631;510;2460;510;FRANCE;AAAAAA;SA;SUPPLIER_ADDRESS;Seller Address
invoice-2409.tiff;1;1;2480;3508;296599;1187;510;69;48;1187;510;1256;510;1256;558;1187;558;Tel:;AAAS;undefined;OTHER;OTHER
invoice-2409.tiff;1;1;2480;3508;296600;1281;510;287;48;1281;510;1568;510;1568;558;1281;558;00-71-94-95-95;NNSNNSNNSNNSNN;SCN;SUPPLIER_CONTACT_NUMBER;Seller Contact Number
invoice-2409.tiff;1;1;2480;3508;296601;1610;510;81;48;1610;510;1691;510;1691;558;1610;558;Fax:;AAAS;undefined;OTHER;OTHER
invoice-2409.tiff;1;1;2480;3508;296602;1716;510;287;48;1716;510;2003;510;2003;558;1716;558;00-71-94-38-71;NNSNNSNNSNNSNN;SFAX;SUPPLIER_FAX_NUMBER;Seller Fax Number
invoice-2409.tiff;1;1;2480;3508;296603;124;895;286;59;124;895;410;895;410;954;124;954;Destinataire;AAAAAAAAAAAA;undefined;OTHER;OTHER
invoice-2409.tiff;1;1;2480;3508;296604;124;954;94;49;124;954;218;954;218;1003;124;1003;Mme;AAA;BN;BILLING_NAME;Billing Name
invoice-2409.tiff;1;1;2480;3508;296605;231;954;118;49;231;954;349;954;349;1003;231;1003;Victor;AAAAAA;BN;BILLING_NAME;Billing Name
invoice-2409.tiff;1;1;2480;3508;296606;361;954;104;49;361;954;465;954;465;1003;361;1003;Colin;AAAAA;BN;BILLING_NAME;Billing Name
invoice-2409.tiff;1;1;2480;3508;296607;124;1004;57;48;124;1004;181;1004;181;1052;124;1052;20,;NNS;BA;BILLING_ADDRESS;Billing Address
invoice-2409.tiff;1;1;2480;3508;296608;194;1004;136;48;194;1004;330;1004;330;1052;194;1052;avenue;AAAAAA;BA;BILLING_ADDRESS;Billing Address
invoice-2409.tiff;1;1;2480;3508;296609;342;1004;46;48;342;1004;388;1004;388;1052;342;1052;du;AA;BA;BILLING_ADDRESS;Billing Address
invoice-2409.tiff;1;1;2480;3508;296610;400;1004;138;48;400;1004;538;1004;538;1052;400;1052;bourcet;AAAAAAA;BA;BILLING_ADDRESS;Billing Address
invoice-2409.tiff;1;1;2480;3508;296611;124;1052;115;48;124;1052;239;1052;239;1100;124;1100;38240;NNNNN;BA;BILLING_ADDRESS;Billing Address
invoice-2409.tiff;1;1;2480;3508;296612;282;1052;134;48;282;1052;416;1052;416;1100;282;1100;Meylan;AAAAAA;BA;BILLING_ADDRESS;Billing Address
invoice-2409.tiff;1;1;2480;3508;296626;1541;1094;165;54;1541;1094;1706;1094;1706;1148;1541;1148;Facture;AAAAAAA;undefined;OTHER;OTHER
invoice-2409.tiff;1;1;2480;3508;296627;1719;1094;46;54;1719;1094;1765;1094;1765;1148;1719;1148;n°;AS;undefined;OTHER;OTHER
invoice-2409.tiff;1;1;2480;3508;296628;2166;1094;176;48;2166;1094;2342;1094;2342;1142;2166;1142;INV-6290;AAASNNNN;IN;INVOICE_NUMBER;Invoice Number
invoice-2409.tiff;1;1;2480;3508;296613;124;1100;129;48;124;1100;253;1100;253;1148;124;1148;France;AAAAAA;BA;BILLING_ADDRESS;Billing Address
invoice-2409.tiff;1;1;2480;3508;296629;1541;1169;127;54;1541;1169;1668;1169;1668;1223;1541;1223;Client;AAAAAA;undefined;OTHER;OTHER
invoice-2409.tiff;1;1;2480;3508;296630;1681;1169;46;54;1681;1169;1727;1169;1727;1223;1681;1223;n°;AS;undefined;OTHER;OTHER
invoice-2409.tiff;1;1;2480;3508;296631;2166;1169;159;48;2166;1169;2325;1169;2325;1217;2166;1217;CL-4813;AASNNNN;CNUM;CLIENT_NUMBER;Client Number
invoice-2409.tiff;1;1;2480;3508;296614;124;1190;222;59;124;1190;346;1190;346;1249;124;1249;Livraison;AAAAAAAAA;undefined;OTHER;OTHER
invoice-2409.tiff;1;1;2480;3508;296615;361;1190;27;59;361;1190;388;1190;388;1249;361;1249;à;A;undefined;OTHER;OTHER
invoice-2409.tiff;1;1;2480;3508;296616;124;1250;94;49;124;1250;218;1250;218;1299;124;1299;Mme;AAA;SHN;SHIPPING_NAME;Shipping Name
invoice-2409.tiff;1;1;2480;3508;296617;231;1250;118;49;231;1250;349;1250;349;1299;231;1299;Victor;AAAAAA;SHN;SHIPPING_NAME;Shipping Name
invoice-2409.tiff;1;1;2480;3508;296618;361;1250;104;49;361;1250;465;1250;465;1299;361;1299;Colin;AAAAA;SHN;SHIPPING_NAME;Shipping Name
invoice-2409.tiff;1;1;2480;3508;296619;124;1299;57;48;124;1299;181;1299;181;1347;124;1347;20,;NNS;SHA;SHIPPING_ADDRESS;Shipping Address
invoice-2409.tiff;1;1;2480;3508;296620;194;1299;136;48;194;1299;330;1299;330;1347;194;1347;avenue;AAAAAA;SHA;SHIPPING_ADDRESS;Shipping Address
invoice-2409.tiff;1;1;2480;3508;296621;342;1299;46;48;342;1299;388;1299;388;1347;342;1347;du;AA;SHA;SHIPPING_ADDRESS;Shipping Address
invoice-2409.tiff;1;1;2480;3508;296622;400;1299;138;48;400;1299;538;1299;538;1347;400;1347;bourcet;AAAAAAA;SHA;SHIPPING_ADDRESS;Shipping Address
invoice-2409.tiff;1;1;2480;3508;296623;124;1347;115;48;124;1347;239;1347;239;1395;124;1395;38240;NNNNN;SHA;SHIPPING_ADDRESS;Shipping Address
invoice-2409.tiff;1;1;2480;3508;296624;282;1347;134;48;282;1347;416;1347;416;1395;282;1395;Meylan;AAAAAA;SHA;SHIPPING_ADDRESS;Shipping Address
invoice-2409.tiff;1;1;2480;3508;296625;124;1395;129;48;124;1395;253;1395;253;1443;124;1443;France;AAAAAA;SHA;SHIPPING_ADDRESS;Shipping Address
invoice-2409.tiff;1;1;2480;3508;296632;211;1711;76;54;211;1711;287;1711;287;1765;211;1765;Qté;AAA;undefined;OTHER;OTHER
invoice-2409.tiff;1;1;2480;3508;296633;681;1711;262;54;681;1711;943;1711;943;1765;681;1765;Désignation;AAAAAAAAAAA;undefined;OTHER;OTHER
invoice-2409.tiff;1;1;2480;3508;296634;1384;1711;63;54;1384;1711;1447;1711;1447;1765;1384;1765;UP;AA;undefined;OTHER;OTHER
invoice-2409.tiff;1;1;2480;3508;296635;1704;1711;91;54;1704;1711;1795;1711;1795;1765;1704;1765;TVA;AAA;undefined;OTHER;OTHER
invoice-2409.tiff;1;1;2480;3508;296636;1944;1711;178;54;1944;1711;2122;1711;2122;1765;1944;1765;Montant;AAAAAAA;undefined;OTHER;OTHER
invoice-2409.tiff;1;1;2480;3508;296637;2135;1711;86;54;2135;1711;2221;1711;2221;1765;2135;1765;H.T.;ASAS;undefined;OTHER;OTHER
invoice-2409.tiff;1;1;2480;3508;296638;238;1786;23;49;238;1786;261;1786;261;1835;238;1835;2;N;undefined;OTHER;OTHER
invoice-2409.tiff;1;1;2480;3508;296639;375;1786;159;49;375;1786;534;1786;534;1835;375;1835;Plancha;AAAAAAA;undefined;OTHER;OTHER
invoice-2409.tiff;1;1;2480;3508;296640;546;1786;69;49;546;1786;615;1786;615;1835;546;1835;gaz;AAA;undefined;OTHER;OTHER
invoice-2409.tiff;1;1;2480;3508;296641;627;1786;118;49;627;1786;745;1786;745;1835;627;1835;Favex;AAAAA;undefined;OTHER;OTHER
invoice-2409.tiff;1;1;2480;3508;296642;757;1786;159;49;757;1786;916;1786;916;1835;757;1835;Plancha;AAAAAAA;undefined;OTHER;OTHER
invoice-2409.tiff;1;1;2480;3508;296643;928;1786;76;49;928;1786;1004;1786;1004;1835;928;1835;Gaz;AAA;undefined;OTHER;OTHER
invoice-2409.tiff;1;1;2480;3508;296647;1352;1786;127;49;1352;1786;1479;1786;1479;1835;1352;1835;302,92;NNNSNN;undefined;OTHER;OTHER
invoice-2409.tiff;1;1;2480;3508;296648;1690;1786;118;49;1690;1786;1808;1786;1808;1835;1690;1835;20.0%;NNSNS;undefined;OTHER;OTHER
invoice-2409.tiff;1;1;2480;3508;296649;2019;1786;127;49;2019;1786;2146;1786;2146;1835;2019;1835;605,83;NNNSNN;undefined;OTHER;OTHER
invoice-2409.tiff;1;1;2480;3508;296644;375;1836;310;49;375;1836;685;1836;685;1885;375;1885;Professionnelle;AAAAAAAAAAAAAAA;undefined;OTHER;OTHER
invoice-2409.tiff;1;1;2480;3508;296645;696;1836;13;49;696;1836;709;1836;709;1885;696;1885;-;S;undefined;OTHER;OTHER
invoice-2409.tiff;1;1;2480;3508;296646;722;1836;34;49;722;1836;756;1836;756;1885;722;1885;...;SSS;undefined;OTHER;OTHER
invoice-2409.tiff;1;1;2480;3508;296650;238;1927;23;49;238;1927;261;1927;261;1976;238;1976;3;N;undefined;OTHER;OTHER
invoice-2409.tiff;1;1;2480;3508;296651;375;1927;247;49;375;1927;622;1927;622;1976;375;1976;Tensiomètre;AAAAAAAAAAA;undefined;OTHER;OTHER
invoice-2409.tiff;1;1;2480;3508;296652;634;1927;182;49;634;1927;816;1927;816;1976;634;1976;connecté;AAAAAAAA;undefined;OTHER;OTHER
invoice-2409.tiff;1;1;2480;3508;296653;828;1927;134;49;828;1927;962;1927;962;1976;828;1976;Qardio;AAAAAA;undefined;OTHER;OTHER
invoice-2409.tiff;1;1;2480;3508;296654;974;1927;83;49;974;1927;1057;1927;1057;1976;974;1976;Arm;AAA;undefined;OTHER;OTHER
invoice-2409.tiff;1;1;2480;3508;296655;1069;1927;13;49;1069;1927;1082;1927;1082;1976;1069;1976;-;S;undefined;OTHER;OTHER
invoice-2409.tiff;1;1;2480;3508;296656;1095;1927;64;49;1095;1927;1159;1927;1159;1976;1095;1976;red;AAA;undefined;OTHER;OTHER
invoice-2409.tiff;1;1;2480;3508;296657;1352;1927;127;49;1352;1927;1479;1927;1479;1976;1352;1976;108,32;NNNSNN;undefined;OTHER;OTHER
invoice-2409.tiff;1;1;2480;3508;296658;1690;1927;118;49;1690;1927;1808;1927;1808;1976;1690;1976;20.0%;NNSNS;undefined;OTHER;OTHER
invoice-2409.tiff;1;1;2480;3508;296659;2019;1927;127;49;2019;1927;2146;1927;2146;1976;2019;1976;324,97;NNNSNN;undefined;OTHER;OTHER
invoice-2409.tiff;1;1;2480;3508;296660;238;2018;23;49;238;2018;261;2018;261;2067;238;2067;4;N;undefined;OTHER;OTHER
invoice-2409.tiff;1;1;2480;3508;296661;375;2018;206;49;375;2018;581;2018;581;2067;375;2067;Grille-pain;AAAAAASAAAA;undefined;OTHER;OTHER
invoice-2409.tiff;1;1;2480;3508;296662;592;2018;212;49;592;2018;804;2018;804;2067;592;2067;Kitchenaid;AAAAAAAAAA;undefined;OTHER;OTHER
invoice-2409.tiff;1;1;2480;3508;296663;817;2018;296;49;817;2018;1113;2018;1113;2067;817;2067;5KMT2116EOB;NAAANNNNAAA;undefined;OTHER;OTHER
invoice-2409.tiff;1;1;2480;3508;296664;1125;2018;83;49;1125;2018;1208;2018;1208;2067;1125;2067;Noir;AAAA;undefined;OTHER;OTHER
invoice-2409.tiff;1;1;2480;3508;296666;1352;2018;127;49;1352;2018;1479;2018;1479;2067;1352;2067;107,50;NNNSNN;undefined;OTHER;OTHER
invoice-2409.tiff;1;1;2480;3508;296667;1690;2018;118;49;1690;2018;1808;2018;1808;2067;1690;2067;20.0%;NNSNS;undefined;OTHER;OTHER
invoice-2409.tiff;1;1;2480;3508;296668;2019;2018;127;49;2019;2018;2146;2018;2146;2067;2019;2067;430,00;NNNSNN;undefined;OTHER;OTHER
invoice-2409.tiff;1;1;2480;3508;296665;375;2068;104;49;375;2068;479;2068;479;2117;375;2117;Onyx;AAAA;undefined;OTHER;OTHER
invoice-2409.tiff;1;1;2480;3508;296669;1739;2201;165;52;1739;2201;1904;2201;1904;2253;1739;2253;Montant;AAAAAAA;undefined;OTHER;OTHER
invoice-2409.tiff;1;1;2480;3508;296670;1917;2201;86;52;1917;2201;2003;2201;2003;2253;1917;2253;H.T.;ASAS;undefined;OTHER;OTHER
invoice-2409.tiff;1;1;2480;3508;296671;2046;2201;150;48;2046;2201;2196;2201;2196;2249;2046;2249;1360,81;NNNNSNN;TWTX;TOTAL_WITHOUT_TAX;TWTXS
invoice-2409.tiff;1;1;2480;3508;296672;1959;2254;89;52;1959;2254;2048;2254;2048;2306;1959;2306;TVA;AAA;undefined;OTHER;OTHER
invoice-2409.tiff;1;1;2480;3508;296673;2090;2254;118;48;2090;2254;2208;2254;2208;2302;2090;2302;20.0%;NNSNS;TXR;TAX_RATE;Tax Rate
invoice-2409.tiff;1;1;2480;3508;296674;1760;2307;165;52;1760;2307;1925;2307;1925;2359;1760;2359;Montant;AAAAAAA;undefined;OTHER;OTHER
invoice-2409.tiff;1;1;2480;3508;296675;1938;2307;89;52;1938;2307;2027;2307;2027;2359;1938;2359;TVA;AAA;undefined;OTHER;OTHER
invoice-2409.tiff;1;1;2480;3508;296676;2069;2307;127;48;2069;2307;2196;2307;2196;2355;2069;2355;272,16;NNNSNN;TTX;TOTAL_TAX;Total Tax
invoice-2409.tiff;1;1;2480;3508;296677;1737;2360;165;52;1737;2360;1902;2360;1902;2412;1737;2412;Montant;AAAAAAA;undefined;OTHER;OTHER
invoice-2409.tiff;1;1;2480;3508;296678;1915;2360;89;52;1915;2360;2004;2360;2004;2412;1915;2412;TTC;AAA;undefined;OTHER;OTHER
invoice-2409.tiff;1;1;2480;3508;296679;2046;2360;150;48;2046;2360;2196;2360;2196;2408;2046;2408;1632,97;NNNNSNN;TA;TOTAL_AMOUNT;Total with TAX
invoice-2409.tiff;1;1;2480;3508;296680;1541;2742;145;54;1541;2742;1686;2742;1686;2796;1541;2796;Moyen;AAAAA;undefined;OTHER;OTHER
invoice-2409.tiff;1;1;2480;3508;296681;1699;2742;53;54;1699;2742;1752;2742;1752;2796;1699;2796;de;AA;undefined;OTHER;OTHER
invoice-2409.tiff;1;1;2480;3508;296682;1765;2742;201;54;1765;2742;1966;2742;1966;2796;1765;2796;paiement;AAAAAAAA;undefined;OTHER;OTHER
invoice-2409.tiff;1;1;2480;3508;296683;2166;2742;57;48;2166;2742;2223;2742;2223;2790;2166;2790;CB;AA;PMODE;PAYMENT_MODE;Payment Mode
invoice-2409.tiff;1;1;2480;3508;296684;124;3175;71;49;124;3175;195;3175;195;3224;124;3224;E.G;ASA;SN;SUPPLIER_NAME;Seller/Company) name
invoice-2409.tiff;1;1;2480;3508;296685;208;3175;252;49;208;3175;460;3175;460;3224;208;3224;MARBRERIE;AAAAAAAAA;SN;SUPPLIER_NAME;Seller/Company) name
invoice-2409.tiff;1;1;2480;3508;296686;124;3224;46;48;124;3224;170;3224;170;3272;124;3272;25;NN;SA;SUPPLIER_ADDRESS;Seller Address
invoice-2409.tiff;1;1;2480;3508;296687;182;3224;87;48;182;3224;269;3224;269;3272;182;3272;RUE;AAA;SA;SUPPLIER_ADDRESS;Seller Address
invoice-2409.tiff;1;1;2480;3508;296688;282;3224;113;48;282;3224;395;3224;395;3272;282;3272;LEON;AAAA;SA;SUPPLIER_ADDRESS;Seller Address
invoice-2409.tiff;1;1;2480;3508;296689;407;3224;252;48;407;3224;659;3224;659;3272;407;3272;BOURGEOIS;AAAAAAAAA;SA;SUPPLIER_ADDRESS;Seller Address
invoice-2409.tiff;1;1;2480;3508;296690;124;3272;115;48;124;3272;239;3272;239;3320;124;3320;51000;NNNNN;SA;SUPPLIER_ADDRESS;Seller Address
invoice-2409.tiff;1;1;2480;3508;296691;282;3272;201;48;282;3272;483;3272;483;3320;282;3320;CHALONS;AAAAAAA;SA;SUPPLIER_ADDRESS;Seller Address
invoice-2409.tiff;1;1;2480;3508;296692;495;3272;57;48;495;3272;552;3272;552;3320;495;3320;EN;AA;SA;SUPPLIER_ADDRESS;Seller Address
invoice-2409.tiff;1;1;2480;3508;296693;564;3272;268;48;564;3272;832;3272;832;3320;564;3320;CHAMPAGNE;AAAAAAAAA;SA;SUPPLIER_ADDRESS;Seller Address
invoice-2409.tiff;1;1;2480;3508;296694;124;3320;171;48;124;3320;295;3320;295;3368;124;3368;FRANCE;AAAAAA;SA;SUPPLIER_ADDRESS;Seller Address
