src;num_pages;page_id;page_width;page_height;id;col;row;width;height;x1;y1;x2;y2;x3;y3;x4;y4;contents;contents_masked;correctclass;tag;description
invoice-1322.tiff;1;1;2480;3508;162291;124;62;201;175;124;62;325;62;325;237;124;237;common/logo;AAAAAASAAAA;img;IMAGE;Image
invoice-1322.tiff;1;1;2480;3508;162292;750;237;101;48;750;237;851;237;851;285;750;285;E.R.S;ASASA;SN;SUPPLIER_NAME;Seller/Company) name
invoice-1322.tiff;1;1;2480;3508;162293;862;237;41;48;862;237;903;237;903;285;862;285;31;NN;SN;SUPPLIER_NAME;Seller/Company) name
invoice-1322.tiff;1;1;2480;3508;162294;750;285;62;45;750;285;812;285;812;330;750;330;106;NNN;SA;SUPPLIER_ADDRESS;Seller Address
invoice-1322.tiff;1;1;2480;3508;162295;822;285;159;45;822;285;981;285;981;330;822;330;AVENUE;AAAAAA;SA;SUPPLIER_ADDRESS;Seller Address
invoice-1322.tiff;1;1;2480;3508;162296;993;285;118;45;993;285;1111;285;1111;330;993;330;LOUIS;AAAAA;SA;SUPPLIER_ADDRESS;Seller Address
invoice-1322.tiff;1;1;2480;3508;162297;1121;285;189;45;1121;285;1310;285;1310;330;1121;330;BARTHOU;AAAAAAA;SA;SUPPLIER_ADDRESS;Seller Address
invoice-1322.tiff;1;1;2480;3508;162298;1319;285;10;45;1319;285;1329;285;1329;330;1319;330;,;S;SA;SUPPLIER_ADDRESS;Seller Address
invoice-1322.tiff;1;1;2480;3508;162299;1340;285;104;45;1340;285;1444;285;1444;330;1340;330;33200;NNNNN;SA;SUPPLIER_ADDRESS;Seller Address
invoice-1322.tiff;1;1;2480;3508;162300;1452;285;217;45;1452;285;1669;285;1669;330;1452;330;BORDEAUX;AAAAAAAA;SA;SUPPLIER_ADDRESS;Seller Address
invoice-1322.tiff;1;1;2480;3508;162301;1678;285;10;45;1678;285;1688;285;1688;330;1678;330;,;S;SA;SUPPLIER_ADDRESS;Seller Address
invoice-1322.tiff;1;1;2480;3508;162302;1699;285;157;45;1699;285;1856;285;1856;330;1699;330;FRANCE;AAAAAA;SA;SUPPLIER_ADDRESS;Seller Address
invoice-1322.tiff;1;1;2480;3508;162303;750;331;74;45;750;331;824;331;824;376;750;376;VAT;AAA;undefined;OTHER;OTHER
invoice-1322.tiff;1;1;2480;3508;162304;840;331;50;45;840;331;890;331;890;376;840;376;FR;AA;SVAT;SUPPLIER_VAT;Seller Vat Number/TVA
invoice-1322.tiff;1;1;2480;3508;162305;902;331;41;45;902;331;943;331;943;376;902;376;35;NN;SVAT;SUPPLIER_VAT;Seller Vat Number/TVA
invoice-1322.tiff;1;1;2480;3508;162306;954;331;62;45;954;331;1016;331;1016;376;954;376;831;NNN;SVAT;SUPPLIER_VAT;Seller Vat Number/TVA
invoice-1322.tiff;1;1;2480;3508;162307;1027;331;62;45;1027;331;1089;331;1089;376;1027;376;578;NNN;SVAT;SUPPLIER_VAT;Seller Vat Number/TVA
invoice-1322.tiff;1;1;2480;3508;162308;1100;331;62;45;1100;331;1162;331;1162;376;1100;376;809;NNN;SVAT;SUPPLIER_VAT;Seller Vat Number/TVA
invoice-1322.tiff;1;1;2480;3508;162309;750;377;106;45;750;377;856;377;856;422;750;422;Phone;AAAAA;undefined;OTHER;OTHER
invoice-1322.tiff;1;1;2480;3508;162310;881;377;249;45;881;377;1130;377;1130;422;881;422;03.62.87.04.26;NNSNNSNNSNNSNN;SCN;SUPPLIER_CONTACT_NUMBER;Seller Contact Number
invoice-1322.tiff;1;1;2480;3508;162311;1173;377;64;45;1173;377;1237;377;1237;422;1173;422;Fax;AAA;undefined;OTHER;OTHER
invoice-1322.tiff;1;1;2480;3508;162312;1262;377;249;45;1262;377;1511;377;1511;422;1262;422;03.62.87.02.44;NNSNNSNNSNNSNN;SFAX;SUPPLIER_FAX_NUMBER;Seller Fax Number
invoice-1322.tiff;1;1;2480;3508;162313;124;749;94;57;124;749;218;749;218;806;124;806;Sold;AAAA;undefined;OTHER;OTHER
invoice-1322.tiff;1;1;2480;3508;162314;232;749;58;57;232;749;290;749;290;806;232;806;To;AA;undefined;OTHER;OTHER
invoice-1322.tiff;1;1;2480;3508;162315;124;807;152;48;124;807;276;807;276;855;124;855;Marjory;AAAAAAA;BN;BILLING_NAME;Billing Name
invoice-1322.tiff;1;1;2480;3508;162316;288;807;108;48;288;807;396;807;396;855;288;855;Kirlin;AAAAAA;BN;BILLING_NAME;Billing Name
invoice-1322.tiff;1;1;2480;3508;162339;1541;829;142;52;1541;829;1683;829;1683;881;1541;881;Invoice;AAAAAAA;undefined;OTHER;OTHER
invoice-1322.tiff;1;1;2480;3508;162340;1695;829;162;52;1695;829;1857;829;1857;881;1695;881;Number;AAAAAA;undefined;OTHER;OTHER
invoice-1322.tiff;1;1;2480;3508;162341;2166;829;261;46;2166;829;2427;829;2427;875;2166;875;FV2013003993;AANNNNNNNNNN;IN;INVOICE_NUMBER;Invoice Number
invoice-1322.tiff;1;1;2480;3508;162317;124;855;31;45;124;855;155;855;155;900;124;900;8,;NS;BA;BILLING_ADDRESS;Billing Address
invoice-1322.tiff;1;1;2480;3508;162318;166;855;55;45;166;855;221;855;221;900;166;900;rue;AAA;BA;BILLING_ADDRESS;Billing Address
invoice-1322.tiff;1;1;2480;3508;162319;232;855;39;45;232;855;271;855;271;900;232;900;de;AA;BA;BILLING_ADDRESS;Billing Address
invoice-1322.tiff;1;1;2480;3508;162320;282;855;103;45;282;855;385;855;385;900;282;900;l'hôtel;ASAAAAA;BA;BILLING_ADDRESS;Billing Address
invoice-1322.tiff;1;1;2480;3508;162321;396;855;39;45;396;855;435;855;435;900;396;900;de;AA;BA;BILLING_ADDRESS;Billing Address
invoice-1322.tiff;1;1;2480;3508;162322;446;855;71;45;446;855;517;855;517;900;446;900;ville;AAAAA;BA;BILLING_ADDRESS;Billing Address
invoice-1322.tiff;1;1;2480;3508;162323;124;901;104;45;124;901;228;901;228;946;124;946;59620;NNNNN;BA;BILLING_ADDRESS;Billing Address
invoice-1322.tiff;1;1;2480;3508;162324;270;901;305;45;270;901;575;901;575;946;270;946;Aulnoye-Aymeries;AAAAAAASAAAAAAAA;BA;BILLING_ADDRESS;Billing Address
invoice-1322.tiff;1;1;2480;3508;162342;1541;903;142;52;1541;903;1683;903;1683;955;1541;955;Invoice;AAAAAAA;undefined;OTHER;OTHER
invoice-1322.tiff;1;1;2480;3508;162343;1695;903;91;52;1695;903;1786;903;1786;955;1695;955;Date;AAAA;undefined;OTHER;OTHER
invoice-1322.tiff;1;1;2480;3508;162344;2166;903;53;46;2166;903;2219;903;2219;949;2166;949;feb;AAA;IDATE;INVOICE_DATE;Invoice Date
invoice-1322.tiff;1;1;2480;3508;162345;2230;903;31;46;2230;903;2261;903;2261;949;2230;949;1,;NS;IDATE;INVOICE_DATE;Invoice Date
invoice-1322.tiff;1;1;2480;3508;162346;2271;903;83;46;2271;903;2354;903;2354;949;2271;949;2015;NNNN;IDATE;INVOICE_DATE;Invoice Date
invoice-1322.tiff;1;1;2480;3508;162325;124;946;120;45;124;946;244;946;244;991;124;991;France;AAAAAA;BA;BILLING_ADDRESS;Billing Address
invoice-1322.tiff;1;1;2480;3508;162347;1541;976;119;52;1541;976;1660;976;1660;1028;1541;1028;Client;AAAAAA;undefined;OTHER;OTHER
invoice-1322.tiff;1;1;2480;3508;162348;1672;976;162;52;1672;976;1834;976;1834;1028;1672;1028;Number;AAAAAA;undefined;OTHER;OTHER
invoice-1322.tiff;1;1;2480;3508;162349;2166;976;199;46;2166;976;2365;976;2365;1022;2166;1022;CL1020049;AANNNNNNN;CNUM;CLIENT_NUMBER;Client Number
invoice-1322.tiff;1;1;2480;3508;162326;124;1034;105;57;124;1034;229;1034;229;1091;124;1091;Send;AAAA;undefined;OTHER;OTHER
invoice-1322.tiff;1;1;2480;3508;162327;243;1034;58;57;243;1034;301;1034;301;1091;243;1091;To;AA;undefined;OTHER;OTHER
invoice-1322.tiff;1;1;2480;3508;162350;1541;1050;122;52;1541;1050;1663;1050;1663;1102;1541;1102;Order;AAAAA;undefined;OTHER;OTHER
invoice-1322.tiff;1;1;2480;3508;162351;1675;1050;162;52;1675;1050;1837;1050;1837;1102;1675;1102;Number;AAAAAA;undefined;OTHER;OTHER
invoice-1322.tiff;1;1;2480;3508;162352;2166;1050;203;46;2166;1050;2369;1050;2369;1096;2166;1096;CD2013000;AANNNNNNN;ONUM;ORDER_NUMBER;Order Number
invoice-1322.tiff;1;1;2480;3508;162328;124;1092;152;48;124;1092;276;1092;276;1140;124;1140;Marjory;AAAAAAA;SHN;SHIPPING_NAME;Shipping Name
invoice-1322.tiff;1;1;2480;3508;162329;288;1092;108;48;288;1092;396;1092;396;1140;288;1140;Kirlin;AAAAAA;SHN;SHIPPING_NAME;Shipping Name
invoice-1322.tiff;1;1;2480;3508;162353;1541;1124;119;52;1541;1124;1660;1124;1660;1176;1541;1176;Payed;AAAAA;undefined;OTHER;OTHER
invoice-1322.tiff;1;1;2480;3508;162354;1672;1124;157;52;1672;1124;1829;1124;1829;1176;1672;1176;through;AAAAAAA;undefined;OTHER;OTHER
invoice-1322.tiff;1;1;2480;3508;162355;2166;1124;104;46;2166;1124;2270;1124;2270;1170;2166;1170;Credit;AAAAAA;PMODE;PAYMENT_MODE;Payment Mode
invoice-1322.tiff;1;1;2480;3508;162356;2281;1124;71;46;2281;1124;2352;1124;2352;1170;2281;1170;card;AAAA;PMODE;PAYMENT_MODE;Payment Mode
invoice-1322.tiff;1;1;2480;3508;162330;124;1140;31;45;124;1140;155;1140;155;1185;124;1185;8,;NS;SHA;SHIPPING_ADDRESS;Shipping Address
invoice-1322.tiff;1;1;2480;3508;162331;166;1140;55;45;166;1140;221;1140;221;1185;166;1185;rue;AAA;SHA;SHIPPING_ADDRESS;Shipping Address
invoice-1322.tiff;1;1;2480;3508;162332;232;1140;39;45;232;1140;271;1140;271;1185;232;1185;de;AA;SHA;SHIPPING_ADDRESS;Shipping Address
invoice-1322.tiff;1;1;2480;3508;162333;282;1140;103;45;282;1140;385;1140;385;1185;282;1185;l'hôtel;ASAAAAA;SHA;SHIPPING_ADDRESS;Shipping Address
invoice-1322.tiff;1;1;2480;3508;162334;396;1140;39;45;396;1140;435;1140;435;1185;396;1185;de;AA;SHA;SHIPPING_ADDRESS;Shipping Address
invoice-1322.tiff;1;1;2480;3508;162335;446;1140;71;45;446;1140;517;1140;517;1185;446;1185;ville;AAAAA;SHA;SHIPPING_ADDRESS;Shipping Address
invoice-1322.tiff;1;1;2480;3508;162336;124;1185;104;45;124;1185;228;1185;228;1230;124;1230;59620;NNNNN;SHA;SHIPPING_ADDRESS;Shipping Address
invoice-1322.tiff;1;1;2480;3508;162337;270;1185;305;45;270;1185;575;1185;575;1230;270;1230;Aulnoye-Aymeries;AAAAAAASAAAAAAAA;SHA;SHIPPING_ADDRESS;Shipping Address
invoice-1322.tiff;1;1;2480;3508;162338;124;1231;120;45;124;1231;244;1231;244;1276;124;1276;France;AAAAAA;SHA;SHIPPING_ADDRESS;Shipping Address
invoice-1322.tiff;1;1;2480;3508;162357;364;1555;157;52;364;1555;521;1555;521;1607;364;1607;Product;AAAAAAA;undefined;OTHER;OTHER
invoice-1322.tiff;1;1;2480;3508;162358;533;1555;226;52;533;1555;759;1555;759;1607;533;1607;Description;AAAAAAAAAAA;undefined;OTHER;OTHER
invoice-1322.tiff;1;1;2480;3508;162359;1037;1555;175;52;1037;1555;1212;1555;1212;1607;1037;1607;Quantity;AAAAAAAA;undefined;OTHER;OTHER
invoice-1322.tiff;1;1;2480;3508;162360;1316;1555;86;52;1316;1555;1402;1555;1402;1607;1316;1607;Unit;AAAA;undefined;OTHER;OTHER
invoice-1322.tiff;1;1;2480;3508;162361;1414;1555;101;52;1414;1555;1515;1555;1515;1607;1414;1607;Price;AAAAA;undefined;OTHER;OTHER
invoice-1322.tiff;1;1;2480;3508;162362;1650;1555;96;52;1650;1555;1746;1555;1746;1607;1650;1607;TVA;AAA;undefined;OTHER;OTHER
invoice-1322.tiff;1;1;2480;3508;162363;1758;1555;91;52;1758;1555;1849;1555;1849;1607;1758;1607;Rate;AAAA;undefined;OTHER;OTHER
invoice-1322.tiff;1;1;2480;3508;162364;2031;1555;104;52;2031;1555;2135;1555;2135;1607;2031;1607;Total;AAAAA;undefined;OTHER;OTHER
invoice-1322.tiff;1;1;2480;3508;162365;124;1628;159;48;124;1628;283;1628;283;1676;124;1676;Capsules;AAAAAAAA;undefined;OTHER;OTHER
invoice-1322.tiff;1;1;2480;3508;162366;295;1628;108;48;295;1628;403;1628;403;1676;295;1676;Nestle;AAAAAA;undefined;OTHER;OTHER
invoice-1322.tiff;1;1;2480;3508;162367;414;1628;165;48;414;1628;579;1628;579;1676;414;1676;Special.T;AAAAAAASA;undefined;OTHER;OTHER
invoice-1322.tiff;1;1;2480;3508;162368;590;1628;148;48;590;1628;738;1628;738;1676;590;1676;Infusion;AAAAAAAA;undefined;OTHER;OTHER
invoice-1322.tiff;1;1;2480;3508;162369;748;1628;53;48;748;1628;801;1628;801;1676;748;1676;Ice;AAA;undefined;OTHER;OTHER
invoice-1322.tiff;1;1;2480;3508;162370;812;1628;87;48;812;1628;899;1628;899;1676;812;1676;Mint;AAAA;undefined;OTHER;OTHER
invoice-1322.tiff;1;1;2480;3508;162371;910;1628;62;48;910;1628;972;1628;972;1676;910;1676;x10;ANN;undefined;OTHER;OTHER
invoice-1322.tiff;1;1;2480;3508;162372;1114;1628;20;48;1114;1628;1134;1628;1134;1676;1114;1676;4;N;undefined;OTHER;OTHER
invoice-1322.tiff;1;1;2480;3508;162373;1333;1628;72;48;1333;1628;1405;1628;1405;1676;1333;1676;3,25;NSNN;undefined;OTHER;OTHER
invoice-1322.tiff;1;1;2480;3508;162374;1416;1628;83;48;1416;1628;1499;1628;1499;1676;1416;1676;USD;AAA;undefined;OTHER;OTHER
invoice-1322.tiff;1;1;2480;3508;162375;1692;1628;114;48;1692;1628;1806;1628;1806;1676;1692;1676;20.0%;NNSNS;undefined;OTHER;OTHER
invoice-1322.tiff;1;1;2480;3508;162376;1989;1628;93;48;1989;1628;2082;1628;2082;1676;1989;1676;13,00;NNSNN;undefined;OTHER;OTHER
invoice-1322.tiff;1;1;2480;3508;162377;2093;1628;83;48;2093;1628;2176;1628;2176;1676;2093;1676;USD;AAA;undefined;OTHER;OTHER
invoice-1322.tiff;1;1;2480;3508;162378;124;1718;155;48;124;1718;279;1718;279;1766;124;1766;Enceinte;AAAAAAAA;undefined;OTHER;OTHER
invoice-1322.tiff;1;1;2480;3508;162379;290;1718;55;48;290;1718;345;1718;345;1766;290;1766;PC;AA;undefined;OTHER;OTHER
invoice-1322.tiff;1;1;2480;3508;162380;356;1718;92;48;356;1718;448;1718;448;1766;356;1766;Altec;AAAAA;undefined;OTHER;OTHER
invoice-1322.tiff;1;1;2480;3508;162381;459;1718;143;48;459;1718;602;1718;602;1766;459;1766;Lansing;AAAAAAA;undefined;OTHER;OTHER
invoice-1322.tiff;1;1;2480;3508;162382;613;1718;159;48;613;1718;772;1718;772;1766;613;1766;Cymbale;AAAAAAA;undefined;OTHER;OTHER
invoice-1322.tiff;1;1;2480;3508;162383;783;1718;173;48;783;1718;956;1718;956;1766;783;1766;Bluetooth;AAAAAAAAA;undefined;OTHER;OTHER
invoice-1322.tiff;1;1;2480;3508;162384;1114;1718;20;48;1114;1718;1134;1718;1134;1766;1114;1766;2;N;undefined;OTHER;OTHER
invoice-1322.tiff;1;1;2480;3508;162385;1312;1718;114;48;1312;1718;1426;1718;1426;1766;1312;1766;133,25;NNNSNN;undefined;OTHER;OTHER
invoice-1322.tiff;1;1;2480;3508;162386;1437;1718;83;48;1437;1718;1520;1718;1520;1766;1437;1766;USD;AAA;undefined;OTHER;OTHER
invoice-1322.tiff;1;1;2480;3508;162387;1692;1718;114;48;1692;1718;1806;1718;1806;1766;1692;1766;20.0%;NNSNS;undefined;OTHER;OTHER
invoice-1322.tiff;1;1;2480;3508;162388;1979;1718;114;48;1979;1718;2093;1718;2093;1766;1979;1766;266,50;NNNSNN;undefined;OTHER;OTHER
invoice-1322.tiff;1;1;2480;3508;162389;2104;1718;83;48;2104;1718;2187;1718;2187;1766;2104;1766;USD;AAA;undefined;OTHER;OTHER
invoice-1322.tiff;1;1;2480;3508;162390;1855;1850;165;51;1855;1850;2020;1850;2020;1901;1855;1901;Discount;AAAAAAAA;undefined;OTHER;OTHER
invoice-1322.tiff;1;1;2480;3508;162391;2041;1850;72;46;2041;1850;2113;1850;2113;1896;2041;1896;0,00;NSNN;undefined;OTHER;OTHER
invoice-1322.tiff;1;1;2480;3508;162392;2125;1850;83;46;2125;1850;2208;1850;2208;1896;2125;1896;USD;AAA;undefined;OTHER;OTHER
invoice-1322.tiff;1;1;2480;3508;162393;1861;1901;96;51;1861;1901;1957;1901;1957;1952;1861;1952;Total;AAAAA;undefined;OTHER;OTHER
invoice-1322.tiff;1;1;2480;3508;162394;1999;1901;114;46;1999;1901;2113;1901;2113;1947;1999;1947;279,50;NNNSNN;TWTX;TOTAL_WITHOUT_TAX;TWTXS
invoice-1322.tiff;1;1;2480;3508;162395;2125;1901;83;46;2125;1901;2208;1901;2208;1947;2125;1947;USD;AAA;TWTX;TOTAL_WITHOUT_TAX;TWTXS
invoice-1322.tiff;1;1;2480;3508;162396;1746;1952;71;51;1746;1952;1817;1952;1817;2003;1746;2003;Tax;AAA;undefined;OTHER;OTHER
invoice-1322.tiff;1;1;2480;3508;162397;1828;1952;150;51;1828;1952;1978;1952;1978;2003;1828;2003;Amount;AAAAAA;undefined;OTHER;OTHER
invoice-1322.tiff;1;1;2480;3508;162398;2020;1952;93;46;2020;1952;2113;1952;2113;1998;2020;1998;55,90;NNSNN;TTX;TOTAL_TAX;Total Tax
invoice-1322.tiff;1;1;2480;3508;162399;2125;1952;83;46;2125;1952;2208;1952;2208;1998;2125;1998;USD;AAA;TTX;TOTAL_TAX;Total Tax
invoice-1322.tiff;1;1;2480;3508;162400;1683;2003;150;51;1683;2003;1833;2003;1833;2054;1683;2054;Amount;AAAAAA;undefined;OTHER;OTHER
invoice-1322.tiff;1;1;2480;3508;162401;1845;2003;35;51;1845;2003;1880;2003;1880;2054;1845;2054;to;AA;undefined;OTHER;OTHER
invoice-1322.tiff;1;1;2480;3508;162402;1892;2003;66;51;1892;2003;1958;2003;1958;2054;1892;2054;pay;AAA;undefined;OTHER;OTHER
invoice-1322.tiff;1;1;2480;3508;162403;1999;2003;114;46;1999;2003;2113;2003;2113;2049;1999;2049;335,40;NNNSNN;TA;TOTAL_AMOUNT;Total with TAX
invoice-1322.tiff;1;1;2480;3508;162404;2125;2003;83;46;2125;2003;2208;2003;2208;2049;2125;2049;USD;AAA;TA;TOTAL_AMOUNT;Total with TAX
invoice-1322.tiff;1;1;2480;3508;162405;1110;3175;101;48;1110;3175;1211;3175;1211;3223;1110;3223;E.R.S;ASASA;SN;SUPPLIER_NAME;Seller/Company) name
invoice-1322.tiff;1;1;2480;3508;162406;1222;3175;41;48;1222;3175;1263;3175;1263;3223;1222;3223;31;NN;SN;SUPPLIER_NAME;Seller/Company) name
invoice-1322.tiff;1;1;2480;3508;162407;629;3223;62;45;629;3223;691;3223;691;3268;629;3268;106;NNN;SA;SUPPLIER_ADDRESS;Seller Address
invoice-1322.tiff;1;1;2480;3508;162408;702;3223;159;45;702;3223;861;3223;861;3268;702;3268;AVENUE;AAAAAA;SA;SUPPLIER_ADDRESS;Seller Address
invoice-1322.tiff;1;1;2480;3508;162409;872;3223;118;45;872;3223;990;3223;990;3268;872;3268;LOUIS;AAAAA;SA;SUPPLIER_ADDRESS;Seller Address
invoice-1322.tiff;1;1;2480;3508;162410;1001;3223;189;45;1001;3223;1190;3223;1190;3268;1001;3268;BARTHOU;AAAAAAA;SA;SUPPLIER_ADDRESS;Seller Address
invoice-1322.tiff;1;1;2480;3508;162411;1199;3223;10;45;1199;3223;1209;3223;1209;3268;1199;3268;,;S;SA;SUPPLIER_ADDRESS;Seller Address
invoice-1322.tiff;1;1;2480;3508;162412;1220;3223;104;45;1220;3223;1324;3223;1324;3268;1220;3268;33200;NNNNN;SA;SUPPLIER_ADDRESS;Seller Address
invoice-1322.tiff;1;1;2480;3508;162413;1332;3223;217;45;1332;3223;1549;3223;1549;3268;1332;3268;BORDEAUX;AAAAAAAA;SA;SUPPLIER_ADDRESS;Seller Address
invoice-1322.tiff;1;1;2480;3508;162414;1558;3223;10;45;1558;3223;1568;3223;1568;3268;1558;3268;,;S;SA;SUPPLIER_ADDRESS;Seller Address
invoice-1322.tiff;1;1;2480;3508;162415;1579;3223;157;45;1579;3223;1736;3223;1736;3268;1579;3268;FRANCE;AAAAAA;SA;SUPPLIER_ADDRESS;Seller Address
