src;num_pages;page_id;page_width;page_height;id;col;row;width;height;x1;y1;x2;y2;x3;y3;x4;y4;contents;contents_masked;correctclass;tag;description
invoice-1455.tiff;1;1;2480;3508;178369;124;62;438;175;124;62;562;62;562;237;124;237;common/logo;AAAAAASAAAA;img;IMAGE;Image
invoice-1455.tiff;1;1;2480;3508;178385;1541;270;155;57;1541;270;1696;270;1696;327;1541;327;Invoice;AAAAAAA;undefined;OTHER;OTHER
invoice-1455.tiff;1;1;2480;3508;178386;1709;270;73;57;1709;270;1782;270;1782;327;1709;327;No.;AAS;undefined;OTHER;OTHER
invoice-1455.tiff;1;1;2480;3508;178387;1845;270;180;50;1845;270;2025;270;2025;320;1845;320;INV-4227;AAASNNNN;IN;INVOICE_NUMBER;Invoice Number
invoice-1455.tiff;1;1;2480;3508;178388;1541;349;155;57;1541;349;1696;349;1696;406;1541;406;Invoice;AAAAAAA;undefined;OTHER;OTHER
invoice-1455.tiff;1;1;2480;3508;178389;1709;349;99;57;1709;349;1808;349;1808;406;1709;406;Date;AAAA;undefined;OTHER;OTHER
invoice-1455.tiff;1;1;2480;3508;178390;1872;349;73;50;1872;349;1945;349;1945;399;1872;399;mar;AAA;IDATE;INVOICE_DATE;Invoice Date
invoice-1455.tiff;1;1;2480;3508;178391;1957;349;34;50;1957;349;1991;349;1991;399;1957;399;2,;NS;IDATE;INVOICE_DATE;Invoice Date
invoice-1455.tiff;1;1;2480;3508;178392;2003;349;91;50;2003;349;2094;349;2094;399;2003;399;1994;NNNN;IDATE;INVOICE_DATE;Invoice Date
invoice-1455.tiff;1;1;2480;3508;178370;124;412;60;48;124;412;184;412;184;460;124;460;UN;AA;SN;SUPPLIER_NAME;Seller/Company) name
invoice-1455.tiff;1;1;2480;3508;178371;195;412;113;48;195;412;308;412;308;460;195;460;JOUR;AAAA;SN;SUPPLIER_NAME;Seller/Company) name
invoice-1455.tiff;1;1;2480;3508;178372;319;412;212;48;319;412;531;412;531;460;319;460;AILLEURS;AAAAAAAA;SN;SUPPLIER_NAME;Seller/Company) name
invoice-1455.tiff;1;1;2480;3508;178373;124;460;41;45;124;460;165;460;165;505;124;505;50;NN;SA;SUPPLIER_ADDRESS;Seller Address
invoice-1455.tiff;1;1;2480;3508;178374;177;460;81;45;177;460;258;460;258;505;177;505;RUE;AAA;SA;SUPPLIER_ADDRESS;Seller Address
invoice-1455.tiff;1;1;2480;3508;178375;268;460;222;45;268;460;490;460;490;505;268;505;SOLFERINO;AAAAAAAAA;SA;SUPPLIER_ADDRESS;Seller Address
invoice-1455.tiff;1;1;2480;3508;178376;499;460;10;45;499;460;509;460;509;505;499;505;,;S;SA;SUPPLIER_ADDRESS;Seller Address
invoice-1455.tiff;1;1;2480;3508;178377;519;460;104;45;519;460;623;460;623;505;519;505;60200;NNNNN;SA;SUPPLIER_ADDRESS;Seller Address
invoice-1455.tiff;1;1;2480;3508;178378;632;460;240;45;632;460;872;460;872;505;632;505;COMPIEGNE;AAAAAAAAA;SA;SUPPLIER_ADDRESS;Seller Address
invoice-1455.tiff;1;1;2480;3508;178379;881;460;10;45;881;460;891;460;891;505;881;505;,;S;SA;SUPPLIER_ADDRESS;Seller Address
invoice-1455.tiff;1;1;2480;3508;178380;902;460;157;45;902;460;1059;460;1059;505;902;505;FRANCE;AAAAAA;SA;SUPPLIER_ADDRESS;Seller Address
invoice-1455.tiff;1;1;2480;3508;178381;124;506;106;45;124;506;230;506;230;551;124;551;Phone;AAAAA;undefined;OTHER;OTHER
invoice-1455.tiff;1;1;2480;3508;178382;256;506;249;45;256;506;505;506;505;551;256;551;00.72.31.63.22;NNSNNSNNSNNSNN;SCN;SUPPLIER_CONTACT_NUMBER;Seller Contact Number
invoice-1455.tiff;1;1;2480;3508;178383;548;506;64;45;548;506;612;506;612;551;548;551;Fax;AAA;undefined;OTHER;OTHER
invoice-1455.tiff;1;1;2480;3508;178384;637;506;249;45;637;506;886;506;886;551;637;551;00.72.31.19.48;NNSNNSNNSNNSNN;SFAX;SUPPLIER_FAX_NUMBER;Seller Fax Number
invoice-1455.tiff;1;1;2480;3508;178393;124;878;141;57;124;878;265;878;265;935;124;935;Billing;AAAAAAA;undefined;OTHER;OTHER
invoice-1455.tiff;1;1;2480;3508;178394;279;878;175;57;279;878;454;878;454;935;279;935;Address;AAAAAAA;undefined;OTHER;OTHER
invoice-1455.tiff;1;1;2480;3508;178395;124;936;83;48;124;936;207;936;207;984;124;984;Miss;AAAA;BN;BILLING_NAME;Billing Name
invoice-1455.tiff;1;1;2480;3508;178396;218;936;108;48;218;936;326;936;326;984;218;984;Kiana;AAAAA;BN;BILLING_NAME;Billing Name
invoice-1455.tiff;1;1;2480;3508;178397;338;936;101;48;338;936;439;936;439;984;338;984;Ferry;AAAAA;BN;BILLING_NAME;Billing Name
invoice-1455.tiff;1;1;2480;3508;178398;124;984;52;45;124;984;176;984;176;1029;124;1029;17,;NNS;BA;BILLING_ADDRESS;Billing Address
invoice-1455.tiff;1;1;2480;3508;178399;187;984;55;45;187;984;242;984;242;1029;187;1029;rue;AAA;BA;BILLING_ADDRESS;Billing Address
invoice-1455.tiff;1;1;2480;3508;178400;253;984;55;45;253;984;308;984;308;1029;253;1029;des;AAA;BA;BILLING_ADDRESS;Billing Address
invoice-1455.tiff;1;1;2480;3508;178401;319;984;120;45;319;984;439;984;439;1029;319;1029;carmes;AAAAAA;BA;BILLING_ADDRESS;Billing Address
invoice-1455.tiff;1;1;2480;3508;178402;124;1030;104;45;124;1030;228;1030;228;1075;124;1075;13200;NNNNN;BA;BILLING_ADDRESS;Billing Address
invoice-1455.tiff;1;1;2480;3508;178403;270;1030;87;45;270;1030;357;1030;357;1075;270;1075;Arles;AAAAA;BA;BILLING_ADDRESS;Billing Address
invoice-1455.tiff;1;1;2480;3508;178404;124;1076;120;45;124;1076;244;1076;244;1121;124;1121;France;AAAAAA;BA;BILLING_ADDRESS;Billing Address
invoice-1455.tiff;1;1;2480;3508;178417;1541;1105;119;52;1541;1105;1660;1105;1660;1157;1541;1157;Client;AAAAAA;undefined;OTHER;OTHER
invoice-1455.tiff;1;1;2480;3508;178418;1672;1105;67;52;1672;1105;1739;1105;1739;1157;1672;1157;No.;AAS;undefined;OTHER;OTHER
invoice-1455.tiff;1;1;2480;3508;178419;2166;1105;150;46;2166;1105;2316;1105;2316;1151;2166;1151;CL-0063;AASNNNN;CNUM;CLIENT_NUMBER;Client Number
invoice-1455.tiff;1;1;2480;3508;178405;124;1163;191;57;124;1163;315;1163;315;1220;124;1220;Shipping;AAAAAAAA;undefined;OTHER;OTHER
invoice-1455.tiff;1;1;2480;3508;178406;329;1163;175;57;329;1163;504;1163;504;1220;329;1220;Address;AAAAAAA;undefined;OTHER;OTHER
invoice-1455.tiff;1;1;2480;3508;178407;124;1221;83;48;124;1221;207;1221;207;1269;124;1269;Miss;AAAA;SHN;SHIPPING_NAME;Shipping Name
invoice-1455.tiff;1;1;2480;3508;178408;218;1221;108;48;218;1221;326;1221;326;1269;218;1269;Kiana;AAAAA;SHN;SHIPPING_NAME;Shipping Name
invoice-1455.tiff;1;1;2480;3508;178409;338;1221;101;48;338;1221;439;1221;439;1269;338;1269;Ferry;AAAAA;SHN;SHIPPING_NAME;Shipping Name
invoice-1455.tiff;1;1;2480;3508;178410;124;1269;52;45;124;1269;176;1269;176;1314;124;1314;17,;NNS;SHA;SHIPPING_ADDRESS;Shipping Address
invoice-1455.tiff;1;1;2480;3508;178411;187;1269;55;45;187;1269;242;1269;242;1314;187;1314;rue;AAA;SHA;SHIPPING_ADDRESS;Shipping Address
invoice-1455.tiff;1;1;2480;3508;178412;253;1269;55;45;253;1269;308;1269;308;1314;253;1314;des;AAA;SHA;SHIPPING_ADDRESS;Shipping Address
invoice-1455.tiff;1;1;2480;3508;178413;319;1269;120;45;319;1269;439;1269;439;1314;319;1314;carmes;AAAAAA;SHA;SHIPPING_ADDRESS;Shipping Address
invoice-1455.tiff;1;1;2480;3508;178414;124;1315;104;45;124;1315;228;1315;228;1360;124;1360;13200;NNNNN;SHA;SHIPPING_ADDRESS;Shipping Address
invoice-1455.tiff;1;1;2480;3508;178415;270;1315;87;45;270;1315;357;1315;357;1360;270;1360;Arles;AAAAA;SHA;SHIPPING_ADDRESS;Shipping Address
invoice-1455.tiff;1;1;2480;3508;178416;124;1360;120;45;124;1360;244;1360;244;1405;124;1405;France;AAAAAA;SHA;SHIPPING_ADDRESS;Shipping Address
invoice-1455.tiff;1;1;2480;3508;178420;440;1684;244;52;440;1684;684;1684;684;1736;440;1736;Descriptions;AAAAAAAAAAAA;undefined;OTHER;OTHER
invoice-1455.tiff;1;1;2480;3508;178421;1088;1684;73;52;1088;1684;1161;1684;1161;1736;1088;1736;Qty;AAA;undefined;OTHER;OTHER
invoice-1455.tiff;1;1;2480;3508;178422;1374;1684;84;52;1374;1684;1458;1684;1458;1736;1374;1736;U.P.;ASAS;undefined;OTHER;OTHER
invoice-1455.tiff;1;1;2480;3508;178423;1646;1684;206;52;1646;1684;1852;1684;1852;1736;1646;1736;VAT/TVA;AAASAAA;undefined;OTHER;OTHER
invoice-1455.tiff;1;1;2480;3508;178424;2003;1684;160;52;2003;1684;2163;1684;2163;1736;2003;1736;Amount;AAAAAA;undefined;OTHER;OTHER
invoice-1455.tiff;1;1;2480;3508;178425;124;1758;99;48;124;1758;223;1758;223;1806;124;1806;Hotte;AAAAA;undefined;OTHER;OTHER
invoice-1455.tiff;1;1;2480;3508;178426;234;1758;185;48;234;1758;419;1758;419;1806;234;1806;décorative;AAAAAAAAAA;undefined;OTHER;OTHER
invoice-1455.tiff;1;1;2480;3508;178427;430;1758;78;48;430;1758;508;1758;508;1806;430;1806;plan;AAAA;undefined;OTHER;OTHER
invoice-1455.tiff;1;1;2480;3508;178428;519;1758;41;48;519;1758;560;1758;560;1806;519;1806;de;AA;undefined;OTHER;OTHER
invoice-1455.tiff;1;1;2480;3508;178429;571;1758;118;48;571;1758;689;1758;689;1806;571;1806;travail;AAAAAAA;undefined;OTHER;OTHER
invoice-1455.tiff;1;1;2480;3508;178430;700;1758;145;48;700;1758;845;1758;845;1806;700;1806;Siemens;AAAAAAA;undefined;OTHER;OTHER
invoice-1455.tiff;1;1;2480;3508;178432;1114;1758;20;48;1114;1758;1134;1758;1134;1806;1114;1806;1;N;undefined;OTHER;OTHER
invoice-1455.tiff;1;1;2480;3508;178433;1359;1758;114;48;1359;1758;1473;1758;1473;1806;1359;1806;990,83;NNNSNN;undefined;OTHER;OTHER
invoice-1455.tiff;1;1;2480;3508;178434;1692;1758;114;48;1692;1758;1806;1758;1806;1806;1692;1806;20.0%;NNSNS;undefined;OTHER;OTHER
invoice-1455.tiff;1;1;2480;3508;178435;2026;1758;114;48;2026;1758;2140;1758;2140;1806;2026;1806;990,83;NNNSNN;undefined;OTHER;OTHER
invoice-1455.tiff;1;1;2480;3508;178431;124;1806;222;48;124;1806;346;1806;346;1854;124;1854;LD97AA670;AANNAANNN;undefined;OTHER;OTHER
invoice-1455.tiff;1;1;2480;3508;178436;124;1895;118;48;124;1895;242;1895;242;1943;124;1943;Rasoir;AAAAAA;undefined;OTHER;OTHER
invoice-1455.tiff;1;1;2480;3508;178437;253;1895;175;48;253;1895;428;1895;428;1943;253;1943;électrique;AAAAAAAAAA;undefined;OTHER;OTHER
invoice-1455.tiff;1;1;2480;3508;178438;439;1895;122;48;439;1895;561;1895;561;1943;439;1943;Philips;AAAAAAA;undefined;OTHER;OTHER
invoice-1455.tiff;1;1;2480;3508;178439;572;1895;64;48;572;1895;636;1895;636;1943;572;1943;SW;AA;undefined;OTHER;OTHER
invoice-1455.tiff;1;1;2480;3508;178440;648;1895;136;48;648;1895;784;1895;784;1943;648;1943;9700/67;NNNNSNN;undefined;OTHER;OTHER
invoice-1455.tiff;1;1;2480;3508;178441;795;1895;76;48;795;1895;871;1895;871;1943;795;1943;Star;AAAA;undefined;OTHER;OTHER
invoice-1455.tiff;1;1;2480;3508;178442;881;1895;85;48;881;1895;966;1895;966;1943;881;1943;wars;AAAA;undefined;OTHER;OTHER
invoice-1455.tiff;1;1;2480;3508;178443;1114;1895;20;48;1114;1895;1134;1895;1134;1943;1114;1943;2;N;undefined;OTHER;OTHER
invoice-1455.tiff;1;1;2480;3508;178444;1359;1895;114;48;1359;1895;1473;1895;1473;1943;1359;1943;224,99;NNNSNN;undefined;OTHER;OTHER
invoice-1455.tiff;1;1;2480;3508;178445;1692;1895;114;48;1692;1895;1806;1895;1806;1943;1692;1943;20.0%;NNSNS;undefined;OTHER;OTHER
invoice-1455.tiff;1;1;2480;3508;178446;2026;1895;114;48;2026;1895;2140;1895;2140;1943;2026;1943;449,98;NNNSNN;undefined;OTHER;OTHER
invoice-1455.tiff;1;1;2480;3508;178447;124;1985;62;48;124;1985;186;1985;186;2033;124;2033;Jeu;AAA;undefined;OTHER;OTHER
invoice-1455.tiff;1;1;2480;3508;178448;197;1985;74;48;197;1985;271;1985;271;2033;197;2033;3DS;NAA;undefined;OTHER;OTHER
invoice-1455.tiff;1;1;2480;3508;178449;282;1985;164;48;282;1985;446;1985;446;2033;282;2033;Nintendo;AAAAAAAA;undefined;OTHER;OTHER
invoice-1455.tiff;1;1;2480;3508;178450;457;1985;78;48;457;1985;535;1985;535;2033;457;2033;New;AAA;undefined;OTHER;OTHER
invoice-1455.tiff;1;1;2480;3508;178451;546;1985;106;48;546;1985;652;1985;652;2033;546;2033;Super;AAAAA;undefined;OTHER;OTHER
invoice-1455.tiff;1;1;2480;3508;178452;663;1985;111;48;663;1985;774;1985;774;2033;663;2033;Mario;AAAAA;undefined;OTHER;OTHER
invoice-1455.tiff;1;1;2480;3508;178453;784;1985;83;48;784;1985;867;1985;867;2033;784;2033;Bros;AAAA;undefined;OTHER;OTHER
invoice-1455.tiff;1;1;2480;3508;178454;878;1985;20;48;878;1985;898;1985;898;2033;878;2033;2;N;undefined;OTHER;OTHER
invoice-1455.tiff;1;1;2480;3508;178455;1114;1985;20;48;1114;1985;1134;1985;1134;2033;1114;2033;2;N;undefined;OTHER;OTHER
invoice-1455.tiff;1;1;2480;3508;178456;1369;1985;93;48;1369;1985;1462;1985;1462;2033;1369;2033;37,49;NNSNN;undefined;OTHER;OTHER
invoice-1455.tiff;1;1;2480;3508;178457;1692;1985;114;48;1692;1985;1806;1985;1806;2033;1692;2033;20.0%;NNSNS;undefined;OTHER;OTHER
invoice-1455.tiff;1;1;2480;3508;178458;2036;1985;93;48;2036;1985;2129;1985;2129;2033;2036;2033;74,98;NNSNN;undefined;OTHER;OTHER
invoice-1455.tiff;1;1;2480;3508;178459;1860;2116;160;52;1860;2116;2020;2116;2020;2168;1860;2168;Amount;AAAAAA;undefined;OTHER;OTHER
invoice-1455.tiff;1;1;2480;3508;178460;2062;2116;135;48;2062;2116;2197;2116;2197;2164;2062;2164;1515,80;NNNNSNN;TWTX;TOTAL_WITHOUT_TAX;TWTXS
invoice-1455.tiff;1;1;2480;3508;178461;1773;2169;96;52;1773;2169;1869;2169;1869;2221;1773;2221;TVA;AAA;undefined;OTHER;OTHER
invoice-1455.tiff;1;1;2480;3508;178462;1881;2169;160;52;1881;2169;2041;2169;2041;2221;1881;2221;Amount;AAAAAA;undefined;OTHER;OTHER
invoice-1455.tiff;1;1;2480;3508;178463;2083;2169;114;48;2083;2169;2197;2169;2197;2217;2083;2217;303,16;NNNSNN;TTX;TOTAL_TAX;Total Tax
invoice-1455.tiff;1;1;2480;3508;178464;1744;2222;104;52;1744;2222;1848;2222;1848;2274;1744;2274;Total;AAAAA;undefined;OTHER;OTHER
invoice-1455.tiff;1;1;2480;3508;178465;1860;2222;160;52;1860;2222;2020;2222;2020;2274;1860;2274;Amount;AAAAAA;undefined;OTHER;OTHER
invoice-1455.tiff;1;1;2480;3508;178466;2062;2222;135;48;2062;2222;2197;2222;2197;2270;2062;2270;1818,96;NNNNSNN;TA;TOTAL_AMOUNT;Total with TAX
invoice-1455.tiff;1;1;2480;3508;178467;124;3154;60;48;124;3154;184;3154;184;3202;124;3202;UN;AA;SN;SUPPLIER_NAME;Seller/Company) name
invoice-1455.tiff;1;1;2480;3508;178468;195;3154;113;48;195;3154;308;3154;308;3202;195;3202;JOUR;AAAA;SN;SUPPLIER_NAME;Seller/Company) name
invoice-1455.tiff;1;1;2480;3508;178469;319;3154;212;48;319;3154;531;3154;531;3202;319;3202;AILLEURS;AAAAAAAA;SN;SUPPLIER_NAME;Seller/Company) name
invoice-1455.tiff;1;1;2480;3508;178470;124;3202;41;45;124;3202;165;3202;165;3247;124;3247;50;NN;SA;SUPPLIER_ADDRESS;Seller Address
invoice-1455.tiff;1;1;2480;3508;178471;177;3202;81;45;177;3202;258;3202;258;3247;177;3247;RUE;AAA;SA;SUPPLIER_ADDRESS;Seller Address
invoice-1455.tiff;1;1;2480;3508;178472;268;3202;222;45;268;3202;490;3202;490;3247;268;3247;SOLFERINO;AAAAAAAAA;SA;SUPPLIER_ADDRESS;Seller Address
invoice-1455.tiff;1;1;2480;3508;178473;499;3202;10;45;499;3202;509;3202;509;3247;499;3247;,;S;SA;SUPPLIER_ADDRESS;Seller Address
invoice-1455.tiff;1;1;2480;3508;178474;519;3202;104;45;519;3202;623;3202;623;3247;519;3247;60200;NNNNN;SA;SUPPLIER_ADDRESS;Seller Address
invoice-1455.tiff;1;1;2480;3508;178475;632;3202;240;45;632;3202;872;3202;872;3247;632;3247;COMPIEGNE;AAAAAAAAA;SA;SUPPLIER_ADDRESS;Seller Address
invoice-1455.tiff;1;1;2480;3508;178476;881;3202;10;45;881;3202;891;3202;891;3247;881;3247;,;S;SA;SUPPLIER_ADDRESS;Seller Address
invoice-1455.tiff;1;1;2480;3508;178477;902;3202;157;45;902;3202;1059;3202;1059;3247;902;3247;FRANCE;AAAAAA;SA;SUPPLIER_ADDRESS;Seller Address
