src;num_pages;page_id;page_width;page_height;id;col;row;width;height;x1;y1;x2;y2;x3;y3;x4;y4;contents;contents_masked;correctclass;tag;description
invoice-1912.tiff;1;1;2480;3508;234791;1187;62;404;175;1187;62;1591;62;1591;237;1187;237;common/logo;AAAAAASAAAA;img;IMAGE;Image
invoice-1912.tiff;1;1;2480;3508;234792;1187;412;60;48;1187;412;1247;412;1247;460;1187;460;UN;AA;SN;SUPPLIER_NAME;Seller/Company) name
invoice-1912.tiff;1;1;2480;3508;234793;1258;412;113;48;1258;412;1371;412;1371;460;1258;460;JOUR;AAAA;SN;SUPPLIER_NAME;Seller/Company) name
invoice-1912.tiff;1;1;2480;3508;234794;1381;412;212;48;1381;412;1593;412;1593;460;1381;460;AILLEURS;AAAAAAAA;SN;SUPPLIER_NAME;Seller/Company) name
invoice-1912.tiff;1;1;2480;3508;234795;1187;460;41;45;1187;460;1228;460;1228;505;1187;505;24;NN;SA;SUPPLIER_ADDRESS;Seller Address
invoice-1912.tiff;1;1;2480;3508;234796;1239;460;159;45;1239;460;1398;460;1398;505;1239;505;AVENUE;AAAAAA;SA;SUPPLIER_ADDRESS;Seller Address
invoice-1912.tiff;1;1;2480;3508;234797;1409;460;97;45;1409;460;1506;460;1506;505;1409;505;JEAN;AAAA;SA;SUPPLIER_ADDRESS;Seller Address
invoice-1912.tiff;1;1;2480;3508;234798;1517;460;185;45;1517;460;1702;460;1702;505;1517;505;MEDECIN;AAAAAAA;SA;SUPPLIER_ADDRESS;Seller Address
invoice-1912.tiff;1;1;2480;3508;234799;1710;460;13;45;1710;460;1723;460;1723;505;1710;505;-;S;SA;SUPPLIER_ADDRESS;Seller Address
invoice-1912.tiff;1;1;2480;3508;234800;1735;460;104;45;1735;460;1839;460;1839;505;1735;505;06000;NNNNN;SA;SUPPLIER_ADDRESS;Seller Address
invoice-1912.tiff;1;1;2480;3508;234801;1858;460;94;45;1858;460;1952;460;1952;505;1858;505;NICE;AAAA;SA;SUPPLIER_ADDRESS;Seller Address
invoice-1912.tiff;1;1;2480;3508;234802;1961;460;13;45;1961;460;1974;460;1974;505;1961;505;-;S;SA;SUPPLIER_ADDRESS;Seller Address
invoice-1912.tiff;1;1;2480;3508;234803;1985;460;157;45;1985;460;2142;460;2142;505;1985;505;FRANCE;AAAAAA;SA;SUPPLIER_ADDRESS;Seller Address
invoice-1912.tiff;1;1;2480;3508;234804;1187;506;106;45;1187;506;1293;506;1293;551;1187;551;Phone;AAAAA;undefined;OTHER;OTHER
invoice-1912.tiff;1;1;2480;3508;234805;1318;506;249;45;1318;506;1567;506;1567;551;1318;551;06.65.61.84.17;NNSNNSNNSNNSNN;SCN;SUPPLIER_CONTACT_NUMBER;Seller Contact Number
invoice-1912.tiff;1;1;2480;3508;234806;1610;506;64;45;1610;506;1674;506;1674;551;1610;551;Fax;AAA;undefined;OTHER;OTHER
invoice-1912.tiff;1;1;2480;3508;234807;1700;506;249;45;1700;506;1949;506;1949;551;1700;551;06.65.61.75.78;NNSNNSNNSNNSNN;SFAX;SUPPLIER_FAX_NUMBER;Seller Fax Number
invoice-1912.tiff;1;1;2480;3508;234821;1541;878;183;57;1541;878;1724;878;1724;935;1541;935;Invoiced;AAAAAAAA;undefined;OTHER;OTHER
invoice-1912.tiff;1;1;2480;3508;234822;1737;878;58;57;1737;878;1795;878;1795;935;1737;935;To;AA;undefined;OTHER;OTHER
invoice-1912.tiff;1;1;2480;3508;234823;1541;936;166;48;1541;936;1707;936;1707;984;1541;984;Cameron;AAAAAAA;BN;BILLING_NAME;Billing Name
invoice-1912.tiff;1;1;2480;3508;234824;1718;936;240;48;1718;936;1958;936;1958;984;1718;984;Runolfsdottir;AAAAAAAAAAAAA;BN;BILLING_NAME;Billing Name
invoice-1912.tiff;1;1;2480;3508;234825;1541;984;52;45;1541;984;1593;984;1593;1029;1541;1029;25,;NNS;BA;BILLING_ADDRESS;Billing Address
invoice-1912.tiff;1;1;2480;3508;234826;1604;984;117;45;1604;984;1721;984;1721;1029;1604;1029;avenue;AAAAAA;BA;BILLING_ADDRESS;Billing Address
invoice-1912.tiff;1;1;2480;3508;234827;1732;984;111;45;1732;984;1843;984;1843;1029;1732;1029;gaston;AAAAAA;BA;BILLING_ADDRESS;Billing Address
invoice-1912.tiff;1;1;2480;3508;234828;1854;984;94;45;1854;984;1948;984;1948;1029;1854;1029;boyer;AAAAA;BA;BILLING_ADDRESS;Billing Address
invoice-1912.tiff;1;1;2480;3508;234808;124;995;142;52;124;995;266;995;266;1047;124;1047;Invoice;AAAAAAA;undefined;OTHER;OTHER
invoice-1912.tiff;1;1;2480;3508;234809;279;995;67;52;279;995;346;995;346;1047;279;1047;No.;AAS;undefined;OTHER;OTHER
invoice-1912.tiff;1;1;2480;3508;234810;750;995;145;46;750;995;895;995;895;1041;750;1041;1748682;NNNNNNN;IN;INVOICE_NUMBER;Invoice Number
invoice-1912.tiff;1;1;2480;3508;234829;1541;1030;104;45;1541;1030;1645;1030;1645;1075;1541;1075;04000;NNNNN;BA;BILLING_ADDRESS;Billing Address
invoice-1912.tiff;1;1;2480;3508;234830;1687;1030;270;45;1687;1030;1957;1030;1957;1075;1687;1075;Digne-les-Bains;AAAAASAAASAAAAA;BA;BILLING_ADDRESS;Billing Address
invoice-1912.tiff;1;1;2480;3508;234811;124;1069;91;52;124;1069;215;1069;215;1121;124;1121;Date;AAAA;undefined;OTHER;OTHER
invoice-1912.tiff;1;1;2480;3508;234812;750;1069;41;46;750;1069;791;1069;791;1115;750;1115;25;NN;IDATE;INVOICE_DATE;Invoice Date
invoice-1912.tiff;1;1;2480;3508;234813;802;1069;82;46;802;1069;884;1069;884;1115;802;1115;may,;AAAS;IDATE;INVOICE_DATE;Invoice Date
invoice-1912.tiff;1;1;2480;3508;234814;894;1069;83;46;894;1069;977;1069;977;1115;894;1115;1991;NNNN;IDATE;INVOICE_DATE;Invoice Date
invoice-1912.tiff;1;1;2480;3508;234831;1541;1076;120;45;1541;1076;1661;1076;1661;1121;1541;1121;France;AAAAAA;BA;BILLING_ADDRESS;Billing Address
invoice-1912.tiff;1;1;2480;3508;234815;124;1142;119;52;124;1142;243;1142;243;1194;124;1194;Client;AAAAAA;undefined;OTHER;OTHER
invoice-1912.tiff;1;1;2480;3508;234816;256;1142;67;52;256;1142;323;1142;323;1194;256;1194;No.;AAS;undefined;OTHER;OTHER
invoice-1912.tiff;1;1;2480;3508;234817;750;1142;104;46;750;1142;854;1142;854;1188;750;1188;74996;NNNNN;CNUM;CLIENT_NUMBER;Client Number
invoice-1912.tiff;1;1;2480;3508;234832;1541;1163;155;57;1541;1163;1696;1163;1696;1220;1541;1220;Deliver;AAAAAAA;undefined;OTHER;OTHER
invoice-1912.tiff;1;1;2480;3508;234833;1709;1163;58;57;1709;1163;1767;1163;1767;1220;1709;1220;To;AA;undefined;OTHER;OTHER
invoice-1912.tiff;1;1;2480;3508;234818;124;1216;122;52;124;1216;246;1216;246;1268;124;1268;Order;AAAAA;undefined;OTHER;OTHER
invoice-1912.tiff;1;1;2480;3508;234819;258;1216;67;52;258;1216;325;1216;325;1268;258;1268;No.;AAS;undefined;OTHER;OTHER
invoice-1912.tiff;1;1;2480;3508;234820;750;1216;83;46;750;1216;833;1216;833;1262;750;1262;2125;NNNN;ONUM;ORDER_NUMBER;Order Number
invoice-1912.tiff;1;1;2480;3508;234834;1541;1221;166;48;1541;1221;1707;1221;1707;1269;1541;1269;Cameron;AAAAAAA;SHN;SHIPPING_NAME;Shipping Name
invoice-1912.tiff;1;1;2480;3508;234835;1718;1221;240;48;1718;1221;1958;1221;1958;1269;1718;1269;Runolfsdottir;AAAAAAAAAAAAA;SHN;SHIPPING_NAME;Shipping Name
invoice-1912.tiff;1;1;2480;3508;234836;1541;1269;52;45;1541;1269;1593;1269;1593;1314;1541;1314;14,;NNS;SHA;SHIPPING_ADDRESS;Shipping Address
invoice-1912.tiff;1;1;2480;3508;234837;1604;1269;87;45;1604;1269;1691;1269;1691;1314;1604;1314;route;AAAAA;SHA;SHIPPING_ADDRESS;Shipping Address
invoice-1912.tiff;1;1;2480;3508;234838;1702;1269;221;45;1702;1269;1923;1269;1923;1314;1702;1314;d'hondeghem;ASAAAAAAAAA;SHA;SHIPPING_ADDRESS;Shipping Address
invoice-1912.tiff;1;1;2480;3508;234839;1541;1315;104;45;1541;1315;1645;1315;1645;1360;1541;1360;59114;NNNNN;SHA;SHIPPING_ADDRESS;Shipping Address
invoice-1912.tiff;1;1;2480;3508;234840;1687;1315;384;45;1687;1315;2071;1315;2071;1360;1687;1360;Saint-Sylvestre-Cappel;AAAAASAAAAAAAAASAAAAAA;SHA;SHIPPING_ADDRESS;Shipping Address
invoice-1912.tiff;1;1;2480;3508;234841;1541;1360;120;45;1541;1360;1661;1360;1661;1405;1541;1405;France;AAAAAA;SHA;SHIPPING_ADDRESS;Shipping Address
invoice-1912.tiff;1;1;2480;3508;234842;162;1684;175;52;162;1684;337;1684;337;1736;162;1736;Quantity;AAAAAAAA;undefined;OTHER;OTHER
invoice-1912.tiff;1;1;2480;3508;234843;614;1684;157;52;614;1684;771;1684;771;1736;614;1736;Product;AAAAAAA;undefined;OTHER;OTHER
invoice-1912.tiff;1;1;2480;3508;234844;783;1684;226;52;783;1684;1009;1684;1009;1736;783;1736;Description;AAAAAAAAAAA;undefined;OTHER;OTHER
invoice-1912.tiff;1;1;2480;3508;234845;1316;1684;86;52;1316;1684;1402;1684;1402;1736;1316;1736;Unit;AAAA;undefined;OTHER;OTHER
invoice-1912.tiff;1;1;2480;3508;234846;1414;1684;101;52;1414;1684;1515;1684;1515;1736;1414;1736;Price;AAAAA;undefined;OTHER;OTHER
invoice-1912.tiff;1;1;2480;3508;234847;1650;1684;96;52;1650;1684;1746;1684;1746;1736;1650;1736;TVA;AAA;undefined;OTHER;OTHER
invoice-1912.tiff;1;1;2480;3508;234848;1758;1684;91;52;1758;1684;1849;1684;1849;1736;1758;1736;Rate;AAAA;undefined;OTHER;OTHER
invoice-1912.tiff;1;1;2480;3508;234849;2031;1684;104;52;2031;1684;2135;1684;2135;1736;2031;1736;Total;AAAAA;undefined;OTHER;OTHER
invoice-1912.tiff;1;1;2480;3508;234850;239;1758;20;48;239;1758;259;1758;259;1806;239;1806;1;N;undefined;OTHER;OTHER
invoice-1912.tiff;1;1;2480;3508;234851;375;1758;217;48;375;1758;592;1758;592;1806;375;1806;Hoverboard;AAAAAAAAAA;undefined;OTHER;OTHER
invoice-1912.tiff;1;1;2480;3508;234852;603;1758;141;48;603;1758;744;1758;744;1806;603;1806;Balance;AAAAAAA;undefined;OTHER;OTHER
invoice-1912.tiff;1;1;2480;3508;234853;754;1758;111;48;754;1758;865;1758;865;1806;754;1806;Board;AAAAA;undefined;OTHER;OTHER
invoice-1912.tiff;1;1;2480;3508;234859;1343;1758;114;48;1343;1758;1457;1758;1457;1806;1343;1806;190,83;NNNSNN;undefined;OTHER;OTHER
invoice-1912.tiff;1;1;2480;3508;234860;1468;1758;20;48;1468;1758;1488;1758;1488;1806;1468;1806;$;S;undefined;OTHER;OTHER
invoice-1912.tiff;1;1;2480;3508;234861;1692;1758;114;48;1692;1758;1806;1758;1806;1806;1692;1806;20.0%;NNSNS;undefined;OTHER;OTHER
invoice-1912.tiff;1;1;2480;3508;234862;2010;1758;114;48;2010;1758;2124;1758;2124;1806;2010;1806;190,83;NNNSNN;undefined;OTHER;OTHER
invoice-1912.tiff;1;1;2480;3508;234863;2135;1758;20;48;2135;1758;2155;1758;2155;1806;2135;1806;$;S;undefined;OTHER;OTHER
invoice-1912.tiff;1;1;2480;3508;234854;375;1806;391;48;375;1806;766;1806;766;1854;375;1854;HoverboardBluetooth;AAAAAAAAAAAAAAAAAAA;undefined;OTHER;OTHER
invoice-1912.tiff;1;1;2480;3508;234855;776;1806;72;48;776;1806;848;1806;848;1854;776;1854;10,5;NNSN;undefined;OTHER;OTHER
invoice-1912.tiff;1;1;2480;3508;234856;859;1806;122;48;859;1806;981;1806;981;1854;859;1854;Pouces;AAAAAA;undefined;OTHER;OTHER
invoice-1912.tiff;1;1;2480;3508;234857;993;1806;76;48;993;1806;1069;1806;1069;1854;993;1854;BIG;AAA;undefined;OTHER;OTHER
invoice-1912.tiff;1;1;2480;3508;234858;1079;1806;50;48;1079;1806;1129;1806;1129;1854;1079;1854;Ro;AA;undefined;OTHER;OTHER
invoice-1912.tiff;1;1;2480;3508;234864;1916;1937;104;52;1916;1937;2020;1937;2020;1989;1916;1989;Total;AAAAA;undefined;OTHER;OTHER
invoice-1912.tiff;1;1;2480;3508;234865;2062;1937;114;48;2062;1937;2176;1937;2176;1985;2062;1985;190,83;NNNSNN;TWTX;TOTAL_WITHOUT_TAX;TWTXS
invoice-1912.tiff;1;1;2480;3508;234866;2187;1937;20;48;2187;1937;2207;1937;2207;1985;2187;1985;$;S;TWTX;TOTAL_WITHOUT_TAX;TWTXS
invoice-1912.tiff;1;1;2480;3508;234867;1852;1990;96;52;1852;1990;1948;1990;1948;2042;1852;2042;TVA;AAA;undefined;OTHER;OTHER
invoice-1912.tiff;1;1;2480;3508;234868;1960;1990;91;52;1960;1990;2051;1990;2051;2042;1960;2042;Rate;AAAA;undefined;OTHER;OTHER
invoice-1912.tiff;1;1;2480;3508;234869;2093;1990;114;48;2093;1990;2207;1990;2207;2038;2093;2038;20.0%;NNSNS;TXR;TAX_RATE;Tax Rate
invoice-1912.tiff;1;1;2480;3508;234870;1793;2043;76;52;1793;2043;1869;2043;1869;2095;1793;2095;Tax;AAA;undefined;OTHER;OTHER
invoice-1912.tiff;1;1;2480;3508;234871;1881;2043;160;52;1881;2043;2041;2043;2041;2095;1881;2095;Amount;AAAAAA;undefined;OTHER;OTHER
invoice-1912.tiff;1;1;2480;3508;234872;2083;2043;93;48;2083;2043;2176;2043;2176;2091;2083;2091;38,17;NNSNN;TTX;TOTAL_TAX;Total Tax
invoice-1912.tiff;1;1;2480;3508;234873;2187;2043;20;48;2187;2043;2207;2043;2207;2091;2187;2091;$;S;TTX;TOTAL_TAX;Total Tax
invoice-1912.tiff;1;1;2480;3508;234874;1728;2096;160;52;1728;2096;1888;2096;1888;2148;1728;2148;Amount;AAAAAA;undefined;OTHER;OTHER
invoice-1912.tiff;1;1;2480;3508;234875;1899;2096;38;52;1899;2096;1937;2096;1937;2148;1899;2148;to;AA;undefined;OTHER;OTHER
invoice-1912.tiff;1;1;2480;3508;234876;1949;2096;71;52;1949;2096;2020;2096;2020;2148;1949;2148;pay;AAA;undefined;OTHER;OTHER
invoice-1912.tiff;1;1;2480;3508;234877;2062;2096;114;48;2062;2096;2176;2096;2176;2144;2062;2144;229,00;NNNSNN;TA;TOTAL_AMOUNT;Total with TAX
invoice-1912.tiff;1;1;2480;3508;234878;2187;2096;20;48;2187;2096;2207;2096;2207;2144;2187;2144;$;S;TA;TOTAL_AMOUNT;Total with TAX
invoice-1912.tiff;1;1;2480;3508;234879;124;2477;173;52;124;2477;297;2477;297;2529;124;2529;Payment;AAAAAAA;undefined;OTHER;OTHER
invoice-1912.tiff;1;1;2480;3508;234880;309;2477;124;52;309;2477;433;2477;433;2529;309;2529;means;AAAAA;undefined;OTHER;OTHER
invoice-1912.tiff;1;1;2480;3508;234881;750;2477;87;46;750;2477;837;2477;837;2523;750;2523;Bank;AAAA;PMODE;PAYMENT_MODE;Payment Mode
invoice-1912.tiff;1;1;2480;3508;234882;848;2477;141;46;848;2477;989;2477;989;2523;848;2523;Transfer;AAAAAAAA;PMODE;PAYMENT_MODE;Payment Mode
invoice-1912.tiff;1;1;2480;3508;234883;983;3154;60;48;983;3154;1043;3154;1043;3202;983;3202;UN;AA;SN;SUPPLIER_NAME;Seller/Company) name
invoice-1912.tiff;1;1;2480;3508;234884;1054;3154;113;48;1054;3154;1167;3154;1167;3202;1054;3202;JOUR;AAAA;SN;SUPPLIER_NAME;Seller/Company) name
invoice-1912.tiff;1;1;2480;3508;234885;1178;3154;212;48;1178;3154;1390;3154;1390;3202;1178;3202;AILLEURS;AAAAAAAA;SN;SUPPLIER_NAME;Seller/Company) name
invoice-1912.tiff;1;1;2480;3508;234886;700;3202;41;45;700;3202;741;3202;741;3247;700;3247;24;NN;SA;SUPPLIER_ADDRESS;Seller Address
invoice-1912.tiff;1;1;2480;3508;234887;752;3202;159;45;752;3202;911;3202;911;3247;752;3247;AVENUE;AAAAAA;SA;SUPPLIER_ADDRESS;Seller Address
invoice-1912.tiff;1;1;2480;3508;234888;922;3202;97;45;922;3202;1019;3202;1019;3247;922;3247;JEAN;AAAA;SA;SUPPLIER_ADDRESS;Seller Address
invoice-1912.tiff;1;1;2480;3508;234889;1030;3202;185;45;1030;3202;1215;3202;1215;3247;1030;3247;MEDECIN;AAAAAAA;SA;SUPPLIER_ADDRESS;Seller Address
invoice-1912.tiff;1;1;2480;3508;234890;1223;3202;13;45;1223;3202;1236;3202;1236;3247;1223;3247;-;S;SA;SUPPLIER_ADDRESS;Seller Address
invoice-1912.tiff;1;1;2480;3508;234891;1247;3202;104;45;1247;3202;1351;3202;1351;3247;1247;3247;06000;NNNNN;SA;SUPPLIER_ADDRESS;Seller Address
invoice-1912.tiff;1;1;2480;3508;234892;1370;3202;94;45;1370;3202;1464;3202;1464;3247;1370;3247;NICE;AAAA;SA;SUPPLIER_ADDRESS;Seller Address
invoice-1912.tiff;1;1;2480;3508;234893;1474;3202;13;45;1474;3202;1487;3202;1487;3247;1474;3247;-;S;SA;SUPPLIER_ADDRESS;Seller Address
invoice-1912.tiff;1;1;2480;3508;234894;1498;3202;157;45;1498;3202;1655;3202;1655;3247;1498;3247;FRANCE;AAAAAA;SA;SUPPLIER_ADDRESS;Seller Address
