src;num_pages;page_id;page_width;page_height;id;col;row;width;height;x1;y1;x2;y2;x3;y3;x4;y4;contents;contents_masked;correctclass;tag;description
invoice-1659.tiff;1;1;2480;3508;203364;833;62;176;175;833;62;1009;62;1009;237;833;237;common/logo;AAAAAASAAAA;img;IMAGE;Image
invoice-1659.tiff;1;1;2480;3508;203354;124;237;203;48;124;237;327;237;327;285;124;285;CONCEPT;AAAAAAA;SN;SUPPLIER_NAME;Seller/Company) name
invoice-1659.tiff;1;1;2480;3508;203355;339;237;217;48;339;237;556;237;556;285;339;285;MAGETEK;AAAAAAA;SN;SUPPLIER_NAME;Seller/Company) name
invoice-1659.tiff;1;1;2480;3508;203356;567;237;208;48;567;237;775;237;775;285;567;285;CONFORT;AAAAAAA;SN;SUPPLIER_NAME;Seller/Company) name
invoice-1659.tiff;1;1;2480;3508;203365;1541;237;106;45;1541;237;1647;237;1647;282;1541;282;Phone;AAAAA;undefined;OTHER;OTHER
invoice-1659.tiff;1;1;2480;3508;203366;1710;237;263;45;1710;237;1973;237;1973;282;1710;282;00-01-23-02-87;NNSNNSNNSNNSNN;SCN;SUPPLIER_CONTACT_NUMBER;Seller Contact Number
invoice-1659.tiff;1;1;2480;3508;203367;1541;283;64;45;1541;283;1605;283;1605;328;1541;328;Fax;AAA;undefined;OTHER;OTHER
invoice-1659.tiff;1;1;2480;3508;203368;1668;283;263;45;1668;283;1931;283;1931;328;1668;328;00-01-23-63-61;NNSNNSNNSNNSNN;SFAX;SUPPLIER_FAX_NUMBER;Seller Fax Number
invoice-1659.tiff;1;1;2480;3508;203357;124;285;62;45;124;285;186;285;186;330;124;330;455;NNN;SA;SUPPLIER_ADDRESS;Seller Address
invoice-1659.tiff;1;1;2480;3508;203358;197;285;249;45;197;285;446;285;446;330;197;330;PROMENADE;AAAAAAAAA;SA;SUPPLIER_ADDRESS;Seller Address
invoice-1659.tiff;1;1;2480;3508;203359;458;285;76;45;458;285;534;285;534;330;458;330;DES;AAA;SA;SUPPLIER_ADDRESS;Seller Address
invoice-1659.tiff;1;1;2480;3508;203360;545;285;166;45;545;285;711;285;711;330;545;330;ANGLAIS;AAAAAAA;SA;SUPPLIER_ADDRESS;Seller Address
invoice-1659.tiff;1;1;2480;3508;203361;124;331;104;45;124;331;228;331;228;376;124;376;06200;NNNNN;SA;SUPPLIER_ADDRESS;Seller Address
invoice-1659.tiff;1;1;2480;3508;203362;270;331;94;45;270;331;364;331;364;376;270;376;NICE;AAAA;SA;SUPPLIER_ADDRESS;Seller Address
invoice-1659.tiff;1;1;2480;3508;203363;124;377;157;45;124;377;281;377;281;422;124;422;FRANCE;AAAAAA;SA;SUPPLIER_ADDRESS;Seller Address
invoice-1659.tiff;1;1;2480;3508;203381;1541;749;155;57;1541;749;1696;749;1696;806;1541;806;Invoice;AAAAAAA;undefined;OTHER;OTHER
invoice-1659.tiff;1;1;2480;3508;203382;1709;749;58;57;1709;749;1767;749;1767;806;1709;806;To;AA;undefined;OTHER;OTHER
invoice-1659.tiff;1;1;2480;3508;203383;1541;807;104;48;1541;807;1645;807;1645;855;1541;855;Virgil;AAAAAA;BN;BILLING_NAME;Billing Name
invoice-1659.tiff;1;1;2480;3508;203384;1656;807;113;48;1656;807;1769;807;1769;855;1656;855;Crona;AAAAA;BN;BILLING_NAME;Billing Name
invoice-1659.tiff;1;1;2480;3508;203385;1541;855;52;45;1541;855;1593;855;1593;900;1541;900;30,;NNS;BA;BILLING_ADDRESS;Billing Address
invoice-1659.tiff;1;1;2480;3508;203386;1604;855;55;45;1604;855;1659;855;1659;900;1604;900;rue;AAA;BA;BILLING_ADDRESS;Billing Address
invoice-1659.tiff;1;1;2480;3508;203387;1670;855;39;45;1670;855;1709;855;1709;900;1670;900;de;AA;BA;BILLING_ADDRESS;Billing Address
invoice-1659.tiff;1;1;2480;3508;203388;1719;855;32;45;1719;855;1751;855;1751;900;1719;900;la;AA;BA;BILLING_ADDRESS;Billing Address
invoice-1659.tiff;1;1;2480;3508;203389;1762;855;150;45;1762;855;1912;855;1912;900;1762;900;douiterie;AAAAAAAAA;BA;BILLING_ADDRESS;Billing Address
invoice-1659.tiff;1;1;2480;3508;203390;1541;901;104;45;1541;901;1645;901;1645;946;1541;946;14210;NNNNN;BA;BILLING_ADDRESS;Billing Address
invoice-1659.tiff;1;1;2480;3508;203391;1687;901;106;45;1687;901;1793;901;1793;946;1687;946;Bougy;AAAAA;BA;BILLING_ADDRESS;Billing Address
invoice-1659.tiff;1;1;2480;3508;203369;124;903;142;52;124;903;266;903;266;955;124;955;Invoice;AAAAAAA;undefined;OTHER;OTHER
invoice-1659.tiff;1;1;2480;3508;203370;279;903;162;52;279;903;441;903;441;955;279;955;Number;AAAAAA;undefined;OTHER;OTHER
invoice-1659.tiff;1;1;2480;3508;203371;750;903;261;46;750;903;1011;903;1011;949;750;949;FV2015008607;AANNNNNNNNNN;IN;INVOICE_NUMBER;Invoice Number
invoice-1659.tiff;1;1;2480;3508;203392;1541;946;120;45;1541;946;1661;946;1661;991;1541;991;France;AAAAAA;BA;BILLING_ADDRESS;Billing Address
invoice-1659.tiff;1;1;2480;3508;203372;124;976;142;52;124;976;266;976;266;1028;124;1028;Invoice;AAAAAAA;undefined;OTHER;OTHER
invoice-1659.tiff;1;1;2480;3508;203373;279;976;91;52;279;976;370;976;370;1028;279;1028;Date;AAAA;undefined;OTHER;OTHER
invoice-1659.tiff;1;1;2480;3508;203374;750;976;20;46;750;976;770;976;770;1022;750;1022;2;N;IDATE;INVOICE_DATE;Invoice Date
invoice-1659.tiff;1;1;2480;3508;203375;781;976;63;46;781;976;844;976;844;1022;781;1022;feb,;AAAS;IDATE;INVOICE_DATE;Invoice Date
invoice-1659.tiff;1;1;2480;3508;203376;855;976;83;46;855;976;938;976;938;1022;855;1022;2020;NNNN;IDATE;INVOICE_DATE;Invoice Date
invoice-1659.tiff;1;1;2480;3508;203393;1541;1034;180;57;1541;1034;1721;1034;1721;1091;1541;1091;Delivery;AAAAAAAA;undefined;OTHER;OTHER
invoice-1659.tiff;1;1;2480;3508;203394;1734;1034;58;57;1734;1034;1792;1034;1792;1091;1734;1091;To;AA;undefined;OTHER;OTHER
invoice-1659.tiff;1;1;2480;3508;203377;124;1050;173;52;124;1050;297;1050;297;1102;124;1102;Payment;AAAAAAA;undefined;OTHER;OTHER
invoice-1659.tiff;1;1;2480;3508;203378;309;1050;84;52;309;1050;393;1050;393;1102;309;1102;type;AAAA;undefined;OTHER;OTHER
invoice-1659.tiff;1;1;2480;3508;203379;750;1050;104;46;750;1050;854;1050;854;1096;750;1096;Credit;AAAAAA;PMODE;PAYMENT_MODE;Payment Mode
invoice-1659.tiff;1;1;2480;3508;203380;864;1050;71;46;864;1050;935;1050;935;1096;864;1096;card;AAAA;PMODE;PAYMENT_MODE;Payment Mode
invoice-1659.tiff;1;1;2480;3508;203395;1541;1092;104;48;1541;1092;1645;1092;1645;1140;1541;1140;Virgil;AAAAAA;SHN;SHIPPING_NAME;Shipping Name
invoice-1659.tiff;1;1;2480;3508;203396;1656;1092;113;48;1656;1092;1769;1092;1769;1140;1656;1140;Crona;AAAAA;SHN;SHIPPING_NAME;Shipping Name
invoice-1659.tiff;1;1;2480;3508;203397;1541;1140;52;45;1541;1140;1593;1140;1593;1185;1541;1185;30,;NNS;SHA;SHIPPING_ADDRESS;Shipping Address
invoice-1659.tiff;1;1;2480;3508;203398;1604;1140;55;45;1604;1140;1659;1140;1659;1185;1604;1185;rue;AAA;SHA;SHIPPING_ADDRESS;Shipping Address
invoice-1659.tiff;1;1;2480;3508;203399;1670;1140;39;45;1670;1140;1709;1140;1709;1185;1670;1185;de;AA;SHA;SHIPPING_ADDRESS;Shipping Address
invoice-1659.tiff;1;1;2480;3508;203400;1719;1140;32;45;1719;1140;1751;1140;1751;1185;1719;1185;la;AA;SHA;SHIPPING_ADDRESS;Shipping Address
invoice-1659.tiff;1;1;2480;3508;203401;1762;1140;150;45;1762;1140;1912;1140;1912;1185;1762;1185;douiterie;AAAAAAAAA;SHA;SHIPPING_ADDRESS;Shipping Address
invoice-1659.tiff;1;1;2480;3508;203402;1541;1185;104;45;1541;1185;1645;1185;1645;1230;1541;1230;14210;NNNNN;SHA;SHIPPING_ADDRESS;Shipping Address
invoice-1659.tiff;1;1;2480;3508;203403;1687;1185;106;45;1687;1185;1793;1185;1793;1230;1687;1230;Bougy;AAAAA;SHA;SHIPPING_ADDRESS;Shipping Address
invoice-1659.tiff;1;1;2480;3508;203404;1541;1231;120;45;1541;1231;1661;1231;1661;1276;1541;1276;France;AAAAAA;SHA;SHIPPING_ADDRESS;Shipping Address
invoice-1659.tiff;1;1;2480;3508;203405;156;1555;104;52;156;1555;260;1555;260;1607;156;1607;S.No.;ASAAS;undefined;OTHER;OTHER
invoice-1659.tiff;1;1;2480;3508;203406;489;1555;157;52;489;1555;646;1555;646;1607;489;1607;Product;AAAAAAA;undefined;OTHER;OTHER
invoice-1659.tiff;1;1;2480;3508;203407;658;1555;226;52;658;1555;884;1555;884;1607;658;1607;Description;AAAAAAAAAAA;undefined;OTHER;OTHER
invoice-1659.tiff;1;1;2480;3508;203408;1141;1555;175;52;1141;1555;1316;1555;1316;1607;1141;1607;Quantity;AAAAAAAA;undefined;OTHER;OTHER
invoice-1659.tiff;1;1;2480;3508;203409;1420;1555;86;52;1420;1555;1506;1555;1506;1607;1420;1607;Unit;AAAA;undefined;OTHER;OTHER
invoice-1659.tiff;1;1;2480;3508;203410;1518;1555;101;52;1518;1555;1619;1555;1619;1607;1518;1607;Price;AAAAA;undefined;OTHER;OTHER
invoice-1659.tiff;1;1;2480;3508;203411;1712;1555;96;52;1712;1555;1808;1555;1808;1607;1712;1607;TVA;AAA;undefined;OTHER;OTHER
invoice-1659.tiff;1;1;2480;3508;203412;1820;1555;91;52;1820;1555;1911;1555;1911;1607;1820;1607;Rate;AAAA;undefined;OTHER;OTHER
invoice-1659.tiff;1;1;2480;3508;203413;2051;1555;104;52;2051;1555;2155;1555;2155;1607;2051;1607;Total;AAAAA;undefined;OTHER;OTHER
invoice-1659.tiff;1;1;2480;3508;203414;197;1628;20;48;197;1628;217;1628;217;1676;197;1676;1;N;undefined;OTHER;OTHER
invoice-1659.tiff;1;1;2480;3508;203415;291;1628;78;48;291;1628;369;1628;369;1676;291;1676;Pèse;AAAA;undefined;OTHER;OTHER
invoice-1659.tiff;1;1;2480;3508;203416;380;1628;162;48;380;1628;542;1628;542;1676;380;1676;personne;AAAAAAAA;undefined;OTHER;OTHER
invoice-1659.tiff;1;1;2480;3508;203417;553;1628;296;48;553;1628;849;1628;849;1676;553;1676;impédancemètre;AAAAAAAAAAAAAA;undefined;OTHER;OTHER
invoice-1659.tiff;1;1;2480;3508;203418;859;1628;97;48;859;1628;956;1628;956;1676;859;1676;Little;AAAAAA;undefined;OTHER;OTHER
invoice-1659.tiff;1;1;2480;3508;203423;1218;1628;20;48;1218;1628;1238;1628;1238;1676;1218;1676;3;N;undefined;OTHER;OTHER
invoice-1659.tiff;1;1;2480;3508;203424;1458;1628;93;48;1458;1628;1551;1628;1551;1676;1458;1676;33,33;NNSNN;undefined;OTHER;OTHER
invoice-1659.tiff;1;1;2480;3508;203425;1562;1628;20;48;1562;1628;1582;1628;1582;1676;1562;1676;$;S;undefined;OTHER;OTHER
invoice-1659.tiff;1;1;2480;3508;203426;1755;1628;114;48;1755;1628;1869;1628;1869;1676;1755;1676;20.0%;NNSNS;undefined;OTHER;OTHER
invoice-1659.tiff;1;1;2480;3508;203427;2031;1628;114;48;2031;1628;2145;1628;2145;1676;2031;1676;100,00;NNNSNN;undefined;OTHER;OTHER
invoice-1659.tiff;1;1;2480;3508;203428;2156;1628;20;48;2156;1628;2176;1628;2176;1676;2156;1676;$;S;undefined;OTHER;OTHER
invoice-1659.tiff;1;1;2480;3508;203419;291;1676;141;48;291;1676;432;1676;432;1724;291;1724;Balance;AAAAAAA;undefined;OTHER;OTHER
invoice-1659.tiff;1;1;2480;3508;203420;443;1676;16;48;443;1676;459;1676;459;1724;443;1724;I;A;undefined;OTHER;OTHER
invoice-1659.tiff;1;1;2480;3508;203421;469;1676;88;48;469;1676;557;1676;557;1724;469;1724;body;AAAA;undefined;OTHER;OTHER
invoice-1659.tiff;1;1;2480;3508;203422;568;1676;97;48;568;1676;665;1676;665;1724;568;1724;blanc;AAAAA;undefined;OTHER;OTHER
invoice-1659.tiff;1;1;2480;3508;203429;197;1766;20;48;197;1766;217;1766;217;1814;197;1814;2;N;undefined;OTHER;OTHER
invoice-1659.tiff;1;1;2480;3508;203430;291;1766;62;48;291;1766;353;1766;353;1814;291;1814;Jeu;AAA;undefined;OTHER;OTHER
invoice-1659.tiff;1;1;2480;3508;203431;364;1766;74;48;364;1766;438;1766;438;1814;364;1814;3DS;NAA;undefined;OTHER;OTHER
invoice-1659.tiff;1;1;2480;3508;203432;449;1766;141;48;449;1766;590;1766;590;1814;449;1814;Warner;AAAAAA;undefined;OTHER;OTHER
invoice-1659.tiff;1;1;2480;3508;203433;600;1766;87;48;600;1766;687;1766;687;1814;600;1814;Lego;AAAA;undefined;OTHER;OTHER
invoice-1659.tiff;1;1;2480;3508;203434;699;1766;46;48;699;1766;745;1766;745;1814;699;1814;Le;AA;undefined;OTHER;OTHER
invoice-1659.tiff;1;1;2480;3508;203435;755;1766;125;48;755;1766;880;1766;880;1814;755;1814;Hobbit;AAAAAA;undefined;OTHER;OTHER
invoice-1659.tiff;1;1;2480;3508;203436;1218;1766;20;48;1218;1766;1238;1766;1238;1814;1218;1814;1;N;undefined;OTHER;OTHER
invoice-1659.tiff;1;1;2480;3508;203437;1458;1766;93;48;1458;1766;1551;1766;1551;1814;1458;1814;16,66;NNSNN;undefined;OTHER;OTHER
invoice-1659.tiff;1;1;2480;3508;203438;1562;1766;20;48;1562;1766;1582;1766;1582;1814;1562;1814;$;S;undefined;OTHER;OTHER
invoice-1659.tiff;1;1;2480;3508;203439;1755;1766;114;48;1755;1766;1869;1766;1869;1814;1755;1814;20.0%;NNSNS;undefined;OTHER;OTHER
invoice-1659.tiff;1;1;2480;3508;203440;2041;1766;93;48;2041;1766;2134;1766;2134;1814;2041;1814;16,66;NNSNN;undefined;OTHER;OTHER
invoice-1659.tiff;1;1;2480;3508;203441;2145;1766;20;48;2145;1766;2165;1766;2165;1814;2145;1814;$;S;undefined;OTHER;OTHER
invoice-1659.tiff;1;1;2480;3508;203442;1916;1898;104;52;1916;1898;2020;1898;2020;1950;1916;1950;Total;AAAAA;undefined;OTHER;OTHER
invoice-1659.tiff;1;1;2480;3508;203443;2062;1898;114;48;2062;1898;2176;1898;2176;1946;2062;1946;116,66;NNNSNN;TWTX;TOTAL_WITHOUT_TAX;TWTXS
invoice-1659.tiff;1;1;2480;3508;203444;2187;1898;20;48;2187;1898;2207;1898;2207;1946;2187;1946;$;S;TWTX;TOTAL_WITHOUT_TAX;TWTXS
invoice-1659.tiff;1;1;2480;3508;203445;1793;1950;76;52;1793;1950;1869;1950;1869;2002;1793;2002;Tax;AAA;undefined;OTHER;OTHER
invoice-1659.tiff;1;1;2480;3508;203446;1881;1950;160;52;1881;1950;2041;1950;2041;2002;1881;2002;Amount;AAAAAA;undefined;OTHER;OTHER
invoice-1659.tiff;1;1;2480;3508;203447;2083;1950;93;48;2083;1950;2176;1950;2176;1998;2083;1998;23,33;NNSNN;TTX;TOTAL_TAX;Total Tax
invoice-1659.tiff;1;1;2480;3508;203448;2187;1950;20;48;2187;1950;2207;1950;2207;1998;2187;1998;$;S;TTX;TOTAL_TAX;Total Tax
invoice-1659.tiff;1;1;2480;3508;203449;1728;2003;160;52;1728;2003;1888;2003;1888;2055;1728;2055;Amount;AAAAAA;undefined;OTHER;OTHER
invoice-1659.tiff;1;1;2480;3508;203450;1899;2003;38;52;1899;2003;1937;2003;1937;2055;1899;2055;to;AA;undefined;OTHER;OTHER
invoice-1659.tiff;1;1;2480;3508;203451;1949;2003;71;52;1949;2003;2020;2003;2020;2055;1949;2055;pay;AAA;undefined;OTHER;OTHER
invoice-1659.tiff;1;1;2480;3508;203452;2062;2003;114;48;2062;2003;2176;2003;2176;2051;2062;2051;139,99;NNNSNN;TA;TOTAL_AMOUNT;Total with TAX
invoice-1659.tiff;1;1;2480;3508;203453;2187;2003;20;48;2187;2003;2207;2003;2207;2051;2187;2051;$;S;TA;TOTAL_AMOUNT;Total with TAX
invoice-1659.tiff;1;1;2480;3508;203454;124;3154;203;48;124;3154;327;3154;327;3202;124;3202;CONCEPT;AAAAAAA;SN;SUPPLIER_NAME;Seller/Company) name
invoice-1659.tiff;1;1;2480;3508;203455;339;3154;217;48;339;3154;556;3154;556;3202;339;3202;MAGETEK;AAAAAAA;SN;SUPPLIER_NAME;Seller/Company) name
invoice-1659.tiff;1;1;2480;3508;203456;567;3154;208;48;567;3154;775;3154;775;3202;567;3202;CONFORT;AAAAAAA;SN;SUPPLIER_NAME;Seller/Company) name
invoice-1659.tiff;1;1;2480;3508;203457;124;3202;62;45;124;3202;186;3202;186;3247;124;3247;455;NNN;SA;SUPPLIER_ADDRESS;Seller Address
invoice-1659.tiff;1;1;2480;3508;203458;197;3202;249;45;197;3202;446;3202;446;3247;197;3247;PROMENADE;AAAAAAAAA;SA;SUPPLIER_ADDRESS;Seller Address
invoice-1659.tiff;1;1;2480;3508;203459;458;3202;76;45;458;3202;534;3202;534;3247;458;3247;DES;AAA;SA;SUPPLIER_ADDRESS;Seller Address
invoice-1659.tiff;1;1;2480;3508;203460;545;3202;166;45;545;3202;711;3202;711;3247;545;3247;ANGLAIS;AAAAAAA;SA;SUPPLIER_ADDRESS;Seller Address
invoice-1659.tiff;1;1;2480;3508;203461;124;3248;104;45;124;3248;228;3248;228;3293;124;3293;06200;NNNNN;SA;SUPPLIER_ADDRESS;Seller Address
invoice-1659.tiff;1;1;2480;3508;203462;270;3248;94;45;270;3248;364;3248;364;3293;270;3293;NICE;AAAA;SA;SUPPLIER_ADDRESS;Seller Address
invoice-1659.tiff;1;1;2480;3508;203463;124;3293;157;45;124;3293;281;3293;281;3338;124;3338;FRANCE;AAAAAA;SA;SUPPLIER_ADDRESS;Seller Address
