src;num_pages;page_id;page_width;page_height;id;col;row;width;height;x1;y1;x2;y2;x3;y3;x4;y4;contents;contents_masked;correctclass;tag;description
invoice-2364.tiff;1;1;2480;3508;291050;124;62;645;175;124;62;769;62;769;237;124;237;common/logo;AAAAAASAAAA;img;IMAGE;Image
invoice-2364.tiff;1;1;2480;3508;291051;124;412;164;48;124;412;288;412;288;460;124;460;SMCOM;AAAAA;SN;SUPPLIER_NAME;Seller/Company) name
invoice-2364.tiff;1;1;2480;3508;291052;124;460;222;45;124;460;346;460;346;505;124;505;RESIDENCE;AAAAAAAAA;SA;SUPPLIER_ADDRESS;Seller Address
invoice-2364.tiff;1;1;2480;3508;291053;357;460;189;45;357;460;546;460;546;505;357;505;CARAIBES;AAAAAAAA;SA;SUPPLIER_ADDRESS;Seller Address
invoice-2364.tiff;1;1;2480;3508;291054;124;506;104;45;124;506;228;506;228;551;124;551;97190;NNNNN;SA;SUPPLIER_ADDRESS;Seller Address
invoice-2364.tiff;1;1;2480;3508;291055;270;506;48;45;270;506;318;506;318;551;270;551;LE;AA;SA;SUPPLIER_ADDRESS;Seller Address
invoice-2364.tiff;1;1;2480;3508;291056;329;506;145;45;329;506;474;506;474;551;329;551;GOSIER;AAAAAA;SA;SUPPLIER_ADDRESS;Seller Address
invoice-2364.tiff;1;1;2480;3508;291057;124;552;157;45;124;552;281;552;281;597;124;597;FRANCE;AAAAAA;SA;SUPPLIER_ADDRESS;Seller Address
invoice-2364.tiff;1;1;2480;3508;291058;124;598;67;45;124;598;191;598;191;643;124;643;Tel:;AAAS;undefined;OTHER;OTHER
invoice-2364.tiff;1;1;2480;3508;291059;254;598;263;45;254;598;517;598;517;643;254;643;03-38-52-96-66;NNSNNSNNSNNSNN;SCN;SUPPLIER_CONTACT_NUMBER;Seller Contact Number
invoice-2364.tiff;1;1;2480;3508;291060;124;643;78;45;124;643;202;643;202;688;124;688;Fax:;AAAS;undefined;OTHER;OTHER
invoice-2364.tiff;1;1;2480;3508;291061;266;643;263;45;266;643;529;643;529;688;266;688;03-38-52-60-93;NNSNNSNNSNNSNN;SFAX;SUPPLIER_FAX_NUMBER;Seller Fax Number
invoice-2364.tiff;1;1;2480;3508;291069;1541;873;205;57;1541;873;1746;873;1746;930;1541;930;Livraison;AAAAAAAAA;undefined;OTHER;OTHER
invoice-2364.tiff;1;1;2480;3508;291070;1759;873;25;57;1759;873;1784;873;1784;930;1759;930;à;A;undefined;OTHER;OTHER
invoice-2364.tiff;1;1;2480;3508;291062;124;931;136;48;124;931;260;931;260;979;124;979;Mathéo;AAAAAA;BN;BILLING_NAME;Billing Name
invoice-2364.tiff;1;1;2480;3508;291063;271;931;145;48;271;931;416;931;416;979;271;979;Dumont;AAAAAA;BN;BILLING_NAME;Billing Name
invoice-2364.tiff;1;1;2480;3508;291071;1541;931;136;48;1541;931;1677;931;1677;979;1541;979;Mathéo;AAAAAA;SHN;SHIPPING_NAME;Shipping Name
invoice-2364.tiff;1;1;2480;3508;291072;1688;931;145;48;1688;931;1833;931;1833;979;1688;979;Dumont;AAAAAA;SHN;SHIPPING_NAME;Shipping Name
invoice-2364.tiff;1;1;2480;3508;291064;124;979;52;45;124;979;176;979;176;1024;124;1024;32,;NNS;BA;BILLING_ADDRESS;Billing Address
invoice-2364.tiff;1;1;2480;3508;291065;187;979;168;45;187;979;355;979;355;1024;187;1024;kerplevert;AAAAAAAAAA;BA;BILLING_ADDRESS;Billing Address
invoice-2364.tiff;1;1;2480;3508;291073;1541;979;52;45;1541;979;1593;979;1593;1024;1541;1024;32,;NNS;SHA;SHIPPING_ADDRESS;Shipping Address
invoice-2364.tiff;1;1;2480;3508;291074;1604;979;168;45;1604;979;1772;979;1772;1024;1604;1024;kerplevert;AAAAAAAAAA;SHA;SHIPPING_ADDRESS;Shipping Address
invoice-2364.tiff;1;1;2480;3508;291066;124;1025;104;45;124;1025;228;1025;228;1070;124;1070;56700;NNNNN;BA;BILLING_ADDRESS;Billing Address
invoice-2364.tiff;1;1;2480;3508;291067;270;1025;192;45;270;1025;462;1025;462;1070;270;1070;Merlevenez;AAAAAAAAAA;BA;BILLING_ADDRESS;Billing Address
invoice-2364.tiff;1;1;2480;3508;291075;1541;1025;104;45;1541;1025;1645;1025;1645;1070;1541;1070;56700;NNNNN;SHA;SHIPPING_ADDRESS;Shipping Address
invoice-2364.tiff;1;1;2480;3508;291076;1687;1025;192;45;1687;1025;1879;1025;1879;1070;1687;1070;Merlevenez;AAAAAAAAAA;SHA;SHIPPING_ADDRESS;Shipping Address
invoice-2364.tiff;1;1;2480;3508;291068;124;1071;120;45;124;1071;244;1071;244;1116;124;1116;France;AAAAAA;BA;BILLING_ADDRESS;Billing Address
invoice-2364.tiff;1;1;2480;3508;291077;1541;1071;120;45;1541;1071;1661;1071;1661;1116;1541;1116;France;AAAAAA;SHA;SHIPPING_ADDRESS;Shipping Address
invoice-2364.tiff;1;1;2480;3508;291078;124;1351;51;52;124;1351;175;1351;175;1403;124;1403;N°;AS;undefined;OTHER;OTHER
invoice-2364.tiff;1;1;2480;3508;291079;187;1351;45;52;187;1351;232;1351;232;1403;187;1403;de;AA;undefined;OTHER;OTHER
invoice-2364.tiff;1;1;2480;3508;291080;245;1351;139;52;245;1351;384;1351;384;1403;245;1403;facture;AAAAAAA;undefined;OTHER;OTHER
invoice-2364.tiff;1;1;2480;3508;291081;750;1351;208;46;750;1351;958;1351;958;1397;750;1397;6438680129;NNNNNNNNNN;IN;INVOICE_NUMBER;Invoice Number
invoice-2364.tiff;1;1;2480;3508;291082;124;1424;91;52;124;1424;215;1424;215;1476;124;1476;Date;AAAA;undefined;OTHER;OTHER
invoice-2364.tiff;1;1;2480;3508;291083;228;1424;45;52;228;1424;273;1424;273;1476;228;1476;de;AA;undefined;OTHER;OTHER
invoice-2364.tiff;1;1;2480;3508;291084;285;1424;35;52;285;1424;320;1424;320;1476;285;1476;la;AA;undefined;OTHER;OTHER
invoice-2364.tiff;1;1;2480;3508;291085;332;1424;139;52;332;1424;471;1424;471;1476;332;1476;facture;AAAAAAA;undefined;OTHER;OTHER
invoice-2364.tiff;1;1;2480;3508;291086;750;1424;148;46;750;1424;898;1424;898;1470;750;1470;05/09/15;NNSNNSNN;IDATE;INVOICE_DATE;Invoice Date
invoice-2364.tiff;1;1;2480;3508;291095;1541;1461;99;52;1541;1461;1640;1461;1640;1513;1541;1513;Type;AAAA;undefined;OTHER;OTHER
invoice-2364.tiff;1;1;2480;3508;291096;1652;1461;45;52;1652;1461;1697;1461;1697;1513;1652;1513;de;AA;undefined;OTHER;OTHER
invoice-2364.tiff;1;1;2480;3508;291097;1709;1461;180;52;1709;1461;1889;1461;1889;1513;1709;1513;paiement;AAAAAAAA;undefined;OTHER;OTHER
invoice-2364.tiff;1;1;2480;3508;291098;2166;1461;157;46;2166;1461;2323;1461;2323;1507;2166;1507;Virement;AAAAAAAA;PMODE;PAYMENT_MODE;Payment Mode
invoice-2364.tiff;1;1;2480;3508;291087;124;1498;51;52;124;1498;175;1498;175;1550;124;1550;N°;AS;undefined;OTHER;OTHER
invoice-2364.tiff;1;1;2480;3508;291088;187;1498;45;52;187;1498;232;1498;232;1550;187;1550;de;AA;undefined;OTHER;OTHER
invoice-2364.tiff;1;1;2480;3508;291089;245;1498;106;52;245;1498;351;1498;351;1550;245;1550;client;AAAAAA;undefined;OTHER;OTHER
invoice-2364.tiff;1;1;2480;3508;291090;750;1498;104;46;750;1498;854;1498;854;1544;750;1544;58566;NNNNN;CNUM;CLIENT_NUMBER;Client Number
invoice-2364.tiff;1;1;2480;3508;291091;124;1572;51;52;124;1572;175;1572;175;1624;124;1624;N°;AS;undefined;OTHER;OTHER
invoice-2364.tiff;1;1;2480;3508;291092;187;1572;45;52;187;1572;232;1572;232;1624;187;1624;de;AA;undefined;OTHER;OTHER
invoice-2364.tiff;1;1;2480;3508;291093;245;1572;213;52;245;1572;458;1572;458;1624;245;1624;commande;AAAAAAAA;undefined;OTHER;OTHER
invoice-2364.tiff;1;1;2480;3508;291094;750;1572;83;46;750;1572;833;1572;833;1618;750;1618;9785;NNNN;ONUM;ORDER_NUMBER;Order Number
invoice-2364.tiff;1;1;2480;3508;291099;446;2040;231;52;446;2040;677;2040;677;2092;446;2092;Désignation;AAAAAAAAAAA;undefined;OTHER;OTHER
invoice-2364.tiff;1;1;2480;3508;291100;1089;2040;71;52;1089;2040;1160;2040;1160;2092;1089;2092;Qté;AAA;undefined;OTHER;OTHER
invoice-2364.tiff;1;1;2480;3508;291101;1386;2040;61;52;1386;2040;1447;2040;1447;2092;1386;2092;UP;AA;undefined;OTHER;OTHER
invoice-2364.tiff;1;1;2480;3508;291102;1701;2040;96;52;1701;2040;1797;2040;1797;2092;1701;2092;TVA;AAA;undefined;OTHER;OTHER
invoice-2364.tiff;1;1;2480;3508;291103;1947;2040;170;52;1947;2040;2117;2040;2117;2092;1947;2092;Montant;AAAAAAA;undefined;OTHER;OTHER
invoice-2364.tiff;1;1;2480;3508;291104;2129;2040;89;52;2129;2040;2218;2040;2218;2092;2129;2092;H.T.;ASAS;undefined;OTHER;OTHER
invoice-2364.tiff;1;1;2480;3508;291105;124;2113;148;48;124;2113;272;2113;272;2161;124;2161;Manette;AAAAAAA;undefined;OTHER;OTHER
invoice-2364.tiff;1;1;2480;3508;291106;283;2113;83;48;283;2113;366;2113;366;2161;283;2161;Hori;AAAA;undefined;OTHER;OTHER
invoice-2364.tiff;1;1;2480;3508;291107;377;2113;150;48;377;2113;527;2113;527;2161;377;2161;Fighting;AAAAAAAA;undefined;OTHER;OTHER
invoice-2364.tiff;1;1;2480;3508;291108;538;2113;224;48;538;2113;762;2113;762;2161;538;2161;Commander;AAAAAAAAA;undefined;OTHER;OTHER
invoice-2364.tiff;1;1;2480;3508;291109;1114;2113;20;48;1114;2113;1134;2113;1134;2161;1114;2161;3;N;undefined;OTHER;OTHER
invoice-2364.tiff;1;1;2480;3508;291110;1354;2113;93;48;1354;2113;1447;2113;1447;2161;1354;2161;37,49;NNSNN;undefined;OTHER;OTHER
invoice-2364.tiff;1;1;2480;3508;291111;1458;2113;20;48;1458;2113;1478;2113;1478;2161;1458;2161;$;S;undefined;OTHER;OTHER
invoice-2364.tiff;1;1;2480;3508;291112;1692;2113;114;48;1692;2113;1806;2113;1806;2161;1692;2161;20.0%;NNSNS;undefined;OTHER;OTHER
invoice-2364.tiff;1;1;2480;3508;291113;2010;2113;114;48;2010;2113;2124;2113;2124;2161;2010;2161;112,48;NNNSNN;undefined;OTHER;OTHER
invoice-2364.tiff;1;1;2480;3508;291114;2135;2113;20;48;2135;2113;2155;2113;2155;2161;2135;2161;$;S;undefined;OTHER;OTHER
invoice-2364.tiff;1;1;2480;3508;291115;1770;2245;155;51;1770;2245;1925;2245;1925;2296;1770;2296;Montant;AAAAAAA;undefined;OTHER;OTHER
invoice-2364.tiff;1;1;2480;3508;291116;1936;2245;84;51;1936;2245;2020;2245;2020;2296;1936;2296;H.T.;ASAS;undefined;OTHER;OTHER
invoice-2364.tiff;1;1;2480;3508;291117;2062;2245;114;46;2062;2245;2176;2245;2176;2291;2062;2291;112,48;NNNSNN;TWTX;TOTAL_WITHOUT_TAX;TWTXS
invoice-2364.tiff;1;1;2480;3508;291118;2187;2245;20;46;2187;2245;2207;2245;2207;2291;2187;2291;$;S;TWTX;TOTAL_WITHOUT_TAX;TWTXS
invoice-2364.tiff;1;1;2480;3508;291119;1780;2296;155;51;1780;2296;1935;2296;1935;2347;1780;2347;Montant;AAAAAAA;undefined;OTHER;OTHER
invoice-2364.tiff;1;1;2480;3508;291120;1947;2296;94;51;1947;2296;2041;2296;2041;2347;1947;2347;TVA;AAA;undefined;OTHER;OTHER
invoice-2364.tiff;1;1;2480;3508;291121;2083;2296;93;46;2083;2296;2176;2296;2176;2342;2083;2342;22,49;NNSNN;TTX;TOTAL_TAX;Total Tax
invoice-2364.tiff;1;1;2480;3508;291122;2187;2296;20;46;2187;2296;2207;2296;2207;2342;2187;2342;$;S;TTX;TOTAL_TAX;Total Tax
invoice-2364.tiff;1;1;2480;3508;291123;1767;2347;155;51;1767;2347;1922;2347;1922;2398;1767;2398;Montant;AAAAAAA;undefined;OTHER;OTHER
invoice-2364.tiff;1;1;2480;3508;291124;1934;2347;86;51;1934;2347;2020;2347;2020;2398;1934;2398;TTC;AAA;undefined;OTHER;OTHER
invoice-2364.tiff;1;1;2480;3508;291125;2062;2347;114;46;2062;2347;2176;2347;2176;2393;2062;2393;134,97;NNNSNN;TA;TOTAL_AMOUNT;Total with TAX
invoice-2364.tiff;1;1;2480;3508;291126;2187;2347;20;46;2187;2347;2207;2347;2207;2393;2187;2393;$;S;TA;TOTAL_AMOUNT;Total with TAX
invoice-2364.tiff;1;1;2480;3508;291127;124;3154;164;48;124;3154;288;3154;288;3202;124;3202;SMCOM;AAAAA;SN;SUPPLIER_NAME;Seller/Company) name
invoice-2364.tiff;1;1;2480;3508;291128;124;3202;222;45;124;3202;346;3202;346;3247;124;3247;RESIDENCE;AAAAAAAAA;SA;SUPPLIER_ADDRESS;Seller Address
invoice-2364.tiff;1;1;2480;3508;291129;357;3202;189;45;357;3202;546;3202;546;3247;357;3247;CARAIBES;AAAAAAAA;SA;SUPPLIER_ADDRESS;Seller Address
invoice-2364.tiff;1;1;2480;3508;291130;124;3248;104;45;124;3248;228;3248;228;3293;124;3293;97190;NNNNN;SA;SUPPLIER_ADDRESS;Seller Address
invoice-2364.tiff;1;1;2480;3508;291131;270;3248;48;45;270;3248;318;3248;318;3293;270;3293;LE;AA;SA;SUPPLIER_ADDRESS;Seller Address
invoice-2364.tiff;1;1;2480;3508;291132;329;3248;145;45;329;3248;474;3248;474;3293;329;3293;GOSIER;AAAAAA;SA;SUPPLIER_ADDRESS;Seller Address
invoice-2364.tiff;1;1;2480;3508;291133;124;3293;157;45;124;3293;281;3293;281;3338;124;3338;FRANCE;AAAAAA;SA;SUPPLIER_ADDRESS;Seller Address
