src;num_pages;page_id;page_width;page_height;id;col;row;width;height;x1;y1;x2;y2;x3;y3;x4;y4;contents;contents_masked;correctclass;tag;description
invoice-2827.tiff;1;1;2480;3508;347868;124;62;530;175;124;62;654;62;654;237;124;237;common/logo;AAAAAASAAAA;img;IMAGE;Image
invoice-2827.tiff;1;1;2480;3508;347869;124;412;243;48;124;412;367;412;367;460;124;460;RESIDENCE;AAAAAAAAA;SN;SUPPLIER_NAME;Seller/Company) name
invoice-2827.tiff;1;1;2480;3508;347870;378;412;266;48;378;412;644;412;644;460;378;460;AUTONOMIE;AAAAAAAAA;SN;SUPPLIER_NAME;Seller/Company) name
invoice-2827.tiff;1;1;2480;3508;347871;655;412;99;48;655;412;754;412;754;460;655;460;MAC;AAA;SN;SUPPLIER_NAME;Seller/Company) name
invoice-2827.tiff;1;1;2480;3508;347872;765;412;180;48;765;412;945;412;945;460;765;460;DONALD;AAAAAA;SN;SUPPLIER_NAME;Seller/Company) name
invoice-2827.tiff;1;1;2480;3508;347873;124;460;20;45;124;460;144;460;144;505;124;505;7;N;SA;SUPPLIER_ADDRESS;Seller Address
invoice-2827.tiff;1;1;2480;3508;347874;156;460;81;45;156;460;237;460;237;505;156;505;RUE;AAA;SA;SUPPLIER_ADDRESS;Seller Address
invoice-2827.tiff;1;1;2480;3508;347875;247;460;118;45;247;460;365;460;365;505;247;505;JULES;AAAAA;SA;SUPPLIER_ADDRESS;Seller Address
invoice-2827.tiff;1;1;2480;3508;347876;376;460;92;45;376;460;468;460;468;505;376;505;CLIN;AAAA;SA;SUPPLIER_ADDRESS;Seller Address
invoice-2827.tiff;1;1;2480;3508;347877;124;506;104;45;124;506;228;506;228;551;124;551;08200;NNNNN;SA;SUPPLIER_ADDRESS;Seller Address
invoice-2827.tiff;1;1;2480;3508;347878;270;506;129;45;270;506;399;506;399;551;270;551;SEDAN;AAAAA;SA;SUPPLIER_ADDRESS;Seller Address
invoice-2827.tiff;1;1;2480;3508;347879;124;552;157;45;124;552;281;552;281;597;124;597;FRANCE;AAAAAA;SA;SUPPLIER_ADDRESS;Seller Address
invoice-2827.tiff;1;1;2480;3508;347880;124;598;106;45;124;598;230;598;230;643;124;643;Phone;AAAAA;undefined;OTHER;OTHER
invoice-2827.tiff;1;1;2480;3508;347881;293;598;263;45;293;598;556;598;556;643;293;643;09-77-32-21-78;NNSNNSNNSNNSNN;SCN;SUPPLIER_CONTACT_NUMBER;Seller Contact Number
invoice-2827.tiff;1;1;2480;3508;347882;124;643;64;45;124;643;188;643;188;688;124;688;Fax;AAA;undefined;OTHER;OTHER
invoice-2827.tiff;1;1;2480;3508;347883;252;643;263;45;252;643;515;643;515;688;252;688;09-77-32-89-86;NNSNNSNNSNNSNN;SFAX;SUPPLIER_FAX_NUMBER;Seller Fax Number
invoice-2827.tiff;1;1;2480;3508;347884;124;1016;155;57;124;1016;279;1016;279;1073;124;1073;Invoice;AAAAAAA;undefined;OTHER;OTHER
invoice-2827.tiff;1;1;2480;3508;347885;293;1016;58;57;293;1016;351;1016;351;1073;293;1073;To;AA;undefined;OTHER;OTHER
invoice-2827.tiff;1;1;2480;3508;347886;124;1073;68;48;124;1073;192;1073;192;1121;124;1121;Mr.;AAS;BN;BILLING_NAME;Billing Name
invoice-2827.tiff;1;1;2480;3508;347887;203;1073;152;48;203;1073;355;1073;355;1121;203;1121;Kathryn;AAAAAAA;BN;BILLING_NAME;Billing Name
invoice-2827.tiff;1;1;2480;3508;347888;366;1073;122;48;366;1073;488;1073;488;1121;366;1121;Legros;AAAAAA;BN;BILLING_NAME;Billing Name
invoice-2827.tiff;1;1;2480;3508;347889;124;1121;31;45;124;1121;155;1121;155;1166;124;1166;3,;NS;BA;BILLING_ADDRESS;Billing Address
invoice-2827.tiff;1;1;2480;3508;347890;166;1121;55;45;166;1121;221;1121;221;1166;166;1166;rue;AAA;BA;BILLING_ADDRESS;Billing Address
invoice-2827.tiff;1;1;2480;3508;347891;232;1121;41;45;232;1121;273;1121;273;1166;232;1166;du;AA;BA;BILLING_ADDRESS;Billing Address
invoice-2827.tiff;1;1;2480;3508;347892;284;1121;74;45;284;1121;358;1121;358;1166;284;1166;petit;AAAAA;BA;BILLING_ADDRESS;Billing Address
invoice-2827.tiff;1;1;2480;3508;347893;369;1121;69;45;369;1121;438;1121;438;1166;369;1166;bois;AAAA;BA;BILLING_ADDRESS;Billing Address
invoice-2827.tiff;1;1;2480;3508;347894;124;1167;104;45;124;1167;228;1167;228;1212;124;1212;42440;NNNNN;BA;BILLING_ADDRESS;Billing Address
invoice-2827.tiff;1;1;2480;3508;347895;270;1167;351;45;270;1167;621;1167;621;1212;270;1212;Saint-Julien-la-Vêtre;AAAAASAAAAAASAASAAAAA;BA;BILLING_ADDRESS;Billing Address
invoice-2827.tiff;1;1;2480;3508;347910;1541;1169;142;52;1541;1169;1683;1169;1683;1221;1541;1221;Invoice;AAAAAAA;undefined;OTHER;OTHER
invoice-2827.tiff;1;1;2480;3508;347911;1695;1169;162;52;1695;1169;1857;1169;1857;1221;1695;1221;Number;AAAAAA;undefined;OTHER;OTHER
invoice-2827.tiff;1;1;2480;3508;347912;2166;1169;166;46;2166;1169;2332;1169;2332;1215;2166;1215;44450569;NNNNNNNN;IN;INVOICE_NUMBER;Invoice Number
invoice-2827.tiff;1;1;2480;3508;347896;124;1213;120;45;124;1213;244;1213;244;1258;124;1258;France;AAAAAA;BA;BILLING_ADDRESS;Billing Address
invoice-2827.tiff;1;1;2480;3508;347913;1541;1243;117;52;1541;1243;1658;1243;1658;1295;1541;1295;Dated;AAAAA;undefined;OTHER;OTHER
invoice-2827.tiff;1;1;2480;3508;347914;2166;1243;53;46;2166;1243;2219;1243;2219;1289;2166;1289;feb;AAA;IDATE;INVOICE_DATE;Invoice Date
invoice-2827.tiff;1;1;2480;3508;347915;2230;1243;52;46;2230;1243;2282;1243;2282;1289;2230;1289;25,;NNS;IDATE;INVOICE_DATE;Invoice Date
invoice-2827.tiff;1;1;2480;3508;347916;2292;1243;83;46;2292;1243;2375;1243;2375;1289;2292;1289;1987;NNNN;IDATE;INVOICE_DATE;Invoice Date
invoice-2827.tiff;1;1;2480;3508;347897;124;1301;180;57;124;1301;304;1301;304;1358;124;1358;Delivery;AAAAAAAA;undefined;OTHER;OTHER
invoice-2827.tiff;1;1;2480;3508;347898;318;1301;58;57;318;1301;376;1301;376;1358;318;1358;To;AA;undefined;OTHER;OTHER
invoice-2827.tiff;1;1;2480;3508;347917;1541;1317;173;52;1541;1317;1714;1317;1714;1369;1541;1369;Payment;AAAAAAA;undefined;OTHER;OTHER
invoice-2827.tiff;1;1;2480;3508;347918;1726;1317;84;52;1726;1317;1810;1317;1810;1369;1726;1369;type;AAAA;undefined;OTHER;OTHER
invoice-2827.tiff;1;1;2480;3508;347919;2166;1317;87;46;2166;1317;2253;1317;2253;1363;2166;1363;Bank;AAAA;PMODE;PAYMENT_MODE;Payment Mode
invoice-2827.tiff;1;1;2480;3508;347920;2265;1317;141;46;2265;1317;2406;1317;2406;1363;2265;1363;Transfer;AAAAAAAA;PMODE;PAYMENT_MODE;Payment Mode
invoice-2827.tiff;1;1;2480;3508;347899;124;1358;68;48;124;1358;192;1358;192;1406;124;1406;Mr.;AAS;SHN;SHIPPING_NAME;Shipping Name
invoice-2827.tiff;1;1;2480;3508;347900;203;1358;152;48;203;1358;355;1358;355;1406;203;1406;Kathryn;AAAAAAA;SHN;SHIPPING_NAME;Shipping Name
invoice-2827.tiff;1;1;2480;3508;347901;366;1358;122;48;366;1358;488;1358;488;1406;366;1406;Legros;AAAAAA;SHN;SHIPPING_NAME;Shipping Name
invoice-2827.tiff;1;1;2480;3508;347902;124;1406;31;45;124;1406;155;1406;155;1451;124;1451;3,;NS;SHA;SHIPPING_ADDRESS;Shipping Address
invoice-2827.tiff;1;1;2480;3508;347903;166;1406;55;45;166;1406;221;1406;221;1451;166;1451;rue;AAA;SHA;SHIPPING_ADDRESS;Shipping Address
invoice-2827.tiff;1;1;2480;3508;347904;232;1406;41;45;232;1406;273;1406;273;1451;232;1451;du;AA;SHA;SHIPPING_ADDRESS;Shipping Address
invoice-2827.tiff;1;1;2480;3508;347905;284;1406;74;45;284;1406;358;1406;358;1451;284;1451;petit;AAAAA;SHA;SHIPPING_ADDRESS;Shipping Address
invoice-2827.tiff;1;1;2480;3508;347906;369;1406;69;45;369;1406;438;1406;438;1451;369;1451;bois;AAAA;SHA;SHIPPING_ADDRESS;Shipping Address
invoice-2827.tiff;1;1;2480;3508;347907;124;1452;104;45;124;1452;228;1452;228;1497;124;1497;42440;NNNNN;SHA;SHIPPING_ADDRESS;Shipping Address
invoice-2827.tiff;1;1;2480;3508;347908;270;1452;351;45;270;1452;621;1452;621;1497;270;1497;Saint-Julien-la-Vêtre;AAAAASAAAAAASAASAAAAA;SHA;SHIPPING_ADDRESS;Shipping Address
invoice-2827.tiff;1;1;2480;3508;347909;124;1498;120;45;124;1498;244;1498;244;1543;124;1543;France;AAAAAA;SHA;SHIPPING_ADDRESS;Shipping Address
invoice-2827.tiff;1;1;2480;3508;347921;364;1821;157;52;364;1821;521;1821;521;1873;364;1873;Product;AAAAAAA;undefined;OTHER;OTHER
invoice-2827.tiff;1;1;2480;3508;347922;533;1821;226;52;533;1821;759;1821;759;1873;533;1873;Description;AAAAAAAAAAA;undefined;OTHER;OTHER
invoice-2827.tiff;1;1;2480;3508;347923;1037;1821;175;52;1037;1821;1212;1821;1212;1873;1037;1873;Quantity;AAAAAAAA;undefined;OTHER;OTHER
invoice-2827.tiff;1;1;2480;3508;347924;1316;1821;86;52;1316;1821;1402;1821;1402;1873;1316;1873;Unit;AAAA;undefined;OTHER;OTHER
invoice-2827.tiff;1;1;2480;3508;347925;1414;1821;101;52;1414;1821;1515;1821;1515;1873;1414;1873;Price;AAAAA;undefined;OTHER;OTHER
invoice-2827.tiff;1;1;2480;3508;347926;1650;1821;96;52;1650;1821;1746;1821;1746;1873;1650;1873;TVA;AAA;undefined;OTHER;OTHER
invoice-2827.tiff;1;1;2480;3508;347927;1758;1821;91;52;1758;1821;1849;1821;1849;1873;1758;1873;Rate;AAAA;undefined;OTHER;OTHER
invoice-2827.tiff;1;1;2480;3508;347928;2031;1821;104;52;2031;1821;2135;1821;2135;1873;2031;1873;Total;AAAAA;undefined;OTHER;OTHER
invoice-2827.tiff;1;1;2480;3508;347929;124;1895;182;48;124;1895;306;1895;306;1943;124;1943;Cuisinière;AAAAAAAAAA;undefined;OTHER;OTHER
invoice-2827.tiff;1;1;2480;3508;347930;318;1895;99;48;318;1895;417;1895;417;1943;318;1943;mixte;AAAAA;undefined;OTHER;OTHER
invoice-2827.tiff;1;1;2480;3508;347931;428;1895;97;48;428;1895;525;1895;525;1943;428;1943;Smeg;AAAA;undefined;OTHER;OTHER
invoice-2827.tiff;1;1;2480;3508;347932;535;1895;148;48;535;1895;683;1895;683;1943;535;1943;CP60X9;AANNAN;undefined;OTHER;OTHER
invoice-2827.tiff;1;1;2480;3508;347933;1114;1895;20;48;1114;1895;1134;1895;1134;1943;1114;1943;3;N;undefined;OTHER;OTHER
invoice-2827.tiff;1;1;2480;3508;347934;1310;1895;114;48;1310;1895;1424;1895;1424;1943;1310;1943;749,17;NNNSNN;undefined;OTHER;OTHER
invoice-2827.tiff;1;1;2480;3508;347935;1435;1895;87;48;1435;1895;1522;1895;1522;1943;1435;1943;EUR;AAA;undefined;OTHER;OTHER
invoice-2827.tiff;1;1;2480;3508;347936;1692;1895;114;48;1692;1895;1806;1895;1806;1943;1692;1943;20.0%;NNSNS;undefined;OTHER;OTHER
invoice-2827.tiff;1;1;2480;3508;347937;1966;1895;135;48;1966;1895;2101;1895;2101;1943;1966;1943;2247,50;NNNNSNN;undefined;OTHER;OTHER
invoice-2827.tiff;1;1;2480;3508;347938;2112;1895;87;48;2112;1895;2199;1895;2199;1943;2112;1943;EUR;AAA;undefined;OTHER;OTHER
invoice-2827.tiff;1;1;2480;3508;347939;124;1985;131;48;124;1985;255;1985;255;2033;124;2033;Casque;AAAAAA;undefined;OTHER;OTHER
invoice-2827.tiff;1;1;2480;3508;347940;267;1985;99;48;267;1985;366;1985;366;2033;267;2033;Sport;AAAAA;undefined;OTHER;OTHER
invoice-2827.tiff;1;1;2480;3508;347941;377;1985;196;48;377;1985;573;1985;573;2033;377;2033;Aftershokz;AAAAAAAAAA;undefined;OTHER;OTHER
invoice-2827.tiff;1;1;2480;3508;347942;584;1985;131;48;584;1985;715;1985;715;2033;584;2033;Casque;AAAAAA;undefined;OTHER;OTHER
invoice-2827.tiff;1;1;2480;3508;347943;726;1985;78;48;726;1985;804;1985;804;2033;726;2033;avec;AAAA;undefined;OTHER;OTHER
invoice-2827.tiff;1;1;2480;3508;347944;815;1985;104;48;815;1985;919;1985;919;2033;815;2033;micro;AAAAA;undefined;OTHER;OTHER
invoice-2827.tiff;1;1;2480;3508;347948;1114;1985;20;48;1114;1985;1134;1985;1134;2033;1114;2033;1;N;undefined;OTHER;OTHER
invoice-2827.tiff;1;1;2480;3508;347949;1320;1985;93;48;1320;1985;1413;1985;1413;2033;1320;2033;69,08;NNSNN;undefined;OTHER;OTHER
invoice-2827.tiff;1;1;2480;3508;347950;1424;1985;87;48;1424;1985;1511;1985;1511;2033;1424;2033;EUR;AAA;undefined;OTHER;OTHER
invoice-2827.tiff;1;1;2480;3508;347951;1692;1985;114;48;1692;1985;1806;1985;1806;2033;1692;2033;20.0%;NNSNS;undefined;OTHER;OTHER
invoice-2827.tiff;1;1;2480;3508;347952;1987;1985;93;48;1987;1985;2080;1985;2080;2033;1987;2033;69,08;NNSNN;undefined;OTHER;OTHER
invoice-2827.tiff;1;1;2480;3508;347953;2091;1985;87;48;2091;1985;2178;1985;2178;2033;2091;2033;EUR;AAA;undefined;OTHER;OTHER
invoice-2827.tiff;1;1;2480;3508;347945;124;2033;203;48;124;2033;327;2033;327;2081;124;2081;AfterShokz;AAAAAAAAAA;undefined;OTHER;OTHER
invoice-2827.tiff;1;1;2480;3508;347946;339;2033;118;48;339;2033;457;2033;457;2081;339;2081;Sportz;AAAAAA;undefined;OTHER;OTHER
invoice-2827.tiff;1;1;2480;3508;347947;467;2033;74;48;467;2033;541;2033;541;2081;467;2081;Tita;AAAA;undefined;OTHER;OTHER
invoice-2827.tiff;1;1;2480;3508;347954;124;2123;122;48;124;2123;246;2123;246;2171;124;2171;Disque;AAAAAA;undefined;OTHER;OTHER
invoice-2827.tiff;1;1;2480;3508;347955;258;2123;64;48;258;2123;322;2123;322;2171;258;2171;dur;AAA;undefined;OTHER;OTHER
invoice-2827.tiff;1;1;2480;3508;347956;333;2123;131;48;333;2123;464;2123;464;2171;333;2171;externe;AAAAAAA;undefined;OTHER;OTHER
invoice-2827.tiff;1;1;2480;3508;347957;475;2123;180;48;475;2123;655;2123;655;2171;475;2171;Essentielb;AAAAAAAAAA;undefined;OTHER;OTHER
invoice-2827.tiff;1;1;2480;3508;347958;666;2123;52;48;666;2123;718;2123;718;2171;666;2171;2.5;NSN;undefined;OTHER;OTHER
invoice-2827.tiff;1;1;2480;3508;347959;729;2123;11;48;729;2123;740;2123;740;2171;729;2171;';S;undefined;OTHER;OTHER
invoice-2827.tiff;1;1;2480;3508;347960;751;2123;69;48;751;2123;820;2123;820;2171;751;2171;2To;NAA;undefined;OTHER;OTHER
invoice-2827.tiff;1;1;2480;3508;347961;831;2123;74;48;831;2123;905;2123;905;2171;831;2171;KIP;AAA;undefined;OTHER;OTHER
invoice-2827.tiff;1;1;2480;3508;347962;915;2123;81;48;915;2123;996;2123;996;2171;915;2171;Noir;AAAA;undefined;OTHER;OTHER
invoice-2827.tiff;1;1;2480;3508;347965;1114;2123;20;48;1114;2123;1134;2123;1134;2171;1114;2171;3;N;undefined;OTHER;OTHER
invoice-2827.tiff;1;1;2480;3508;347966;1310;2123;114;48;1310;2123;1424;2123;1424;2171;1310;2171;107,50;NNNSNN;undefined;OTHER;OTHER
invoice-2827.tiff;1;1;2480;3508;347967;1435;2123;87;48;1435;2123;1522;2123;1522;2171;1435;2171;EUR;AAA;undefined;OTHER;OTHER
invoice-2827.tiff;1;1;2480;3508;347968;1692;2123;114;48;1692;2123;1806;2123;1806;2171;1692;2171;20.0%;NNSNS;undefined;OTHER;OTHER
invoice-2827.tiff;1;1;2480;3508;347969;1976;2123;114;48;1976;2123;2090;2123;2090;2171;1976;2171;322,50;NNNSNN;undefined;OTHER;OTHER
invoice-2827.tiff;1;1;2480;3508;347970;2101;2123;87;48;2101;2123;2188;2123;2188;2171;2101;2171;EUR;AAA;undefined;OTHER;OTHER
invoice-2827.tiff;1;1;2480;3508;347963;124;2171;81;48;124;2171;205;2171;205;2219;124;2219;USB;AAA;undefined;OTHER;OTHER
invoice-2827.tiff;1;1;2480;3508;347964;216;2171;52;48;216;2171;268;2171;268;2219;216;2219;3.0;NSN;undefined;OTHER;OTHER
invoice-2827.tiff;1;1;2480;3508;347971;1874;2302;146;51;1874;2302;2020;2302;2020;2353;1874;2353;@DISC;SAAAA;undefined;OTHER;OTHER
invoice-2827.tiff;1;1;2480;3508;347972;2041;2302;72;46;2041;2302;2113;2302;2113;2348;2041;2348;0,00;NSNN;undefined;OTHER;OTHER
invoice-2827.tiff;1;1;2480;3508;347973;2125;2302;83;46;2125;2302;2208;2302;2208;2348;2125;2348;EUR;AAA;undefined;OTHER;OTHER
invoice-2827.tiff;1;1;2480;3508;347974;1840;2353;96;51;1840;2353;1936;2353;1936;2404;1840;2404;Total;AAAAA;undefined;OTHER;OTHER
invoice-2827.tiff;1;1;2480;3508;347975;1979;2353;135;46;1979;2353;2114;2353;2114;2399;1979;2399;2639,08;NNNNSNN;TWTX;TOTAL_WITHOUT_TAX;TWTXS
invoice-2827.tiff;1;1;2480;3508;347976;2125;2353;83;46;2125;2353;2208;2353;2208;2399;2125;2399;EUR;AAA;TWTX;TOTAL_WITHOUT_TAX;TWTXS
invoice-2827.tiff;1;1;2480;3508;347977;1725;2404;71;51;1725;2404;1796;2404;1796;2455;1725;2455;Tax;AAA;undefined;OTHER;OTHER
invoice-2827.tiff;1;1;2480;3508;347978;1808;2404;150;51;1808;2404;1958;2404;1958;2455;1808;2455;Amount;AAAAAA;undefined;OTHER;OTHER
invoice-2827.tiff;1;1;2480;3508;347979;1999;2404;114;46;1999;2404;2113;2404;2113;2450;1999;2450;527,82;NNNSNN;TTX;TOTAL_TAX;Total Tax
invoice-2827.tiff;1;1;2480;3508;347980;2125;2404;83;46;2125;2404;2208;2404;2208;2450;2125;2450;EUR;AAA;TTX;TOTAL_TAX;Total Tax
invoice-2827.tiff;1;1;2480;3508;347981;1662;2455;150;51;1662;2455;1812;2455;1812;2506;1662;2506;Amount;AAAAAA;undefined;OTHER;OTHER
invoice-2827.tiff;1;1;2480;3508;347982;1824;2455;35;51;1824;2455;1859;2455;1859;2506;1824;2506;to;AA;undefined;OTHER;OTHER
invoice-2827.tiff;1;1;2480;3508;347983;1871;2455;66;51;1871;2455;1937;2455;1937;2506;1871;2506;pay;AAA;undefined;OTHER;OTHER
invoice-2827.tiff;1;1;2480;3508;347984;1979;2455;135;46;1979;2455;2114;2455;2114;2501;1979;2501;3166,90;NNNNSNN;TA;TOTAL_AMOUNT;Total with TAX
invoice-2827.tiff;1;1;2480;3508;347985;2125;2455;83;46;2125;2455;2208;2455;2208;2501;2125;2501;EUR;AAA;TA;TOTAL_AMOUNT;Total with TAX
invoice-2827.tiff;1;1;2480;3508;347986;124;3175;243;48;124;3175;367;3175;367;3223;124;3223;RESIDENCE;AAAAAAAAA;SN;SUPPLIER_NAME;Seller/Company) name
invoice-2827.tiff;1;1;2480;3508;347987;378;3175;266;48;378;3175;644;3175;644;3223;378;3223;AUTONOMIE;AAAAAAAAA;SN;SUPPLIER_NAME;Seller/Company) name
invoice-2827.tiff;1;1;2480;3508;347988;655;3175;99;48;655;3175;754;3175;754;3223;655;3223;MAC;AAA;SN;SUPPLIER_NAME;Seller/Company) name
invoice-2827.tiff;1;1;2480;3508;347989;765;3175;180;48;765;3175;945;3175;945;3223;765;3223;DONALD;AAAAAA;SN;SUPPLIER_NAME;Seller/Company) name
invoice-2827.tiff;1;1;2480;3508;347990;124;3223;20;45;124;3223;144;3223;144;3268;124;3268;7;N;SA;SUPPLIER_ADDRESS;Seller Address
invoice-2827.tiff;1;1;2480;3508;347991;156;3223;81;45;156;3223;237;3223;237;3268;156;3268;RUE;AAA;SA;SUPPLIER_ADDRESS;Seller Address
invoice-2827.tiff;1;1;2480;3508;347992;247;3223;118;45;247;3223;365;3223;365;3268;247;3268;JULES;AAAAA;SA;SUPPLIER_ADDRESS;Seller Address
invoice-2827.tiff;1;1;2480;3508;347993;376;3223;92;45;376;3223;468;3223;468;3268;376;3268;CLIN;AAAA;SA;SUPPLIER_ADDRESS;Seller Address
invoice-2827.tiff;1;1;2480;3508;347994;124;3268;104;45;124;3268;228;3268;228;3313;124;3313;08200;NNNNN;SA;SUPPLIER_ADDRESS;Seller Address
invoice-2827.tiff;1;1;2480;3508;347995;270;3268;129;45;270;3268;399;3268;399;3313;270;3313;SEDAN;AAAAA;SA;SUPPLIER_ADDRESS;Seller Address
invoice-2827.tiff;1;1;2480;3508;347996;124;3314;157;45;124;3314;281;3314;281;3359;124;3359;FRANCE;AAAAAA;SA;SUPPLIER_ADDRESS;Seller Address
