src;num_pages;page_id;page_width;page_height;id;col;row;width;height;x1;y1;x2;y2;x3;y3;x4;y4;contents;contents_masked;correctclass;tag;description
invoice-548.tiff;1;1;2480;3508;67732;124;62;625;175;124;62;749;62;749;237;124;237;common/logo;AAAAAASAAAA;img;IMAGE;Image
invoice-548.tiff;1;1;2480;3508;67733;833;237;199;48;833;237;1032;237;1032;285;833;285;DOMITYS;AAAAAAA;SN;SUPPLIER_NAME;Seller/Company) name
invoice-548.tiff;1;1;2480;3508;67734;1042;237;157;48;1042;237;1199;237;1199;285;1042;285;L'OREE;ASAAAA;SN;SUPPLIER_NAME;Seller/Company) name
invoice-548.tiff;1;1;2480;3508;67735;1210;237;60;48;1210;237;1270;237;1270;285;1210;285;DU;AA;SN;SUPPLIER_NAME;Seller/Company) name
invoice-548.tiff;1;1;2480;3508;67736;1281;237;99;48;1281;237;1380;237;1380;285;1281;285;BOIS;AAAA;SN;SUPPLIER_NAME;Seller/Company) name
invoice-548.tiff;1;1;2480;3508;67745;1541;237;173;45;1541;237;1714;237;1714;282;1541;282;Téléphone;AAAAAAAAA;undefined;OTHER;OTHER
invoice-548.tiff;1;1;2480;3508;67746;1777;237;69;45;1777;237;1846;237;1846;282;1777;282;+33;SNN;SCN;SUPPLIER_CONTACT_NUMBER;Seller Contact Number
invoice-548.tiff;1;1;2480;3508;67747;1857;237;20;45;1857;237;1877;237;1877;282;1857;282;0;N;SCN;SUPPLIER_CONTACT_NUMBER;Seller Contact Number
invoice-548.tiff;1;1;2480;3508;67748;1889;237;62;45;1889;237;1951;237;1951;282;1889;282;913;NNN;SCN;SUPPLIER_CONTACT_NUMBER;Seller Contact Number
invoice-548.tiff;1;1;2480;3508;67749;1962;237;62;45;1962;237;2024;237;2024;282;1962;282;338;NNN;SCN;SUPPLIER_CONTACT_NUMBER;Seller Contact Number
invoice-548.tiff;1;1;2480;3508;67750;2035;237;62;45;2035;237;2097;237;2097;282;2035;282;562;NNN;SCN;SUPPLIER_CONTACT_NUMBER;Seller Contact Number
invoice-548.tiff;1;1;2480;3508;67751;1541;283;162;45;1541;283;1703;283;1703;328;1541;328;Télécopie;AAAAAAAAA;undefined;OTHER;OTHER
invoice-548.tiff;1;1;2480;3508;67752;1766;283;69;45;1766;283;1835;283;1835;328;1766;328;+33;SNN;SFAX;SUPPLIER_FAX_NUMBER;Seller Fax Number
invoice-548.tiff;1;1;2480;3508;67753;1846;283;20;45;1846;283;1866;283;1866;328;1846;328;0;N;SFAX;SUPPLIER_FAX_NUMBER;Seller Fax Number
invoice-548.tiff;1;1;2480;3508;67754;1877;283;62;45;1877;283;1939;283;1939;328;1877;328;913;NNN;SFAX;SUPPLIER_FAX_NUMBER;Seller Fax Number
invoice-548.tiff;1;1;2480;3508;67755;1950;283;62;45;1950;283;2012;283;2012;328;1950;328;338;NNN;SFAX;SUPPLIER_FAX_NUMBER;Seller Fax Number
invoice-548.tiff;1;1;2480;3508;67756;2023;283;62;45;2023;283;2085;283;2085;328;2023;328;994;NNN;SFAX;SUPPLIER_FAX_NUMBER;Seller Fax Number
invoice-548.tiff;1;1;2480;3508;67737;833;285;20;45;833;285;853;285;853;330;833;330;9;N;SA;SUPPLIER_ADDRESS;Seller Address
invoice-548.tiff;1;1;2480;3508;67738;864;285;81;45;864;285;945;285;945;330;864;330;RUE;AAA;SA;SUPPLIER_ADDRESS;Seller Address
invoice-548.tiff;1;1;2480;3508;67739;956;285;136;45;956;285;1092;285;1092;330;956;330;ROGER;AAAAA;SA;SUPPLIER_ADDRESS;Seller Address
invoice-548.tiff;1;1;2480;3508;67740;1102;285;122;45;1102;285;1224;285;1224;330;1102;330;HENRI;AAAAA;SA;SUPPLIER_ADDRESS;Seller Address
invoice-548.tiff;1;1;2480;3508;67741;1236;285;219;45;1236;285;1455;285;1455;330;1236;330;GUERRAND;AAAAAAAA;SA;SUPPLIER_ADDRESS;Seller Address
invoice-548.tiff;1;1;2480;3508;67742;833;331;104;45;833;331;937;331;937;376;833;376;35000;NNNNN;SA;SUPPLIER_ADDRESS;Seller Address
invoice-548.tiff;1;1;2480;3508;67743;979;331;152;45;979;331;1131;331;1131;376;979;376;RENNES;AAAAAA;SA;SUPPLIER_ADDRESS;Seller Address
invoice-548.tiff;1;1;2480;3508;67744;833;377;157;45;833;377;990;377;990;422;833;422;FRANCE;AAAAAA;SA;SUPPLIER_ADDRESS;Seller Address
invoice-548.tiff;1;1;2480;3508;67770;1541;607;261;57;1541;607;1802;607;1802;664;1541;664;Destinataire;AAAAAAAAAAAA;undefined;OTHER;OTHER
invoice-548.tiff;1;1;2480;3508;67757;124;618;51;52;124;618;175;618;175;670;124;670;N°;AS;undefined;OTHER;OTHER
invoice-548.tiff;1;1;2480;3508;67758;187;618;45;52;187;618;232;618;232;670;187;670;de;AA;undefined;OTHER;OTHER
invoice-548.tiff;1;1;2480;3508;67759;245;618;139;52;245;618;384;618;384;670;245;670;facture;AAAAAAA;undefined;OTHER;OTHER
invoice-548.tiff;1;1;2480;3508;67760;750;618;222;46;750;618;972;618;972;664;750;664;0212-785635;NNNNSNNNNNN;IN;INVOICE_NUMBER;Invoice Number
invoice-548.tiff;1;1;2480;3508;67771;1541;664;134;48;1541;664;1675;664;1675;712;1541;712;Noémie;AAAAAA;BN;BILLING_NAME;Billing Name
invoice-548.tiff;1;1;2480;3508;67772;1686;664;113;48;1686;664;1799;664;1799;712;1686;712;Simon;AAAAA;BN;BILLING_NAME;Billing Name
invoice-548.tiff;1;1;2480;3508;67761;124;691;91;52;124;691;215;691;215;743;124;743;Date;AAAA;undefined;OTHER;OTHER
invoice-548.tiff;1;1;2480;3508;67762;228;691;45;52;228;691;273;691;273;743;228;743;de;AA;undefined;OTHER;OTHER
invoice-548.tiff;1;1;2480;3508;67763;285;691;35;52;285;691;320;691;320;743;285;743;la;AA;undefined;OTHER;OTHER
invoice-548.tiff;1;1;2480;3508;67764;332;691;139;52;332;691;471;691;471;743;332;743;facture;AAAAAAA;undefined;OTHER;OTHER
invoice-548.tiff;1;1;2480;3508;67765;750;691;148;46;750;691;898;691;898;737;750;737;23/02/81;NNSNNSNN;IDATE;INVOICE_DATE;Invoice Date
invoice-548.tiff;1;1;2480;3508;67773;1541;712;52;45;1541;712;1593;712;1593;757;1541;757;32,;NNS;BA;BILLING_ADDRESS;Billing Address
invoice-548.tiff;1;1;2480;3508;67774;1604;712;168;45;1604;712;1772;712;1772;757;1604;757;kerplevert;AAAAAAAAAA;BA;BILLING_ADDRESS;Billing Address
invoice-548.tiff;1;1;2480;3508;67775;1541;758;104;45;1541;758;1645;758;1645;803;1541;803;56700;NNNNN;BA;BILLING_ADDRESS;Billing Address
invoice-548.tiff;1;1;2480;3508;67776;1687;758;192;45;1687;758;1879;758;1879;803;1687;803;Merlevenez;AAAAAAAAAA;BA;BILLING_ADDRESS;Billing Address
invoice-548.tiff;1;1;2480;3508;67766;124;765;112;52;124;765;236;765;236;817;124;817;Mode;AAAA;undefined;OTHER;OTHER
invoice-548.tiff;1;1;2480;3508;67767;248;765;45;52;248;765;293;765;293;817;248;817;de;AA;undefined;OTHER;OTHER
invoice-548.tiff;1;1;2480;3508;67768;305;765;195;52;305;765;500;765;500;817;305;817;règlement;AAAAAAAAA;undefined;OTHER;OTHER
invoice-548.tiff;1;1;2480;3508;67769;750;765;157;46;750;765;907;765;907;811;750;811;Virement;AAAAAAAA;PMODE;PAYMENT_MODE;Payment Mode
invoice-548.tiff;1;1;2480;3508;67777;1541;804;120;45;1541;804;1661;804;1661;849;1541;849;France;AAAAAA;BA;BILLING_ADDRESS;Billing Address
invoice-548.tiff;1;1;2480;3508;67778;143;1270;129;52;143;1270;272;1270;272;1322;143;1322;S.Non.;ASAAAS;undefined;OTHER;OTHER
invoice-548.tiff;1;1;2480;3508;67779;350;1270;173;52;350;1270;523;1270;523;1322;350;1322;Quantité;AAAAAAAA;undefined;OTHER;OTHER
invoice-548.tiff;1;1;2480;3508;67780;865;1270;226;52;865;1270;1091;1270;1091;1322;865;1322;Description;AAAAAAAAAAA;undefined;OTHER;OTHER
invoice-548.tiff;1;1;2480;3508;67781;1391;1270;84;52;1391;1270;1475;1270;1475;1322;1391;1322;Prix;AAAA;undefined;OTHER;OTHER
invoice-548.tiff;1;1;2480;3508;67782;1487;1270;162;52;1487;1270;1649;1270;1649;1322;1487;1322;Unitaire;AAAAAAAA;undefined;OTHER;OTHER
invoice-548.tiff;1;1;2480;3508;67783;1678;1270;101;52;1678;1270;1779;1270;1779;1322;1678;1322;Taux;AAAA;undefined;OTHER;OTHER
invoice-548.tiff;1;1;2480;3508;67784;1792;1270;45;52;1792;1270;1837;1270;1837;1322;1792;1322;de;AA;undefined;OTHER;OTHER
invoice-548.tiff;1;1;2480;3508;67785;1849;1270;96;52;1849;1270;1945;1270;1945;1322;1849;1322;TVA;AAA;undefined;OTHER;OTHER
invoice-548.tiff;1;1;2480;3508;67786;1980;1270;170;52;1980;1270;2150;1270;2150;1322;1980;1322;Montant;AAAAAAA;undefined;OTHER;OTHER
invoice-548.tiff;1;1;2480;3508;67787;2162;1270;66;52;2162;1270;2228;1270;2228;1322;2162;1322;HT;AA;undefined;OTHER;OTHER
invoice-548.tiff;1;1;2480;3508;67788;197;1344;20;48;197;1344;217;1344;217;1392;197;1392;1;N;undefined;OTHER;OTHER
invoice-548.tiff;1;1;2480;3508;67789;427;1344;20;48;427;1344;447;1344;447;1392;427;1392;1;N;undefined;OTHER;OTHER
invoice-548.tiff;1;1;2480;3508;67790;583;1344;57;48;583;1344;640;1344;640;1392;583;1392;TV;AA;undefined;OTHER;OTHER
invoice-548.tiff;1;1;2480;3508;67791;651;1344;85;48;651;1344;736;1344;736;1392;651;1392;LED;AAA;undefined;OTHER;OTHER
invoice-548.tiff;1;1;2480;3508;67792;747;1344;162;48;747;1344;909;1344;909;1392;747;1392;Samsung;AAAAAAA;undefined;OTHER;OTHER
invoice-548.tiff;1;1;2480;3508;67793;920;1344;222;48;920;1344;1142;1344;1142;1392;920;1392;UE40M5005;AANNANNNN;undefined;OTHER;OTHER
invoice-548.tiff;1;1;2480;3508;67794;1447;1344;114;48;1447;1344;1561;1344;1561;1392;1447;1392;374,17;NNNSNN;undefined;OTHER;OTHER
invoice-548.tiff;1;1;2480;3508;67795;1572;1344;20;48;1572;1344;1592;1344;1592;1392;1572;1392;$;S;undefined;OTHER;OTHER
invoice-548.tiff;1;1;2480;3508;67796;1755;1344;114;48;1755;1344;1869;1344;1869;1392;1755;1392;20.0%;NNSNS;undefined;OTHER;OTHER
invoice-548.tiff;1;1;2480;3508;67797;2031;1344;114;48;2031;1344;2145;1344;2145;1392;2031;1392;374,17;NNNSNN;undefined;OTHER;OTHER
invoice-548.tiff;1;1;2480;3508;67798;2156;1344;20;48;2156;1344;2176;1344;2176;1392;2156;1392;$;S;undefined;OTHER;OTHER
invoice-548.tiff;1;1;2480;3508;67799;197;1433;20;48;197;1433;217;1433;217;1481;197;1481;2;N;undefined;OTHER;OTHER
invoice-548.tiff;1;1;2480;3508;67800;427;1433;20;48;427;1433;447;1433;447;1481;427;1481;1;N;undefined;OTHER;OTHER
invoice-548.tiff;1;1;2480;3508;67801;583;1433;136;48;583;1433;719;1433;719;1481;583;1481;Protège;AAAAAAA;undefined;OTHER;OTHER
invoice-548.tiff;1;1;2480;3508;67802;730;1433;99;48;730;1433;829;1433;829;1481;730;1481;écran;AAAAA;undefined;OTHER;OTHER
invoice-548.tiff;1;1;2480;3508;67803;840;1433;87;48;840;1433;927;1433;927;1481;840;1481;Puro;AAAA;undefined;OTHER;OTHER
invoice-548.tiff;1;1;2480;3508;67804;938;1433;122;48;938;1433;1060;1433;1060;1481;938;1481;iPhone;AAAAAA;undefined;OTHER;OTHER
invoice-548.tiff;1;1;2480;3508;67805;1071;1433;53;48;1071;1433;1124;1433;1124;1481;1071;1481;7/8;NSN;undefined;OTHER;OTHER
invoice-548.tiff;1;1;2480;3508;67806;1135;1433;76;48;1135;1433;1211;1433;1211;1481;1135;1481;Plus;AAAA;undefined;OTHER;OTHER
invoice-548.tiff;1;1;2480;3508;67807;1222;1433;94;48;1222;1433;1316;1433;1316;1481;1222;1481;verre;AAAAA;undefined;OTHER;OTHER
invoice-548.tiff;1;1;2480;3508;67809;1458;1433;93;48;1458;1433;1551;1433;1551;1481;1458;1481;10,82;NNSNN;undefined;OTHER;OTHER
invoice-548.tiff;1;1;2480;3508;67810;1562;1433;20;48;1562;1433;1582;1433;1582;1481;1562;1481;$;S;undefined;OTHER;OTHER
invoice-548.tiff;1;1;2480;3508;67811;1755;1433;114;48;1755;1433;1869;1433;1869;1481;1755;1481;20.0%;NNSNS;undefined;OTHER;OTHER
invoice-548.tiff;1;1;2480;3508;67812;2041;1433;93;48;2041;1433;2134;1433;2134;1481;2041;1481;10,82;NNSNN;undefined;OTHER;OTHER
invoice-548.tiff;1;1;2480;3508;67813;2145;1433;20;48;2145;1433;2165;1433;2165;1481;2145;1481;$;S;undefined;OTHER;OTHER
invoice-548.tiff;1;1;2480;3508;67808;583;1481;127;48;583;1481;710;1481;710;1529;583;1529;trempé;AAAAAA;undefined;OTHER;OTHER
invoice-548.tiff;1;1;2480;3508;67814;1772;1613;170;52;1772;1613;1942;1613;1942;1665;1772;1665;Montant;AAAAAAA;undefined;OTHER;OTHER
invoice-548.tiff;1;1;2480;3508;67815;1954;1613;66;52;1954;1613;2020;1613;2020;1665;1954;1665;HT;AA;undefined;OTHER;OTHER
invoice-548.tiff;1;1;2480;3508;67816;2062;1613;114;48;2062;1613;2176;1613;2176;1661;2062;1661;384,99;NNNSNN;TWTX;TOTAL_WITHOUT_TAX;TWTXS
invoice-548.tiff;1;1;2480;3508;67817;2187;1613;20;48;2187;1613;2207;1613;2207;1661;2187;1661;$;S;TWTX;TOTAL_WITHOUT_TAX;TWTXS
invoice-548.tiff;1;1;2480;3508;67818;1944;1666;96;52;1944;1666;2040;1666;2040;1718;1944;1718;TVA;AAA;undefined;OTHER;OTHER
invoice-548.tiff;1;1;2480;3508;67819;2083;1666;93;48;2083;1666;2176;1666;2176;1714;2083;1714;77,00;NNSNN;TTX;TOTAL_TAX;Total Tax
invoice-548.tiff;1;1;2480;3508;67820;2187;1666;20;48;2187;1666;2207;1666;2207;1714;2187;1714;$;S;TTX;TOTAL_TAX;Total Tax
invoice-548.tiff;1;1;2480;3508;67821;1810;1718;104;52;1810;1718;1914;1718;1914;1770;1810;1770;Total;AAAAA;undefined;OTHER;OTHER
invoice-548.tiff;1;1;2480;3508;67822;1926;1718;94;52;1926;1718;2020;1718;2020;1770;1926;1770;TTC;AAA;undefined;OTHER;OTHER
invoice-548.tiff;1;1;2480;3508;67823;2062;1718;114;48;2062;1718;2176;1718;2176;1766;2062;1766;461,99;NNNSNN;TA;TOTAL_AMOUNT;Total with TAX
invoice-548.tiff;1;1;2480;3508;67824;2187;1718;20;48;2187;1718;2207;1718;2207;1766;2187;1766;$;S;TA;TOTAL_AMOUNT;Total with TAX
invoice-548.tiff;1;1;2480;3508;67825;124;3175;199;48;124;3175;323;3175;323;3223;124;3223;DOMITYS;AAAAAAA;SN;SUPPLIER_NAME;Seller/Company) name
invoice-548.tiff;1;1;2480;3508;67826;334;3175;157;48;334;3175;491;3175;491;3223;334;3223;L'OREE;ASAAAA;SN;SUPPLIER_NAME;Seller/Company) name
invoice-548.tiff;1;1;2480;3508;67827;502;3175;60;48;502;3175;562;3175;562;3223;502;3223;DU;AA;SN;SUPPLIER_NAME;Seller/Company) name
invoice-548.tiff;1;1;2480;3508;67828;572;3175;99;48;572;3175;671;3175;671;3223;572;3223;BOIS;AAAA;SN;SUPPLIER_NAME;Seller/Company) name
invoice-548.tiff;1;1;2480;3508;67829;124;3223;20;45;124;3223;144;3223;144;3268;124;3268;9;N;SA;SUPPLIER_ADDRESS;Seller Address
invoice-548.tiff;1;1;2480;3508;67830;156;3223;81;45;156;3223;237;3223;237;3268;156;3268;RUE;AAA;SA;SUPPLIER_ADDRESS;Seller Address
invoice-548.tiff;1;1;2480;3508;67831;247;3223;136;45;247;3223;383;3223;383;3268;247;3268;ROGER;AAAAA;SA;SUPPLIER_ADDRESS;Seller Address
invoice-548.tiff;1;1;2480;3508;67832;394;3223;122;45;394;3223;516;3223;516;3268;394;3268;HENRI;AAAAA;SA;SUPPLIER_ADDRESS;Seller Address
invoice-548.tiff;1;1;2480;3508;67833;527;3223;219;45;527;3223;746;3223;746;3268;527;3268;GUERRAND;AAAAAAAA;SA;SUPPLIER_ADDRESS;Seller Address
invoice-548.tiff;1;1;2480;3508;67834;755;3223;104;45;755;3223;859;3223;859;3268;755;3268;35000;NNNNN;SA;SUPPLIER_ADDRESS;Seller Address
invoice-548.tiff;1;1;2480;3508;67835;868;3223;152;45;868;3223;1020;3223;1020;3268;868;3268;RENNES;AAAAAA;SA;SUPPLIER_ADDRESS;Seller Address
invoice-548.tiff;1;1;2480;3508;67836;1029;3223;157;45;1029;3223;1186;3223;1186;3268;1029;3268;FRANCE;AAAAAA;SA;SUPPLIER_ADDRESS;Seller Address
