src;num_pages;page_id;page_width;page_height;id;col;row;width;height;x1;y1;x2;y2;x3;y3;x4;y4;contents;contents_masked;correctclass;tag;description
invoice-3273.tiff;1;1;2480;3508;402711;124;62;575;175;124;62;699;62;699;237;124;237;common/logo;AAAAAASAAAA;img;IMAGE;Image
invoice-3273.tiff;1;1;2480;3508;402712;833;237;106;45;833;237;939;237;939;282;833;282;Phone;AAAAA;undefined;OTHER;OTHER
invoice-3273.tiff;1;1;2480;3508;402713;1002;237;69;45;1002;237;1071;237;1071;282;1002;282;+33;SNN;SCN;SUPPLIER_CONTACT_NUMBER;Seller Contact Number
invoice-3273.tiff;1;1;2480;3508;402714;1082;237;48;45;1082;237;1130;237;1130;282;1082;282;(0);SNS;SCN;SUPPLIER_CONTACT_NUMBER;Seller Contact Number
invoice-3273.tiff;1;1;2480;3508;402715;1141;237;20;45;1141;237;1161;237;1161;282;1141;282;8;N;SCN;SUPPLIER_CONTACT_NUMBER;Seller Contact Number
invoice-3273.tiff;1;1;2480;3508;402716;1172;237;41;45;1172;237;1213;237;1213;282;1172;282;89;NN;SCN;SUPPLIER_CONTACT_NUMBER;Seller Contact Number
invoice-3273.tiff;1;1;2480;3508;402717;1224;237;41;45;1224;237;1265;237;1265;282;1224;282;69;NN;SCN;SUPPLIER_CONTACT_NUMBER;Seller Contact Number
invoice-3273.tiff;1;1;2480;3508;402718;1276;237;41;45;1276;237;1317;237;1317;282;1276;282;49;NN;SCN;SUPPLIER_CONTACT_NUMBER;Seller Contact Number
invoice-3273.tiff;1;1;2480;3508;402719;1329;237;41;45;1329;237;1370;237;1370;282;1329;282;49;NN;SCN;SUPPLIER_CONTACT_NUMBER;Seller Contact Number
invoice-3273.tiff;1;1;2480;3508;402728;1541;237;60;48;1541;237;1601;237;1601;285;1541;285;UN;AA;SN;SUPPLIER_NAME;Seller/Company) name
invoice-3273.tiff;1;1;2480;3508;402729;1612;237;113;48;1612;237;1725;237;1725;285;1612;285;JOUR;AAAA;SN;SUPPLIER_NAME;Seller/Company) name
invoice-3273.tiff;1;1;2480;3508;402730;1736;237;212;48;1736;237;1948;237;1948;285;1736;285;AILLEURS;AAAAAAAA;SN;SUPPLIER_NAME;Seller/Company) name
invoice-3273.tiff;1;1;2480;3508;402720;833;283;64;45;833;283;897;283;897;328;833;328;Fax;AAA;undefined;OTHER;OTHER
invoice-3273.tiff;1;1;2480;3508;402721;960;283;69;45;960;283;1029;283;1029;328;960;328;+33;SNN;SFAX;SUPPLIER_FAX_NUMBER;Seller Fax Number
invoice-3273.tiff;1;1;2480;3508;402722;1040;283;48;45;1040;283;1088;283;1088;328;1040;328;(0);SNS;SFAX;SUPPLIER_FAX_NUMBER;Seller Fax Number
invoice-3273.tiff;1;1;2480;3508;402723;1099;283;20;45;1099;283;1119;283;1119;328;1099;328;8;N;SFAX;SUPPLIER_FAX_NUMBER;Seller Fax Number
invoice-3273.tiff;1;1;2480;3508;402724;1131;283;41;45;1131;283;1172;283;1172;328;1131;328;89;NN;SFAX;SUPPLIER_FAX_NUMBER;Seller Fax Number
invoice-3273.tiff;1;1;2480;3508;402725;1183;283;41;45;1183;283;1224;283;1224;328;1183;328;69;NN;SFAX;SUPPLIER_FAX_NUMBER;Seller Fax Number
invoice-3273.tiff;1;1;2480;3508;402726;1235;283;41;45;1235;283;1276;283;1276;328;1235;328;16;NN;SFAX;SUPPLIER_FAX_NUMBER;Seller Fax Number
invoice-3273.tiff;1;1;2480;3508;402727;1287;283;41;45;1287;283;1328;283;1328;328;1287;328;98;NN;SFAX;SUPPLIER_FAX_NUMBER;Seller Fax Number
invoice-3273.tiff;1;1;2480;3508;402731;1541;285;81;45;1541;285;1622;285;1622;330;1541;330;RUE;AAA;SA;SUPPLIER_ADDRESS;Seller Address
invoice-3273.tiff;1;1;2480;3508;402732;1633;285;55;45;1633;285;1688;285;1688;330;1633;330;DE;AA;SA;SUPPLIER_ADDRESS;Seller Address
invoice-3273.tiff;1;1;2480;3508;402733;1699;285;23;45;1699;285;1722;285;1722;330;1699;330;L;A;SA;SUPPLIER_ADDRESS;Seller Address
invoice-3273.tiff;1;1;2480;3508;402734;1732;285;166;45;1732;285;1898;285;1898;330;1732;330;EGALITE;AAAAAAA;SA;SUPPLIER_ADDRESS;Seller Address
invoice-3273.tiff;1;1;2480;3508;402735;1541;331;104;45;1541;331;1645;331;1645;376;1541;376;59155;NNNNN;SA;SUPPLIER_ADDRESS;Seller Address
invoice-3273.tiff;1;1;2480;3508;402736;1687;331;155;45;1687;331;1842;331;1842;376;1687;376;FACHES;AAAAAA;SA;SUPPLIER_ADDRESS;Seller Address
invoice-3273.tiff;1;1;2480;3508;402737;1852;331;229;45;1852;331;2081;331;2081;376;1852;376;THUMESNIL;AAAAAAAAA;SA;SUPPLIER_ADDRESS;Seller Address
invoice-3273.tiff;1;1;2480;3508;402738;1541;377;157;45;1541;377;1698;377;1698;422;1541;422;FRANCE;AAAAAA;SA;SUPPLIER_ADDRESS;Seller Address
invoice-3273.tiff;1;1;2480;3508;402755;1541;749;125;57;1541;749;1666;749;1666;806;1541;806;Billed;AAAAAA;undefined;OTHER;OTHER
invoice-3273.tiff;1;1;2480;3508;402756;1679;749;58;57;1679;749;1737;749;1737;806;1679;806;To;AA;undefined;OTHER;OTHER
invoice-3273.tiff;1;1;2480;3508;402757;1541;807;182;48;1541;807;1723;807;1723;855;1541;855;Genevieve;AAAAAAAAA;BN;BILLING_NAME;Billing Name
invoice-3273.tiff;1;1;2480;3508;402758;1734;807;131;48;1734;807;1865;807;1865;855;1734;855;Wisozk;AAAAAA;BN;BILLING_NAME;Billing Name
invoice-3273.tiff;1;1;2480;3508;402739;124;829;142;52;124;829;266;829;266;881;124;881;Invoice;AAAAAAA;undefined;OTHER;OTHER
invoice-3273.tiff;1;1;2480;3508;402740;279;829;50;52;279;829;329;829;329;881;279;881;ID;AA;undefined;OTHER;OTHER
invoice-3273.tiff;1;1;2480;3508;402741;750;829;261;46;750;829;1011;829;1011;875;750;875;FV2011000793;AANNNNNNNNNN;IN;INVOICE_NUMBER;Invoice Number
invoice-3273.tiff;1;1;2480;3508;402759;1541;855;52;45;1541;855;1593;855;1593;900;1541;900;30,;NNS;BA;BILLING_ADDRESS;Billing Address
invoice-3273.tiff;1;1;2480;3508;402760;1604;855;55;45;1604;855;1659;855;1659;900;1604;900;rue;AAA;BA;BILLING_ADDRESS;Billing Address
invoice-3273.tiff;1;1;2480;3508;402761;1670;855;39;45;1670;855;1709;855;1709;900;1670;900;de;AA;BA;BILLING_ADDRESS;Billing Address
invoice-3273.tiff;1;1;2480;3508;402762;1719;855;32;45;1719;855;1751;855;1751;900;1719;900;la;AA;BA;BILLING_ADDRESS;Billing Address
invoice-3273.tiff;1;1;2480;3508;402763;1762;855;150;45;1762;855;1912;855;1912;900;1762;900;douiterie;AAAAAAAAA;BA;BILLING_ADDRESS;Billing Address
invoice-3273.tiff;1;1;2480;3508;402764;1541;901;104;45;1541;901;1645;901;1645;946;1541;946;14210;NNNNN;BA;BILLING_ADDRESS;Billing Address
invoice-3273.tiff;1;1;2480;3508;402765;1687;901;106;45;1687;901;1793;901;1793;946;1687;946;Bougy;AAAAA;BA;BILLING_ADDRESS;Billing Address
invoice-3273.tiff;1;1;2480;3508;402742;124;903;117;52;124;903;241;903;241;955;124;955;Dated;AAAAA;undefined;OTHER;OTHER
invoice-3273.tiff;1;1;2480;3508;402743;750;903;50;46;750;903;800;903;800;949;750;949;oct;AAA;IDATE;INVOICE_DATE;Invoice Date
invoice-3273.tiff;1;1;2480;3508;402744;811;903;52;46;811;903;863;903;863;949;811;949;14,;NNS;IDATE;INVOICE_DATE;Invoice Date
invoice-3273.tiff;1;1;2480;3508;402745;873;903;83;46;873;903;956;903;956;949;873;949;1990;NNNN;IDATE;INVOICE_DATE;Invoice Date
invoice-3273.tiff;1;1;2480;3508;402766;1541;946;120;45;1541;946;1661;946;1661;991;1541;991;France;AAAAAA;BA;BILLING_ADDRESS;Billing Address
invoice-3273.tiff;1;1;2480;3508;402746;124;976;119;52;124;976;243;976;243;1028;124;1028;Client;AAAAAA;undefined;OTHER;OTHER
invoice-3273.tiff;1;1;2480;3508;402747;256;976;50;52;256;976;306;976;306;1028;256;1028;ID;AA;undefined;OTHER;OTHER
invoice-3273.tiff;1;1;2480;3508;402748;750;976;199;46;750;976;949;976;949;1022;750;1022;CL1020008;AANNNNNNN;CNUM;CLIENT_NUMBER;Client Number
invoice-3273.tiff;1;1;2480;3508;402767;1541;1034;175;57;1541;1034;1716;1034;1716;1091;1541;1091;Shipped;AAAAAAA;undefined;OTHER;OTHER
invoice-3273.tiff;1;1;2480;3508;402768;1729;1034;58;57;1729;1034;1787;1034;1787;1091;1729;1091;To;AA;undefined;OTHER;OTHER
invoice-3273.tiff;1;1;2480;3508;402749;124;1050;122;52;124;1050;246;1050;246;1102;124;1102;Order;AAAAA;undefined;OTHER;OTHER
invoice-3273.tiff;1;1;2480;3508;402750;258;1050;50;52;258;1050;308;1050;308;1102;258;1102;ID;AA;undefined;OTHER;OTHER
invoice-3273.tiff;1;1;2480;3508;402751;750;1050;203;46;750;1050;953;1050;953;1096;750;1096;CD2013001;AANNNNNNN;ONUM;ORDER_NUMBER;Order Number
invoice-3273.tiff;1;1;2480;3508;402769;1541;1092;182;48;1541;1092;1723;1092;1723;1140;1541;1140;Genevieve;AAAAAAAAA;SHN;SHIPPING_NAME;Shipping Name
invoice-3273.tiff;1;1;2480;3508;402770;1734;1092;131;48;1734;1092;1865;1092;1865;1140;1734;1140;Wisozk;AAAAAA;SHN;SHIPPING_NAME;Shipping Name
invoice-3273.tiff;1;1;2480;3508;402752;124;1124;173;52;124;1124;297;1124;297;1176;124;1176;Payment;AAAAAAA;undefined;OTHER;OTHER
invoice-3273.tiff;1;1;2480;3508;402753;309;1124;124;52;309;1124;433;1124;433;1176;309;1176;means;AAAAA;undefined;OTHER;OTHER
invoice-3273.tiff;1;1;2480;3508;402754;750;1124;127;46;750;1124;877;1124;877;1170;750;1170;Cheque;AAAAAA;PMODE;PAYMENT_MODE;Payment Mode
invoice-3273.tiff;1;1;2480;3508;402771;1541;1140;52;45;1541;1140;1593;1140;1593;1185;1541;1185;30,;NNS;SHA;SHIPPING_ADDRESS;Shipping Address
invoice-3273.tiff;1;1;2480;3508;402772;1604;1140;55;45;1604;1140;1659;1140;1659;1185;1604;1185;rue;AAA;SHA;SHIPPING_ADDRESS;Shipping Address
invoice-3273.tiff;1;1;2480;3508;402773;1670;1140;39;45;1670;1140;1709;1140;1709;1185;1670;1185;de;AA;SHA;SHIPPING_ADDRESS;Shipping Address
invoice-3273.tiff;1;1;2480;3508;402774;1719;1140;32;45;1719;1140;1751;1140;1751;1185;1719;1185;la;AA;SHA;SHIPPING_ADDRESS;Shipping Address
invoice-3273.tiff;1;1;2480;3508;402775;1762;1140;150;45;1762;1140;1912;1140;1912;1185;1762;1185;douiterie;AAAAAAAAA;SHA;SHIPPING_ADDRESS;Shipping Address
invoice-3273.tiff;1;1;2480;3508;402776;1541;1185;104;45;1541;1185;1645;1185;1645;1230;1541;1230;14210;NNNNN;SHA;SHIPPING_ADDRESS;Shipping Address
invoice-3273.tiff;1;1;2480;3508;402777;1687;1185;106;45;1687;1185;1793;1185;1793;1230;1687;1230;Bougy;AAAAA;SHA;SHIPPING_ADDRESS;Shipping Address
invoice-3273.tiff;1;1;2480;3508;402778;1541;1231;120;45;1541;1231;1661;1231;1661;1276;1541;1276;France;AAAAAA;SHA;SHIPPING_ADDRESS;Shipping Address
invoice-3273.tiff;1;1;2480;3508;402779;213;1555;73;52;213;1555;286;1555;286;1607;213;1607;Qty;AAA;undefined;OTHER;OTHER
invoice-3273.tiff;1;1;2480;3508;402780;690;1555;244;52;690;1555;934;1555;934;1607;690;1607;Descriptions;AAAAAAAAAAAA;undefined;OTHER;OTHER
invoice-3273.tiff;1;1;2480;3508;402781;1374;1555;84;52;1374;1555;1458;1555;1458;1607;1374;1607;U.P.;ASAS;undefined;OTHER;OTHER
invoice-3273.tiff;1;1;2480;3508;402782;1646;1555;206;52;1646;1555;1852;1555;1852;1607;1646;1607;VAT/TVA;AAASAAA;undefined;OTHER;OTHER
invoice-3273.tiff;1;1;2480;3508;402783;2003;1555;160;52;2003;1555;2163;1555;2163;1607;2003;1607;Amount;AAAAAA;undefined;OTHER;OTHER
invoice-3273.tiff;1;1;2480;3508;402784;239;1628;20;48;239;1628;259;1628;259;1676;239;1676;4;N;undefined;OTHER;OTHER
invoice-3273.tiff;1;1;2480;3508;402785;375;1628;171;48;375;1628;546;1628;546;1676;375;1676;Tondeuse;AAAAAAAA;undefined;OTHER;OTHER
invoice-3273.tiff;1;1;2480;3508;402786;556;1628;143;48;556;1628;699;1628;699;1676;556;1676;cheveux;AAAAAAA;undefined;OTHER;OTHER
invoice-3273.tiff;1;1;2480;3508;402787;710;1628;196;48;710;1628;906;1628;906;1676;710;1676;Remington;AAAAAAAAA;undefined;OTHER;OTHER
invoice-3273.tiff;1;1;2480;3508;402788;917;1628;145;48;917;1628;1062;1628;1062;1676;917;1676;HC4250;AANNNN;undefined;OTHER;OTHER
invoice-3273.tiff;1;1;2480;3508;402789;1354;1628;93;48;1354;1628;1447;1628;1447;1676;1354;1676;41,66;NNSNN;undefined;OTHER;OTHER
invoice-3273.tiff;1;1;2480;3508;402790;1458;1628;20;48;1458;1628;1478;1628;1478;1676;1458;1676;$;S;undefined;OTHER;OTHER
invoice-3273.tiff;1;1;2480;3508;402791;1692;1628;114;48;1692;1628;1806;1628;1806;1676;1692;1676;20.0%;NNSNS;undefined;OTHER;OTHER
invoice-3273.tiff;1;1;2480;3508;402792;2010;1628;114;48;2010;1628;2124;1628;2124;1676;2010;1676;166,63;NNNSNN;undefined;OTHER;OTHER
invoice-3273.tiff;1;1;2480;3508;402793;2135;1628;20;48;2135;1628;2155;1628;2155;1676;2135;1676;$;S;undefined;OTHER;OTHER
invoice-3273.tiff;1;1;2480;3508;402794;239;1718;20;48;239;1718;259;1718;259;1766;239;1766;3;N;undefined;OTHER;OTHER
invoice-3273.tiff;1;1;2480;3508;402795;375;1718;55;48;375;1718;430;1718;430;1766;375;1766;PC;AA;undefined;OTHER;OTHER
invoice-3273.tiff;1;1;2480;3508;402796;440;1718;148;48;440;1718;588;1718;588;1766;440;1766;Hybride;AAAAAAA;undefined;OTHER;OTHER
invoice-3273.tiff;1;1;2480;3508;402797;599;1718;185;48;599;1718;784;1718;784;1766;599;1766;Ordissimo;AAAAAAAAA;undefined;OTHER;OTHER
invoice-3273.tiff;1;1;2480;3508;402798;795;1718;124;48;795;1718;919;1718;919;1766;795;1766;JULIA;AAAAA;undefined;OTHER;OTHER
invoice-3273.tiff;1;1;2480;3508;402799;930;1718;171;48;930;1718;1101;1718;1101;1766;930;1766;ART0336;AAANNNN;undefined;OTHER;OTHER
invoice-3273.tiff;1;1;2480;3508;402800;1343;1718;114;48;1343;1718;1457;1718;1457;1766;1343;1766;415,83;NNNSNN;undefined;OTHER;OTHER
invoice-3273.tiff;1;1;2480;3508;402801;1468;1718;20;48;1468;1718;1488;1718;1488;1766;1468;1766;$;S;undefined;OTHER;OTHER
invoice-3273.tiff;1;1;2480;3508;402802;1692;1718;114;48;1692;1718;1806;1718;1806;1766;1692;1766;20.0%;NNSNS;undefined;OTHER;OTHER
invoice-3273.tiff;1;1;2480;3508;402803;1999;1718;135;48;1999;1718;2134;1718;2134;1766;1999;1766;1247,50;NNNNSNN;undefined;OTHER;OTHER
invoice-3273.tiff;1;1;2480;3508;402804;2145;1718;20;48;2145;1718;2165;1718;2165;1766;2145;1766;$;S;undefined;OTHER;OTHER
invoice-3273.tiff;1;1;2480;3508;402805;239;1808;20;48;239;1808;259;1808;259;1856;239;1856;2;N;undefined;OTHER;OTHER
invoice-3273.tiff;1;1;2480;3508;402806;375;1808;148;48;375;1808;523;1808;523;1856;375;1856;Clayette;AAAAAAAA;undefined;OTHER;OTHER
invoice-3273.tiff;1;1;2480;3508;402807;533;1808;159;48;533;1808;692;1808;692;1856;533;1856;Liebherr;AAAAAAAA;undefined;OTHER;OTHER
invoice-3273.tiff;1;1;2480;3508;402808;703;1808;148;48;703;1808;851;1808;851;1856;703;1856;Clayette;AAAAAAAA;undefined;OTHER;OTHER
invoice-3273.tiff;1;1;2480;3508;402809;862;1808;41;48;862;1808;903;1808;903;1856;862;1856;de;AA;undefined;OTHER;OTHER
invoice-3273.tiff;1;1;2480;3508;402810;914;1808;222;48;914;1808;1136;1808;1136;1856;914;1856;présentation;AAAAAAAAAAAA;undefined;OTHER;OTHER
invoice-3273.tiff;1;1;2480;3508;402812;1343;1808;114;48;1343;1808;1457;1808;1457;1856;1343;1856;120,75;NNNSNN;undefined;OTHER;OTHER
invoice-3273.tiff;1;1;2480;3508;402813;1468;1808;20;48;1468;1808;1488;1808;1488;1856;1468;1856;$;S;undefined;OTHER;OTHER
invoice-3273.tiff;1;1;2480;3508;402814;1692;1808;114;48;1692;1808;1806;1808;1806;1856;1692;1856;20.0%;NNSNS;undefined;OTHER;OTHER
invoice-3273.tiff;1;1;2480;3508;402815;2010;1808;114;48;2010;1808;2124;1808;2124;1856;2010;1856;241,50;NNNSNN;undefined;OTHER;OTHER
invoice-3273.tiff;1;1;2480;3508;402816;2135;1808;20;48;2135;1808;2155;1808;2155;1856;2135;1856;$;S;undefined;OTHER;OTHER
invoice-3273.tiff;1;1;2480;3508;402811;375;1856;189;48;375;1856;564;1856;564;1904;375;1904;GrandCru;AAAAAAAA;undefined;OTHER;OTHER
invoice-3273.tiff;1;1;2480;3508;402817;1849;1987;150;51;1849;1987;1999;1987;1999;2038;1849;2038;Amount;AAAAAA;undefined;OTHER;OTHER
invoice-3273.tiff;1;1;2480;3508;402818;2041;1987;135;46;2041;1987;2176;1987;2176;2033;2041;2033;1655,63;NNNNSNN;TWTX;TOTAL_WITHOUT_TAX;TWTXS
invoice-3273.tiff;1;1;2480;3508;402819;2187;1987;20;46;2187;1987;2207;1987;2207;2033;2187;2033;$;S;TWTX;TOTAL_WITHOUT_TAX;TWTXS
invoice-3273.tiff;1;1;2480;3508;402820;1764;2038;94;51;1764;2038;1858;2038;1858;2089;1764;2089;TVA;AAA;undefined;OTHER;OTHER
invoice-3273.tiff;1;1;2480;3508;402821;1870;2038;150;51;1870;2038;2020;2038;2020;2089;1870;2089;Amount;AAAAAA;undefined;OTHER;OTHER
invoice-3273.tiff;1;1;2480;3508;402822;2062;2038;114;46;2062;2038;2176;2038;2176;2084;2062;2084;331,13;NNNSNN;TTX;TOTAL_TAX;Total Tax
invoice-3273.tiff;1;1;2480;3508;402823;2187;2038;20;46;2187;2038;2207;2038;2207;2084;2187;2084;$;S;TTX;TOTAL_TAX;Total Tax
invoice-3273.tiff;1;1;2480;3508;402824;1741;2090;96;51;1741;2090;1837;2090;1837;2141;1741;2141;Total;AAAAA;undefined;OTHER;OTHER
invoice-3273.tiff;1;1;2480;3508;402825;1849;2090;150;51;1849;2090;1999;2090;1999;2141;1849;2141;Amount;AAAAAA;undefined;OTHER;OTHER
invoice-3273.tiff;1;1;2480;3508;402826;2041;2090;135;46;2041;2090;2176;2090;2176;2136;2041;2136;1986,76;NNNNSNN;TA;TOTAL_AMOUNT;Total with TAX
invoice-3273.tiff;1;1;2480;3508;402827;2187;2090;20;46;2187;2090;2207;2090;2207;2136;2187;2136;$;S;TA;TOTAL_AMOUNT;Total with TAX
invoice-3273.tiff;1;1;2480;3508;402828;124;3154;60;48;124;3154;184;3154;184;3202;124;3202;UN;AA;SN;SUPPLIER_NAME;Seller/Company) name
invoice-3273.tiff;1;1;2480;3508;402829;195;3154;113;48;195;3154;308;3154;308;3202;195;3202;JOUR;AAAA;SN;SUPPLIER_NAME;Seller/Company) name
invoice-3273.tiff;1;1;2480;3508;402830;319;3154;212;48;319;3154;531;3154;531;3202;319;3202;AILLEURS;AAAAAAAA;SN;SUPPLIER_NAME;Seller/Company) name
invoice-3273.tiff;1;1;2480;3508;402831;124;3202;81;45;124;3202;205;3202;205;3247;124;3247;RUE;AAA;SA;SUPPLIER_ADDRESS;Seller Address
invoice-3273.tiff;1;1;2480;3508;402832;216;3202;55;45;216;3202;271;3202;271;3247;216;3247;DE;AA;SA;SUPPLIER_ADDRESS;Seller Address
invoice-3273.tiff;1;1;2480;3508;402833;282;3202;23;45;282;3202;305;3202;305;3247;282;3247;L;A;SA;SUPPLIER_ADDRESS;Seller Address
invoice-3273.tiff;1;1;2480;3508;402834;315;3202;166;45;315;3202;481;3202;481;3247;315;3247;EGALITE;AAAAAAA;SA;SUPPLIER_ADDRESS;Seller Address
invoice-3273.tiff;1;1;2480;3508;402835;490;3202;104;45;490;3202;594;3202;594;3247;490;3247;59155;NNNNN;SA;SUPPLIER_ADDRESS;Seller Address
invoice-3273.tiff;1;1;2480;3508;402836;603;3202;155;45;603;3202;758;3202;758;3247;603;3247;FACHES;AAAAAA;SA;SUPPLIER_ADDRESS;Seller Address
invoice-3273.tiff;1;1;2480;3508;402837;768;3202;229;45;768;3202;997;3202;997;3247;768;3247;THUMESNIL;AAAAAAAAA;SA;SUPPLIER_ADDRESS;Seller Address
invoice-3273.tiff;1;1;2480;3508;402838;1006;3202;157;45;1006;3202;1163;3202;1163;3247;1006;3247;FRANCE;AAAAAA;SA;SUPPLIER_ADDRESS;Seller Address
