src;num_pages;page_id;page_width;page_height;id;col;row;width;height;x1;y1;x2;y2;x3;y3;x4;y4;contents;contents_masked;correctclass;tag;description
invoice-1035.tiff;1;1;2480;3508;127268;124;62;332;175;124;62;456;62;456;237;124;237;common/logo;AAAAAASAAAA;img;IMAGE;Image
invoice-1035.tiff;1;1;2480;3508;127283;1541;270;172;59;1541;270;1713;270;1713;329;1541;329;Invoice;AAAAAAA;undefined;OTHER;OTHER
invoice-1035.tiff;1;1;2480;3508;127284;1727;270;80;59;1727;270;1807;270;1807;329;1727;329;No.;AAS;undefined;OTHER;OTHER
invoice-1035.tiff;1;1;2480;3508;127285;1870;270;178;52;1870;270;2048;270;2048;322;1870;322;1457198;NNNNNNN;IN;INVOICE_NUMBER;Invoice Number
invoice-1035.tiff;1;1;2480;3508;127269;124;412;340;49;124;412;464;412;464;461;124;461;RASSURE-TOITS;AAAAAAASAAAAA;SN;SUPPLIER_NAME;Seller/Company) name
invoice-1035.tiff;1;1;2480;3508;127270;124;462;46;48;124;462;170;462;170;510;124;510;18;NN;SA;SUPPLIER_ADDRESS;Seller Address
invoice-1035.tiff;1;1;2480;3508;127271;182;462;87;48;182;462;269;462;269;510;182;510;RUE;AAA;SA;SUPPLIER_ADDRESS;Seller Address
invoice-1035.tiff;1;1;2480;3508;127272;282;462;57;48;282;462;339;462;339;510;282;510;DE;AA;SA;SUPPLIER_ADDRESS;Seller Address
invoice-1035.tiff;1;1;2480;3508;127273;351;462;175;48;351;462;526;462;526;510;351;510;VERDUN;AAAAAA;SA;SUPPLIER_ADDRESS;Seller Address
invoice-1035.tiff;1;1;2480;3508;127274;536;462;13;48;536;462;549;462;549;510;536;510;-;S;SA;SUPPLIER_ADDRESS;Seller Address
invoice-1035.tiff;1;1;2480;3508;127275;561;462;115;48;561;462;676;462;676;510;561;510;25290;NNNNN;SA;SUPPLIER_ADDRESS;Seller Address
invoice-1035.tiff;1;1;2480;3508;127276;697;462;178;48;697;462;875;462;875;510;697;510;ORNANS;AAAAAA;SA;SUPPLIER_ADDRESS;Seller Address
invoice-1035.tiff;1;1;2480;3508;127277;883;462;13;48;883;462;896;462;896;510;883;510;-;S;SA;SUPPLIER_ADDRESS;Seller Address
invoice-1035.tiff;1;1;2480;3508;127278;909;462;171;48;909;462;1080;462;1080;510;909;510;FRANCE;AAAAAA;SA;SUPPLIER_ADDRESS;Seller Address
invoice-1035.tiff;1;1;2480;3508;127279;124;510;120;48;124;510;244;510;244;558;124;558;Phone;AAAAA;undefined;OTHER;OTHER
invoice-1035.tiff;1;1;2480;3508;127280;270;510;287;48;270;510;557;510;557;558;270;558;07-88-52-82-90;NNSNNSNNSNNSNN;SCN;SUPPLIER_CONTACT_NUMBER;Seller Contact Number
invoice-1035.tiff;1;1;2480;3508;127281;599;510;69;48;599;510;668;510;668;558;599;558;Fax;AAA;undefined;OTHER;OTHER
invoice-1035.tiff;1;1;2480;3508;127282;693;510;287;48;693;510;980;510;980;558;693;558;07-88-52-68-10;NNSNNSNNSNNSNN;SFAX;SUPPLIER_FAX_NUMBER;Seller Fax Number
invoice-1035.tiff;1;1;2480;3508;127294;1541;895;172;59;1541;895;1713;895;1713;954;1541;954;Invoice;AAAAAAA;undefined;OTHER;OTHER
invoice-1035.tiff;1;1;2480;3508;127295;1727;895;200;59;1727;895;1927;895;1927;954;1727;954;Address;AAAAAAA;undefined;OTHER;OTHER
invoice-1035.tiff;1;1;2480;3508;127296;1541;954;143;49;1541;954;1684;954;1684;1003;1541;1003;Lavada;AAAAAA;BN;BILLING_NAME;Billing Name
invoice-1035.tiff;1;1;2480;3508;127297;1696;954;233;49;1696;954;1929;954;1929;1003;1696;1003;Swaniawski;AAAAAAAAAA;BN;BILLING_NAME;Billing Name
invoice-1035.tiff;1;1;2480;3508;127298;1541;1004;81;48;1541;1004;1622;1004;1622;1052;1541;1052;300,;NNNS;BA;BILLING_ADDRESS;Billing Address
invoice-1035.tiff;1;1;2480;3508;127299;1634;1004;60;48;1634;1004;1694;1004;1694;1052;1634;1052;rue;AAA;BA;BILLING_ADDRESS;Billing Address
invoice-1035.tiff;1;1;2480;3508;127300;1706;1004;115;48;1706;1004;1821;1004;1821;1052;1706;1052;buffon;AAAAAA;BA;BILLING_ADDRESS;Billing Address
invoice-1035.tiff;1;1;2480;3508;127301;1541;1052;115;48;1541;1052;1656;1052;1656;1100;1541;1100;34070;NNNNN;BA;BILLING_ADDRESS;Billing Address
invoice-1035.tiff;1;1;2480;3508;127302;1699;1052;203;48;1699;1052;1902;1052;1902;1100;1699;1100;Montpellier;AAAAAAAAAAA;BA;BILLING_ADDRESS;Billing Address
invoice-1035.tiff;1;1;2480;3508;127286;124;1094;127;54;124;1094;251;1094;251;1148;124;1148;Dated;AAAAA;undefined;OTHER;OTHER
invoice-1035.tiff;1;1;2480;3508;127287;750;1094;46;48;750;1094;796;1094;796;1142;750;1142;18;NN;IDATE;INVOICE_DATE;Invoice Date
invoice-1035.tiff;1;1;2480;3508;127288;807;1094;53;48;807;1094;860;1094;860;1142;807;1142;jul,;AAAS;IDATE;INVOICE_DATE;Invoice Date
invoice-1035.tiff;1;1;2480;3508;127289;872;1094;92;48;872;1094;964;1094;964;1142;872;1142;1991;NNNN;IDATE;INVOICE_DATE;Invoice Date
invoice-1035.tiff;1;1;2480;3508;127303;1541;1100;129;48;1541;1100;1670;1100;1670;1148;1541;1148;France;AAAAAA;BA;BILLING_ADDRESS;Billing Address
invoice-1035.tiff;1;1;2480;3508;127290;124;1169;135;54;124;1169;259;1169;259;1223;124;1223;Payed;AAAAA;undefined;OTHER;OTHER
invoice-1035.tiff;1;1;2480;3508;127291;272;1169;173;54;272;1169;445;1169;445;1223;272;1223;through;AAAAAAA;undefined;OTHER;OTHER
invoice-1035.tiff;1;1;2480;3508;127292;750;1169;111;48;750;1169;861;1169;861;1217;750;1217;Credit;AAAAAA;PMODE;PAYMENT_MODE;Payment Mode
invoice-1035.tiff;1;1;2480;3508;127293;872;1169;81;48;872;1169;953;1169;953;1217;872;1217;card;AAAA;PMODE;PAYMENT_MODE;Payment Mode
invoice-1035.tiff;1;1;2480;3508;127304;1541;1190;194;59;1541;1190;1735;1190;1735;1249;1541;1249;Delivery;AAAAAAAA;undefined;OTHER;OTHER
invoice-1035.tiff;1;1;2480;3508;127305;1750;1190;200;59;1750;1190;1950;1190;1950;1249;1750;1249;Address;AAAAAAA;undefined;OTHER;OTHER
invoice-1035.tiff;1;1;2480;3508;127306;1541;1250;143;49;1541;1250;1684;1250;1684;1299;1541;1299;Lavada;AAAAAA;SHN;SHIPPING_NAME;Shipping Name
invoice-1035.tiff;1;1;2480;3508;127307;1696;1250;233;49;1696;1250;1929;1250;1929;1299;1696;1299;Swaniawski;AAAAAAAAAA;SHN;SHIPPING_NAME;Shipping Name
invoice-1035.tiff;1;1;2480;3508;127308;1541;1299;81;48;1541;1299;1622;1299;1622;1347;1541;1347;300,;NNNS;SHA;SHIPPING_ADDRESS;Shipping Address
invoice-1035.tiff;1;1;2480;3508;127309;1634;1299;60;48;1634;1299;1694;1299;1694;1347;1634;1347;rue;AAA;SHA;SHIPPING_ADDRESS;Shipping Address
invoice-1035.tiff;1;1;2480;3508;127310;1706;1299;115;48;1706;1299;1821;1299;1821;1347;1706;1347;buffon;AAAAAA;SHA;SHIPPING_ADDRESS;Shipping Address
invoice-1035.tiff;1;1;2480;3508;127311;1541;1347;115;48;1541;1347;1656;1347;1656;1395;1541;1395;34070;NNNNN;SHA;SHIPPING_ADDRESS;Shipping Address
invoice-1035.tiff;1;1;2480;3508;127312;1699;1347;203;48;1699;1347;1902;1347;1902;1395;1699;1395;Montpellier;AAAAAAAAAAA;SHA;SHIPPING_ADDRESS;Shipping Address
invoice-1035.tiff;1;1;2480;3508;127313;1541;1395;129;48;1541;1395;1670;1395;1670;1443;1541;1443;France;AAAAAA;SHA;SHIPPING_ADDRESS;Shipping Address
invoice-1035.tiff;1;1;2480;3508;127314;171;1711;73;54;171;1711;244;1711;244;1765;171;1765;No.;AAS;undefined;OTHER;OTHER
invoice-1035.tiff;1;1;2480;3508;127315;548;1711;277;54;548;1711;825;1711;825;1765;548;1765;Descriptions;AAAAAAAAAAAA;undefined;OTHER;OTHER
invoice-1035.tiff;1;1;2480;3508;127316;1190;1711;76;54;1190;1711;1266;1711;1266;1765;1190;1765;Qty;AAA;undefined;OTHER;OTHER
invoice-1035.tiff;1;1;2480;3508;127317;1476;1711;89;54;1476;1711;1565;1711;1565;1765;1476;1765;U.P.;ASAS;undefined;OTHER;OTHER
invoice-1035.tiff;1;1;2480;3508;127318;1714;1711;196;54;1714;1711;1910;1711;1910;1765;1714;1765;VAT/TVA;AAASAAA;undefined;OTHER;OTHER
invoice-1035.tiff;1;1;2480;3508;127319;2017;1711;173;54;2017;1711;2190;1711;2190;1765;2017;1765;Amount;AAAAAA;undefined;OTHER;OTHER
invoice-1035.tiff;1;1;2480;3508;127320;196;1786;23;49;196;1786;219;1786;219;1835;196;1835;1;N;undefined;OTHER;OTHER
invoice-1035.tiff;1;1;2480;3508;127321;291;1786;208;49;291;1786;499;1786;499;1835;291;1835;Aspirateur;AAAAAAAAAA;undefined;OTHER;OTHER
invoice-1035.tiff;1;1;2480;3508;127322;511;1786;106;49;511;1786;617;1786;617;1835;511;1835;robot;AAAAA;undefined;OTHER;OTHER
invoice-1035.tiff;1;1;2480;3508;127323;629;1786;143;49;629;1786;772;1786;772;1835;629;1835;Hoover;AAAAAA;undefined;OTHER;OTHER
invoice-1035.tiff;1;1;2480;3508;127324;784;1786;224;49;784;1786;1008;1786;1008;1835;784;1835;RBC050B/1;AAANNNASN;undefined;OTHER;OTHER
invoice-1035.tiff;1;1;2480;3508;127327;1217;1786;23;49;1217;1786;1240;1786;1240;1835;1217;1835;3;N;undefined;OTHER;OTHER
invoice-1035.tiff;1;1;2480;3508;127328;1439;1786;127;49;1439;1786;1566;1786;1566;1835;1439;1835;290,83;NNNSNN;undefined;OTHER;OTHER
invoice-1035.tiff;1;1;2480;3508;127329;1578;1786;23;49;1578;1786;1601;1786;1601;1835;1578;1835;$;S;undefined;OTHER;OTHER
invoice-1035.tiff;1;1;2480;3508;127330;1753;1786;118;49;1753;1786;1871;1786;1871;1835;1753;1835;20.0%;NNSNS;undefined;OTHER;OTHER
invoice-1035.tiff;1;1;2480;3508;127331;2023;1786;127;49;2023;1786;2150;1786;2150;1835;2023;1835;872,50;NNNSNN;undefined;OTHER;OTHER
invoice-1035.tiff;1;1;2480;3508;127332;2162;1786;23;49;2162;1786;2185;1786;2185;1835;2162;1835;$;S;undefined;OTHER;OTHER
invoice-1035.tiff;1;1;2480;3508;127325;291;1836;201;49;291;1836;492;1836;492;1885;291;1885;robocom3;AAAAAAAN;undefined;OTHER;OTHER
invoice-1035.tiff;1;1;2480;3508;127326;504;1836;150;49;504;1836;654;1836;654;1885;504;1885;Lithium;AAAAAAA;undefined;OTHER;OTHER
invoice-1035.tiff;1;1;2480;3508;127333;1917;1969;154;54;1917;1969;2071;1969;2071;2023;1917;2023;@DISC;SAAAA;undefined;OTHER;OTHER
invoice-1035.tiff;1;1;2480;3508;127334;2092;1969;81;49;2092;1969;2173;1969;2173;2018;2092;2018;0,00;NSNN;undefined;OTHER;OTHER
invoice-1035.tiff;1;1;2480;3508;127335;2185;1969;23;49;2185;1969;2208;1969;2208;2018;2185;2018;$;S;undefined;OTHER;OTHER
invoice-1035.tiff;1;1;2480;3508;127336;1831;2023;173;54;1831;2023;2004;2023;2004;2077;1831;2077;Amount;AAAAAA;undefined;OTHER;OTHER
invoice-1035.tiff;1;1;2480;3508;127337;2046;2023;127;49;2046;2023;2173;2023;2173;2072;2046;2072;872,50;NNNSNN;TWTX;TOTAL_WITHOUT_TAX;TWTXS
invoice-1035.tiff;1;1;2480;3508;127338;2185;2023;23;49;2185;2023;2208;2023;2208;2072;2185;2072;$;S;TWTX;TOTAL_WITHOUT_TAX;TWTXS
invoice-1035.tiff;1;1;2480;3508;127339;1726;2078;91;54;1726;2078;1817;2078;1817;2132;1726;2132;TVA;AAA;undefined;OTHER;OTHER
invoice-1035.tiff;1;1;2480;3508;127340;1831;2078;173;54;1831;2078;2004;2078;2004;2132;1831;2132;Amount;AAAAAA;undefined;OTHER;OTHER
invoice-1035.tiff;1;1;2480;3508;127341;2046;2078;127;49;2046;2078;2173;2078;2173;2127;2046;2127;174,50;NNNSNN;TTX;TOTAL_TAX;Total Tax
invoice-1035.tiff;1;1;2480;3508;127342;2185;2078;23;49;2185;2078;2208;2078;2208;2127;2185;2127;$;S;TTX;TOTAL_TAX;Total Tax
invoice-1035.tiff;1;1;2480;3508;127343;1685;2132;109;54;1685;2132;1794;2132;1794;2186;1685;2186;Total;AAAAA;undefined;OTHER;OTHER
invoice-1035.tiff;1;1;2480;3508;127344;1808;2132;173;54;1808;2132;1981;2132;1981;2186;1808;2186;Amount;AAAAAA;undefined;OTHER;OTHER
invoice-1035.tiff;1;1;2480;3508;127345;2022;2132;150;49;2022;2132;2172;2132;2172;2181;2022;2181;1047,00;NNNNSNN;TA;TOTAL_AMOUNT;Total with TAX
invoice-1035.tiff;1;1;2480;3508;127346;2185;2132;23;49;2185;2132;2208;2132;2208;2181;2185;2181;$;S;TA;TOTAL_AMOUNT;Total with TAX
invoice-1035.tiff;1;1;2480;3508;127347;1017;3175;340;49;1017;3175;1357;3175;1357;3224;1017;3224;RASSURE-TOITS;AAAAAAASAAAAA;SN;SUPPLIER_NAME;Seller/Company) name
invoice-1035.tiff;1;1;2480;3508;127348;736;3224;46;48;736;3224;782;3224;782;3272;736;3272;18;NN;SA;SUPPLIER_ADDRESS;Seller Address
invoice-1035.tiff;1;1;2480;3508;127349;794;3224;87;48;794;3224;881;3224;881;3272;794;3272;RUE;AAA;SA;SUPPLIER_ADDRESS;Seller Address
invoice-1035.tiff;1;1;2480;3508;127350;894;3224;57;48;894;3224;951;3224;951;3272;894;3272;DE;AA;SA;SUPPLIER_ADDRESS;Seller Address
invoice-1035.tiff;1;1;2480;3508;127351;963;3224;175;48;963;3224;1138;3224;1138;3272;963;3272;VERDUN;AAAAAA;SA;SUPPLIER_ADDRESS;Seller Address
invoice-1035.tiff;1;1;2480;3508;127352;1147;3224;115;48;1147;3224;1262;3224;1262;3272;1147;3272;25290;NNNNN;SA;SUPPLIER_ADDRESS;Seller Address
invoice-1035.tiff;1;1;2480;3508;127353;1272;3224;178;48;1272;3224;1450;3224;1450;3272;1272;3272;ORNANS;AAAAAA;SA;SUPPLIER_ADDRESS;Seller Address
invoice-1035.tiff;1;1;2480;3508;127354;1458;3224;171;48;1458;3224;1629;3224;1629;3272;1458;3272;FRANCE;AAAAAA;SA;SUPPLIER_ADDRESS;Seller Address
