src;num_pages;page_id;page_width;page_height;id;col;row;width;height;x1;y1;x2;y2;x3;y3;x4;y4;contents;contents_masked;correctclass;tag;description
invoice-867.tiff;1;1;2480;3508;106889;124;62;175;175;124;62;299;62;299;237;124;237;common/logo;AAAAAASAAAA;img;IMAGE;Image
invoice-867.tiff;1;1;2480;3508;106907;1541;270;56;57;1541;270;1597;270;1597;327;1541;327;N°;AS;undefined;OTHER;OTHER
invoice-867.tiff;1;1;2480;3508;106908;1610;270;50;57;1610;270;1660;270;1660;327;1610;327;de;AA;undefined;OTHER;OTHER
invoice-867.tiff;1;1;2480;3508;106909;1672;270;152;57;1672;270;1824;270;1824;327;1672;327;facture;AAAAAAA;undefined;OTHER;OTHER
invoice-867.tiff;1;1;2480;3508;106910;1887;270;285;50;1887;270;2172;270;2172;320;1887;320;FV2015002077;AANNNNNNNNNN;IN;INVOICE_NUMBER;Invoice Number
invoice-867.tiff;1;1;2480;3508;106911;1541;349;63;57;1541;349;1604;349;1604;406;1541;406;Du;AA;undefined;OTHER;OTHER
invoice-867.tiff;1;1;2480;3508;106912;1668;349;45;50;1668;349;1713;349;1713;399;1668;399;24;NN;IDATE;INVOICE_DATE;Invoice Date
invoice-867.tiff;1;1;2480;3508;106913;1725;349;58;50;1725;349;1783;349;1783;399;1725;399;jun;AAA;IDATE;INVOICE_DATE;Invoice Date
invoice-867.tiff;1;1;2480;3508;106914;1795;349;91;50;1795;349;1886;349;1886;399;1795;399;1982;NNNN;IDATE;INVOICE_DATE;Invoice Date
invoice-867.tiff;1;1;2480;3508;106890;124;412;247;48;124;412;371;412;371;460;124;460;SEDUCTION;AAAAAAAAA;SN;SUPPLIER_NAME;Seller/Company) name
invoice-867.tiff;1;1;2480;3508;106891;383;412;164;48;383;412;547;412;547;460;383;460;CANINE;AAAAAA;SN;SUPPLIER_NAME;Seller/Company) name
invoice-867.tiff;1;1;2480;3508;106892;124;460;41;45;124;460;165;460;165;505;124;505;17;NN;SA;SUPPLIER_ADDRESS;Seller Address
invoice-867.tiff;1;1;2480;3508;106893;177;460;81;45;177;460;258;460;258;505;177;505;RUE;AAA;SA;SUPPLIER_ADDRESS;Seller Address
invoice-867.tiff;1;1;2480;3508;106894;268;460;78;45;268;460;346;460;346;505;268;505;GAL;AAA;SA;SUPPLIER_ADDRESS;Seller Address
invoice-867.tiff;1;1;2480;3508;106895;357;460;55;45;357;460;412;460;412;505;357;505;DE;AA;SA;SUPPLIER_ADDRESS;Seller Address
invoice-867.tiff;1;1;2480;3508;106896;423;460;157;45;423;460;580;460;580;505;423;505;GAULLE;AAAAAA;SA;SUPPLIER_ADDRESS;Seller Address
invoice-867.tiff;1;1;2480;3508;106897;589;460;104;45;589;460;693;460;693;505;589;505;50110;NNNNN;SA;SUPPLIER_ADDRESS;Seller Address
invoice-867.tiff;1;1;2480;3508;106898;701;460;530;45;701;460;1231;460;1231;505;701;505;CHERBOURG-EN-COTENTIN;AAAAAAAAASAASAAAAAAAA;SA;SUPPLIER_ADDRESS;Seller Address
invoice-867.tiff;1;1;2480;3508;106899;124;506;134;45;124;506;258;506;258;551;124;551;Numéro;AAAAAA;undefined;OTHER;OTHER
invoice-867.tiff;1;1;2480;3508;106900;269;506;39;45;269;506;308;506;308;551;269;551;de;AA;undefined;OTHER;OTHER
invoice-867.tiff;1;1;2480;3508;106901;319;506;53;45;319;506;372;506;372;551;319;551;Tel;AAA;undefined;OTHER;OTHER
invoice-867.tiff;1;1;2480;3508;106902;397;506;263;45;397;506;660;506;660;551;397;551;04-29-33-35-91;NNSNNSNNSNNSNN;SCN;SUPPLIER_CONTACT_NUMBER;Seller Contact Number
invoice-867.tiff;1;1;2480;3508;106903;703;506;134;45;703;506;837;506;837;551;703;551;Numéro;AAAAAA;undefined;OTHER;OTHER
invoice-867.tiff;1;1;2480;3508;106904;847;506;39;45;847;506;886;506;886;551;847;551;de;AA;undefined;OTHER;OTHER
invoice-867.tiff;1;1;2480;3508;106905;897;506;64;45;897;506;961;506;961;551;897;551;Fax;AAA;undefined;OTHER;OTHER
invoice-867.tiff;1;1;2480;3508;106906;987;506;263;45;987;506;1250;506;1250;551;987;551;04-29-33-39-34;NNSNNSNNSNNSNN;SFAX;SUPPLIER_FAX_NUMBER;Seller Fax Number
invoice-867.tiff;1;1;2480;3508;106915;124;878;169;57;124;878;293;878;293;935;124;935;Adresse;AAAAAAA;undefined;OTHER;OTHER
invoice-867.tiff;1;1;2480;3508;106916;306;878;50;57;306;878;356;878;356;935;306;935;de;AA;undefined;OTHER;OTHER
invoice-867.tiff;1;1;2480;3508;106917;369;878;252;57;369;878;621;878;621;935;369;935;Facturation;AAAAAAAAAAA;undefined;OTHER;OTHER
invoice-867.tiff;1;1;2480;3508;106918;124;936;78;48;124;936;202;936;202;984;124;984;Prof;AAAA;BN;BILLING_NAME;Billing Name
invoice-867.tiff;1;1;2480;3508;106919;214;936;171;48;214;936;385;936;385;984;214;984;Charlotte;AAAAAAAAA;BN;BILLING_NAME;Billing Name
invoice-867.tiff;1;1;2480;3508;106920;395;936;85;48;395;936;480;936;480;984;395;984;Pons;AAAA;BN;BILLING_NAME;Billing Name
invoice-867.tiff;1;1;2480;3508;106921;124;984;52;45;124;984;176;984;176;1029;124;1029;12,;NNS;BA;BILLING_ADDRESS;Billing Address
invoice-867.tiff;1;1;2480;3508;106922;187;984;120;45;187;984;307;984;307;1029;187;1029;chemin;AAAAAA;BA;BILLING_ADDRESS;Billing Address
invoice-867.tiff;1;1;2480;3508;106923;318;984;39;45;318;984;357;984;357;1029;318;1029;de;AA;BA;BILLING_ADDRESS;Billing Address
invoice-867.tiff;1;1;2480;3508;106924;367;984;131;45;367;984;498;984;498;1029;367;1029;lartigue;AAAAAAAA;BA;BILLING_ADDRESS;Billing Address
invoice-867.tiff;1;1;2480;3508;106925;124;1030;104;45;124;1030;228;1030;228;1075;124;1075;33380;NNNNN;BA;BILLING_ADDRESS;Billing Address
invoice-867.tiff;1;1;2480;3508;106926;270;1030;136;45;270;1030;406;1030;406;1075;270;1075;Biganos;AAAAAAA;BA;BILLING_ADDRESS;Billing Address
invoice-867.tiff;1;1;2480;3508;106927;124;1076;120;45;124;1076;244;1076;244;1121;124;1121;France;AAAAAA;BA;BILLING_ADDRESS;Billing Address
invoice-867.tiff;1;1;2480;3508;106941;1541;1105;51;52;1541;1105;1592;1105;1592;1157;1541;1157;N°;AS;undefined;OTHER;OTHER
invoice-867.tiff;1;1;2480;3508;106942;1604;1105;45;52;1604;1105;1649;1105;1649;1157;1604;1157;de;AA;undefined;OTHER;OTHER
invoice-867.tiff;1;1;2480;3508;106943;1661;1105;213;52;1661;1105;1874;1105;1874;1157;1661;1157;commande;AAAAAAAA;undefined;OTHER;OTHER
invoice-867.tiff;1;1;2480;3508;106944;2166;1105;203;46;2166;1105;2369;1105;2369;1151;2166;1151;CD2017005;AANNNNNNN;ONUM;ORDER_NUMBER;Order Number
invoice-867.tiff;1;1;2480;3508;106928;124;1163;169;57;124;1163;293;1163;293;1220;124;1220;Adresse;AAAAAAA;undefined;OTHER;OTHER
invoice-867.tiff;1;1;2480;3508;106929;306;1163;50;57;306;1163;356;1163;356;1220;306;1220;de;AA;undefined;OTHER;OTHER
invoice-867.tiff;1;1;2480;3508;106930;369;1163;205;57;369;1163;574;1163;574;1220;369;1220;Livraison;AAAAAAAAA;undefined;OTHER;OTHER
invoice-867.tiff;1;1;2480;3508;106931;124;1221;78;48;124;1221;202;1221;202;1269;124;1269;Prof;AAAA;SHN;SHIPPING_NAME;Shipping Name
invoice-867.tiff;1;1;2480;3508;106932;214;1221;171;48;214;1221;385;1221;385;1269;214;1269;Charlotte;AAAAAAAAA;SHN;SHIPPING_NAME;Shipping Name
invoice-867.tiff;1;1;2480;3508;106933;395;1221;85;48;395;1221;480;1221;480;1269;395;1269;Pons;AAAA;SHN;SHIPPING_NAME;Shipping Name
invoice-867.tiff;1;1;2480;3508;106934;124;1269;52;45;124;1269;176;1269;176;1314;124;1314;12,;NNS;SHA;SHIPPING_ADDRESS;Shipping Address
invoice-867.tiff;1;1;2480;3508;106935;187;1269;120;45;187;1269;307;1269;307;1314;187;1314;chemin;AAAAAA;SHA;SHIPPING_ADDRESS;Shipping Address
invoice-867.tiff;1;1;2480;3508;106936;318;1269;39;45;318;1269;357;1269;357;1314;318;1314;de;AA;SHA;SHIPPING_ADDRESS;Shipping Address
invoice-867.tiff;1;1;2480;3508;106937;367;1269;131;45;367;1269;498;1269;498;1314;367;1314;lartigue;AAAAAAAA;SHA;SHIPPING_ADDRESS;Shipping Address
invoice-867.tiff;1;1;2480;3508;106938;124;1315;104;45;124;1315;228;1315;228;1360;124;1360;33380;NNNNN;SHA;SHIPPING_ADDRESS;Shipping Address
invoice-867.tiff;1;1;2480;3508;106939;270;1315;136;45;270;1315;406;1315;406;1360;270;1360;Biganos;AAAAAAA;SHA;SHIPPING_ADDRESS;Shipping Address
invoice-867.tiff;1;1;2480;3508;106940;124;1360;120;45;124;1360;244;1360;244;1405;124;1405;France;AAAAAA;SHA;SHIPPING_ADDRESS;Shipping Address
invoice-867.tiff;1;1;2480;3508;106945;161;1684;92;52;161;1684;253;1684;253;1736;161;1736;Non.;AAAS;undefined;OTHER;OTHER
invoice-867.tiff;1;1;2480;3508;106946;401;1684;71;52;401;1684;472;1684;472;1736;401;1736;Qté;AAA;undefined;OTHER;OTHER
invoice-867.tiff;1;1;2480;3508;106947;863;1684;231;52;863;1684;1094;1684;1094;1736;863;1736;Désignation;AAAAAAAAAAA;undefined;OTHER;OTHER
invoice-867.tiff;1;1;2480;3508;106948;1490;1684;61;52;1490;1684;1551;1684;1551;1736;1490;1736;UP;AA;undefined;OTHER;OTHER
invoice-867.tiff;1;1;2480;3508;106949;1764;1684;96;52;1764;1684;1860;1684;1860;1736;1764;1736;TVA;AAA;undefined;OTHER;OTHER
invoice-867.tiff;1;1;2480;3508;106950;1968;1684;170;52;1968;1684;2138;1684;2138;1736;1968;1736;Montant;AAAAAAA;undefined;OTHER;OTHER
invoice-867.tiff;1;1;2480;3508;106951;2150;1684;89;52;2150;1684;2239;1684;2239;1736;2150;1736;H.T.;ASAS;undefined;OTHER;OTHER
invoice-867.tiff;1;1;2480;3508;106952;197;1758;20;48;197;1758;217;1758;217;1806;197;1806;1;N;undefined;OTHER;OTHER
invoice-867.tiff;1;1;2480;3508;106953;427;1758;20;48;427;1758;447;1758;447;1806;427;1806;4;N;undefined;OTHER;OTHER
invoice-867.tiff;1;1;2480;3508;106954;583;1758;99;48;583;1758;682;1758;682;1806;583;1806;Filtre;AAAAAA;undefined;OTHER;OTHER
invoice-867.tiff;1;1;2480;3508;106955;693;1758;20;48;693;1758;713;1758;713;1806;693;1806;à;A;undefined;OTHER;OTHER
invoice-867.tiff;1;1;2480;3508;106956;724;1758;148;48;724;1758;872;1758;872;1806;724;1806;charbon;AAAAAAA;undefined;OTHER;OTHER
invoice-867.tiff;1;1;2480;3508;106957;883;1758;111;48;883;1758;994;1758;994;1806;883;1806;Adapt;AAAAA;undefined;OTHER;OTHER
invoice-867.tiff;1;1;2480;3508;106958;1004;1758;196;48;1004;1758;1200;1758;1200;1806;1004;1806;compatible;AAAAAAAAAA;undefined;OTHER;OTHER
invoice-867.tiff;1;1;2480;3508;106959;1211;1758;90;48;1211;1758;1301;1758;1301;1806;1211;1806;hotte;AAAAA;undefined;OTHER;OTHER
invoice-867.tiff;1;1;2480;3508;106962;1458;1758;93;48;1458;1758;1551;1758;1551;1806;1458;1806;18,00;NNSNN;undefined;OTHER;OTHER
invoice-867.tiff;1;1;2480;3508;106963;1562;1758;20;48;1562;1758;1582;1758;1582;1806;1562;1806;$;S;undefined;OTHER;OTHER
invoice-867.tiff;1;1;2480;3508;106964;1755;1758;114;48;1755;1758;1869;1758;1869;1806;1755;1806;20.0%;NNSNS;undefined;OTHER;OTHER
invoice-867.tiff;1;1;2480;3508;106965;2041;1758;93;48;2041;1758;2134;1758;2134;1806;2041;1806;72,00;NNSNN;undefined;OTHER;OTHER
invoice-867.tiff;1;1;2480;3508;106966;2145;1758;20;48;2145;1758;2165;1758;2165;1806;2145;1806;$;S;undefined;OTHER;OTHER
invoice-867.tiff;1;1;2480;3508;106960;583;1806;85;48;583;1806;668;1806;668;1854;583;1854;FAC;AAA;undefined;OTHER;OTHER
invoice-867.tiff;1;1;2480;3508;106961;679;1806;97;48;679;1806;776;1806;776;1854;679;1854;FC25;AANN;undefined;OTHER;OTHER
invoice-867.tiff;1;1;2480;3508;106967;197;1895;20;48;197;1895;217;1895;217;1943;197;1943;2;N;undefined;OTHER;OTHER
invoice-867.tiff;1;1;2480;3508;106968;427;1895;20;48;427;1895;447;1895;447;1943;427;1943;4;N;undefined;OTHER;OTHER
invoice-867.tiff;1;1;2480;3508;106969;583;1895;245;48;583;1895;828;1895;828;1943;583;1943;Réfrigérateur;AAAAAAAAAAAAA;undefined;OTHER;OTHER
invoice-867.tiff;1;1;2480;3508;106970;839;1895;150;48;839;1895;989;1895;989;1943;839;1943;combiné;AAAAAAA;undefined;OTHER;OTHER
invoice-867.tiff;1;1;2480;3508;106971;999;1895;203;48;999;1895;1202;1895;1202;1943;999;1943;encastrable;AAAAAAAAAAA;undefined;OTHER;OTHER
invoice-867.tiff;1;1;2480;3508;106972;1213;1895;48;48;1213;1895;1261;1895;1261;1943;1213;1943;De;AA;undefined;OTHER;OTHER
invoice-867.tiff;1;1;2480;3508;106975;1447;1895;114;48;1447;1895;1561;1895;1561;1943;1447;1943;749,17;NNNSNN;undefined;OTHER;OTHER
invoice-867.tiff;1;1;2480;3508;106976;1572;1895;20;48;1572;1895;1592;1895;1592;1943;1572;1943;$;S;undefined;OTHER;OTHER
invoice-867.tiff;1;1;2480;3508;106977;1755;1895;114;48;1755;1895;1869;1895;1869;1943;1755;1943;20.0%;NNSNS;undefined;OTHER;OTHER
invoice-867.tiff;1;1;2480;3508;106978;2020;1895;135;48;2020;1895;2155;1895;2155;1943;2020;1943;2996,67;NNNNSNN;undefined;OTHER;OTHER
invoice-867.tiff;1;1;2480;3508;106979;2166;1895;20;48;2166;1895;2186;1895;2186;1943;2166;1943;$;S;undefined;OTHER;OTHER
invoice-867.tiff;1;1;2480;3508;106973;583;1943;145;48;583;1943;728;1943;728;1991;583;1991;Dietrich;AAAAAAAA;undefined;OTHER;OTHER
invoice-867.tiff;1;1;2480;3508;106974;739;1943;194;48;739;1943;933;1943;933;1991;739;1991;DRC1027J;AAANNNNA;undefined;OTHER;OTHER
invoice-867.tiff;1;1;2480;3508;106980;197;2033;20;48;197;2033;217;2033;217;2081;197;2081;3;N;undefined;OTHER;OTHER
invoice-867.tiff;1;1;2480;3508;106981;427;2033;20;48;427;2033;447;2033;447;2081;427;2081;2;N;undefined;OTHER;OTHER
invoice-867.tiff;1;1;2480;3508;106982;583;2033;175;48;583;2033;758;2033;758;2081;583;2081;Passerelle;AAAAAAAAAA;undefined;OTHER;OTHER
invoice-867.tiff;1;1;2480;3508;106983;769;2033;203;48;769;2033;972;2033;972;2081;769;2081;multimédia;AAAAAAAAAA;undefined;OTHER;OTHER
invoice-867.tiff;1;1;2480;3508;106984;983;2033;118;48;983;2033;1101;2033;1101;2081;983;2081;Nvidia;AAAAAA;undefined;OTHER;OTHER
invoice-867.tiff;1;1;2480;3508;106985;1112;2033;157;48;1112;2033;1269;2033;1269;2081;1112;2081;SHIELD;AAAAAA;undefined;OTHER;OTHER
invoice-867.tiff;1;1;2480;3508;106986;1280;2033;57;48;1280;2033;1337;2033;1337;2081;1280;2081;TV;AA;undefined;OTHER;OTHER
invoice-867.tiff;1;1;2480;3508;106987;1348;2033;13;48;1348;2033;1361;2033;1361;2081;1348;2081;-;S;undefined;OTHER;OTHER
invoice-867.tiff;1;1;2480;3508;106990;1447;2033;114;48;1447;2033;1561;2033;1561;2081;1447;2081;165,83;NNNSNN;undefined;OTHER;OTHER
invoice-867.tiff;1;1;2480;3508;106991;1572;2033;20;48;1572;2033;1592;2033;1592;2081;1572;2081;$;S;undefined;OTHER;OTHER
invoice-867.tiff;1;1;2480;3508;106992;1755;2033;114;48;1755;2033;1869;2033;1869;2081;1755;2081;20.0%;NNSNS;undefined;OTHER;OTHER
invoice-867.tiff;1;1;2480;3508;106993;2031;2033;114;48;2031;2033;2145;2033;2145;2081;2031;2081;331,67;NNNSNN;undefined;OTHER;OTHER
invoice-867.tiff;1;1;2480;3508;106994;2156;2033;20;48;2156;2033;2176;2033;2176;2081;2156;2081;$;S;undefined;OTHER;OTHER
invoice-867.tiff;1;1;2480;3508;106988;583;2081;83;48;583;2081;666;2081;666;2129;583;2129;Base;AAAA;undefined;OTHER;OTHER
invoice-867.tiff;1;1;2480;3508;106989;677;2081;52;48;677;2081;729;2081;729;2129;677;2129;2.0;NSN;undefined;OTHER;OTHER
invoice-867.tiff;1;1;2480;3508;106995;197;2171;20;48;197;2171;217;2171;217;2219;197;2219;4;N;undefined;OTHER;OTHER
invoice-867.tiff;1;1;2480;3508;106996;427;2171;20;48;427;2171;447;2171;447;2219;427;2219;4;N;undefined;OTHER;OTHER
invoice-867.tiff;1;1;2480;3508;106997;583;2171;145;48;583;2171;728;2171;728;2219;583;2219;Friteuse;AAAAAAAA;undefined;OTHER;OTHER
invoice-867.tiff;1;1;2480;3508;106998;739;2171;159;48;739;2171;898;2171;898;2219;739;2219;Magimix;AAAAAAA;undefined;OTHER;OTHER
invoice-867.tiff;1;1;2480;3508;106999;909;2171;104;48;909;2171;1013;2171;1013;2219;909;2219;11590;NNNNN;undefined;OTHER;OTHER
invoice-867.tiff;1;1;2480;3508;107000;1024;2171;87;48;1024;2171;1111;2171;1111;2219;1024;2219;PRO;AAA;undefined;OTHER;OTHER
invoice-867.tiff;1;1;2480;3508;107001;1122;2171;62;48;1122;2171;1184;2171;1184;2219;1122;2219;350;NNN;undefined;OTHER;OTHER
invoice-867.tiff;1;1;2480;3508;107002;1195;2171;25;48;1195;2171;1220;2171;1220;2219;1195;2219;F;A;undefined;OTHER;OTHER
invoice-867.tiff;1;1;2480;3508;107003;1458;2171;93;48;1458;2171;1551;2171;1551;2219;1458;2219;99,99;NNSNN;undefined;OTHER;OTHER
invoice-867.tiff;1;1;2480;3508;107004;1562;2171;20;48;1562;2171;1582;2171;1582;2219;1562;2219;$;S;undefined;OTHER;OTHER
invoice-867.tiff;1;1;2480;3508;107005;1755;2171;114;48;1755;2171;1869;2171;1869;2219;1755;2219;20.0%;NNSNS;undefined;OTHER;OTHER
invoice-867.tiff;1;1;2480;3508;107006;2031;2171;114;48;2031;2171;2145;2171;2145;2219;2031;2219;399,97;NNNSNN;undefined;OTHER;OTHER
invoice-867.tiff;1;1;2480;3508;107007;2156;2171;20;48;2156;2171;2176;2171;2176;2219;2156;2219;$;S;undefined;OTHER;OTHER
invoice-867.tiff;1;1;2480;3508;107008;1439;2302;160;52;1439;2302;1599;2302;1599;2354;1439;2354;TOTAL;AAAAA;undefined;OTHER;OTHER
invoice-867.tiff;1;1;2480;3508;107009;1610;2302;180;52;1610;2302;1790;2302;1790;2354;1610;2354;REMISE;AAAAAA;undefined;OTHER;OTHER
invoice-867.tiff;1;1;2480;3508;107010;1803;2302;280;52;1803;2302;2083;2302;2083;2354;1803;2354;IMMEDIATE;AAAAAAAAA;undefined;OTHER;OTHER
invoice-867.tiff;1;1;2480;3508;107011;2104;2302;72;48;2104;2302;2176;2302;2176;2350;2104;2350;0,00;NSNN;undefined;OTHER;OTHER
invoice-867.tiff;1;1;2480;3508;107012;2187;2302;20;48;2187;2302;2207;2302;2207;2350;2187;2350;$;S;undefined;OTHER;OTHER
invoice-867.tiff;1;1;2480;3508;107013;1728;2355;170;52;1728;2355;1898;2355;1898;2407;1728;2407;Montant;AAAAAAA;undefined;OTHER;OTHER
invoice-867.tiff;1;1;2480;3508;107014;1910;2355;89;52;1910;2355;1999;2355;1999;2407;1910;2407;H.T.;ASAS;undefined;OTHER;OTHER
invoice-867.tiff;1;1;2480;3508;107015;2041;2355;135;48;2041;2355;2176;2355;2176;2403;2041;2403;3800,30;NNNNSNN;TWTX;TOTAL_WITHOUT_TAX;TWTXS
invoice-867.tiff;1;1;2480;3508;107016;2187;2355;20;48;2187;2355;2207;2355;2207;2403;2187;2403;$;S;TWTX;TOTAL_WITHOUT_TAX;TWTXS
invoice-867.tiff;1;1;2480;3508;107017;1955;2408;96;52;1955;2408;2051;2408;2051;2460;1955;2460;TVA;AAA;undefined;OTHER;OTHER
invoice-867.tiff;1;1;2480;3508;107018;2093;2408;114;48;2093;2408;2207;2408;2207;2456;2093;2456;20.0%;NNSNS;TXR;TAX_RATE;Tax Rate
invoice-867.tiff;1;1;2480;3508;107019;1742;2461;170;52;1742;2461;1912;2461;1912;2513;1742;2513;Montant;AAAAAAA;undefined;OTHER;OTHER
invoice-867.tiff;1;1;2480;3508;107020;1924;2461;96;52;1924;2461;2020;2461;2020;2513;1924;2513;TVA;AAA;undefined;OTHER;OTHER
invoice-867.tiff;1;1;2480;3508;107021;2062;2461;114;48;2062;2461;2176;2461;2176;2509;2062;2509;760,06;NNNSNN;TTX;TOTAL_TAX;Total Tax
invoice-867.tiff;1;1;2480;3508;107022;2187;2461;20;48;2187;2461;2207;2461;2207;2509;2187;2509;$;S;TTX;TOTAL_TAX;Total Tax
invoice-867.tiff;1;1;2480;3508;107023;1723;2514;170;52;1723;2514;1893;2514;1893;2566;1723;2566;Montant;AAAAAAA;undefined;OTHER;OTHER
invoice-867.tiff;1;1;2480;3508;107024;1905;2514;94;52;1905;2514;1999;2514;1999;2566;1905;2566;TTC;AAA;undefined;OTHER;OTHER
invoice-867.tiff;1;1;2480;3508;107025;2041;2514;135;48;2041;2514;2176;2514;2176;2562;2041;2562;4560,36;NNNNSNN;TA;TOTAL_AMOUNT;Total with TAX
invoice-867.tiff;1;1;2480;3508;107026;2187;2514;20;48;2187;2514;2207;2514;2207;2562;2187;2562;$;S;TA;TOTAL_AMOUNT;Total with TAX
invoice-867.tiff;1;1;2480;3508;107027;124;3175;247;48;124;3175;371;3175;371;3223;124;3223;SEDUCTION;AAAAAAAAA;SN;SUPPLIER_NAME;Seller/Company) name
invoice-867.tiff;1;1;2480;3508;107028;383;3175;164;48;383;3175;547;3175;547;3223;383;3223;CANINE;AAAAAA;SN;SUPPLIER_NAME;Seller/Company) name
invoice-867.tiff;1;1;2480;3508;107029;124;3223;41;45;124;3223;165;3223;165;3268;124;3268;17;NN;SA;SUPPLIER_ADDRESS;Seller Address
invoice-867.tiff;1;1;2480;3508;107030;177;3223;81;45;177;3223;258;3223;258;3268;177;3268;RUE;AAA;SA;SUPPLIER_ADDRESS;Seller Address
invoice-867.tiff;1;1;2480;3508;107031;268;3223;78;45;268;3223;346;3223;346;3268;268;3268;GAL;AAA;SA;SUPPLIER_ADDRESS;Seller Address
invoice-867.tiff;1;1;2480;3508;107032;357;3223;55;45;357;3223;412;3223;412;3268;357;3268;DE;AA;SA;SUPPLIER_ADDRESS;Seller Address
invoice-867.tiff;1;1;2480;3508;107033;423;3223;157;45;423;3223;580;3223;580;3268;423;3268;GAULLE;AAAAAA;SA;SUPPLIER_ADDRESS;Seller Address
invoice-867.tiff;1;1;2480;3508;107034;589;3223;13;45;589;3223;602;3223;602;3268;589;3268;-;S;SA;SUPPLIER_ADDRESS;Seller Address
invoice-867.tiff;1;1;2480;3508;107035;613;3223;104;45;613;3223;717;3223;717;3268;613;3268;50110;NNNNN;SA;SUPPLIER_ADDRESS;Seller Address
invoice-867.tiff;1;1;2480;3508;107036;736;3223;530;45;736;3223;1266;3223;1266;3268;736;3268;CHERBOURG-EN-COTENTIN;AAAAAAAAASAASAAAAAAAA;SA;SUPPLIER_ADDRESS;Seller Address
