src;num_pages;page_id;page_width;page_height;id;col;row;width;height;x1;y1;x2;y2;x3;y3;x4;y4;contents;contents_masked;correctclass;tag;description
invoice-1780.tiff;1;1;2480;3508;218131;1541;62;518;175;1541;62;2059;62;2059;237;1541;237;common/logo;AAAAAASAAAA;img;IMAGE;Image
invoice-1780.tiff;1;1;2480;3508;218121;124;270;56;57;124;270;180;270;180;327;124;327;N°;AS;undefined;OTHER;OTHER
invoice-1780.tiff;1;1;2480;3508;218122;193;270;152;57;193;270;345;270;345;327;193;327;facture;AAAAAAA;undefined;OTHER;OTHER
invoice-1780.tiff;1;1;2480;3508;218123;408;270;160;50;408;270;568;270;568;320;408;320;0073274;NNNNNNN;IN;INVOICE_NUMBER;Invoice Number
invoice-1780.tiff;1;1;2480;3508;218124;124;349;99;57;124;349;223;349;223;406;124;406;Date;AAAA;undefined;OTHER;OTHER
invoice-1780.tiff;1;1;2480;3508;218125;237;349;50;57;237;349;287;349;287;406;237;406;de;AA;undefined;OTHER;OTHER
invoice-1780.tiff;1;1;2480;3508;218126;299;349;38;57;299;349;337;349;337;406;299;406;la;AA;undefined;OTHER;OTHER
invoice-1780.tiff;1;1;2480;3508;218127;351;349;152;57;351;349;503;349;503;406;351;406;facture;AAAAAAA;undefined;OTHER;OTHER
invoice-1780.tiff;1;1;2480;3508;218128;566;349;45;50;566;349;611;349;611;399;566;399;13;NN;IDATE;INVOICE_DATE;Invoice Date
invoice-1780.tiff;1;1;2480;3508;218129;623;349;58;50;623;349;681;349;681;399;623;399;jun;AAA;IDATE;INVOICE_DATE;Invoice Date
invoice-1780.tiff;1;1;2480;3508;218130;693;349;91;50;693;349;784;349;784;399;693;399;1998;NNNN;IDATE;INVOICE_DATE;Invoice Date
invoice-1780.tiff;1;1;2480;3508;218132;1541;412;60;48;1541;412;1601;412;1601;460;1541;460;UN;AA;SN;SUPPLIER_NAME;Seller/Company) name
invoice-1780.tiff;1;1;2480;3508;218133;1612;412;113;48;1612;412;1725;412;1725;460;1612;460;JOUR;AAAA;SN;SUPPLIER_NAME;Seller/Company) name
invoice-1780.tiff;1;1;2480;3508;218134;1736;412;212;48;1736;412;1948;412;1948;460;1736;460;AILLEURS;AAAAAAAA;SN;SUPPLIER_NAME;Seller/Company) name
invoice-1780.tiff;1;1;2480;3508;218135;1541;460;41;45;1541;460;1582;460;1582;505;1541;505;17;NN;SA;SUPPLIER_ADDRESS;Seller Address
invoice-1780.tiff;1;1;2480;3508;218136;1593;460;127;45;1593;460;1720;460;1720;505;1593;505;PLACE;AAAAA;SA;SUPPLIER_ADDRESS;Seller Address
invoice-1780.tiff;1;1;2480;3508;218137;1731;460;206;45;1731;460;1937;460;1937;505;1731;505;GRENETTE;AAAAAAAA;SA;SUPPLIER_ADDRESS;Seller Address
invoice-1780.tiff;1;1;2480;3508;218138;1541;506;104;45;1541;506;1645;506;1645;551;1541;551;38000;NNNNN;SA;SUPPLIER_ADDRESS;Seller Address
invoice-1780.tiff;1;1;2480;3508;218139;1687;506;212;45;1687;506;1899;506;1899;551;1687;551;GRENOBLE;AAAAAAAA;SA;SUPPLIER_ADDRESS;Seller Address
invoice-1780.tiff;1;1;2480;3508;218140;1541;552;157;45;1541;552;1698;552;1698;597;1541;597;FRANCE;AAAAAA;SA;SUPPLIER_ADDRESS;Seller Address
invoice-1780.tiff;1;1;2480;3508;218141;1541;598;173;45;1541;598;1714;598;1714;643;1541;643;Téléphone;AAAAAAAAA;undefined;OTHER;OTHER
invoice-1780.tiff;1;1;2480;3508;218142;1777;598;263;45;1777;598;2040;598;2040;643;1777;643;06-36-85-16-58;NNSNNSNNSNNSNN;SCN;SUPPLIER_CONTACT_NUMBER;Seller Contact Number
invoice-1780.tiff;1;1;2480;3508;218143;1541;643;162;45;1541;643;1703;643;1703;688;1541;688;Télécopie;AAAAAAAAA;undefined;OTHER;OTHER
invoice-1780.tiff;1;1;2480;3508;218144;1766;643;263;45;1766;643;2029;643;2029;688;1766;688;06-36-85-08-05;NNSNNSNNSNNSNN;SFAX;SUPPLIER_FAX_NUMBER;Seller Fax Number
invoice-1780.tiff;1;1;2480;3508;218152;1541;873;169;57;1541;873;1710;873;1710;930;1541;930;Adresse;AAAAAAA;undefined;OTHER;OTHER
invoice-1780.tiff;1;1;2480;3508;218153;1723;873;252;57;1723;873;1975;873;1975;930;1723;930;Facturation;AAAAAAAAAAA;undefined;OTHER;OTHER
invoice-1780.tiff;1;1;2480;3508;218145;124;921;51;52;124;921;175;921;175;973;124;973;N°;AS;undefined;OTHER;OTHER
invoice-1780.tiff;1;1;2480;3508;218146;187;921;213;52;187;921;400;921;400;973;187;973;commande;AAAAAAAA;undefined;OTHER;OTHER
invoice-1780.tiff;1;1;2480;3508;218147;750;921;104;46;750;921;854;921;854;967;750;967;99050;NNNNN;ONUM;ORDER_NUMBER;Order Number
invoice-1780.tiff;1;1;2480;3508;218154;1541;931;145;48;1541;931;1686;931;1686;979;1541;979;Baptiste;AAAAAAAA;BN;BILLING_NAME;Billing Name
invoice-1780.tiff;1;1;2480;3508;218155;1697;931;143;48;1697;931;1840;931;1840;979;1697;979;Thomas;AAAAAA;BN;BILLING_NAME;Billing Name
invoice-1780.tiff;1;1;2480;3508;218156;1541;979;72;45;1541;979;1613;979;1613;1024;1541;1024;498,;NNNS;BA;BILLING_ADDRESS;Billing Address
invoice-1780.tiff;1;1;2480;3508;218157;1624;979;87;45;1624;979;1711;979;1711;1024;1624;1024;route;AAAAA;BA;BILLING_ADDRESS;Billing Address
invoice-1780.tiff;1;1;2480;3508;218158;1723;979;39;45;1723;979;1762;979;1762;1024;1723;1024;de;AA;BA;BILLING_ADDRESS;Billing Address
invoice-1780.tiff;1;1;2480;3508;218159;1773;979;180;45;1773;979;1953;979;1953;1024;1773;1024;saint-omer;AAAAASAAAA;BA;BILLING_ADDRESS;Billing Address
invoice-1780.tiff;1;1;2480;3508;218148;124;995;99;52;124;995;223;995;223;1047;124;1047;Type;AAAA;undefined;OTHER;OTHER
invoice-1780.tiff;1;1;2480;3508;218149;235;995;45;52;235;995;280;995;280;1047;235;1047;de;AA;undefined;OTHER;OTHER
invoice-1780.tiff;1;1;2480;3508;218150;293;995;180;52;293;995;473;995;473;1047;293;1047;paiement;AAAAAAAA;undefined;OTHER;OTHER
invoice-1780.tiff;1;1;2480;3508;218151;750;995;157;46;750;995;907;995;907;1041;750;1041;Virement;AAAAAAAA;PMODE;PAYMENT_MODE;Payment Mode
invoice-1780.tiff;1;1;2480;3508;218160;1541;1025;104;45;1541;1025;1645;1025;1645;1070;1541;1070;62100;NNNNN;BA;BILLING_ADDRESS;Billing Address
invoice-1780.tiff;1;1;2480;3508;218161;1687;1025;108;45;1687;1025;1795;1025;1795;1070;1687;1070;Calais;AAAAAA;BA;BILLING_ADDRESS;Billing Address
invoice-1780.tiff;1;1;2480;3508;218162;1541;1071;120;45;1541;1071;1661;1071;1661;1116;1541;1116;France;AAAAAA;BA;BILLING_ADDRESS;Billing Address
invoice-1780.tiff;1;1;2480;3508;218163;163;1537;173;52;163;1537;336;1537;336;1589;163;1589;Quantité;AAAAAAAA;undefined;OTHER;OTHER
invoice-1780.tiff;1;1;2480;3508;218164;699;1537;226;52;699;1537;925;1537;925;1589;699;1589;Description;AAAAAAAAAAA;undefined;OTHER;OTHER
invoice-1780.tiff;1;1;2480;3508;218165;1287;1537;84;52;1287;1537;1371;1537;1371;1589;1287;1589;Prix;AAAA;undefined;OTHER;OTHER
invoice-1780.tiff;1;1;2480;3508;218166;1382;1537;162;52;1382;1537;1544;1537;1544;1589;1382;1589;Unitaire;AAAAAAAA;undefined;OTHER;OTHER
invoice-1780.tiff;1;1;2480;3508;218167;1616;1537;101;52;1616;1537;1717;1537;1717;1589;1616;1589;Taux;AAAA;undefined;OTHER;OTHER
invoice-1780.tiff;1;1;2480;3508;218168;1729;1537;45;52;1729;1537;1774;1537;1774;1589;1729;1589;de;AA;undefined;OTHER;OTHER
invoice-1780.tiff;1;1;2480;3508;218169;1786;1537;96;52;1786;1537;1882;1537;1882;1589;1786;1589;TVA;AAA;undefined;OTHER;OTHER
invoice-1780.tiff;1;1;2480;3508;218170;1959;1537;170;52;1959;1537;2129;1537;2129;1589;1959;1589;Montant;AAAAAAA;undefined;OTHER;OTHER
invoice-1780.tiff;1;1;2480;3508;218171;2141;1537;66;52;2141;1537;2207;1537;2207;1589;2141;1589;HT;AA;undefined;OTHER;OTHER
invoice-1780.tiff;1;1;2480;3508;218172;239;1610;20;48;239;1610;259;1610;259;1658;239;1658;3;N;undefined;OTHER;OTHER
invoice-1780.tiff;1;1;2480;3508;218173;375;1610;136;48;375;1610;511;1610;511;1658;375;1658;Batteur;AAAAAAA;undefined;OTHER;OTHER
invoice-1780.tiff;1;1;2480;3508;218174;521;1610;169;48;521;1610;690;1610;690;1658;521;1658;Kenwood;AAAAAAA;undefined;OTHER;OTHER
invoice-1780.tiff;1;1;2480;3508;218175;701;1610;104;48;701;1610;805;1610;805;1658;701;1658;KMix;AAAA;undefined;OTHER;OTHER
invoice-1780.tiff;1;1;2480;3508;218176;815;1610;74;48;815;1610;889;1610;889;1658;815;1658;noir;AAAA;undefined;OTHER;OTHER
invoice-1780.tiff;1;1;2480;3508;218177;900;1610;224;48;900;1610;1124;1610;1124;1658;900;1658;HMX750BK;AAANNNAA;undefined;OTHER;OTHER
invoice-1780.tiff;1;1;2480;3508;218178;1369;1610;93;48;1369;1610;1462;1610;1462;1658;1369;1658;74,99;NNSNN;undefined;OTHER;OTHER
invoice-1780.tiff;1;1;2480;3508;218179;1692;1610;114;48;1692;1610;1806;1610;1806;1658;1692;1658;20.0%;NNSNS;undefined;OTHER;OTHER
invoice-1780.tiff;1;1;2480;3508;218180;2026;1610;114;48;2026;1610;2140;1610;2140;1658;2026;1658;224,98;NNNSNN;undefined;OTHER;OTHER
invoice-1780.tiff;1;1;2480;3508;218181;239;1700;20;48;239;1700;259;1700;259;1748;239;1748;2;N;undefined;OTHER;OTHER
invoice-1780.tiff;1;1;2480;3508;218182;375;1700;157;48;375;1700;532;1700;532;1748;375;1748;Appareil;AAAAAAAA;undefined;OTHER;OTHER
invoice-1780.tiff;1;1;2480;3508;218183;542;1700;101;48;542;1700;643;1700;643;1748;542;1748;photo;AAAAA;undefined;OTHER;OTHER
invoice-1780.tiff;1;1;2480;3508;218184;655;1700;120;48;655;1700;775;1700;775;1748;655;1748;Bridge;AAAAAA;undefined;OTHER;OTHER
invoice-1780.tiff;1;1;2480;3508;218185;785;1700;108;48;785;1700;893;1700;893;1748;785;1748;Nikon;AAAAA;undefined;OTHER;OTHER
invoice-1780.tiff;1;1;2480;3508;218186;905;1700;120;48;905;1700;1025;1700;1025;1748;905;1748;Bridge;AAAAAA;undefined;OTHER;OTHER
invoice-1780.tiff;1;1;2480;3508;218187;1035;1700;138;48;1035;1700;1173;1700;1173;1748;1035;1748;Coolpix;AAAAAAA;undefined;OTHER;OTHER
invoice-1780.tiff;1;1;2480;3508;218194;1359;1700;114;48;1359;1700;1473;1700;1473;1748;1359;1748;270,67;NNNSNN;undefined;OTHER;OTHER
invoice-1780.tiff;1;1;2480;3508;218195;1692;1700;114;48;1692;1700;1806;1700;1806;1748;1692;1748;20.0%;NNSNS;undefined;OTHER;OTHER
invoice-1780.tiff;1;1;2480;3508;218196;2026;1700;114;48;2026;1700;2140;1700;2140;1748;2026;1748;541,33;NNNSNN;undefined;OTHER;OTHER
invoice-1780.tiff;1;1;2480;3508;218188;375;1748;90;48;375;1748;465;1748;465;1796;375;1796;B500;ANNN;undefined;OTHER;OTHER
invoice-1780.tiff;1;1;2480;3508;218189;475;1748;108;48;475;1748;583;1748;583;1796;475;1796;NOIR;AAAA;undefined;OTHER;OTHER
invoice-1780.tiff;1;1;2480;3508;218190;594;1748;23;48;594;1748;617;1748;617;1796;594;1796;+;S;undefined;OTHER;OTHER
invoice-1780.tiff;1;1;2480;3508;218191;629;1748;76;48;629;1748;705;1748;705;1796;629;1796;Etui;AAAA;undefined;OTHER;OTHER
invoice-1780.tiff;1;1;2480;3508;218192;715;1748;23;48;715;1748;738;1748;738;1796;715;1796;+;S;undefined;OTHER;OTHER
invoice-1780.tiff;1;1;2480;3508;218193;750;1748;101;48;750;1748;851;1748;851;1796;750;1796;Carte;AAAAA;undefined;OTHER;OTHER
invoice-1780.tiff;1;1;2480;3508;218197;1459;1879;160;52;1459;1879;1619;1879;1619;1931;1459;1931;TOTAL;AAAAA;undefined;OTHER;OTHER
invoice-1780.tiff;1;1;2480;3508;218198;1631;1879;180;52;1631;1879;1811;1879;1811;1931;1631;1931;REMISE;AAAAAA;undefined;OTHER;OTHER
invoice-1780.tiff;1;1;2480;3508;218199;1824;1879;280;52;1824;1879;2104;1879;2104;1931;1824;1931;IMMEDIATE;AAAAAAAAA;undefined;OTHER;OTHER
invoice-1780.tiff;1;1;2480;3508;218200;2125;1879;72;48;2125;1879;2197;1879;2197;1927;2125;1927;0,00;NSNN;undefined;OTHER;OTHER
invoice-1780.tiff;1;1;2480;3508;218201;1793;1932;170;52;1793;1932;1963;1932;1963;1984;1793;1984;Montant;AAAAAAA;undefined;OTHER;OTHER
invoice-1780.tiff;1;1;2480;3508;218202;1975;1932;66;52;1975;1932;2041;1932;2041;1984;1975;1984;HT;AA;undefined;OTHER;OTHER
invoice-1780.tiff;1;1;2480;3508;218203;2083;1932;114;48;2083;1932;2197;1932;2197;1980;2083;1980;766,31;NNNSNN;TWTX;TOTAL_WITHOUT_TAX;TWTXS
invoice-1780.tiff;1;1;2480;3508;218204;1944;1985;96;52;1944;1985;2040;1985;2040;2037;1944;2037;TVA;AAA;undefined;OTHER;OTHER
invoice-1780.tiff;1;1;2480;3508;218205;2083;1985;114;48;2083;1985;2197;1985;2197;2033;2083;2033;153,26;NNNSNN;TTX;TOTAL_TAX;Total Tax
invoice-1780.tiff;1;1;2480;3508;218206;1831;2038;104;52;1831;2038;1935;2038;1935;2090;1831;2090;Total;AAAAA;undefined;OTHER;OTHER
invoice-1780.tiff;1;1;2480;3508;218207;1947;2038;94;52;1947;2038;2041;2038;2041;2090;1947;2090;TTC;AAA;undefined;OTHER;OTHER
invoice-1780.tiff;1;1;2480;3508;218208;2083;2038;114;48;2083;2038;2197;2038;2197;2086;2083;2086;919,57;NNNSNN;TA;TOTAL_AMOUNT;Total with TAX
invoice-1780.tiff;1;1;2480;3508;218209;983;3154;60;48;983;3154;1043;3154;1043;3202;983;3202;UN;AA;SN;SUPPLIER_NAME;Seller/Company) name
invoice-1780.tiff;1;1;2480;3508;218210;1054;3154;113;48;1054;3154;1167;3154;1167;3202;1054;3202;JOUR;AAAA;SN;SUPPLIER_NAME;Seller/Company) name
invoice-1780.tiff;1;1;2480;3508;218211;1178;3154;212;48;1178;3154;1390;3154;1390;3202;1178;3202;AILLEURS;AAAAAAAA;SN;SUPPLIER_NAME;Seller/Company) name
invoice-1780.tiff;1;1;2480;3508;218212;714;3202;41;45;714;3202;755;3202;755;3247;714;3247;17;NN;SA;SUPPLIER_ADDRESS;Seller Address
invoice-1780.tiff;1;1;2480;3508;218213;766;3202;127;45;766;3202;893;3202;893;3247;766;3247;PLACE;AAAAA;SA;SUPPLIER_ADDRESS;Seller Address
invoice-1780.tiff;1;1;2480;3508;218214;904;3202;206;45;904;3202;1110;3202;1110;3247;904;3247;GRENETTE;AAAAAAAA;SA;SUPPLIER_ADDRESS;Seller Address
invoice-1780.tiff;1;1;2480;3508;218215;1119;3202;10;45;1119;3202;1129;3202;1129;3247;1119;3247;,;S;SA;SUPPLIER_ADDRESS;Seller Address
invoice-1780.tiff;1;1;2480;3508;218216;1139;3202;104;45;1139;3202;1243;3202;1243;3247;1139;3247;38000;NNNNN;SA;SUPPLIER_ADDRESS;Seller Address
invoice-1780.tiff;1;1;2480;3508;218217;1252;3202;212;45;1252;3202;1464;3202;1464;3247;1252;3247;GRENOBLE;AAAAAAAA;SA;SUPPLIER_ADDRESS;Seller Address
invoice-1780.tiff;1;1;2480;3508;218218;1473;3202;10;45;1473;3202;1483;3202;1483;3247;1473;3247;,;S;SA;SUPPLIER_ADDRESS;Seller Address
invoice-1780.tiff;1;1;2480;3508;218219;1494;3202;157;45;1494;3202;1651;3202;1651;3247;1494;3247;FRANCE;AAAAAA;SA;SUPPLIER_ADDRESS;Seller Address
