src;num_pages;page_id;page_width;page_height;id;col;row;width;height;x1;y1;x2;y2;x3;y3;x4;y4;contents;contents_masked;correctclass;tag;description
invoice-2320.tiff;1;1;2480;3508;285665;833;62;661;175;833;62;1494;62;1494;237;833;237;common/logo;AAAAAASAAAA;img;IMAGE;Image
invoice-2320.tiff;1;1;2480;3508;285661;124;237;173;45;124;237;297;237;297;282;124;282;Téléphone;AAAAAAAAA;undefined;OTHER;OTHER
invoice-2320.tiff;1;1;2480;3508;285662;361;237;263;45;361;237;624;237;624;282;361;282;03-45-64-75-84;NNSNNSNNSNNSNN;SCN;SUPPLIER_CONTACT_NUMBER;Seller Contact Number
invoice-2320.tiff;1;1;2480;3508;285666;1541;237;192;48;1541;237;1733;237;1733;285;1541;285;MORVAN;AAAAAA;SN;SUPPLIER_NAME;Seller/Company) name
invoice-2320.tiff;1;1;2480;3508;285667;1744;237;335;48;1744;237;2079;237;2079;285;1744;285;CHARCUTERIES;AAAAAAAAAAAA;SN;SUPPLIER_NAME;Seller/Company) name
invoice-2320.tiff;1;1;2480;3508;285668;2090;237;236;48;2090;237;2326;237;2326;285;2090;285;SALAISONS;AAAAAAAAA;SN;SUPPLIER_NAME;Seller/Company) name
invoice-2320.tiff;1;1;2480;3508;285663;124;283;162;45;124;283;286;283;286;328;124;328;Télécopie;AAAAAAAAA;undefined;OTHER;OTHER
invoice-2320.tiff;1;1;2480;3508;285664;349;283;263;45;349;283;612;283;612;328;349;328;03-45-64-11-63;NNSNNSNNSNNSNN;SFAX;SUPPLIER_FAX_NUMBER;Seller Fax Number
invoice-2320.tiff;1;1;2480;3508;285669;1541;285;81;45;1541;285;1622;285;1622;330;1541;330;RUE;AAA;SA;SUPPLIER_ADDRESS;Seller Address
invoice-2320.tiff;1;1;2480;3508;285670;1633;285;157;45;1633;285;1790;285;1790;330;1633;330;HELENE;AAAAAA;SA;SUPPLIER_ADDRESS;Seller Address
invoice-2320.tiff;1;1;2480;3508;285671;1800;285;194;45;1800;285;1994;285;1994;330;1800;330;BOUCHER;AAAAAAA;SA;SUPPLIER_ADDRESS;Seller Address
invoice-2320.tiff;1;1;2480;3508;285672;1541;331;104;45;1541;331;1645;331;1645;376;1541;376;58500;NNNNN;SA;SUPPLIER_ADDRESS;Seller Address
invoice-2320.tiff;1;1;2480;3508;285673;1687;331;187;45;1687;331;1874;331;1874;376;1687;376;CLAMECY;AAAAAAA;SA;SUPPLIER_ADDRESS;Seller Address
invoice-2320.tiff;1;1;2480;3508;285674;1541;377;157;45;1541;377;1698;377;1698;422;1541;422;FRANCE;AAAAAA;SA;SUPPLIER_ADDRESS;Seller Address
invoice-2320.tiff;1;1;2480;3508;285675;124;607;169;57;124;607;293;607;293;664;124;664;Adresse;AAAAAAA;undefined;OTHER;OTHER
invoice-2320.tiff;1;1;2480;3508;285676;306;607;50;57;306;607;356;607;356;664;306;664;de;AA;undefined;OTHER;OTHER
invoice-2320.tiff;1;1;2480;3508;285677;369;607;205;57;369;607;574;607;574;664;369;664;Livraison;AAAAAAAAA;undefined;OTHER;OTHER
invoice-2320.tiff;1;1;2480;3508;285678;124;664;92;48;124;664;216;664;216;712;124;712;Mme;AAA;SHN;SHIPPING_NAME;Shipping Name
invoice-2320.tiff;1;1;2480;3508;285679;227;664;106;48;227;664;333;664;333;712;227;712;Sarah;AAAAA;SHN;SHIPPING_NAME;Shipping Name
invoice-2320.tiff;1;1;2480;3508;285680;344;664;143;48;344;664;487;664;487;712;344;712;Garnier;AAAAAAA;SHN;SHIPPING_NAME;Shipping Name
invoice-2320.tiff;1;1;2480;3508;285687;1541;664;92;48;1541;664;1633;664;1633;712;1541;712;Mme;AAA;BN;BILLING_NAME;Billing Name
invoice-2320.tiff;1;1;2480;3508;285688;1644;664;106;48;1644;664;1750;664;1750;712;1644;712;Sarah;AAAAA;BN;BILLING_NAME;Billing Name
invoice-2320.tiff;1;1;2480;3508;285689;1761;664;143;48;1761;664;1904;664;1904;712;1761;712;Garnier;AAAAAAA;BN;BILLING_NAME;Billing Name
invoice-2320.tiff;1;1;2480;3508;285681;124;712;52;45;124;712;176;712;176;757;124;757;14,;NNS;SHA;SHIPPING_ADDRESS;Shipping Address
invoice-2320.tiff;1;1;2480;3508;285682;187;712;55;45;187;712;242;712;242;757;187;757;rue;AAA;SHA;SHIPPING_ADDRESS;Shipping Address
invoice-2320.tiff;1;1;2480;3508;285683;253;712;201;45;253;712;454;712;454;757;253;757;beaumanoir;AAAAAAAAAA;SHA;SHIPPING_ADDRESS;Shipping Address
invoice-2320.tiff;1;1;2480;3508;285690;1541;712;52;45;1541;712;1593;712;1593;757;1541;757;14,;NNS;BA;BILLING_ADDRESS;Billing Address
invoice-2320.tiff;1;1;2480;3508;285691;1604;712;55;45;1604;712;1659;712;1659;757;1604;757;rue;AAA;BA;BILLING_ADDRESS;Billing Address
invoice-2320.tiff;1;1;2480;3508;285692;1670;712;201;45;1670;712;1871;712;1871;757;1670;757;beaumanoir;AAAAAAAAAA;BA;BILLING_ADDRESS;Billing Address
invoice-2320.tiff;1;1;2480;3508;285684;124;758;104;45;124;758;228;758;228;803;124;803;35235;NNNNN;SHA;SHIPPING_ADDRESS;Shipping Address
invoice-2320.tiff;1;1;2480;3508;285685;270;758;326;45;270;758;596;758;596;803;270;803;Thorigné-Fouillard;AAAAAAAASAAAAAAAAA;SHA;SHIPPING_ADDRESS;Shipping Address
invoice-2320.tiff;1;1;2480;3508;285693;1541;758;104;45;1541;758;1645;758;1645;803;1541;803;35235;NNNNN;BA;BILLING_ADDRESS;Billing Address
invoice-2320.tiff;1;1;2480;3508;285694;1687;758;326;45;1687;758;2013;758;2013;803;1687;803;Thorigné-Fouillard;AAAAAAAASAAAAAAAAA;BA;BILLING_ADDRESS;Billing Address
invoice-2320.tiff;1;1;2480;3508;285686;124;804;120;45;124;804;244;804;244;849;124;849;France;AAAAAA;SHA;SHIPPING_ADDRESS;Shipping Address
invoice-2320.tiff;1;1;2480;3508;285695;1541;804;120;45;1541;804;1661;804;1661;849;1541;849;France;AAAAAA;BA;BILLING_ADDRESS;Billing Address
invoice-2320.tiff;1;1;2480;3508;285696;1541;1084;195;52;1541;1084;1736;1084;1736;1136;1541;1136;Référence;AAAAAAAAA;undefined;OTHER;OTHER
invoice-2320.tiff;1;1;2480;3508;285697;1749;1084;45;52;1749;1084;1794;1084;1794;1136;1749;1136;de;AA;undefined;OTHER;OTHER
invoice-2320.tiff;1;1;2480;3508;285698;1806;1084;35;52;1806;1084;1841;1084;1841;1136;1806;1136;la;AA;undefined;OTHER;OTHER
invoice-2320.tiff;1;1;2480;3508;285699;1853;1084;139;52;1853;1084;1992;1084;1992;1136;1853;1136;facture;AAAAAAA;undefined;OTHER;OTHER
invoice-2320.tiff;1;1;2480;3508;285700;2166;1084;222;46;2166;1084;2388;1084;2388;1130;2166;1130;3287-796752;NNNNSNNNNNN;IN;INVOICE_NUMBER;Invoice Number
invoice-2320.tiff;1;1;2480;3508;285701;1541;1158;58;52;1541;1158;1599;1158;1599;1210;1541;1210;Du;AA;undefined;OTHER;OTHER
invoice-2320.tiff;1;1;2480;3508;285702;2166;1158;41;46;2166;1158;2207;1158;2207;1204;2166;1204;26;NN;IDATE;INVOICE_DATE;Invoice Date
invoice-2320.tiff;1;1;2480;3508;285703;2218;1158;64;46;2218;1158;2282;1158;2282;1204;2218;1204;mar;AAA;IDATE;INVOICE_DATE;Invoice Date
invoice-2320.tiff;1;1;2480;3508;285704;2293;1158;83;46;2293;1158;2376;1158;2376;1204;2293;1204;2002;NNNN;IDATE;INVOICE_DATE;Invoice Date
invoice-2320.tiff;1;1;2480;3508;285705;1541;1231;195;52;1541;1231;1736;1231;1736;1283;1541;1283;Référence;AAAAAAAAA;undefined;OTHER;OTHER
invoice-2320.tiff;1;1;2480;3508;285706;1749;1231;45;52;1749;1231;1794;1231;1794;1283;1749;1283;de;AA;undefined;OTHER;OTHER
invoice-2320.tiff;1;1;2480;3508;285707;1806;1231;106;52;1806;1231;1912;1231;1912;1283;1806;1283;client;AAAAAA;undefined;OTHER;OTHER
invoice-2320.tiff;1;1;2480;3508;285708;2166;1231;159;46;2166;1231;2325;1231;2325;1277;2166;1277;179-0345;NNNSNNNN;CNUM;CLIENT_NUMBER;Client Number
invoice-2320.tiff;1;1;2480;3508;285709;1541;1305;195;52;1541;1305;1736;1305;1736;1357;1541;1357;Référence;AAAAAAAAA;undefined;OTHER;OTHER
invoice-2320.tiff;1;1;2480;3508;285710;1749;1305;45;52;1749;1305;1794;1305;1794;1357;1749;1357;de;AA;undefined;OTHER;OTHER
invoice-2320.tiff;1;1;2480;3508;285711;1806;1305;35;52;1806;1305;1841;1305;1841;1357;1806;1357;la;AA;undefined;OTHER;OTHER
invoice-2320.tiff;1;1;2480;3508;285712;1853;1305;213;52;1853;1305;2066;1305;2066;1357;1853;1357;commande;AAAAAAAA;undefined;OTHER;OTHER
invoice-2320.tiff;1;1;2480;3508;285713;2166;1305;138;46;2166;1305;2304;1305;2304;1351;2166;1351;513-961;NNNSNNN;ONUM;ORDER_NUMBER;Order Number
invoice-2320.tiff;1;1;2480;3508;285714;163;1773;173;52;163;1773;336;1773;336;1825;163;1825;Quantité;AAAAAAAA;undefined;OTHER;OTHER
invoice-2320.tiff;1;1;2480;3508;285715;699;1773;226;52;699;1773;925;1773;925;1825;699;1825;Description;AAAAAAAAAAA;undefined;OTHER;OTHER
invoice-2320.tiff;1;1;2480;3508;285716;1287;1773;84;52;1287;1773;1371;1773;1371;1825;1287;1825;Prix;AAAA;undefined;OTHER;OTHER
invoice-2320.tiff;1;1;2480;3508;285717;1382;1773;162;52;1382;1773;1544;1773;1544;1825;1382;1825;Unitaire;AAAAAAAA;undefined;OTHER;OTHER
invoice-2320.tiff;1;1;2480;3508;285718;1616;1773;101;52;1616;1773;1717;1773;1717;1825;1616;1825;Taux;AAAA;undefined;OTHER;OTHER
invoice-2320.tiff;1;1;2480;3508;285719;1729;1773;45;52;1729;1773;1774;1773;1774;1825;1729;1825;de;AA;undefined;OTHER;OTHER
invoice-2320.tiff;1;1;2480;3508;285720;1786;1773;96;52;1786;1773;1882;1773;1882;1825;1786;1825;TVA;AAA;undefined;OTHER;OTHER
invoice-2320.tiff;1;1;2480;3508;285721;1959;1773;170;52;1959;1773;2129;1773;2129;1825;1959;1825;Montant;AAAAAAA;undefined;OTHER;OTHER
invoice-2320.tiff;1;1;2480;3508;285722;2141;1773;66;52;2141;1773;2207;1773;2207;1825;2141;1825;HT;AA;undefined;OTHER;OTHER
invoice-2320.tiff;1;1;2480;3508;285723;239;1847;20;48;239;1847;259;1847;259;1895;239;1895;1;N;undefined;OTHER;OTHER
invoice-2320.tiff;1;1;2480;3508;285724;375;1847;155;48;375;1847;530;1847;530;1895;375;1895;Enceinte;AAAAAAAA;undefined;OTHER;OTHER
invoice-2320.tiff;1;1;2480;3508;285725;540;1847;173;48;540;1847;713;1847;713;1895;540;1895;Bluetooth;AAAAAAAAA;undefined;OTHER;OTHER
invoice-2320.tiff;1;1;2480;3508;285726;724;1847;88;48;724;1847;812;1847;812;1895;724;1895;Sony;AAAA;undefined;OTHER;OTHER
invoice-2320.tiff;1;1;2480;3508;285727;822;1847;192;48;822;1847;1014;1847;1014;1895;822;1895;LF-S50GB;AASANNAA;undefined;OTHER;OTHER
invoice-2320.tiff;1;1;2480;3508;285728;1343;1847;114;48;1343;1847;1457;1847;1457;1895;1343;1895;208,32;NNNSNN;undefined;OTHER;OTHER
invoice-2320.tiff;1;1;2480;3508;285729;1468;1847;20;48;1468;1847;1488;1847;1488;1895;1468;1895;$;S;undefined;OTHER;OTHER
invoice-2320.tiff;1;1;2480;3508;285730;1692;1847;114;48;1692;1847;1806;1847;1806;1895;1692;1895;20.0%;NNSNS;undefined;OTHER;OTHER
invoice-2320.tiff;1;1;2480;3508;285731;2010;1847;114;48;2010;1847;2124;1847;2124;1895;2010;1895;208,32;NNNSNN;undefined;OTHER;OTHER
invoice-2320.tiff;1;1;2480;3508;285732;2135;1847;20;48;2135;1847;2155;1847;2155;1895;2135;1895;$;S;undefined;OTHER;OTHER
invoice-2320.tiff;1;1;2480;3508;285733;239;1936;20;48;239;1936;259;1936;259;1984;239;1984;4;N;undefined;OTHER;OTHER
invoice-2320.tiff;1;1;2480;3508;285734;375;1936;162;48;375;1936;537;1936;537;1984;375;1984;Expresso;AAAAAAAA;undefined;OTHER;OTHER
invoice-2320.tiff;1;1;2480;3508;285735;547;1936;150;48;547;1936;697;1936;697;1984;547;1984;combiné;AAAAAAA;undefined;OTHER;OTHER
invoice-2320.tiff;1;1;2480;3508;285736;708;1936;152;48;708;1936;860;1936;860;1984;708;1984;cafetière;AAAAAAAAA;undefined;OTHER;OTHER
invoice-2320.tiff;1;1;2480;3508;285737;871;1936;159;48;871;1936;1030;1936;1030;1984;871;1984;Delonghi;AAAAAAAA;undefined;OTHER;OTHER
invoice-2320.tiff;1;1;2480;3508;285738;1041;1936;90;48;1041;1936;1131;1936;1131;1984;1041;1984;BCO;AAA;undefined;OTHER;OTHER
invoice-2320.tiff;1;1;2480;3508;285740;1343;1936;114;48;1343;1936;1457;1936;1457;1984;1343;1984;108,32;NNNSNN;undefined;OTHER;OTHER
invoice-2320.tiff;1;1;2480;3508;285741;1468;1936;20;48;1468;1936;1488;1936;1488;1984;1468;1984;$;S;undefined;OTHER;OTHER
invoice-2320.tiff;1;1;2480;3508;285742;1692;1936;114;48;1692;1936;1806;1936;1806;1984;1692;1984;20.0%;NNSNS;undefined;OTHER;OTHER
invoice-2320.tiff;1;1;2480;3508;285743;2010;1936;114;48;2010;1936;2124;1936;2124;1984;2010;1984;433,30;NNNSNN;undefined;OTHER;OTHER
invoice-2320.tiff;1;1;2480;3508;285744;2135;1936;20;48;2135;1936;2155;1936;2155;1984;2135;1984;$;S;undefined;OTHER;OTHER
invoice-2320.tiff;1;1;2480;3508;285739;375;1984;121;48;375;1984;496;1984;496;2032;375;2032;261B.1;NNNASN;undefined;OTHER;OTHER
invoice-2320.tiff;1;1;2480;3508;285745;239;2074;20;48;239;2074;259;2074;259;2122;239;2122;4;N;undefined;OTHER;OTHER
invoice-2320.tiff;1;1;2480;3508;285746;375;2074;173;48;375;2074;548;2074;548;2122;375;2122;Chargeur;AAAAAAAA;undefined;OTHER;OTHER
invoice-2320.tiff;1;1;2480;3508;285747;559;2074;127;48;559;2074;686;2074;686;2122;559;2122;secteur;AAAAAAA;undefined;OTHER;OTHER
invoice-2320.tiff;1;1;2480;3508;285748;696;2074;180;48;696;2074;876;2074;876;2122;696;2122;Essentielb;AAAAAAAAAA;undefined;OTHER;OTHER
invoice-2320.tiff;1;1;2480;3508;285749;887;2074;81;48;887;2074;968;2074;968;2122;887;2122;USB;AAA;undefined;OTHER;OTHER
invoice-2320.tiff;1;1;2480;3508;285750;979;2074;50;48;979;2074;1029;2074;1029;2122;979;2122;1A;NA;undefined;OTHER;OTHER
invoice-2320.tiff;1;1;2480;3508;285751;1040;2074;101;48;1040;2074;1141;2074;1141;2122;1040;2122;Blanc;AAAAA;undefined;OTHER;OTHER
invoice-2320.tiff;1;1;2480;3508;285752;1364;2074;72;48;1364;2074;1436;2074;1436;2122;1364;2122;6,66;NSNN;undefined;OTHER;OTHER
invoice-2320.tiff;1;1;2480;3508;285753;1447;2074;20;48;1447;2074;1467;2074;1467;2122;1447;2122;$;S;undefined;OTHER;OTHER
invoice-2320.tiff;1;1;2480;3508;285754;1692;2074;114;48;1692;2074;1806;2074;1806;2122;1692;2122;20.0%;NNSNS;undefined;OTHER;OTHER
invoice-2320.tiff;1;1;2480;3508;285755;2020;2074;93;48;2020;2074;2113;2074;2113;2122;2020;2122;26,63;NNSNN;undefined;OTHER;OTHER
invoice-2320.tiff;1;1;2480;3508;285756;2125;2074;20;48;2125;2074;2145;2074;2145;2122;2125;2122;$;S;undefined;OTHER;OTHER
invoice-2320.tiff;1;1;2480;3508;285757;239;2164;20;48;239;2164;259;2164;259;2212;239;2212;2;N;undefined;OTHER;OTHER
invoice-2320.tiff;1;1;2480;3508;285758;375;2164;87;48;375;2164;462;2164;462;2212;375;2212;Lave;AAAA;undefined;OTHER;OTHER
invoice-2320.tiff;1;1;2480;3508;285759;473;2164;145;48;473;2164;618;2164;618;2212;473;2212;vaisselle;AAAAAAAAA;undefined;OTHER;OTHER
invoice-2320.tiff;1;1;2480;3508;285760;629;2164;71;48;629;2164;700;2164;700;2212;629;2212;tout;AAAA;undefined;OTHER;OTHER
invoice-2320.tiff;1;1;2480;3508;285761;711;2164;180;48;711;2164;891;2164;891;2212;711;2212;intégrable;AAAAAAAAAA;undefined;OTHER;OTHER
invoice-2320.tiff;1;1;2480;3508;285762;902;2164;180;48;902;2164;1082;2164;1082;2212;902;2212;Essentielb;AAAAAAAAAA;undefined;OTHER;OTHER
invoice-2320.tiff;1;1;2480;3508;285764;1343;2164;114;48;1343;2164;1457;2164;1457;2212;1343;2212;374,17;NNNSNN;undefined;OTHER;OTHER
invoice-2320.tiff;1;1;2480;3508;285765;1468;2164;20;48;1468;2164;1488;2164;1488;2212;1468;2212;$;S;undefined;OTHER;OTHER
invoice-2320.tiff;1;1;2480;3508;285766;1692;2164;114;48;1692;2164;1806;2164;1806;2212;1692;2212;20.0%;NNSNS;undefined;OTHER;OTHER
invoice-2320.tiff;1;1;2480;3508;285767;2010;2164;114;48;2010;2164;2124;2164;2124;2212;2010;2212;748,33;NNNSNN;undefined;OTHER;OTHER
invoice-2320.tiff;1;1;2480;3508;285768;2135;2164;20;48;2135;2164;2155;2164;2155;2212;2135;2212;$;S;undefined;OTHER;OTHER
invoice-2320.tiff;1;1;2480;3508;285763;375;2212;212;48;375;2212;587;2212;587;2260;375;2260;ELVI3-452f;AAAANSNNNA;undefined;OTHER;OTHER
invoice-2320.tiff;1;1;2480;3508;285769;1439;2343;160;52;1439;2343;1599;2343;1599;2395;1439;2395;TOTAL;AAAAA;undefined;OTHER;OTHER
invoice-2320.tiff;1;1;2480;3508;285770;1610;2343;180;52;1610;2343;1790;2343;1790;2395;1610;2395;REMISE;AAAAAA;undefined;OTHER;OTHER
invoice-2320.tiff;1;1;2480;3508;285771;1803;2343;280;52;1803;2343;2083;2343;2083;2395;1803;2395;IMMEDIATE;AAAAAAAAA;undefined;OTHER;OTHER
invoice-2320.tiff;1;1;2480;3508;285772;2104;2343;72;48;2104;2343;2176;2343;2176;2391;2104;2391;0,00;NSNN;undefined;OTHER;OTHER
invoice-2320.tiff;1;1;2480;3508;285773;2187;2343;20;48;2187;2343;2207;2343;2207;2391;2187;2391;$;S;undefined;OTHER;OTHER
invoice-2320.tiff;1;1;2480;3508;285774;1751;2396;170;52;1751;2396;1921;2396;1921;2448;1751;2448;Montant;AAAAAAA;undefined;OTHER;OTHER
invoice-2320.tiff;1;1;2480;3508;285775;1933;2396;66;52;1933;2396;1999;2396;1999;2448;1933;2448;HT;AA;undefined;OTHER;OTHER
invoice-2320.tiff;1;1;2480;3508;285776;2041;2396;135;48;2041;2396;2176;2396;2176;2444;2041;2444;1416,59;NNNNSNN;TWTX;TOTAL_WITHOUT_TAX;TWTXS
invoice-2320.tiff;1;1;2480;3508;285777;2187;2396;20;48;2187;2396;2207;2396;2207;2444;2187;2444;$;S;TWTX;TOTAL_WITHOUT_TAX;TWTXS
invoice-2320.tiff;1;1;2480;3508;285778;1784;2449;101;52;1784;2449;1885;2449;1885;2501;1784;2501;Taux;AAAA;undefined;OTHER;OTHER
invoice-2320.tiff;1;1;2480;3508;285779;1898;2449;45;52;1898;2449;1943;2449;1943;2501;1898;2501;de;AA;undefined;OTHER;OTHER
invoice-2320.tiff;1;1;2480;3508;285780;1955;2449;96;52;1955;2449;2051;2449;2051;2501;1955;2501;TVA;AAA;undefined;OTHER;OTHER
invoice-2320.tiff;1;1;2480;3508;285781;2093;2449;114;48;2093;2449;2207;2449;2207;2497;2093;2497;20.0%;NNSNS;TXR;TAX_RATE;Tax Rate
invoice-2320.tiff;1;1;2480;3508;285782;1924;2502;96;52;1924;2502;2020;2502;2020;2554;1924;2554;TVA;AAA;undefined;OTHER;OTHER
invoice-2320.tiff;1;1;2480;3508;285783;2062;2502;114;48;2062;2502;2176;2502;2176;2550;2062;2550;283,32;NNNSNN;TTX;TOTAL_TAX;Total Tax
invoice-2320.tiff;1;1;2480;3508;285784;2187;2502;20;48;2187;2502;2207;2502;2207;2550;2187;2550;$;S;TTX;TOTAL_TAX;Total Tax
invoice-2320.tiff;1;1;2480;3508;285785;1789;2555;104;52;1789;2555;1893;2555;1893;2607;1789;2607;Total;AAAAA;undefined;OTHER;OTHER
invoice-2320.tiff;1;1;2480;3508;285786;1905;2555;94;52;1905;2555;1999;2555;1999;2607;1905;2607;TTC;AAA;undefined;OTHER;OTHER
invoice-2320.tiff;1;1;2480;3508;285787;2041;2555;135;48;2041;2555;2176;2555;2176;2603;2041;2603;1699,91;NNNNSNN;TA;TOTAL_AMOUNT;Total with TAX
invoice-2320.tiff;1;1;2480;3508;285788;2187;2555;20;48;2187;2555;2207;2555;2207;2603;2187;2603;$;S;TA;TOTAL_AMOUNT;Total with TAX
invoice-2320.tiff;1;1;2480;3508;285789;124;2936;99;52;124;2936;223;2936;223;2988;124;2988;Type;AAAA;undefined;OTHER;OTHER
invoice-2320.tiff;1;1;2480;3508;285790;235;2936;45;52;235;2936;280;2936;280;2988;235;2988;de;AA;undefined;OTHER;OTHER
invoice-2320.tiff;1;1;2480;3508;285791;293;2936;180;52;293;2936;473;2936;473;2988;293;2988;paiement;AAAAAAAA;undefined;OTHER;OTHER
invoice-2320.tiff;1;1;2480;3508;285792;750;2936;113;46;750;2936;863;2936;863;2982;750;2982;Paypal;AAAAAA;PMODE;PAYMENT_MODE;Payment Mode
invoice-2320.tiff;1;1;2480;3508;285793;1187;3154;192;48;1187;3154;1379;3154;1379;3202;1187;3202;MORVAN;AAAAAA;SN;SUPPLIER_NAME;Seller/Company) name
invoice-2320.tiff;1;1;2480;3508;285794;1390;3154;335;48;1390;3154;1725;3154;1725;3202;1390;3202;CHARCUTERIES;AAAAAAAAAAAA;SN;SUPPLIER_NAME;Seller/Company) name
invoice-2320.tiff;1;1;2480;3508;285795;1736;3154;236;48;1736;3154;1972;3154;1972;3202;1736;3202;SALAISONS;AAAAAAAAA;SN;SUPPLIER_NAME;Seller/Company) name
invoice-2320.tiff;1;1;2480;3508;285796;1187;3202;81;45;1187;3202;1268;3202;1268;3247;1187;3247;RUE;AAA;SA;SUPPLIER_ADDRESS;Seller Address
invoice-2320.tiff;1;1;2480;3508;285797;1278;3202;157;45;1278;3202;1435;3202;1435;3247;1278;3247;HELENE;AAAAAA;SA;SUPPLIER_ADDRESS;Seller Address
invoice-2320.tiff;1;1;2480;3508;285798;1446;3202;194;45;1446;3202;1640;3202;1640;3247;1446;3247;BOUCHER;AAAAAAA;SA;SUPPLIER_ADDRESS;Seller Address
invoice-2320.tiff;1;1;2480;3508;285799;1187;3248;104;45;1187;3248;1291;3248;1291;3293;1187;3293;58500;NNNNN;SA;SUPPLIER_ADDRESS;Seller Address
invoice-2320.tiff;1;1;2480;3508;285800;1333;3248;187;45;1333;3248;1520;3248;1520;3293;1333;3293;CLAMECY;AAAAAAA;SA;SUPPLIER_ADDRESS;Seller Address
invoice-2320.tiff;1;1;2480;3508;285801;1187;3293;157;45;1187;3293;1344;3293;1344;3338;1187;3338;FRANCE;AAAAAA;SA;SUPPLIER_ADDRESS;Seller Address
