src;num_pages;page_id;page_width;page_height;id;col;row;width;height;x1;y1;x2;y2;x3;y3;x4;y4;contents;contents_masked;correctclass;tag;description
invoice-864.tiff;1;1;2480;3508;106553;1187;62;178;175;1187;62;1365;62;1365;237;1187;237;common/logo;AAAAAASAAAA;img;IMAGE;Image
invoice-864.tiff;1;1;2480;3508;106545;124;270;172;59;124;270;296;270;296;329;124;329;Invoice;AAAAAAA;undefined;OTHER;OTHER
invoice-864.tiff;1;1;2480;3508;106546;311;270;188;59;311;270;499;270;499;329;311;329;Number;AAAAAA;undefined;OTHER;OTHER
invoice-864.tiff;1;1;2480;3508;106547;562;270;254;52;562;270;816;270;816;322;562;322;9737237474;NNNNNNNNNN;IN;INVOICE_NUMBER;Invoice Number
invoice-864.tiff;1;1;2480;3508;106548;124;351;172;59;124;351;296;351;296;410;124;410;Invoice;AAAAAAA;undefined;OTHER;OTHER
invoice-864.tiff;1;1;2480;3508;106549;311;351;108;59;311;351;419;351;419;410;311;410;Date;AAAA;undefined;OTHER;OTHER
invoice-864.tiff;1;1;2480;3508;106550;482;351;86;52;482;351;568;351;568;403;482;403;may;AAA;IDATE;INVOICE_DATE;Invoice Date
invoice-864.tiff;1;1;2480;3508;106551;581;351;63;52;581;351;644;351;644;403;581;403;11,;NNS;IDATE;INVOICE_DATE;Invoice Date
invoice-864.tiff;1;1;2480;3508;106552;657;351;101;52;657;351;758;351;758;403;657;403;1980;NNNN;IDATE;INVOICE_DATE;Invoice Date
invoice-864.tiff;1;1;2480;3508;106554;1187;412;127;49;1187;412;1314;412;1314;461;1187;461;IRENE;AAAAA;SN;SUPPLIER_NAME;Seller/Company) name
invoice-864.tiff;1;1;2480;3508;106555;1326;412;212;49;1326;412;1538;412;1538;461;1326;461;COIFFURE;AAAAAAAA;SN;SUPPLIER_NAME;Seller/Company) name
invoice-864.tiff;1;1;2480;3508;106556;1187;462;46;48;1187;462;1233;462;1233;510;1187;510;19;NN;SA;SUPPLIER_ADDRESS;Seller Address
invoice-864.tiff;1;1;2480;3508;106557;1245;462;87;48;1245;462;1332;462;1332;510;1245;510;RUE;AAA;SA;SUPPLIER_ADDRESS;Seller Address
invoice-864.tiff;1;1;2480;3508;106558;1344;462;57;48;1344;462;1401;462;1401;510;1344;510;DE;AA;SA;SUPPLIER_ADDRESS;Seller Address
invoice-864.tiff;1;1;2480;3508;106559;1414;462;189;48;1414;462;1603;462;1603;510;1414;510;LEPANTE;AAAAAAA;SA;SUPPLIER_ADDRESS;Seller Address
invoice-864.tiff;1;1;2480;3508;106560;1612;462;115;48;1612;462;1727;462;1727;510;1612;510;06000;NNNNN;SA;SUPPLIER_ADDRESS;Seller Address
invoice-864.tiff;1;1;2480;3508;106561;1736;462;99;48;1736;462;1835;462;1835;510;1736;510;NICE;AAAA;SA;SUPPLIER_ADDRESS;Seller Address
invoice-864.tiff;1;1;2480;3508;106562;1844;462;171;48;1844;462;2015;462;2015;510;1844;510;FRANCE;AAAAAA;SA;SUPPLIER_ADDRESS;Seller Address
invoice-864.tiff;1;1;2480;3508;106563;1187;510;120;48;1187;510;1307;510;1307;558;1187;558;Phone;AAAAA;undefined;OTHER;OTHER
invoice-864.tiff;1;1;2480;3508;106564;1332;510;278;48;1332;510;1610;510;1610;558;1332;558;06.07.99.18.94;NNSNNSNNSNNSNN;SCN;SUPPLIER_CONTACT_NUMBER;Seller Contact Number
invoice-864.tiff;1;1;2480;3508;106565;1652;510;69;48;1652;510;1721;510;1721;558;1652;558;Fax;AAA;undefined;OTHER;OTHER
invoice-864.tiff;1;1;2480;3508;106566;1747;510;278;48;1747;510;2025;510;2025;558;1747;558;06.07.99.68.33;NNSNNSNNSNNSNN;SFAX;SUPPLIER_FAX_NUMBER;Seller Fax Number
invoice-864.tiff;1;1;2480;3508;106571;1541;895;202;59;1541;895;1743;895;1743;954;1541;954;Invoiced;AAAAAAAA;undefined;OTHER;OTHER
invoice-864.tiff;1;1;2480;3508;106572;1758;895;61;59;1758;895;1819;895;1819;954;1758;954;To;AA;undefined;OTHER;OTHER
invoice-864.tiff;1;1;2480;3508;106573;1541;954;62;49;1541;954;1603;954;1603;1003;1541;1003;Mr.;AAS;BN;BILLING_NAME;Billing Name
invoice-864.tiff;1;1;2480;3508;106574;1615;954;150;49;1615;954;1765;954;1765;1003;1615;1003;Abagail;AAAAAAA;BN;BILLING_NAME;Billing Name
invoice-864.tiff;1;1;2480;3508;106575;1777;954;129;49;1777;954;1906;954;1906;1003;1777;1003;Bogan;AAAAA;BN;BILLING_NAME;Billing Name
invoice-864.tiff;1;1;2480;3508;106576;1541;1004;81;48;1541;1004;1622;1004;1622;1052;1541;1052;137,;NNNS;BA;BILLING_ADDRESS;Billing Address
invoice-864.tiff;1;1;2480;3508;106577;1634;1004;60;48;1634;1004;1694;1004;1694;1052;1634;1052;rue;AAA;BA;BILLING_ADDRESS;Billing Address
invoice-864.tiff;1;1;2480;3508;106578;1706;1004;67;48;1706;1004;1773;1004;1773;1052;1706;1052;des;AAA;BA;BILLING_ADDRESS;Billing Address
invoice-864.tiff;1;1;2480;3508;106579;1784;1004;108;48;1784;1004;1892;1004;1892;1052;1784;1052;blains;AAAAAA;BA;BILLING_ADDRESS;Billing Address
invoice-864.tiff;1;1;2480;3508;106580;1541;1052;115;48;1541;1052;1656;1052;1656;1100;1541;1100;92220;NNNNN;BA;BILLING_ADDRESS;Billing Address
invoice-864.tiff;1;1;2480;3508;106581;1699;1052;164;48;1699;1052;1863;1052;1863;1100;1699;1100;Bagneux;AAAAAAA;BA;BILLING_ADDRESS;Billing Address
invoice-864.tiff;1;1;2480;3508;106582;1541;1100;129;48;1541;1100;1670;1100;1670;1148;1541;1148;France;AAAAAA;BA;BILLING_ADDRESS;Billing Address
invoice-864.tiff;1;1;2480;3508;106567;124;1132;191;54;124;1132;315;1132;315;1186;124;1186;Payment;AAAAAAA;undefined;OTHER;OTHER
invoice-864.tiff;1;1;2480;3508;106568;328;1132;94;54;328;1132;422;1132;422;1186;328;1186;type;AAAA;undefined;OTHER;OTHER
invoice-864.tiff;1;1;2480;3508;106569;750;1132;111;48;750;1132;861;1132;861;1180;750;1180;Credit;AAAAAA;PMODE;PAYMENT_MODE;Payment Mode
invoice-864.tiff;1;1;2480;3508;106570;872;1132;81;48;872;1132;953;1132;953;1180;872;1180;card;AAAA;PMODE;PAYMENT_MODE;Payment Mode
invoice-864.tiff;1;1;2480;3508;106583;1541;1190;166;59;1541;1190;1707;1190;1707;1249;1541;1249;Deliver;AAAAAAA;undefined;OTHER;OTHER
invoice-864.tiff;1;1;2480;3508;106584;1722;1190;61;59;1722;1190;1783;1190;1783;1249;1722;1249;To;AA;undefined;OTHER;OTHER
invoice-864.tiff;1;1;2480;3508;106585;1541;1250;62;49;1541;1250;1603;1250;1603;1299;1541;1299;Mr.;AAS;SHN;SHIPPING_NAME;Shipping Name
invoice-864.tiff;1;1;2480;3508;106586;1615;1250;150;49;1615;1250;1765;1250;1765;1299;1615;1299;Abagail;AAAAAAA;SHN;SHIPPING_NAME;Shipping Name
invoice-864.tiff;1;1;2480;3508;106587;1777;1250;129;49;1777;1250;1906;1250;1906;1299;1777;1299;Bogan;AAAAA;SHN;SHIPPING_NAME;Shipping Name
invoice-864.tiff;1;1;2480;3508;106588;1541;1299;81;48;1541;1299;1622;1299;1622;1347;1541;1347;137,;NNNS;SHA;SHIPPING_ADDRESS;Shipping Address
invoice-864.tiff;1;1;2480;3508;106589;1634;1299;60;48;1634;1299;1694;1299;1694;1347;1634;1347;rue;AAA;SHA;SHIPPING_ADDRESS;Shipping Address
invoice-864.tiff;1;1;2480;3508;106590;1706;1299;67;48;1706;1299;1773;1299;1773;1347;1706;1347;des;AAA;SHA;SHIPPING_ADDRESS;Shipping Address
invoice-864.tiff;1;1;2480;3508;106591;1784;1299;108;48;1784;1299;1892;1299;1892;1347;1784;1347;blains;AAAAAA;SHA;SHIPPING_ADDRESS;Shipping Address
invoice-864.tiff;1;1;2480;3508;106592;1541;1347;115;48;1541;1347;1656;1347;1656;1395;1541;1395;92220;NNNNN;SHA;SHIPPING_ADDRESS;Shipping Address
invoice-864.tiff;1;1;2480;3508;106593;1699;1347;164;48;1699;1347;1863;1347;1863;1395;1699;1395;Bagneux;AAAAAAA;SHA;SHIPPING_ADDRESS;Shipping Address
invoice-864.tiff;1;1;2480;3508;106594;1541;1395;129;48;1541;1395;1670;1395;1670;1443;1541;1443;France;AAAAAA;SHA;SHIPPING_ADDRESS;Shipping Address
invoice-864.tiff;1;1;2480;3508;106595;171;1711;73;54;171;1711;244;1711;244;1765;171;1765;No.;AAS;undefined;OTHER;OTHER
invoice-864.tiff;1;1;2480;3508;106596;548;1711;277;54;548;1711;825;1711;825;1765;548;1765;Descriptions;AAAAAAAAAAAA;undefined;OTHER;OTHER
invoice-864.tiff;1;1;2480;3508;106597;1190;1711;76;54;1190;1711;1266;1711;1266;1765;1190;1765;Qty;AAA;undefined;OTHER;OTHER
invoice-864.tiff;1;1;2480;3508;106598;1476;1711;89;54;1476;1711;1565;1711;1565;1765;1476;1765;U.P.;ASAS;undefined;OTHER;OTHER
invoice-864.tiff;1;1;2480;3508;106599;1714;1711;196;54;1714;1711;1910;1711;1910;1765;1714;1765;VAT/TVA;AAASAAA;undefined;OTHER;OTHER
invoice-864.tiff;1;1;2480;3508;106600;2017;1711;173;54;2017;1711;2190;1711;2190;1765;2017;1765;Amount;AAAAAA;undefined;OTHER;OTHER
invoice-864.tiff;1;1;2480;3508;106601;196;1786;23;49;196;1786;219;1786;219;1835;196;1835;1;N;undefined;OTHER;OTHER
invoice-864.tiff;1;1;2480;3508;106602;291;1786;180;49;291;1786;471;1786;471;1835;291;1835;Oreillette;AAAAAAAAAA;undefined;OTHER;OTHER
invoice-864.tiff;1;1;2480;3508;106603;483;1786;326;49;483;1786;809;1786;809;1835;483;1835;anti-ronflements;AAAASAAAAAAAAAAA;undefined;OTHER;OTHER
invoice-864.tiff;1;1;2480;3508;106604;821;1786;134;49;821;1786;955;1786;955;1835;821;1835;Beurer;AAAAAA;undefined;OTHER;OTHER
invoice-864.tiff;1;1;2480;3508;106605;967;1786;53;49;967;1786;1020;1786;1020;1835;967;1835;SL;AA;undefined;OTHER;OTHER
invoice-864.tiff;1;1;2480;3508;106607;1217;1786;23;49;1217;1786;1240;1786;1240;1835;1217;1835;1;N;undefined;OTHER;OTHER
invoice-864.tiff;1;1;2480;3508;106608;1407;1786;127;49;1407;1786;1534;1786;1534;1835;1407;1835;124,99;NNNSNN;undefined;OTHER;OTHER
invoice-864.tiff;1;1;2480;3508;106609;1546;1786;87;49;1546;1786;1633;1786;1633;1835;1546;1835;USD;AAA;undefined;OTHER;OTHER
invoice-864.tiff;1;1;2480;3508;106610;1753;1786;118;49;1753;1786;1871;1786;1871;1835;1753;1835;20.0%;NNSNS;undefined;OTHER;OTHER
invoice-864.tiff;1;1;2480;3508;106611;1990;1786;127;49;1990;1786;2117;1786;2117;1835;1990;1835;124,99;NNNSNN;undefined;OTHER;OTHER
invoice-864.tiff;1;1;2480;3508;106612;2129;1786;87;49;2129;1786;2216;1786;2216;1835;2129;1835;USD;AAA;undefined;OTHER;OTHER
invoice-864.tiff;1;1;2480;3508;106606;291;1836;101;49;291;1836;392;1836;392;1885;291;1885;70BT;NNAA;undefined;OTHER;OTHER
invoice-864.tiff;1;1;2480;3508;106613;196;1927;23;49;196;1927;219;1927;219;1976;196;1976;2;N;undefined;OTHER;OTHER
invoice-864.tiff;1;1;2480;3508;106614;291;1927;178;49;291;1927;469;1927;469;1976;291;1976;Cafeti√®re;AAAAAAAAA;undefined;OTHER;OTHER
invoice-864.tiff;1;1;2480;3508;106615;481;1927;90;49;481;1927;571;1927;571;1976;481;1976;filtre;AAAAAA;undefined;OTHER;OTHER
invoice-864.tiff;1;1;2480;3508;106616;583;1927;178;49;583;1927;761;1927;761;1976;583;1976;Delonghi;AAAAAAAA;undefined;OTHER;OTHER
invoice-864.tiff;1;1;2480;3508;106617;773;1927;222;49;773;1927;995;1927;995;1976;773;1976;DISTINCTA;AAAAAAAAA;undefined;OTHER;OTHER
invoice-864.tiff;1;1;2480;3508;106621;1217;1927;23;49;1217;1927;1240;1927;1240;1976;1217;1976;3;N;undefined;OTHER;OTHER
invoice-864.tiff;1;1;2480;3508;106622;1418;1927;104;49;1418;1927;1522;1927;1522;1976;1418;1976;83,32;NNSNN;undefined;OTHER;OTHER
invoice-864.tiff;1;1;2480;3508;106623;1534;1927;87;49;1534;1927;1621;1927;1621;1976;1534;1976;USD;AAA;undefined;OTHER;OTHER
invoice-864.tiff;1;1;2480;3508;106624;1753;1927;118;49;1753;1927;1871;1927;1871;1976;1753;1976;20.0%;NNSNS;undefined;OTHER;OTHER
invoice-864.tiff;1;1;2480;3508;106625;1990;1927;127;49;1990;1927;2117;1927;2117;1976;1990;1976;249,97;NNNSNN;undefined;OTHER;OTHER
invoice-864.tiff;1;1;2480;3508;106626;2129;1927;87;49;2129;1927;2216;1927;2216;1976;2129;1976;USD;AAA;undefined;OTHER;OTHER
invoice-864.tiff;1;1;2480;3508;106618;291;1977;226;49;291;1977;517;1977;517;2026;291;2026;ICMI211.CP;AAAANNNSAA;undefined;OTHER;OTHER
invoice-864.tiff;1;1;2480;3508;106619;530;1977;99;49;530;1977;629;1977;629;2026;530;2026;Style;AAAAA;undefined;OTHER;OTHER
invoice-864.tiff;1;1;2480;3508;106620;641;1977;145;49;641;1977;786;1977;786;2026;641;2026;Copper;AAAAAA;undefined;OTHER;OTHER
invoice-864.tiff;1;1;2480;3508;106627;196;2068;23;49;196;2068;219;2068;219;2117;196;2117;3;N;undefined;OTHER;OTHER
invoice-864.tiff;1;1;2480;3508;106628;291;2068;171;49;291;2068;462;2068;462;2117;291;2117;Sacoche;AAAAAAA;undefined;OTHER;OTHER
invoice-864.tiff;1;1;2480;3508;106629;474;2068;159;49;474;2068;633;2068;633;2117;474;2117;Eastpak;AAAAAAA;undefined;OTHER;OTHER
invoice-864.tiff;1;1;2480;3508;106630;645;2068;173;49;645;2068;818;2068;818;2117;645;2117;Delegate;AAAAAAAA;undefined;OTHER;OTHER
invoice-864.tiff;1;1;2480;3508;106631;831;2068;175;49;831;2068;1006;2068;1006;2117;831;2117;midnignt;AAAAAAAA;undefined;OTHER;OTHER
invoice-864.tiff;1;1;2480;3508;106632;1217;2068;23;49;1217;2068;1240;2068;1240;2117;1217;2117;3;N;undefined;OTHER;OTHER
invoice-864.tiff;1;1;2480;3508;106633;1418;2068;104;49;1418;2068;1522;2068;1522;2117;1418;2117;49,99;NNSNN;undefined;OTHER;OTHER
invoice-864.tiff;1;1;2480;3508;106634;1534;2068;87;49;1534;2068;1621;2068;1621;2117;1534;2117;USD;AAA;undefined;OTHER;OTHER
invoice-864.tiff;1;1;2480;3508;106635;1753;2068;118;49;1753;2068;1871;2068;1871;2117;1753;2117;20.0%;NNSNS;undefined;OTHER;OTHER
invoice-864.tiff;1;1;2480;3508;106636;1990;2068;127;49;1990;2068;2117;2068;2117;2117;1990;2117;149,98;NNNSNN;undefined;OTHER;OTHER
invoice-864.tiff;1;1;2480;3508;106637;2129;2068;87;49;2129;2068;2216;2068;2216;2117;2129;2117;USD;AAA;undefined;OTHER;OTHER
invoice-864.tiff;1;1;2480;3508;106638;1897;2201;109;54;1897;2201;2006;2201;2006;2255;1897;2255;DISC;AAAA;undefined;OTHER;OTHER
invoice-864.tiff;1;1;2480;3508;106639;2027;2201;81;49;2027;2201;2108;2201;2108;2250;2027;2250;0,00;NSNN;undefined;OTHER;OTHER
invoice-864.tiff;1;1;2480;3508;106640;2120;2201;87;49;2120;2201;2207;2201;2207;2250;2120;2250;USD;AAA;undefined;OTHER;OTHER
invoice-864.tiff;1;1;2480;3508;106641;1766;2255;173;54;1766;2255;1939;2255;1939;2309;1766;2309;Amount;AAAAAA;undefined;OTHER;OTHER
invoice-864.tiff;1;1;2480;3508;106642;1981;2255;127;49;1981;2255;2108;2255;2108;2304;1981;2304;524,94;NNNSNN;TWTX;TOTAL_WITHOUT_TAX;TWTXS
invoice-864.tiff;1;1;2480;3508;106643;2120;2255;87;49;2120;2255;2207;2255;2207;2304;2120;2304;USD;AAA;TWTX;TOTAL_WITHOUT_TAX;TWTXS
invoice-864.tiff;1;1;2480;3508;106644;1662;2310;91;54;1662;2310;1753;2310;1753;2364;1662;2364;TVA;AAA;undefined;OTHER;OTHER
invoice-864.tiff;1;1;2480;3508;106645;1766;2310;173;54;1766;2310;1939;2310;1939;2364;1766;2364;Amount;AAAAAA;undefined;OTHER;OTHER
invoice-864.tiff;1;1;2480;3508;106646;1981;2310;127;49;1981;2310;2108;2310;2108;2359;1981;2359;104,99;NNNSNN;TTX;TOTAL_TAX;Total Tax
invoice-864.tiff;1;1;2480;3508;106647;2120;2310;87;49;2120;2310;2207;2310;2207;2359;2120;2359;USD;AAA;TTX;TOTAL_TAX;Total Tax
invoice-864.tiff;1;1;2480;3508;106648;1644;2364;109;54;1644;2364;1753;2364;1753;2418;1644;2418;Total;AAAAA;undefined;OTHER;OTHER
invoice-864.tiff;1;1;2480;3508;106649;1766;2364;173;54;1766;2364;1939;2364;1939;2418;1766;2418;Amount;AAAAAA;undefined;OTHER;OTHER
invoice-864.tiff;1;1;2480;3508;106650;1981;2364;127;49;1981;2364;2108;2364;2108;2413;1981;2413;629,93;NNNSNN;TA;TOTAL_AMOUNT;Total with TAX
invoice-864.tiff;1;1;2480;3508;106651;2120;2364;87;49;2120;2364;2207;2364;2207;2413;2120;2413;USD;AAA;TA;TOTAL_AMOUNT;Total with TAX
invoice-864.tiff;1;1;2480;3508;106652;124;3154;127;49;124;3154;251;3154;251;3203;124;3203;IRENE;AAAAA;SN;SUPPLIER_NAME;Seller/Company) name
invoice-864.tiff;1;1;2480;3508;106653;263;3154;212;49;263;3154;475;3154;475;3203;263;3203;COIFFURE;AAAAAAAA;SN;SUPPLIER_NAME;Seller/Company) name
invoice-864.tiff;1;1;2480;3508;106654;124;3203;46;48;124;3203;170;3203;170;3251;124;3251;19;NN;SA;SUPPLIER_ADDRESS;Seller Address
invoice-864.tiff;1;1;2480;3508;106655;182;3203;87;48;182;3203;269;3203;269;3251;182;3251;RUE;AAA;SA;SUPPLIER_ADDRESS;Seller Address
invoice-864.tiff;1;1;2480;3508;106656;282;3203;57;48;282;3203;339;3203;339;3251;282;3251;DE;AA;SA;SUPPLIER_ADDRESS;Seller Address
invoice-864.tiff;1;1;2480;3508;106657;351;3203;189;48;351;3203;540;3203;540;3251;351;3251;LEPANTE;AAAAAAA;SA;SUPPLIER_ADDRESS;Seller Address
invoice-864.tiff;1;1;2480;3508;106658;550;3203;115;48;550;3203;665;3203;665;3251;550;3251;06000;NNNNN;SA;SUPPLIER_ADDRESS;Seller Address
invoice-864.tiff;1;1;2480;3508;106659;674;3203;99;48;674;3203;773;3203;773;3251;674;3251;NICE;AAAA;SA;SUPPLIER_ADDRESS;Seller Address
invoice-864.tiff;1;1;2480;3508;106660;782;3203;171;48;782;3203;953;3203;953;3251;782;3251;FRANCE;AAAAAA;SA;SUPPLIER_ADDRESS;Seller Address
