src;num_pages;page_id;page_width;page_height;id;col;row;width;height;x1;y1;x2;y2;x3;y3;x4;y4;contents;contents_masked;correctclass;tag;description
invoice-1073.tiff;1;1;2480;3508;131743;1187;62;247;175;1187;62;1434;62;1434;237;1187;237;common/logo;AAAAAASAAAA;img;IMAGE;Image
invoice-1073.tiff;1;1;2480;3508;131740;124;270;172;59;124;270;296;270;296;329;124;329;Invoice;AAAAAAA;undefined;OTHER;OTHER
invoice-1073.tiff;1;1;2480;3508;131741;311;270;80;59;311;270;391;270;391;329;311;329;No.;AAS;undefined;OTHER;OTHER
invoice-1073.tiff;1;1;2480;3508;131742;454;270;313;52;454;270;767;270;767;322;454;322;FV2014009043;AANNNNNNNNNN;IN;INVOICE_NUMBER;Invoice Number
invoice-1073.tiff;1;1;2480;3508;131744;1187;412;261;49;1187;412;1448;412;1448;461;1187;461;AUTOCLEAN;AAAAAAAAA;SN;SUPPLIER_NAME;Seller/Company) name
invoice-1073.tiff;1;1;2480;3508;131745;1187;462;69;48;1187;462;1256;462;1256;510;1187;510;248;NNN;SA;SUPPLIER_ADDRESS;Seller Address
invoice-1073.tiff;1;1;2480;3508;131746;1268;462;87;48;1268;462;1355;462;1355;510;1268;510;RUE;AAA;SA;SUPPLIER_ADDRESS;Seller Address
invoice-1073.tiff;1;1;2480;3508;131747;1368;462;108;48;1368;462;1476;462;1476;510;1368;510;PAUL;AAAA;SA;SUPPLIER_ADDRESS;Seller Address
invoice-1073.tiff;1;1;2480;3508;131748;1488;462;169;48;1488;462;1657;462;1657;510;1488;510;ELUARD;AAAAAA;SA;SUPPLIER_ADDRESS;Seller Address
invoice-1073.tiff;1;1;2480;3508;131749;1665;462;115;48;1665;462;1780;462;1780;510;1665;510;62730;NNNNN;SA;SUPPLIER_ADDRESS;Seller Address
invoice-1073.tiff;1;1;2480;3508;131750;1790;462;150;48;1790;462;1940;462;1940;510;1790;510;MARCK;AAAAA;SA;SUPPLIER_ADDRESS;Seller Address
invoice-1073.tiff;1;1;2480;3508;131751;1948;462;171;48;1948;462;2119;462;2119;510;1948;510;FRANCE;AAAAAA;SA;SUPPLIER_ADDRESS;Seller Address
invoice-1073.tiff;1;1;2480;3508;131752;1187;510;120;48;1187;510;1307;510;1307;558;1187;558;Phone;AAAAA;undefined;OTHER;OTHER
invoice-1073.tiff;1;1;2480;3508;131753;1332;510;70;48;1332;510;1402;510;1402;558;1332;558;+33;SNN;SCN;SUPPLIER_CONTACT_NUMBER;Seller Contact Number
invoice-1073.tiff;1;1;2480;3508;131754;1415;510;50;48;1415;510;1465;510;1465;558;1415;558;(0);SNS;SCN;SUPPLIER_CONTACT_NUMBER;Seller Contact Number
invoice-1073.tiff;1;1;2480;3508;131755;1477;510;23;48;1477;510;1500;510;1500;558;1477;558;8;N;SCN;SUPPLIER_CONTACT_NUMBER;Seller Contact Number
invoice-1073.tiff;1;1;2480;3508;131756;1512;510;46;48;1512;510;1558;510;1558;558;1512;558;66;NN;SCN;SUPPLIER_CONTACT_NUMBER;Seller Contact Number
invoice-1073.tiff;1;1;2480;3508;131757;1570;510;46;48;1570;510;1616;510;1616;558;1570;558;10;NN;SCN;SUPPLIER_CONTACT_NUMBER;Seller Contact Number
invoice-1073.tiff;1;1;2480;3508;131758;1628;510;46;48;1628;510;1674;510;1674;558;1628;558;54;NN;SCN;SUPPLIER_CONTACT_NUMBER;Seller Contact Number
invoice-1073.tiff;1;1;2480;3508;131759;1686;510;46;48;1686;510;1732;510;1732;558;1686;558;64;NN;SCN;SUPPLIER_CONTACT_NUMBER;Seller Contact Number
invoice-1073.tiff;1;1;2480;3508;131760;1774;510;69;48;1774;510;1843;510;1843;558;1774;558;Fax;AAA;undefined;OTHER;OTHER
invoice-1073.tiff;1;1;2480;3508;131761;1868;510;70;48;1868;510;1938;510;1938;558;1868;558;+33;SNN;SFAX;SUPPLIER_FAX_NUMBER;Seller Fax Number
invoice-1073.tiff;1;1;2480;3508;131762;1950;510;50;48;1950;510;2000;510;2000;558;1950;558;(0);SNS;SFAX;SUPPLIER_FAX_NUMBER;Seller Fax Number
invoice-1073.tiff;1;1;2480;3508;131763;2013;510;23;48;2013;510;2036;510;2036;558;2013;558;8;N;SFAX;SUPPLIER_FAX_NUMBER;Seller Fax Number
invoice-1073.tiff;1;1;2480;3508;131764;2048;510;46;48;2048;510;2094;510;2094;558;2048;558;66;NN;SFAX;SUPPLIER_FAX_NUMBER;Seller Fax Number
invoice-1073.tiff;1;1;2480;3508;131765;2106;510;46;48;2106;510;2152;510;2152;558;2106;558;10;NN;SFAX;SUPPLIER_FAX_NUMBER;Seller Fax Number
invoice-1073.tiff;1;1;2480;3508;131766;2163;510;46;48;2163;510;2209;510;2209;558;2163;558;45;NN;SFAX;SUPPLIER_FAX_NUMBER;Seller Fax Number
invoice-1073.tiff;1;1;2480;3508;131767;2221;510;46;48;2221;510;2267;510;2267;558;2221;558;86;NN;SFAX;SUPPLIER_FAX_NUMBER;Seller Fax Number
invoice-1073.tiff;1;1;2480;3508;131782;1541;954;94;49;1541;954;1635;954;1635;1003;1541;1003;Jolie;AAAAA;BN;BILLING_NAME;Billing Name
invoice-1073.tiff;1;1;2480;3508;131783;1648;954;113;49;1648;954;1761;954;1761;1003;1648;1003;Boyle;AAAAA;BN;BILLING_NAME;Billing Name
invoice-1073.tiff;1;1;2480;3508;131784;1541;1004;34;48;1541;1004;1575;1004;1575;1052;1541;1052;1,;NS;BA;BILLING_ADDRESS;Billing Address
invoice-1073.tiff;1;1;2480;3508;131785;1587;1004;213;48;1587;1004;1800;1004;1800;1052;1587;1052;canavaggio;AAAAAAAAAA;BA;BILLING_ADDRESS;Billing Address
invoice-1073.tiff;1;1;2480;3508;131769;750;1018;55;48;750;1018;805;1018;805;1066;750;1066;jun;AAA;IDATE;INVOICE_DATE;Invoice Date
invoice-1073.tiff;1;1;2480;3508;131770;817;1018;57;48;817;1018;874;1018;874;1066;817;1066;24,;NNS;IDATE;INVOICE_DATE;Invoice Date
invoice-1073.tiff;1;1;2480;3508;131771;886;1018;92;48;886;1018;978;1018;978;1066;886;1066;2015;NNNN;IDATE;INVOICE_DATE;Invoice Date
invoice-1073.tiff;1;1;2480;3508;131768;124;1019;99;54;124;1019;223;1019;223;1073;124;1073;Date;AAAA;undefined;OTHER;OTHER
invoice-1073.tiff;1;1;2480;3508;131786;1541;1052;115;48;1541;1052;1656;1052;1656;1100;1541;1100;20142;NNNNN;BA;BILLING_ADDRESS;Billing Address
invoice-1073.tiff;1;1;2480;3508;131787;1699;1052;134;48;1699;1052;1833;1052;1833;1100;1699;1100;Campo;AAAAA;BA;BILLING_ADDRESS;Billing Address
invoice-1073.tiff;1;1;2480;3508;131772;124;1094;127;54;124;1094;251;1094;251;1148;124;1148;Client;AAAAAA;undefined;OTHER;OTHER
invoice-1073.tiff;1;1;2480;3508;131773;265;1094;73;54;265;1094;338;1094;338;1148;265;1148;No.;AAS;undefined;OTHER;OTHER
invoice-1073.tiff;1;1;2480;3508;131774;750;1094;215;48;750;1094;965;1094;965;1142;750;1142;CL1070042;AANNNNNNN;CNUM;CLIENT_NUMBER;Client Number
invoice-1073.tiff;1;1;2480;3508;131788;1541;1100;129;48;1541;1100;1670;1100;1670;1148;1541;1148;France;AAAAAA;BA;BILLING_ADDRESS;Billing Address
invoice-1073.tiff;1;1;2480;3508;131775;124;1169;124;54;124;1169;248;1169;248;1223;124;1223;Order;AAAAA;undefined;OTHER;OTHER
invoice-1073.tiff;1;1;2480;3508;131776;262;1169;73;54;262;1169;335;1169;335;1223;262;1223;No.;AAS;undefined;OTHER;OTHER
invoice-1073.tiff;1;1;2480;3508;131777;750;1169;222;48;750;1169;972;1169;972;1217;750;1217;CD2013007;AANNNNNNN;ONUM;ORDER_NUMBER;Order Number
invoice-1073.tiff;1;1;2480;3508;131789;1541;1190;213;59;1541;1190;1754;1190;1754;1249;1541;1249;Shipping;AAAAAAAA;undefined;OTHER;OTHER
invoice-1073.tiff;1;1;2480;3508;131790;1769;1190;200;59;1769;1190;1969;1190;1969;1249;1769;1249;Address;AAAAAAA;undefined;OTHER;OTHER
invoice-1073.tiff;1;1;2480;3508;131778;124;1245;191;54;124;1245;315;1245;315;1299;124;1299;Payment;AAAAAAA;undefined;OTHER;OTHER
invoice-1073.tiff;1;1;2480;3508;131779;328;1245;94;54;328;1245;422;1245;422;1299;328;1299;type;AAAA;undefined;OTHER;OTHER
invoice-1073.tiff;1;1;2480;3508;131780;750;1245;111;48;750;1245;861;1245;861;1293;750;1293;Credit;AAAAAA;PMODE;PAYMENT_MODE;Payment Mode
invoice-1073.tiff;1;1;2480;3508;131781;872;1245;81;48;872;1245;953;1245;953;1293;872;1293;card;AAAA;PMODE;PAYMENT_MODE;Payment Mode
invoice-1073.tiff;1;1;2480;3508;131791;1541;1250;94;49;1541;1250;1635;1250;1635;1299;1541;1299;Jolie;AAAAA;SHN;SHIPPING_NAME;Shipping Name
invoice-1073.tiff;1;1;2480;3508;131792;1648;1250;113;49;1648;1250;1761;1250;1761;1299;1648;1299;Boyle;AAAAA;SHN;SHIPPING_NAME;Shipping Name
invoice-1073.tiff;1;1;2480;3508;131793;1541;1299;34;48;1541;1299;1575;1299;1575;1347;1541;1347;1,;NS;SHA;SHIPPING_ADDRESS;Shipping Address
invoice-1073.tiff;1;1;2480;3508;131794;1587;1299;213;48;1587;1299;1800;1299;1800;1347;1587;1347;canavaggio;AAAAAAAAAA;SHA;SHIPPING_ADDRESS;Shipping Address
invoice-1073.tiff;1;1;2480;3508;131795;1541;1347;115;48;1541;1347;1656;1347;1656;1395;1541;1395;20142;NNNNN;SHA;SHIPPING_ADDRESS;Shipping Address
invoice-1073.tiff;1;1;2480;3508;131796;1699;1347;134;48;1699;1347;1833;1347;1833;1395;1699;1395;Campo;AAAAA;SHA;SHIPPING_ADDRESS;Shipping Address
invoice-1073.tiff;1;1;2480;3508;131797;1541;1395;129;48;1541;1395;1670;1395;1670;1443;1541;1443;France;AAAAAA;SHA;SHIPPING_ADDRESS;Shipping Address
invoice-1073.tiff;1;1;2480;3508;131798;211;1711;76;54;211;1711;287;1711;287;1765;211;1765;Qty;AAA;undefined;OTHER;OTHER
invoice-1073.tiff;1;1;2480;3508;131799;673;1711;277;54;673;1711;950;1711;950;1765;673;1765;Descriptions;AAAAAAAAAAAA;undefined;OTHER;OTHER
invoice-1073.tiff;1;1;2480;3508;131800;1372;1711;89;54;1372;1711;1461;1711;1461;1765;1372;1765;U.P.;ASAS;undefined;OTHER;OTHER
invoice-1073.tiff;1;1;2480;3508;131801;1651;1711;196;54;1651;1711;1847;1711;1847;1765;1651;1765;VAT/TVA;AAASAAA;undefined;OTHER;OTHER
invoice-1073.tiff;1;1;2480;3508;131802;1996;1711;173;54;1996;1711;2169;1711;2169;1765;1996;1765;Amount;AAAAAA;undefined;OTHER;OTHER
invoice-1073.tiff;1;1;2480;3508;131803;238;1786;23;49;238;1786;261;1786;261;1835;238;1835;3;N;undefined;OTHER;OTHER
invoice-1073.tiff;1;1;2480;3508;131804;375;1786;97;49;375;1786;472;1786;472;1835;375;1835;PÃ¨se;AAAA;undefined;OTHER;OTHER
invoice-1073.tiff;1;1;2480;3508;131805;483;1786;187;49;483;1786;670;1786;670;1835;483;1835;personne;AAAAAAAA;undefined;OTHER;OTHER
invoice-1073.tiff;1;1;2480;3508;131806;682;1786;115;49;682;1786;797;1786;797;1835;682;1835;Salter;AAAAAA;undefined;OTHER;OTHER
invoice-1073.tiff;1;1;2480;3508;131807;810;1786;92;49;810;1786;902;1786;902;1835;810;1835;9059;NNNN;undefined;OTHER;OTHER
invoice-1073.tiff;1;1;2480;3508;131808;914;1786;108;49;914;1786;1022;1786;1022;1835;914;1835;SS3R;AANA;undefined;OTHER;OTHER
invoice-1073.tiff;1;1;2480;3508;131809;1314;1786;104;49;1314;1786;1418;1786;1418;1835;1314;1835;24,92;NNSNN;undefined;OTHER;OTHER
invoice-1073.tiff;1;1;2480;3508;131810;1430;1786;87;49;1430;1786;1517;1786;1517;1835;1430;1835;USD;AAA;undefined;OTHER;OTHER
invoice-1073.tiff;1;1;2480;3508;131811;1690;1786;118;49;1690;1786;1808;1786;1808;1835;1690;1835;20.0%;NNSNS;undefined;OTHER;OTHER
invoice-1073.tiff;1;1;2480;3508;131812;1981;1786;104;49;1981;1786;2085;1786;2085;1835;1981;1835;74,75;NNSNN;undefined;OTHER;OTHER
invoice-1073.tiff;1;1;2480;3508;131813;2097;1786;87;49;2097;1786;2184;1786;2184;1835;2097;1835;USD;AAA;undefined;OTHER;OTHER
invoice-1073.tiff;1;1;2480;3508;131814;238;1878;23;49;238;1878;261;1878;261;1927;238;1927;4;N;undefined;OTHER;OTHER
invoice-1073.tiff;1;1;2480;3508;131815;375;1878;164;49;375;1878;539;1878;539;1927;375;1927;Infuseur;AAAAAAAA;undefined;OTHER;OTHER
invoice-1073.tiff;1;1;2480;3508;131816;550;1878;23;49;550;1878;573;1878;573;1927;550;1927;Ã ;A;undefined;OTHER;OTHER
invoice-1073.tiff;1;1;2480;3508;131817;585;1878;62;49;585;1878;647;1878;647;1927;585;1927;thÃ©;AAA;undefined;OTHER;OTHER
invoice-1073.tiff;1;1;2480;3508;131818;659;1878;270;49;659;1878;929;1878;929;1927;659;1927;Cosy&Trendy;AAAASAAAAAA;undefined;OTHER;OTHER
invoice-1073.tiff;1;1;2480;3508;131819;942;1878;148;49;942;1878;1090;1878;1090;1927;942;1927;ThÃ©iÃ¨re;AAAAAAA;undefined;OTHER;OTHER
invoice-1073.tiff;1;1;2480;3508;131820;1102;1878;13;49;1102;1878;1115;1878;1115;1927;1102;1927;-;S;undefined;OTHER;OTHER
invoice-1073.tiff;1;1;2480;3508;131822;1314;1878;104;49;1314;1878;1418;1878;1418;1927;1314;1927;29,52;NNSNN;undefined;OTHER;OTHER
invoice-1073.tiff;1;1;2480;3508;131823;1430;1878;87;49;1430;1878;1517;1878;1517;1927;1430;1927;USD;AAA;undefined;OTHER;OTHER
invoice-1073.tiff;1;1;2480;3508;131824;1690;1878;118;49;1690;1878;1808;1878;1808;1927;1690;1927;20.0%;NNSNS;undefined;OTHER;OTHER
invoice-1073.tiff;1;1;2480;3508;131825;1969;1878;127;49;1969;1878;2096;1878;2096;1927;1969;1927;118,07;NNNSNN;undefined;OTHER;OTHER
invoice-1073.tiff;1;1;2480;3508;131826;2108;1878;87;49;2108;1878;2195;1878;2195;1927;2108;1927;USD;AAA;undefined;OTHER;OTHER
invoice-1073.tiff;1;1;2480;3508;131821;375;1927;189;49;375;1927;564;1927;564;1976;375;1976;131201dg;NNNNNNAA;undefined;OTHER;OTHER
invoice-1073.tiff;1;1;2480;3508;131827;1828;2060;178;52;1828;2060;2006;2060;2006;2112;1828;2112;Discount;AAAAAAAA;undefined;OTHER;OTHER
invoice-1073.tiff;1;1;2480;3508;131828;2027;2060;81;48;2027;2060;2108;2060;2108;2108;2027;2108;0,00;NSNN;undefined;OTHER;OTHER
invoice-1073.tiff;1;1;2480;3508;131829;2120;2060;87;48;2120;2060;2207;2060;2207;2108;2120;2108;USD;AAA;undefined;OTHER;OTHER
invoice-1073.tiff;1;1;2480;3508;131830;1781;2113;157;52;1781;2113;1938;2113;1938;2165;1781;2165;Amount;AAAAAA;undefined;OTHER;OTHER
invoice-1073.tiff;1;1;2480;3508;131831;1981;2113;127;48;1981;2113;2108;2113;2108;2161;1981;2161;192,82;NNNSNN;TWTX;TOTAL_WITHOUT_TAX;TWTXS
invoice-1073.tiff;1;1;2480;3508;131832;2120;2113;87;48;2120;2113;2207;2113;2207;2161;2120;2161;USD;AAA;TWTX;TOTAL_WITHOUT_TAX;TWTXS
invoice-1073.tiff;1;1;2480;3508;131833;1857;2166;191;52;1857;2166;2048;2166;2048;2218;1857;2218;VAT/TVA;AAASAAA;undefined;OTHER;OTHER
invoice-1073.tiff;1;1;2480;3508;131834;2090;2166;118;48;2090;2166;2208;2166;2208;2214;2090;2214;20.0%;NNSNS;TXR;TAX_RATE;Tax Rate
invoice-1073.tiff;1;1;2480;3508;131835;1703;2219;89;52;1703;2219;1792;2219;1792;2271;1703;2271;TVA;AAA;undefined;OTHER;OTHER
invoice-1073.tiff;1;1;2480;3508;131836;1804;2219;157;52;1804;2219;1961;2219;1961;2271;1804;2271;Amount;AAAAAA;undefined;OTHER;OTHER
invoice-1073.tiff;1;1;2480;3508;131837;2004;2219;104;48;2004;2219;2108;2219;2108;2267;2004;2267;38,56;NNSNN;TTX;TOTAL_TAX;Total Tax
invoice-1073.tiff;1;1;2480;3508;131838;2120;2219;87;48;2120;2219;2207;2219;2207;2267;2120;2267;USD;AAA;TTX;TOTAL_TAX;Total Tax
invoice-1073.tiff;1;1;2480;3508;131839;1667;2272;101;52;1667;2272;1768;2272;1768;2324;1667;2324;Total;AAAAA;undefined;OTHER;OTHER
invoice-1073.tiff;1;1;2480;3508;131840;1781;2272;157;52;1781;2272;1938;2272;1938;2324;1781;2324;Amount;AAAAAA;undefined;OTHER;OTHER
invoice-1073.tiff;1;1;2480;3508;131841;1981;2272;127;48;1981;2272;2108;2272;2108;2320;1981;2320;231,38;NNNSNN;TA;TOTAL_AMOUNT;Total with TAX
invoice-1073.tiff;1;1;2480;3508;131842;2120;2272;87;48;2120;2272;2207;2272;2207;2320;2120;2320;USD;AAA;TA;TOTAL_AMOUNT;Total with TAX
invoice-1073.tiff;1;1;2480;3508;131843;124;3154;261;49;124;3154;385;3154;385;3203;124;3203;AUTOCLEAN;AAAAAAAAA;SN;SUPPLIER_NAME;Seller/Company) name
invoice-1073.tiff;1;1;2480;3508;131844;124;3203;69;48;124;3203;193;3203;193;3251;124;3251;248;NNN;SA;SUPPLIER_ADDRESS;Seller Address
invoice-1073.tiff;1;1;2480;3508;131845;206;3203;87;48;206;3203;293;3203;293;3251;206;3251;RUE;AAA;SA;SUPPLIER_ADDRESS;Seller Address
invoice-1073.tiff;1;1;2480;3508;131846;305;3203;108;48;305;3203;413;3203;413;3251;305;3251;PAUL;AAAA;SA;SUPPLIER_ADDRESS;Seller Address
invoice-1073.tiff;1;1;2480;3508;131847;426;3203;169;48;426;3203;595;3203;595;3251;426;3251;ELUARD;AAAAAA;SA;SUPPLIER_ADDRESS;Seller Address
invoice-1073.tiff;1;1;2480;3508;131848;124;3251;115;48;124;3251;239;3251;239;3299;124;3299;62730;NNNNN;SA;SUPPLIER_ADDRESS;Seller Address
invoice-1073.tiff;1;1;2480;3508;131849;282;3251;150;48;282;3251;432;3251;432;3299;282;3299;MARCK;AAAAA;SA;SUPPLIER_ADDRESS;Seller Address
invoice-1073.tiff;1;1;2480;3508;131850;124;3300;171;48;124;3300;295;3300;295;3348;124;3348;FRANCE;AAAAAA;SA;SUPPLIER_ADDRESS;Seller Address
