src;num_pages;page_id;page_width;page_height;id;col;row;width;height;x1;y1;x2;y2;x3;y3;x4;y4;contents;contents_masked;correctclass;tag;description
invoice-3087.tiff;1;1;2480;3508;379896;124;62;175;175;124;62;299;62;299;237;124;237;common/logo;AAAAAASAAAA;img;IMAGE;Image
invoice-3087.tiff;1;1;2480;3508;379912;1541;270;155;57;1541;270;1696;270;1696;327;1541;327;Invoice;AAAAAAA;undefined;OTHER;OTHER
invoice-3087.tiff;1;1;2480;3508;379913;1709;270;55;57;1709;270;1764;270;1764;327;1709;327;ID;AA;undefined;OTHER;OTHER
invoice-3087.tiff;1;1;2480;3508;379914;1827;270;160;50;1827;270;1987;270;1987;320;1827;320;1862335;NNNNNNN;IN;INVOICE_NUMBER;Invoice Number
invoice-3087.tiff;1;1;2480;3508;379897;124;412;201;48;124;412;325;412;325;460;124;460;ARBOUSE;AAAAAAA;SN;SUPPLIER_NAME;Seller/Company) name
invoice-3087.tiff;1;1;2480;3508;379898;336;412;113;48;336;412;449;412;449;460;336;460;SHOP;AAAA;SN;SUPPLIER_NAME;Seller/Company) name
invoice-3087.tiff;1;1;2480;3508;379899;124;460;41;45;124;460;165;460;165;505;124;505;12;NN;SA;SUPPLIER_ADDRESS;Seller Address
invoice-3087.tiff;1;1;2480;3508;379900;177;460;81;45;177;460;258;460;258;505;177;505;RUE;AAA;SA;SUPPLIER_ADDRESS;Seller Address
invoice-3087.tiff;1;1;2480;3508;379901;268;460;60;45;268;460;328;460;328;505;268;505;DU;AA;SA;SUPPLIER_ADDRESS;Seller Address
invoice-3087.tiff;1;1;2480;3508;379902;339;460;74;45;339;460;413;460;413;505;339;505;BAL;AAA;SA;SUPPLIER_ADDRESS;Seller Address
invoice-3087.tiff;1;1;2480;3508;379903;421;460;10;45;421;460;431;460;431;505;421;505;,;S;SA;SUPPLIER_ADDRESS;Seller Address
invoice-3087.tiff;1;1;2480;3508;379904;442;460;104;45;442;460;546;460;546;505;442;505;12000;NNNNN;SA;SUPPLIER_ADDRESS;Seller Address
invoice-3087.tiff;1;1;2480;3508;379905;554;460;134;45;554;460;688;460;688;505;554;505;RODEZ;AAAAA;SA;SUPPLIER_ADDRESS;Seller Address
invoice-3087.tiff;1;1;2480;3508;379906;697;460;10;45;697;460;707;460;707;505;697;505;,;S;SA;SUPPLIER_ADDRESS;Seller Address
invoice-3087.tiff;1;1;2480;3508;379907;718;460;157;45;718;460;875;460;875;505;718;505;FRANCE;AAAAAA;SA;SUPPLIER_ADDRESS;Seller Address
invoice-3087.tiff;1;1;2480;3508;379908;124;506;106;45;124;506;230;506;230;551;124;551;Phone;AAAAA;undefined;OTHER;OTHER
invoice-3087.tiff;1;1;2480;3508;379909;256;506;249;45;256;506;505;506;505;551;256;551;09.05.14.17.66;NNSNNSNNSNNSNN;SCN;SUPPLIER_CONTACT_NUMBER;Seller Contact Number
invoice-3087.tiff;1;1;2480;3508;379910;548;506;64;45;548;506;612;506;612;551;548;551;Fax;AAA;undefined;OTHER;OTHER
invoice-3087.tiff;1;1;2480;3508;379911;637;506;249;45;637;506;886;506;886;551;637;551;09.05.14.72.07;NNSNNSNNSNNSNN;SFAX;SUPPLIER_FAX_NUMBER;Seller Fax Number
invoice-3087.tiff;1;1;2480;3508;379915;124;736;180;57;124;736;304;736;304;793;124;793;Delivery;AAAAAAAA;undefined;OTHER;OTHER
invoice-3087.tiff;1;1;2480;3508;379916;318;736;58;57;318;736;376;736;376;793;318;793;To;AA;undefined;OTHER;OTHER
invoice-3087.tiff;1;1;2480;3508;379917;124;793;148;48;124;793;272;793;272;841;124;841;Amparo;AAAAAA;SHN;SHIPPING_NAME;Shipping Name
invoice-3087.tiff;1;1;2480;3508;379918;283;793;106;48;283;793;389;793;389;841;283;841;Veum;AAAA;SHN;SHIPPING_NAME;Shipping Name
invoice-3087.tiff;1;1;2480;3508;379926;1541;793;148;48;1541;793;1689;793;1689;841;1541;841;Amparo;AAAAAA;BN;BILLING_NAME;Billing Name
invoice-3087.tiff;1;1;2480;3508;379927;1700;793;106;48;1700;793;1806;793;1806;841;1700;841;Veum;AAAA;BN;BILLING_NAME;Billing Name
invoice-3087.tiff;1;1;2480;3508;379919;124;841;52;45;124;841;176;841;176;886;124;886;17,;NNS;SHA;SHIPPING_ADDRESS;Shipping Address
invoice-3087.tiff;1;1;2480;3508;379920;187;841;55;45;187;841;242;841;242;886;187;886;rue;AAA;SHA;SHIPPING_ADDRESS;Shipping Address
invoice-3087.tiff;1;1;2480;3508;379921;253;841;55;45;253;841;308;841;308;886;253;886;des;AAA;SHA;SHIPPING_ADDRESS;Shipping Address
invoice-3087.tiff;1;1;2480;3508;379922;319;841;120;45;319;841;439;841;439;886;319;886;carmes;AAAAAA;SHA;SHIPPING_ADDRESS;Shipping Address
invoice-3087.tiff;1;1;2480;3508;379928;1541;841;52;45;1541;841;1593;841;1593;886;1541;886;17,;NNS;BA;BILLING_ADDRESS;Billing Address
invoice-3087.tiff;1;1;2480;3508;379929;1604;841;55;45;1604;841;1659;841;1659;886;1604;886;rue;AAA;BA;BILLING_ADDRESS;Billing Address
invoice-3087.tiff;1;1;2480;3508;379930;1670;841;55;45;1670;841;1725;841;1725;886;1670;886;des;AAA;BA;BILLING_ADDRESS;Billing Address
invoice-3087.tiff;1;1;2480;3508;379931;1736;841;120;45;1736;841;1856;841;1856;886;1736;886;carmes;AAAAAA;BA;BILLING_ADDRESS;Billing Address
invoice-3087.tiff;1;1;2480;3508;379923;124;887;104;45;124;887;228;887;228;932;124;932;13200;NNNNN;SHA;SHIPPING_ADDRESS;Shipping Address
invoice-3087.tiff;1;1;2480;3508;379924;270;887;87;45;270;887;357;887;357;932;270;932;Arles;AAAAA;SHA;SHIPPING_ADDRESS;Shipping Address
invoice-3087.tiff;1;1;2480;3508;379932;1541;887;104;45;1541;887;1645;887;1645;932;1541;932;13200;NNNNN;BA;BILLING_ADDRESS;Billing Address
invoice-3087.tiff;1;1;2480;3508;379933;1687;887;87;45;1687;887;1774;887;1774;932;1687;932;Arles;AAAAA;BA;BILLING_ADDRESS;Billing Address
invoice-3087.tiff;1;1;2480;3508;379925;124;933;120;45;124;933;244;933;244;978;124;978;France;AAAAAA;SHA;SHIPPING_ADDRESS;Shipping Address
invoice-3087.tiff;1;1;2480;3508;379934;1541;933;120;45;1541;933;1661;933;1661;978;1541;978;France;AAAAAA;BA;BILLING_ADDRESS;Billing Address
invoice-3087.tiff;1;1;2480;3508;379935;124;1139;117;52;124;1139;241;1139;241;1191;124;1191;Dated;AAAAA;undefined;OTHER;OTHER
invoice-3087.tiff;1;1;2480;3508;379936;750;1139;64;46;750;1139;814;1139;814;1185;750;1185;mar;AAA;IDATE;INVOICE_DATE;Invoice Date
invoice-3087.tiff;1;1;2480;3508;379937;825;1139;31;46;825;1139;856;1139;856;1185;825;1185;2,;NS;IDATE;INVOICE_DATE;Invoice Date
invoice-3087.tiff;1;1;2480;3508;379938;866;1139;83;46;866;1139;949;1139;949;1185;866;1185;2013;NNNN;IDATE;INVOICE_DATE;Invoice Date
invoice-3087.tiff;1;1;2480;3508;379942;1541;1176;119;52;1541;1176;1660;1176;1660;1228;1541;1228;Client;AAAAAA;undefined;OTHER;OTHER
invoice-3087.tiff;1;1;2480;3508;379943;1672;1176;50;52;1672;1176;1722;1176;1722;1228;1672;1228;ID;AA;undefined;OTHER;OTHER
invoice-3087.tiff;1;1;2480;3508;379944;2166;1176;104;46;2166;1176;2270;1176;2270;1222;2166;1222;77304;NNNNN;CNUM;CLIENT_NUMBER;Client Number
invoice-3087.tiff;1;1;2480;3508;379939;124;1213;122;52;124;1213;246;1213;246;1265;124;1265;Order;AAAAA;undefined;OTHER;OTHER
invoice-3087.tiff;1;1;2480;3508;379940;258;1213;50;52;258;1213;308;1213;308;1265;258;1265;ID;AA;undefined;OTHER;OTHER
invoice-3087.tiff;1;1;2480;3508;379941;750;1213;83;46;750;1213;833;1213;833;1259;750;1259;2346;NNNN;ONUM;ORDER_NUMBER;Order Number
invoice-3087.tiff;1;1;2480;3508;379945;364;1755;157;52;364;1755;521;1755;521;1807;364;1807;Product;AAAAAAA;undefined;OTHER;OTHER
invoice-3087.tiff;1;1;2480;3508;379946;533;1755;226;52;533;1755;759;1755;759;1807;533;1807;Description;AAAAAAAAAAA;undefined;OTHER;OTHER
invoice-3087.tiff;1;1;2480;3508;379947;1037;1755;175;52;1037;1755;1212;1755;1212;1807;1037;1807;Quantity;AAAAAAAA;undefined;OTHER;OTHER
invoice-3087.tiff;1;1;2480;3508;379948;1316;1755;86;52;1316;1755;1402;1755;1402;1807;1316;1807;Unit;AAAA;undefined;OTHER;OTHER
invoice-3087.tiff;1;1;2480;3508;379949;1414;1755;101;52;1414;1755;1515;1755;1515;1807;1414;1807;Price;AAAAA;undefined;OTHER;OTHER
invoice-3087.tiff;1;1;2480;3508;379950;1650;1755;96;52;1650;1755;1746;1755;1746;1807;1650;1807;TVA;AAA;undefined;OTHER;OTHER
invoice-3087.tiff;1;1;2480;3508;379951;1758;1755;91;52;1758;1755;1849;1755;1849;1807;1758;1807;Rate;AAAA;undefined;OTHER;OTHER
invoice-3087.tiff;1;1;2480;3508;379952;2031;1755;104;52;2031;1755;2135;1755;2135;1807;2031;1807;Total;AAAAA;undefined;OTHER;OTHER
invoice-3087.tiff;1;1;2480;3508;379953;124;1828;168;48;124;1828;292;1828;292;1876;124;1876;Entretien;AAAAAAAAA;undefined;OTHER;OTHER
invoice-3087.tiff;1;1;2480;3508;379954;304;1828;148;48;304;1828;452;1828;452;1876;304;1876;Starwax;AAAAAAA;undefined;OTHER;OTHER
invoice-3087.tiff;1;1;2480;3508;379955;462;1828;101;48;462;1828;563;1828;563;1876;462;1876;SOIN;AAAA;undefined;OTHER;OTHER
invoice-3087.tiff;1;1;2480;3508;379956;575;1828;60;48;575;1828;635;1828;635;1876;575;1876;DU;AA;undefined;OTHER;OTHER
invoice-3087.tiff;1;1;2480;3508;379957;645;1828;106;48;645;1828;751;1828;751;1876;645;1876;CUIR;AAAA;undefined;OTHER;OTHER
invoice-3087.tiff;1;1;2480;3508;379958;762;1828;13;48;762;1828;775;1828;775;1876;762;1876;-;S;undefined;OTHER;OTHER
invoice-3087.tiff;1;1;2480;3508;379959;786;1828;118;48;786;1828;904;1828;904;1876;786;1876;Sachet;AAAAAA;undefined;OTHER;OTHER
invoice-3087.tiff;1;1;2480;3508;379960;915;1828;41;48;915;1828;956;1828;956;1876;915;1876;de;AA;undefined;OTHER;OTHER
invoice-3087.tiff;1;1;2480;3508;379962;1114;1828;20;48;1114;1828;1134;1828;1134;1876;1114;1876;2;N;undefined;OTHER;OTHER
invoice-3087.tiff;1;1;2480;3508;379963;1380;1828;72;48;1380;1828;1452;1828;1452;1876;1380;1876;4,67;NSNN;undefined;OTHER;OTHER
invoice-3087.tiff;1;1;2480;3508;379964;1692;1828;114;48;1692;1828;1806;1828;1806;1876;1692;1876;20.0%;NNSNS;undefined;OTHER;OTHER
invoice-3087.tiff;1;1;2480;3508;379965;2046;1828;72;48;2046;1828;2118;1828;2118;1876;2046;1876;9,33;NSNN;undefined;OTHER;OTHER
invoice-3087.tiff;1;1;2480;3508;379961;124;1876;41;48;124;1876;165;1876;165;1924;124;1924;18;NN;undefined;OTHER;OTHER
invoice-3087.tiff;1;1;2480;3508;379966;124;1966;219;48;124;1966;343;1966;343;2014;124;2014;Cong√©lateur;AAAAAAAAAAA;undefined;OTHER;OTHER
invoice-3087.tiff;1;1;2480;3508;379967;355;1966;104;48;355;1966;459;1966;459;2014;355;2014;coffre;AAAAAA;undefined;OTHER;OTHER
invoice-3087.tiff;1;1;2480;3508;379968;469;1966;180;48;469;1966;649;1966;649;2014;469;2014;Essentielb;AAAAAAAAAA;undefined;OTHER;OTHER
invoice-3087.tiff;1;1;2480;3508;379969;660;1966;87;48;660;1966;747;1966;747;2014;660;2014;ECC;AAA;undefined;OTHER;OTHER
invoice-3087.tiff;1;1;2480;3508;379970;759;1966;85;48;759;1966;844;1966;844;2014;759;2014;293b;NNNA;undefined;OTHER;OTHER
invoice-3087.tiff;1;1;2480;3508;379971;1114;1966;20;48;1114;1966;1134;1966;1134;2014;1114;2014;4;N;undefined;OTHER;OTHER
invoice-3087.tiff;1;1;2480;3508;379972;1359;1966;114;48;1359;1966;1473;1966;1473;2014;1359;2014;307,50;NNNSNN;undefined;OTHER;OTHER
invoice-3087.tiff;1;1;2480;3508;379973;1692;1966;114;48;1692;1966;1806;1966;1806;2014;1692;2014;20.0%;NNSNS;undefined;OTHER;OTHER
invoice-3087.tiff;1;1;2480;3508;379974;2015;1966;135;48;2015;1966;2150;1966;2150;2014;2015;2014;1230,00;NNNNSNN;undefined;OTHER;OTHER
invoice-3087.tiff;1;1;2480;3508;379975;124;2056;57;48;124;2056;181;2056;181;2104;124;2104;TV;AA;undefined;OTHER;OTHER
invoice-3087.tiff;1;1;2480;3508;379976;193;2056;85;48;193;2056;278;2056;278;2104;193;2104;LED;AAA;undefined;OTHER;OTHER
invoice-3087.tiff;1;1;2480;3508;379977;289;2056;88;48;289;2056;377;2056;377;2104;289;2104;Sony;AAAA;undefined;OTHER;OTHER
invoice-3087.tiff;1;1;2480;3508;379978;387;2056;245;48;387;2056;632;2056;632;2104;387;2104;KD49XE9005;AANNAANNNN;undefined;OTHER;OTHER
invoice-3087.tiff;1;1;2480;3508;379979;1114;2056;20;48;1114;2056;1134;2056;1134;2104;1114;2104;3;N;undefined;OTHER;OTHER
invoice-3087.tiff;1;1;2480;3508;379980;1359;2056;114;48;1359;2056;1473;2056;1473;2104;1359;2104;832,50;NNNSNN;undefined;OTHER;OTHER
invoice-3087.tiff;1;1;2480;3508;379981;1692;2056;114;48;1692;2056;1806;2056;1806;2104;1692;2104;20.0%;NNSNS;undefined;OTHER;OTHER
invoice-3087.tiff;1;1;2480;3508;379982;2015;2056;135;48;2015;2056;2150;2056;2150;2104;2015;2104;2497,50;NNNNSNN;undefined;OTHER;OTHER
invoice-3087.tiff;1;1;2480;3508;379983;1916;2187;104;52;1916;2187;2020;2187;2020;2239;1916;2239;Total;AAAAA;undefined;OTHER;OTHER
invoice-3087.tiff;1;1;2480;3508;379984;2062;2187;135;48;2062;2187;2197;2187;2197;2235;2062;2235;3736,83;NNNNSNN;TWTX;TOTAL_WITHOUT_TAX;TWTXS
invoice-3087.tiff;1;1;2480;3508;379985;1793;2240;76;52;1793;2240;1869;2240;1869;2292;1793;2292;Tax;AAA;undefined;OTHER;OTHER
invoice-3087.tiff;1;1;2480;3508;379986;1881;2240;160;52;1881;2240;2041;2240;2041;2292;1881;2292;Amount;AAAAAA;undefined;OTHER;OTHER
invoice-3087.tiff;1;1;2480;3508;379987;2083;2240;114;48;2083;2240;2197;2240;2197;2288;2083;2288;747,37;NNNSNN;TTX;TOTAL_TAX;Total Tax
invoice-3087.tiff;1;1;2480;3508;379988;1728;2293;160;52;1728;2293;1888;2293;1888;2345;1728;2345;Amount;AAAAAA;undefined;OTHER;OTHER
invoice-3087.tiff;1;1;2480;3508;379989;1899;2293;38;52;1899;2293;1937;2293;1937;2345;1899;2345;to;AA;undefined;OTHER;OTHER
invoice-3087.tiff;1;1;2480;3508;379990;1949;2293;71;52;1949;2293;2020;2293;2020;2345;1949;2345;pay;AAA;undefined;OTHER;OTHER
invoice-3087.tiff;1;1;2480;3508;379991;2062;2293;135;48;2062;2293;2197;2293;2197;2341;2062;2341;4484,20;NNNNSNN;TA;TOTAL_AMOUNT;Total with TAX
invoice-3087.tiff;1;1;2480;3508;379992;124;3175;201;48;124;3175;325;3175;325;3223;124;3223;ARBOUSE;AAAAAAA;SN;SUPPLIER_NAME;Seller/Company) name
invoice-3087.tiff;1;1;2480;3508;379993;336;3175;113;48;336;3175;449;3175;449;3223;336;3223;SHOP;AAAA;SN;SUPPLIER_NAME;Seller/Company) name
invoice-3087.tiff;1;1;2480;3508;379994;124;3223;41;45;124;3223;165;3223;165;3268;124;3268;12;NN;SA;SUPPLIER_ADDRESS;Seller Address
invoice-3087.tiff;1;1;2480;3508;379995;177;3223;81;45;177;3223;258;3223;258;3268;177;3268;RUE;AAA;SA;SUPPLIER_ADDRESS;Seller Address
invoice-3087.tiff;1;1;2480;3508;379996;268;3223;60;45;268;3223;328;3223;328;3268;268;3268;DU;AA;SA;SUPPLIER_ADDRESS;Seller Address
invoice-3087.tiff;1;1;2480;3508;379997;339;3223;74;45;339;3223;413;3223;413;3268;339;3268;BAL;AAA;SA;SUPPLIER_ADDRESS;Seller Address
invoice-3087.tiff;1;1;2480;3508;379998;124;3268;104;45;124;3268;228;3268;228;3313;124;3313;12000;NNNNN;SA;SUPPLIER_ADDRESS;Seller Address
invoice-3087.tiff;1;1;2480;3508;379999;270;3268;134;45;270;3268;404;3268;404;3313;270;3313;RODEZ;AAAAA;SA;SUPPLIER_ADDRESS;Seller Address
invoice-3087.tiff;1;1;2480;3508;380000;124;3314;157;45;124;3314;281;3314;281;3359;124;3359;FRANCE;AAAAAA;SA;SUPPLIER_ADDRESS;Seller Address
