src;num_pages;page_id;page_width;page_height;id;col;row;width;height;x1;y1;x2;y2;x3;y3;x4;y4;contents;contents_masked;correctclass;tag;description
invoice-1501.tiff;1;1;2480;3508;184134;1541;62;542;175;1541;62;2083;62;2083;237;1541;237;common/logo;AAAAAASAAAA;img;IMAGE;Image
invoice-1501.tiff;1;1;2480;3508;184135;1541;412;199;48;1541;412;1740;412;1740;460;1541;460;DOMITYS;AAAAAAA;SN;SUPPLIER_NAME;Seller/Company) name
invoice-1501.tiff;1;1;2480;3508;184136;1751;412;55;48;1751;412;1806;412;1806;460;1751;460;LE;AA;SN;SUPPLIER_NAME;Seller/Company) name
invoice-1501.tiff;1;1;2480;3508;184137;1817;412;145;48;1817;412;1962;412;1962;460;1817;460;PHARE;AAAAA;SN;SUPPLIER_NAME;Seller/Company) name
invoice-1501.tiff;1;1;2480;3508;184138;1973;412;30;48;1973;412;2003;412;2003;460;1973;460;D;A;SN;SUPPLIER_NAME;Seller/Company) name
invoice-1501.tiff;1;1;2480;3508;184139;2013;412;178;48;2013;412;2191;412;2191;460;2013;460;ARGENT;AAAAAA;SN;SUPPLIER_NAME;Seller/Company) name
invoice-1501.tiff;1;1;2480;3508;184140;1541;460;41;45;1541;460;1582;460;1582;505;1541;505;15;NN;SA;SUPPLIER_ADDRESS;Seller Address
invoice-1501.tiff;1;1;2480;3508;184141;1593;460;81;45;1593;460;1674;460;1674;505;1593;505;RUE;AAA;SA;SUPPLIER_ADDRESS;Seller Address
invoice-1501.tiff;1;1;2480;3508;184142;1685;460;60;45;1685;460;1745;460;1745;505;1685;505;DU;AA;SA;SUPPLIER_ADDRESS;Seller Address
invoice-1501.tiff;1;1;2480;3508;184143;1755;460;169;45;1755;460;1924;460;1924;505;1755;505;CAPLAIN;AAAAAAA;SA;SUPPLIER_ADDRESS;Seller Address
invoice-1501.tiff;1;1;2480;3508;184144;1541;506;104;45;1541;506;1645;506;1645;551;1541;551;50110;NNNNN;SA;SUPPLIER_ADDRESS;Seller Address
invoice-1501.tiff;1;1;2480;3508;184145;1687;506;530;45;1687;506;2217;506;2217;551;1687;551;CHERBOURG-EN-COTENTIN;AAAAAAAAASAASAAAAAAAA;SA;SUPPLIER_ADDRESS;Seller Address
invoice-1501.tiff;1;1;2480;3508;184146;1541;552;106;45;1541;552;1647;552;1647;597;1541;597;Phone;AAAAA;undefined;OTHER;OTHER
invoice-1501.tiff;1;1;2480;3508;184147;1710;552;69;45;1710;552;1779;552;1779;597;1710;597;+33;SNN;SCN;SUPPLIER_CONTACT_NUMBER;Seller Contact Number
invoice-1501.tiff;1;1;2480;3508;184148;1790;552;20;45;1790;552;1810;552;1810;597;1790;597;0;N;SCN;SUPPLIER_CONTACT_NUMBER;Seller Contact Number
invoice-1501.tiff;1;1;2480;3508;184149;1822;552;62;45;1822;552;1884;552;1884;597;1822;597;952;NNN;SCN;SUPPLIER_CONTACT_NUMBER;Seller Contact Number
invoice-1501.tiff;1;1;2480;3508;184150;1894;552;62;45;1894;552;1956;552;1956;597;1894;597;648;NNN;SCN;SUPPLIER_CONTACT_NUMBER;Seller Contact Number
invoice-1501.tiff;1;1;2480;3508;184151;1967;552;62;45;1967;552;2029;552;2029;597;1967;597;129;NNN;SCN;SUPPLIER_CONTACT_NUMBER;Seller Contact Number
invoice-1501.tiff;1;1;2480;3508;184152;1541;598;64;45;1541;598;1605;598;1605;643;1541;643;Fax;AAA;undefined;OTHER;OTHER
invoice-1501.tiff;1;1;2480;3508;184153;1668;598;69;45;1668;598;1737;598;1737;643;1668;643;+33;SNN;SFAX;SUPPLIER_FAX_NUMBER;Seller Fax Number
invoice-1501.tiff;1;1;2480;3508;184154;1749;598;20;45;1749;598;1769;598;1769;643;1749;643;0;N;SFAX;SUPPLIER_FAX_NUMBER;Seller Fax Number
invoice-1501.tiff;1;1;2480;3508;184155;1780;598;62;45;1780;598;1842;598;1842;643;1780;643;952;NNN;SFAX;SUPPLIER_FAX_NUMBER;Seller Fax Number
invoice-1501.tiff;1;1;2480;3508;184156;1853;598;62;45;1853;598;1915;598;1915;643;1853;643;648;NNN;SFAX;SUPPLIER_FAX_NUMBER;Seller Fax Number
invoice-1501.tiff;1;1;2480;3508;184157;1926;598;62;45;1926;598;1988;598;1988;643;1926;643;349;NNN;SFAX;SUPPLIER_FAX_NUMBER;Seller Fax Number
invoice-1501.tiff;1;1;2480;3508;184168;1541;970;155;57;1541;970;1696;970;1696;1027;1541;1027;Invoice;AAAAAAA;undefined;OTHER;OTHER
invoice-1501.tiff;1;1;2480;3508;184169;1709;970;175;57;1709;970;1884;970;1884;1027;1709;1027;Address;AAAAAAA;undefined;OTHER;OTHER
invoice-1501.tiff;1;1;2480;3508;184170;1541;1028;131;48;1541;1028;1672;1028;1672;1076;1541;1076;Maggie;AAAAAA;BN;BILLING_NAME;Billing Name
invoice-1501.tiff;1;1;2480;3508;184171;1684;1028;129;48;1684;1028;1813;1028;1813;1076;1684;1076;Lehner;AAAAAA;BN;BILLING_NAME;Billing Name
invoice-1501.tiff;1;1;2480;3508;184172;1541;1076;31;45;1541;1076;1572;1076;1572;1121;1541;1121;1,;NS;BA;BILLING_ADDRESS;Billing Address
invoice-1501.tiff;1;1;2480;3508;184173;1583;1076;120;45;1583;1076;1703;1076;1703;1121;1583;1121;chemin;AAAAAA;BA;BILLING_ADDRESS;Billing Address
invoice-1501.tiff;1;1;2480;3508;184174;1714;1076;159;45;1714;1076;1873;1076;1873;1121;1714;1121;d'auxerre;ASAAAAAAA;BA;BILLING_ADDRESS;Billing Address
invoice-1501.tiff;1;1;2480;3508;184175;1541;1121;104;45;1541;1121;1645;1121;1645;1166;1541;1166;89110;NNNNN;BA;BILLING_ADDRESS;Billing Address
invoice-1501.tiff;1;1;2480;3508;184176;1687;1121;298;45;1687;1121;1985;1121;1985;1166;1687;1166;Poilly-sur-Tholon;AAAAAASAAASAAAAAA;BA;BILLING_ADDRESS;Billing Address
invoice-1501.tiff;1;1;2480;3508;184158;124;1123;142;52;124;1123;266;1123;266;1175;124;1175;Invoice;AAAAAAA;undefined;OTHER;OTHER
invoice-1501.tiff;1;1;2480;3508;184159;279;1123;67;52;279;1123;346;1123;346;1175;279;1175;No.;AAS;undefined;OTHER;OTHER
invoice-1501.tiff;1;1;2480;3508;184160;750;1123;175;46;750;1123;925;1123;925;1169;750;1169;FC500384;AANNNNNN;IN;INVOICE_NUMBER;Invoice Number
invoice-1501.tiff;1;1;2480;3508;184177;1541;1167;120;45;1541;1167;1661;1167;1661;1212;1541;1212;France;AAAAAA;BA;BILLING_ADDRESS;Billing Address
invoice-1501.tiff;1;1;2480;3508;184161;124;1197;91;52;124;1197;215;1197;215;1249;124;1249;Date;AAAA;undefined;OTHER;OTHER
invoice-1501.tiff;1;1;2480;3508;184162;750;1197;44;46;750;1197;794;1197;794;1243;750;1243;jul;AAA;IDATE;INVOICE_DATE;Invoice Date
invoice-1501.tiff;1;1;2480;3508;184163;804;1197;31;46;804;1197;835;1197;835;1243;804;1243;4,;NS;IDATE;INVOICE_DATE;Invoice Date
invoice-1501.tiff;1;1;2480;3508;184164;846;1197;83;46;846;1197;929;1197;929;1243;846;1243;2007;NNNN;IDATE;INVOICE_DATE;Invoice Date
invoice-1501.tiff;1;1;2480;3508;184178;1541;1255;180;57;1541;1255;1721;1255;1721;1312;1541;1312;Delivery;AAAAAAAA;undefined;OTHER;OTHER
invoice-1501.tiff;1;1;2480;3508;184179;1734;1255;175;57;1734;1255;1909;1255;1909;1312;1734;1312;Address;AAAAAAA;undefined;OTHER;OTHER
invoice-1501.tiff;1;1;2480;3508;184165;124;1271;173;52;124;1271;297;1271;297;1323;124;1323;Payment;AAAAAAA;undefined;OTHER;OTHER
invoice-1501.tiff;1;1;2480;3508;184166;309;1271;124;52;309;1271;433;1271;433;1323;309;1323;means;AAAAA;undefined;OTHER;OTHER
invoice-1501.tiff;1;1;2480;3508;184167;750;1271;127;46;750;1271;877;1271;877;1317;750;1317;Cheque;AAAAAA;PMODE;PAYMENT_MODE;Payment Mode
invoice-1501.tiff;1;1;2480;3508;184180;1541;1312;131;48;1541;1312;1672;1312;1672;1360;1541;1360;Maggie;AAAAAA;SHN;SHIPPING_NAME;Shipping Name
invoice-1501.tiff;1;1;2480;3508;184181;1684;1312;129;48;1684;1312;1813;1312;1813;1360;1684;1360;Lehner;AAAAAA;SHN;SHIPPING_NAME;Shipping Name
invoice-1501.tiff;1;1;2480;3508;184182;1541;1360;31;45;1541;1360;1572;1360;1572;1405;1541;1405;1,;NS;SHA;SHIPPING_ADDRESS;Shipping Address
invoice-1501.tiff;1;1;2480;3508;184183;1583;1360;120;45;1583;1360;1703;1360;1703;1405;1583;1405;chemin;AAAAAA;SHA;SHIPPING_ADDRESS;Shipping Address
invoice-1501.tiff;1;1;2480;3508;184184;1714;1360;159;45;1714;1360;1873;1360;1873;1405;1714;1405;d'auxerre;ASAAAAAAA;SHA;SHIPPING_ADDRESS;Shipping Address
invoice-1501.tiff;1;1;2480;3508;184185;1541;1406;104;45;1541;1406;1645;1406;1645;1451;1541;1451;89110;NNNNN;SHA;SHIPPING_ADDRESS;Shipping Address
invoice-1501.tiff;1;1;2480;3508;184186;1687;1406;298;45;1687;1406;1985;1406;1985;1451;1687;1451;Poilly-sur-Tholon;AAAAAASAAASAAAAAA;SHA;SHIPPING_ADDRESS;Shipping Address
invoice-1501.tiff;1;1;2480;3508;184187;1541;1452;120;45;1541;1452;1661;1452;1661;1497;1541;1497;France;AAAAAA;SHA;SHIPPING_ADDRESS;Shipping Address
invoice-1501.tiff;1;1;2480;3508;184188;156;1776;104;52;156;1776;260;1776;260;1828;156;1828;S.No.;ASAAS;undefined;OTHER;OTHER
invoice-1501.tiff;1;1;2480;3508;184189;349;1776;175;52;349;1776;524;1776;524;1828;349;1828;Quantity;AAAAAAAA;undefined;OTHER;OTHER
invoice-1501.tiff;1;1;2480;3508;184190;781;1776;157;52;781;1776;938;1776;938;1828;781;1828;Product;AAAAAAA;undefined;OTHER;OTHER
invoice-1501.tiff;1;1;2480;3508;184191;950;1776;226;52;950;1776;1176;1776;1176;1828;950;1828;Description;AAAAAAAAAAA;undefined;OTHER;OTHER
invoice-1501.tiff;1;1;2480;3508;184192;1420;1776;86;52;1420;1776;1506;1776;1506;1828;1420;1828;Unit;AAAA;undefined;OTHER;OTHER
invoice-1501.tiff;1;1;2480;3508;184193;1518;1776;101;52;1518;1776;1619;1776;1619;1828;1518;1828;Price;AAAAA;undefined;OTHER;OTHER
invoice-1501.tiff;1;1;2480;3508;184194;1712;1776;96;52;1712;1776;1808;1776;1808;1828;1712;1828;TVA;AAA;undefined;OTHER;OTHER
invoice-1501.tiff;1;1;2480;3508;184195;1820;1776;91;52;1820;1776;1911;1776;1911;1828;1820;1828;Rate;AAAA;undefined;OTHER;OTHER
invoice-1501.tiff;1;1;2480;3508;184196;2051;1776;104;52;2051;1776;2155;1776;2155;1828;2051;1828;Total;AAAAA;undefined;OTHER;OTHER
invoice-1501.tiff;1;1;2480;3508;184197;197;1849;20;48;197;1849;217;1849;217;1897;197;1897;1;N;undefined;OTHER;OTHER
invoice-1501.tiff;1;1;2480;3508;184198;427;1849;20;48;427;1849;447;1849;447;1897;427;1897;1;N;undefined;OTHER;OTHER
invoice-1501.tiff;1;1;2480;3508;184199;583;1849;87;48;583;1849;670;1849;670;1897;583;1897;Four;AAAA;undefined;OTHER;OTHER
invoice-1501.tiff;1;1;2480;3508;184200;681;1849;212;48;681;1849;893;1849;893;1897;681;1897;Encastrable;AAAAAAAAAAA;undefined;OTHER;OTHER
invoice-1501.tiff;1;1;2480;3508;184201;905;1849;145;48;905;1849;1050;1849;1050;1897;905;1897;Siemens;AAAAAAA;undefined;OTHER;OTHER
invoice-1501.tiff;1;1;2480;3508;184202;1061;1849;111;48;1061;1849;1172;1849;1172;1897;1061;1897;IQ700;AANNN;undefined;OTHER;OTHER
invoice-1501.tiff;1;1;2480;3508;184204;1406;1849;135;48;1406;1849;1541;1849;1541;1897;1406;1897;1165,83;NNNNSNN;undefined;OTHER;OTHER
invoice-1501.tiff;1;1;2480;3508;184205;1552;1849;83;48;1552;1849;1635;1849;1635;1897;1552;1897;USD;AAA;undefined;OTHER;OTHER
invoice-1501.tiff;1;1;2480;3508;184206;1755;1849;114;48;1755;1849;1869;1849;1869;1897;1755;1897;20.0%;NNSNS;undefined;OTHER;OTHER
invoice-1501.tiff;1;1;2480;3508;184207;1989;1849;135;48;1989;1849;2124;1849;2124;1897;1989;1897;1165,83;NNNNSNN;undefined;OTHER;OTHER
invoice-1501.tiff;1;1;2480;3508;184208;2135;1849;83;48;2135;1849;2218;1849;2218;1897;2135;1897;USD;AAA;undefined;OTHER;OTHER
invoice-1501.tiff;1;1;2480;3508;184203;583;1897;256;48;583;1897;839;1897;839;1945;583;1945;HM676G0S1F;AANNNANANA;undefined;OTHER;OTHER
invoice-1501.tiff;1;1;2480;3508;184209;197;1987;20;48;197;1987;217;1987;217;2035;197;2035;2;N;undefined;OTHER;OTHER
invoice-1501.tiff;1;1;2480;3508;184210;427;1987;20;48;427;1987;447;1987;447;2035;427;2035;4;N;undefined;OTHER;OTHER
invoice-1501.tiff;1;1;2480;3508;184211;583;1987;203;48;583;1987;786;1987;786;2035;583;2035;Ordinateur;AAAAAAAAAA;undefined;OTHER;OTHER
invoice-1501.tiff;1;1;2480;3508;184212;797;1987;150;48;797;1987;947;1987;947;2035;797;2035;portable;AAAAAAAA;undefined;OTHER;OTHER
invoice-1501.tiff;1;1;2480;3508;184213;958;1987;85;48;958;1987;1043;1987;1043;2035;958;2035;Asus;AAAA;undefined;OTHER;OTHER
invoice-1501.tiff;1;1;2480;3508;184216;1406;1987;135;48;1406;1987;1541;1987;1541;2035;1406;2035;1249,17;NNNNSNN;undefined;OTHER;OTHER
invoice-1501.tiff;1;1;2480;3508;184217;1552;1987;83;48;1552;1987;1635;1987;1635;2035;1552;2035;USD;AAA;undefined;OTHER;OTHER
invoice-1501.tiff;1;1;2480;3508;184218;1755;1987;114;48;1755;1987;1869;1987;1869;2035;1755;2035;20.0%;NNSNS;undefined;OTHER;OTHER
invoice-1501.tiff;1;1;2480;3508;184219;1989;1987;135;48;1989;1987;2124;1987;2124;2035;1989;2035;4996,67;NNNNSNN;undefined;OTHER;OTHER
invoice-1501.tiff;1;1;2480;3508;184220;2135;1987;83;48;2135;1987;2218;1987;2218;2035;2135;2035;USD;AAA;undefined;OTHER;OTHER
invoice-1501.tiff;1;1;2480;3508;184214;583;2035;405;48;583;2035;988;2035;988;2083;583;2083;Zenbook-Flip-78256-N;AAAAAAASAAAASNNNNNSA;undefined;OTHER;OTHER
invoice-1501.tiff;1;1;2480;3508;184215;998;2035;106;48;998;2035;1104;2035;1104;2083;998;2083;ux370;AANNN;undefined;OTHER;OTHER
invoice-1501.tiff;1;1;2480;3508;184221;197;2125;20;48;197;2125;217;2125;217;2173;197;2173;3;N;undefined;OTHER;OTHER
invoice-1501.tiff;1;1;2480;3508;184222;427;2125;20;48;427;2125;447;2125;447;2173;427;2173;4;N;undefined;OTHER;OTHER
invoice-1501.tiff;1;1;2480;3508;184223;583;2125;145;48;583;2125;728;2125;728;2173;583;2173;Support;AAAAAAA;undefined;OTHER;OTHER
invoice-1501.tiff;1;1;2480;3508;184224;739;2125;41;48;739;2125;780;2125;780;2173;739;2173;de;AA;undefined;OTHER;OTHER
invoice-1501.tiff;1;1;2480;3508;184225;791;2125;129;48;791;2125;920;2125;920;2173;791;2173;cuisson;AAAAAAA;undefined;OTHER;OTHER
invoice-1501.tiff;1;1;2480;3508;184226;931;2125;120;48;931;2125;1051;2125;1051;2173;931;2173;Weber;AAAAA;undefined;OTHER;OTHER
invoice-1501.tiff;1;1;2480;3508;184227;1062;2125;185;48;1062;2125;1247;2125;1247;2173;1062;2173;Elevations;AAAAAAAAAA;undefined;OTHER;OTHER
invoice-1501.tiff;1;1;2480;3508;184231;1427;2125;93;48;1427;2125;1520;2125;1520;2173;1427;2173;20,83;NNSNN;undefined;OTHER;OTHER
invoice-1501.tiff;1;1;2480;3508;184232;1531;2125;83;48;1531;2125;1614;2125;1614;2173;1531;2173;USD;AAA;undefined;OTHER;OTHER
invoice-1501.tiff;1;1;2480;3508;184233;1755;2125;114;48;1755;2125;1869;2125;1869;2173;1755;2173;20.0%;NNSNS;undefined;OTHER;OTHER
invoice-1501.tiff;1;1;2480;3508;184234;2010;2125;93;48;2010;2125;2103;2125;2103;2173;2010;2173;83,30;NNSNN;undefined;OTHER;OTHER
invoice-1501.tiff;1;1;2480;3508;184235;2114;2125;83;48;2114;2125;2197;2125;2197;2173;2114;2173;USD;AAA;undefined;OTHER;OTHER
invoice-1501.tiff;1;1;2480;3508;184228;583;2173;118;48;583;2173;701;2173;701;2221;583;2221;Tiered;AAAAAA;undefined;OTHER;OTHER
invoice-1501.tiff;1;1;2480;3508;184229;711;2173;92;48;711;2173;803;2173;803;2221;711;2221;grille;AAAAAA;undefined;OTHER;OTHER
invoice-1501.tiff;1;1;2480;3508;184230;814;2173;231;48;814;2173;1045;2173;1045;2221;814;2221;additionnelle;AAAAAAAAAAAAA;undefined;OTHER;OTHER
invoice-1501.tiff;1;1;2480;3508;184236;1911;2304;109;52;1911;2304;2020;2304;2020;2356;1911;2356;DISC;AAAA;undefined;OTHER;OTHER
invoice-1501.tiff;1;1;2480;3508;184237;2041;2304;72;48;2041;2304;2113;2304;2113;2352;2041;2352;0,00;NSNN;undefined;OTHER;OTHER
invoice-1501.tiff;1;1;2480;3508;184238;2125;2304;83;48;2125;2304;2208;2304;2208;2352;2125;2352;USD;AAA;undefined;OTHER;OTHER
invoice-1501.tiff;1;1;2480;3508;184239;1833;2357;104;52;1833;2357;1937;2357;1937;2409;1833;2409;Total;AAAAA;undefined;OTHER;OTHER
invoice-1501.tiff;1;1;2480;3508;184240;1979;2357;135;48;1979;2357;2114;2357;2114;2405;1979;2405;6245,80;NNNNSNN;TWTX;TOTAL_WITHOUT_TAX;TWTXS
invoice-1501.tiff;1;1;2480;3508;184241;2125;2357;83;48;2125;2357;2208;2357;2208;2405;2125;2405;USD;AAA;TWTX;TOTAL_WITHOUT_TAX;TWTXS
invoice-1501.tiff;1;1;2480;3508;184242;1852;2410;96;52;1852;2410;1948;2410;1948;2462;1852;2462;TVA;AAA;undefined;OTHER;OTHER
invoice-1501.tiff;1;1;2480;3508;184243;1960;2410;91;52;1960;2410;2051;2410;2051;2462;1960;2462;Rate;AAAA;undefined;OTHER;OTHER
invoice-1501.tiff;1;1;2480;3508;184244;2093;2410;114;48;2093;2410;2207;2410;2207;2458;2093;2458;20.0%;NNSNS;TXR;TAX_RATE;Tax Rate
invoice-1501.tiff;1;1;2480;3508;184245;1689;2463;76;52;1689;2463;1765;2463;1765;2515;1689;2515;Tax;AAA;undefined;OTHER;OTHER
invoice-1501.tiff;1;1;2480;3508;184246;1777;2463;160;52;1777;2463;1937;2463;1937;2515;1777;2515;Amount;AAAAAA;undefined;OTHER;OTHER
invoice-1501.tiff;1;1;2480;3508;184247;1979;2463;135;48;1979;2463;2114;2463;2114;2511;1979;2511;1249,16;NNNNSNN;TTX;TOTAL_TAX;Total Tax
invoice-1501.tiff;1;1;2480;3508;184248;2125;2463;83;48;2125;2463;2208;2463;2208;2511;2125;2511;USD;AAA;TTX;TOTAL_TAX;Total Tax
invoice-1501.tiff;1;1;2480;3508;184249;1644;2516;160;52;1644;2516;1804;2516;1804;2568;1644;2568;Amount;AAAAAA;undefined;OTHER;OTHER
invoice-1501.tiff;1;1;2480;3508;184250;1816;2516;38;52;1816;2516;1854;2516;1854;2568;1816;2568;to;AA;undefined;OTHER;OTHER
invoice-1501.tiff;1;1;2480;3508;184251;1866;2516;71;52;1866;2516;1937;2516;1937;2568;1866;2568;pay;AAA;undefined;OTHER;OTHER
invoice-1501.tiff;1;1;2480;3508;184252;1979;2516;135;48;1979;2516;2114;2516;2114;2564;1979;2564;7494,96;NNNNSNN;TA;TOTAL_AMOUNT;Total with TAX
invoice-1501.tiff;1;1;2480;3508;184253;2125;2516;83;48;2125;2516;2208;2516;2208;2564;2125;2564;USD;AAA;TA;TOTAL_AMOUNT;Total with TAX
invoice-1501.tiff;1;1;2480;3508;184254;124;3175;199;48;124;3175;323;3175;323;3223;124;3223;DOMITYS;AAAAAAA;SN;SUPPLIER_NAME;Seller/Company) name
invoice-1501.tiff;1;1;2480;3508;184255;334;3175;55;48;334;3175;389;3175;389;3223;334;3223;LE;AA;SN;SUPPLIER_NAME;Seller/Company) name
invoice-1501.tiff;1;1;2480;3508;184256;400;3175;145;48;400;3175;545;3175;545;3223;400;3223;PHARE;AAAAA;SN;SUPPLIER_NAME;Seller/Company) name
invoice-1501.tiff;1;1;2480;3508;184257;556;3175;30;48;556;3175;586;3175;586;3223;556;3223;D;A;SN;SUPPLIER_NAME;Seller/Company) name
invoice-1501.tiff;1;1;2480;3508;184258;597;3175;178;48;597;3175;775;3175;775;3223;597;3223;ARGENT;AAAAAA;SN;SUPPLIER_NAME;Seller/Company) name
invoice-1501.tiff;1;1;2480;3508;184259;124;3223;41;45;124;3223;165;3223;165;3268;124;3268;15;NN;SA;SUPPLIER_ADDRESS;Seller Address
invoice-1501.tiff;1;1;2480;3508;184260;177;3223;81;45;177;3223;258;3223;258;3268;177;3268;RUE;AAA;SA;SUPPLIER_ADDRESS;Seller Address
invoice-1501.tiff;1;1;2480;3508;184261;268;3223;60;45;268;3223;328;3223;328;3268;268;3268;DU;AA;SA;SUPPLIER_ADDRESS;Seller Address
invoice-1501.tiff;1;1;2480;3508;184262;339;3223;169;45;339;3223;508;3223;508;3268;339;3268;CAPLAIN;AAAAAAA;SA;SUPPLIER_ADDRESS;Seller Address
invoice-1501.tiff;1;1;2480;3508;184263;124;3268;104;45;124;3268;228;3268;228;3313;124;3313;50110;NNNNN;SA;SUPPLIER_ADDRESS;Seller Address
invoice-1501.tiff;1;1;2480;3508;184264;270;3268;530;45;270;3268;800;3268;800;3313;270;3313;CHERBOURG-EN-COTENTIN;AAAAAAAAASAASAAAAAAAA;SA;SUPPLIER_ADDRESS;Seller Address
