src;num_pages;page_id;page_width;page_height;id;col;row;width;height;x1;y1;x2;y2;x3;y3;x4;y4;contents;contents_masked;correctclass;tag;description
invoice-2424.tiff;1;1;2480;3508;298343;124;62;642;175;124;62;766;62;766;237;124;237;common/logo;AAAAAASAAAA;img;IMAGE;Image
invoice-2424.tiff;1;1;2480;3508;298374;1541;270;166;57;1541;270;1707;270;1707;327;1541;327;Facture;AAAAAAA;undefined;OTHER;OTHER
invoice-2424.tiff;1;1;2480;3508;298375;1720;270;47;57;1720;270;1767;270;1767;327;1720;327;n°;AS;undefined;OTHER;OTHER
invoice-2424.tiff;1;1;2480;3508;298376;1831;270;160;50;1831;270;1991;270;1991;320;1831;320;1501612;NNNNNNN;IN;INVOICE_NUMBER;Invoice Number
invoice-2424.tiff;1;1;2480;3508;298344;124;412;78;48;124;412;202;412;202;460;124;460;LES;AAA;SN;SUPPLIER_NAME;Seller/Company) name
invoice-2424.tiff;1;1;2480;3508;298345;214;412;152;48;214;412;366;412;366;460;214;460;BIERES;AAAAAA;SN;SUPPLIER_NAME;Seller/Company) name
invoice-2424.tiff;1;1;2480;3508;298346;377;412;57;48;377;412;434;412;434;460;377;460;LA;AA;SN;SUPPLIER_NAME;Seller/Company) name
invoice-2424.tiff;1;1;2480;3508;298347;445;412;222;48;445;412;667;412;667;460;445;460;POULICHE;AAAAAAAA;SN;SUPPLIER_NAME;Seller/Company) name
invoice-2424.tiff;1;1;2480;3508;298348;124;460;20;45;124;460;144;460;144;505;124;505;5;N;SA;SUPPLIER_ADDRESS;Seller Address
invoice-2424.tiff;1;1;2480;3508;298349;156;460;99;45;156;460;255;460;255;505;156;505;QUAI;AAAA;SA;SUPPLIER_ADDRESS;Seller Address
invoice-2424.tiff;1;1;2480;3508;298350;266;460;134;45;266;460;400;460;400;505;266;505;ANDRE;AAAAA;SA;SUPPLIER_ADDRESS;Seller Address
invoice-2424.tiff;1;1;2480;3508;298351;410;460;199;45;410;460;609;460;609;505;410;505;LASSAGNE;AAAAAAAA;SA;SUPPLIER_ADDRESS;Seller Address
invoice-2424.tiff;1;1;2480;3508;298352;618;460;13;45;618;460;631;460;631;505;618;505;-;S;SA;SUPPLIER_ADDRESS;Seller Address
invoice-2424.tiff;1;1;2480;3508;298353;642;460;104;45;642;460;746;460;746;505;642;505;69001;NNNNN;SA;SUPPLIER_ADDRESS;Seller Address
invoice-2424.tiff;1;1;2480;3508;298354;765;460;104;45;765;460;869;460;869;505;765;505;LYON;AAAA;SA;SUPPLIER_ADDRESS;Seller Address
invoice-2424.tiff;1;1;2480;3508;298355;880;460;71;45;880;460;951;460;951;505;880;505;1ER;NAA;SA;SUPPLIER_ADDRESS;Seller Address
invoice-2424.tiff;1;1;2480;3508;298356;960;460;13;45;960;460;973;460;973;505;960;505;-;S;SA;SUPPLIER_ADDRESS;Seller Address
invoice-2424.tiff;1;1;2480;3508;298357;984;460;157;45;984;460;1141;460;1141;505;984;505;FRANCE;AAAAAA;SA;SUPPLIER_ADDRESS;Seller Address
invoice-2424.tiff;1;1;2480;3508;298358;124;506;173;45;124;506;297;506;297;551;124;551;Téléphone;AAAAAAAAA;undefined;OTHER;OTHER
invoice-2424.tiff;1;1;2480;3508;298359;323;506;69;45;323;506;392;506;392;551;323;551;+33;SNN;SCN;SUPPLIER_CONTACT_NUMBER;Seller Contact Number
invoice-2424.tiff;1;1;2480;3508;298360;403;506;48;45;403;506;451;506;451;551;403;551;(0);SNS;SCN;SUPPLIER_CONTACT_NUMBER;Seller Contact Number
invoice-2424.tiff;1;1;2480;3508;298361;462;506;20;45;462;506;482;506;482;551;462;551;0;N;SCN;SUPPLIER_CONTACT_NUMBER;Seller Contact Number
invoice-2424.tiff;1;1;2480;3508;298362;494;506;41;45;494;506;535;506;535;551;494;551;00;NN;SCN;SUPPLIER_CONTACT_NUMBER;Seller Contact Number
invoice-2424.tiff;1;1;2480;3508;298363;546;506;41;45;546;506;587;506;587;551;546;551;01;NN;SCN;SUPPLIER_CONTACT_NUMBER;Seller Contact Number
invoice-2424.tiff;1;1;2480;3508;298364;598;506;41;45;598;506;639;506;639;551;598;551;48;NN;SCN;SUPPLIER_CONTACT_NUMBER;Seller Contact Number
invoice-2424.tiff;1;1;2480;3508;298365;650;506;41;45;650;506;691;506;691;551;650;551;50;NN;SCN;SUPPLIER_CONTACT_NUMBER;Seller Contact Number
invoice-2424.tiff;1;1;2480;3508;298366;733;506;162;45;733;506;895;506;895;551;733;551;Télécopie;AAAAAAAAA;undefined;OTHER;OTHER
invoice-2424.tiff;1;1;2480;3508;298367;920;506;69;45;920;506;989;506;989;551;920;551;+33;SNN;SFAX;SUPPLIER_FAX_NUMBER;Seller Fax Number
invoice-2424.tiff;1;1;2480;3508;298368;1000;506;48;45;1000;506;1048;506;1048;551;1000;551;(0);SNS;SFAX;SUPPLIER_FAX_NUMBER;Seller Fax Number
invoice-2424.tiff;1;1;2480;3508;298369;1059;506;20;45;1059;506;1079;506;1079;551;1059;551;0;N;SFAX;SUPPLIER_FAX_NUMBER;Seller Fax Number
invoice-2424.tiff;1;1;2480;3508;298370;1091;506;41;45;1091;506;1132;506;1132;551;1091;551;00;NN;SFAX;SUPPLIER_FAX_NUMBER;Seller Fax Number
invoice-2424.tiff;1;1;2480;3508;298371;1143;506;41;45;1143;506;1184;506;1184;551;1143;551;01;NN;SFAX;SUPPLIER_FAX_NUMBER;Seller Fax Number
invoice-2424.tiff;1;1;2480;3508;298372;1195;506;41;45;1195;506;1236;506;1236;551;1195;551;29;NN;SFAX;SUPPLIER_FAX_NUMBER;Seller Fax Number
invoice-2424.tiff;1;1;2480;3508;298373;1247;506;41;45;1247;506;1288;506;1288;551;1247;551;78;NN;SFAX;SUPPLIER_FAX_NUMBER;Seller Fax Number
invoice-2424.tiff;1;1;2480;3508;298385;1541;736;261;57;1541;736;1802;736;1802;793;1541;793;Destinataire;AAAAAAAAAAAA;undefined;OTHER;OTHER
invoice-2424.tiff;1;1;2480;3508;298377;124;784;58;52;124;784;182;784;182;836;124;836;Du;AA;undefined;OTHER;OTHER
invoice-2424.tiff;1;1;2480;3508;298378;750;784;20;46;750;784;770;784;770;830;750;830;5;N;IDATE;INVOICE_DATE;Invoice Date
invoice-2424.tiff;1;1;2480;3508;298379;781;784;44;46;781;784;825;784;825;830;781;830;jul;AAA;IDATE;INVOICE_DATE;Invoice Date
invoice-2424.tiff;1;1;2480;3508;298380;835;784;83;46;835;784;918;784;918;830;835;830;2020;NNNN;IDATE;INVOICE_DATE;Invoice Date
invoice-2424.tiff;1;1;2480;3508;298386;1541;793;136;48;1541;793;1677;793;1677;841;1541;841;Mathéo;AAAAAA;BN;BILLING_NAME;Billing Name
invoice-2424.tiff;1;1;2480;3508;298387;1688;793;108;48;1688;793;1796;793;1796;841;1688;841;Robin;AAAAA;BN;BILLING_NAME;Billing Name
invoice-2424.tiff;1;1;2480;3508;298388;1541;841;31;45;1541;841;1572;841;1572;886;1541;886;2,;NS;BA;BILLING_ADDRESS;Billing Address
invoice-2424.tiff;1;1;2480;3508;298389;1583;841;134;45;1583;841;1717;841;1717;886;1583;886;impasse;AAAAAAA;BA;BILLING_ADDRESS;Billing Address
invoice-2424.tiff;1;1;2480;3508;298390;1728;841;41;45;1728;841;1769;841;1769;886;1728;886;du;AA;BA;BILLING_ADDRESS;Billing Address
invoice-2424.tiff;1;1;2480;3508;298391;1780;841;168;45;1780;841;1948;841;1948;886;1780;886;ségares/le;AAAAAAASAA;BA;BILLING_ADDRESS;Billing Address
invoice-2424.tiff;1;1;2480;3508;298392;1959;841;127;45;1959;841;2086;841;2086;886;1959;886;ségares;AAAAAAA;BA;BILLING_ADDRESS;Billing Address
invoice-2424.tiff;1;1;2480;3508;298381;124;857;134;52;124;857;258;857;258;909;124;909;Moyen;AAAAA;undefined;OTHER;OTHER
invoice-2424.tiff;1;1;2480;3508;298382;271;857;45;52;271;857;316;857;316;909;271;909;de;AA;undefined;OTHER;OTHER
invoice-2424.tiff;1;1;2480;3508;298383;328;857;180;52;328;857;508;857;508;909;328;909;paiement;AAAAAAAA;undefined;OTHER;OTHER
invoice-2424.tiff;1;1;2480;3508;298384;750;857;157;46;750;857;907;857;907;903;750;903;Virement;AAAAAAAA;PMODE;PAYMENT_MODE;Payment Mode
invoice-2424.tiff;1;1;2480;3508;298393;1541;887;104;45;1541;887;1645;887;1645;932;1541;932;81110;NNNNN;BA;BILLING_ADDRESS;Billing Address
invoice-2424.tiff;1;1;2480;3508;298394;1687;887;129;45;1687;887;1816;887;1816;932;1687;932;Lescout;AAAAAAA;BA;BILLING_ADDRESS;Billing Address
invoice-2424.tiff;1;1;2480;3508;298395;1541;933;120;45;1541;933;1661;933;1661;978;1541;978;France;AAAAAA;BA;BILLING_ADDRESS;Billing Address
invoice-2424.tiff;1;1;2480;3508;298396;161;1399;92;52;161;1399;253;1399;253;1451;161;1451;Non.;AAAS;undefined;OTHER;OTHER
invoice-2424.tiff;1;1;2480;3508;298397;401;1399;71;52;401;1399;472;1399;472;1451;401;1451;Qté;AAA;undefined;OTHER;OTHER
invoice-2424.tiff;1;1;2480;3508;298398;863;1399;231;52;863;1399;1094;1399;1094;1451;863;1451;Désignation;AAAAAAAAAAA;undefined;OTHER;OTHER
invoice-2424.tiff;1;1;2480;3508;298399;1490;1399;61;52;1490;1399;1551;1399;1551;1451;1490;1451;UP;AA;undefined;OTHER;OTHER
invoice-2424.tiff;1;1;2480;3508;298400;1764;1399;96;52;1764;1399;1860;1399;1860;1451;1764;1451;TVA;AAA;undefined;OTHER;OTHER
invoice-2424.tiff;1;1;2480;3508;298401;1968;1399;170;52;1968;1399;2138;1399;2138;1451;1968;1451;Montant;AAAAAAA;undefined;OTHER;OTHER
invoice-2424.tiff;1;1;2480;3508;298402;2150;1399;89;52;2150;1399;2239;1399;2239;1451;2150;1451;H.T.;ASAS;undefined;OTHER;OTHER
invoice-2424.tiff;1;1;2480;3508;298403;197;1473;20;48;197;1473;217;1473;217;1521;197;1521;1;N;undefined;OTHER;OTHER
invoice-2424.tiff;1;1;2480;3508;298404;427;1473;20;48;427;1473;447;1473;447;1521;427;1521;3;N;undefined;OTHER;OTHER
invoice-2424.tiff;1;1;2480;3508;298405;583;1473;141;48;583;1473;724;1473;724;1521;583;1521;Serveur;AAAAAAA;undefined;OTHER;OTHER
invoice-2424.tiff;1;1;2480;3508;298406;734;1473;83;48;734;1473;817;1473;817;1521;734;1521;NAS;AAA;undefined;OTHER;OTHER
invoice-2424.tiff;1;1;2480;3508;298407;828;1473;99;48;828;1473;927;1473;927;1521;828;1521;Qnap;AAAA;undefined;OTHER;OTHER
invoice-2424.tiff;1;1;2480;3508;298408;938;1473;127;48;938;1473;1065;1473;1065;1521;938;1521;TS-228;AASNNN;undefined;OTHER;OTHER
invoice-2424.tiff;1;1;2480;3508;298409;1076;1473;13;48;1076;1473;1089;1473;1089;1521;1076;1521;-;S;undefined;OTHER;OTHER
invoice-2424.tiff;1;1;2480;3508;298410;1100;1473;141;48;1100;1473;1241;1473;1241;1521;1100;1521;Serveur;AAAAAAA;undefined;OTHER;OTHER
invoice-2424.tiff;1;1;2480;3508;298411;1252;1473;83;48;1252;1473;1335;1473;1335;1521;1252;1521;NAS;AAA;undefined;OTHER;OTHER
invoice-2424.tiff;1;1;2480;3508;298412;1346;1473;13;48;1346;1473;1359;1473;1359;1521;1346;1521;-;S;undefined;OTHER;OTHER
invoice-2424.tiff;1;1;2480;3508;298417;1414;1473;114;48;1414;1473;1528;1473;1528;1521;1414;1521;137,50;NNNSNN;undefined;OTHER;OTHER
invoice-2424.tiff;1;1;2480;3508;298418;1539;1473;87;48;1539;1473;1626;1473;1626;1521;1539;1521;EUR;AAA;undefined;OTHER;OTHER
invoice-2424.tiff;1;1;2480;3508;298419;1755;1473;114;48;1755;1473;1869;1473;1869;1521;1755;1521;20.0%;NNSNS;undefined;OTHER;OTHER
invoice-2424.tiff;1;1;2480;3508;298420;1997;1473;114;48;1997;1473;2111;1473;2111;1521;1997;1521;412,50;NNNSNN;undefined;OTHER;OTHER
invoice-2424.tiff;1;1;2480;3508;298421;2122;1473;87;48;2122;1473;2209;1473;2209;1521;2122;1521;EUR;AAA;undefined;OTHER;OTHER
invoice-2424.tiff;1;1;2480;3508;298413;583;1521;20;48;583;1521;603;1521;603;1569;583;1569;2;N;undefined;OTHER;OTHER
invoice-2424.tiff;1;1;2480;3508;298414;614;1521;94;48;614;1521;708;1521;708;1569;614;1569;Baies;AAAAA;undefined;OTHER;OTHER
invoice-2424.tiff;1;1;2480;3508;298415;719;1521;124;48;719;1521;843;1521;843;1569;719;1569;-SATA;SAAAA;undefined;OTHER;OTHER
invoice-2424.tiff;1;1;2480;3508;298416;855;1521;76;48;855;1521;931;1521;931;1569;855;1569;3Gb;NAA;undefined;OTHER;OTHER
invoice-2424.tiff;1;1;2480;3508;298422;197;1610;20;48;197;1610;217;1610;217;1658;197;1658;2;N;undefined;OTHER;OTHER
invoice-2424.tiff;1;1;2480;3508;298423;427;1610;20;48;427;1610;447;1610;447;1658;427;1658;2;N;undefined;OTHER;OTHER
invoice-2424.tiff;1;1;2480;3508;298424;583;1610;57;48;583;1610;640;1610;640;1658;583;1658;TV;AA;undefined;OTHER;OTHER
invoice-2424.tiff;1;1;2480;3508;298425;651;1610;118;48;651;1610;769;1610;769;1658;651;1658;OLED;AAAA;undefined;OTHER;OTHER
invoice-2424.tiff;1;1;2480;3508;298426;780;1610;60;48;780;1610;840;1610;840;1658;780;1658;LG;AA;undefined;OTHER;OTHER
invoice-2424.tiff;1;1;2480;3508;298427;850;1610;203;48;850;1610;1053;1610;1053;1658;850;1658;55EG9A7V;NNAANANA;undefined;OTHER;OTHER
invoice-2424.tiff;1;1;2480;3508;298428;1403;1610;135;48;1403;1610;1538;1610;1538;1658;1403;1658;1249,17;NNNNSNN;undefined;OTHER;OTHER
invoice-2424.tiff;1;1;2480;3508;298429;1549;1610;87;48;1549;1610;1636;1610;1636;1658;1549;1658;EUR;AAA;undefined;OTHER;OTHER
invoice-2424.tiff;1;1;2480;3508;298430;1755;1610;114;48;1755;1610;1869;1610;1869;1658;1755;1658;20.0%;NNSNS;undefined;OTHER;OTHER
invoice-2424.tiff;1;1;2480;3508;298431;1987;1610;135;48;1987;1610;2122;1610;2122;1658;1987;1658;2498,33;NNNNSNN;undefined;OTHER;OTHER
invoice-2424.tiff;1;1;2480;3508;298432;2133;1610;87;48;2133;1610;2220;1610;2220;1658;2133;1658;EUR;AAA;undefined;OTHER;OTHER
invoice-2424.tiff;1;1;2480;3508;298433;197;1700;20;48;197;1700;217;1700;217;1748;197;1748;3;N;undefined;OTHER;OTHER
invoice-2424.tiff;1;1;2480;3508;298434;427;1700;20;48;427;1700;447;1700;447;1748;427;1748;4;N;undefined;OTHER;OTHER
invoice-2424.tiff;1;1;2480;3508;298435;583;1700;162;48;583;1700;745;1700;745;1748;583;1748;Expresso;AAAAAAAA;undefined;OTHER;OTHER
invoice-2424.tiff;1;1;2480;3508;298436;755;1700;143;48;755;1700;898;1700;898;1748;755;1748;broyeur;AAAAAAA;undefined;OTHER;OTHER
invoice-2424.tiff;1;1;2480;3508;298437;909;1700;113;48;909;1700;1022;1700;1022;1748;909;1748;Krups;AAAAA;undefined;OTHER;OTHER
invoice-2424.tiff;1;1;2480;3508;298438;1033;1700;57;48;1033;1700;1090;1700;1090;1748;1033;1748;PG;AA;undefined;OTHER;OTHER
invoice-2424.tiff;1;1;2480;3508;298439;1101;1700;182;48;1101;1700;1283;1700;1283;1748;1101;1748;EA816031;AANNNNNN;undefined;OTHER;OTHER
invoice-2424.tiff;1;1;2480;3508;298440;1414;1700;114;48;1414;1700;1528;1700;1528;1748;1414;1748;416,81;NNNSNN;undefined;OTHER;OTHER
invoice-2424.tiff;1;1;2480;3508;298441;1539;1700;87;48;1539;1700;1626;1700;1626;1748;1539;1748;EUR;AAA;undefined;OTHER;OTHER
invoice-2424.tiff;1;1;2480;3508;298442;1755;1700;114;48;1755;1700;1869;1700;1869;1748;1755;1748;20.0%;NNSNS;undefined;OTHER;OTHER
invoice-2424.tiff;1;1;2480;3508;298443;1987;1700;135;48;1987;1700;2122;1700;2122;1748;1987;1748;1667,23;NNNNSNN;undefined;OTHER;OTHER
invoice-2424.tiff;1;1;2480;3508;298444;2133;1700;87;48;2133;1700;2220;1700;2220;1748;2133;1748;EUR;AAA;undefined;OTHER;OTHER
invoice-2424.tiff;1;1;2480;3508;298445;1371;1832;160;52;1371;1832;1531;1832;1531;1884;1371;1884;TOTAL;AAAAA;undefined;OTHER;OTHER
invoice-2424.tiff;1;1;2480;3508;298446;1543;1832;180;52;1543;1832;1723;1832;1723;1884;1543;1884;REMISE;AAAAAA;undefined;OTHER;OTHER
invoice-2424.tiff;1;1;2480;3508;298447;1736;1832;280;52;1736;1832;2016;1832;2016;1884;1736;1884;IMMEDIATE;AAAAAAAAA;undefined;OTHER;OTHER
invoice-2424.tiff;1;1;2480;3508;298448;2037;1832;72;48;2037;1832;2109;1832;2109;1880;2037;1880;0,00;NSNN;undefined;OTHER;OTHER
invoice-2424.tiff;1;1;2480;3508;298449;2120;1832;87;48;2120;1832;2207;1832;2207;1880;2120;1880;EUR;AAA;undefined;OTHER;OTHER
invoice-2424.tiff;1;1;2480;3508;298450;1661;1884;170;52;1661;1884;1831;1884;1831;1936;1661;1936;Montant;AAAAAAA;undefined;OTHER;OTHER
invoice-2424.tiff;1;1;2480;3508;298451;1843;1884;89;52;1843;1884;1932;1884;1932;1936;1843;1936;H.T.;ASAS;undefined;OTHER;OTHER
invoice-2424.tiff;1;1;2480;3508;298452;1974;1884;135;48;1974;1884;2109;1884;2109;1932;1974;1932;4578,07;NNNNSNN;TWTX;TOTAL_WITHOUT_TAX;TWTXS
invoice-2424.tiff;1;1;2480;3508;298453;2120;1884;87;48;2120;1884;2207;1884;2207;1932;2120;1932;EUR;AAA;TWTX;TOTAL_WITHOUT_TAX;TWTXS
invoice-2424.tiff;1;1;2480;3508;298454;1955;1937;96;52;1955;1937;2051;1937;2051;1989;1955;1989;TVA;AAA;undefined;OTHER;OTHER
invoice-2424.tiff;1;1;2480;3508;298455;2093;1937;114;48;2093;1937;2207;1937;2207;1985;2093;1985;20.0%;NNSNS;TXR;TAX_RATE;Tax Rate
invoice-2424.tiff;1;1;2480;3508;298456;1674;1990;170;52;1674;1990;1844;1990;1844;2042;1674;2042;Montant;AAAAAAA;undefined;OTHER;OTHER
invoice-2424.tiff;1;1;2480;3508;298457;1856;1990;96;52;1856;1990;1952;1990;1952;2042;1856;2042;TVA;AAA;undefined;OTHER;OTHER
invoice-2424.tiff;1;1;2480;3508;298458;1995;1990;114;48;1995;1990;2109;1990;2109;2038;1995;2038;915,61;NNNSNN;TTX;TOTAL_TAX;Total Tax
invoice-2424.tiff;1;1;2480;3508;298459;2120;1990;87;48;2120;1990;2207;1990;2207;2038;2120;2038;EUR;AAA;TTX;TOTAL_TAX;Total Tax
invoice-2424.tiff;1;1;2480;3508;298460;1656;2043;170;52;1656;2043;1826;2043;1826;2095;1656;2095;Montant;AAAAAAA;undefined;OTHER;OTHER
invoice-2424.tiff;1;1;2480;3508;298461;1838;2043;94;52;1838;2043;1932;2043;1932;2095;1838;2095;TTC;AAA;undefined;OTHER;OTHER
invoice-2424.tiff;1;1;2480;3508;298462;1974;2043;135;48;1974;2043;2109;2043;2109;2091;1974;2091;5493,68;NNNNSNN;TA;TOTAL_AMOUNT;Total with TAX
invoice-2424.tiff;1;1;2480;3508;298463;2120;2043;87;48;2120;2043;2207;2043;2207;2091;2120;2091;EUR;AAA;TA;TOTAL_AMOUNT;Total with TAX
invoice-2424.tiff;1;1;2480;3508;298464;1707;3154;78;48;1707;3154;1785;3154;1785;3202;1707;3202;LES;AAA;SN;SUPPLIER_NAME;Seller/Company) name
invoice-2424.tiff;1;1;2480;3508;298465;1796;3154;152;48;1796;3154;1948;3154;1948;3202;1796;3202;BIERES;AAAAAA;SN;SUPPLIER_NAME;Seller/Company) name
invoice-2424.tiff;1;1;2480;3508;298466;1959;3154;57;48;1959;3154;2016;3154;2016;3202;1959;3202;LA;AA;SN;SUPPLIER_NAME;Seller/Company) name
invoice-2424.tiff;1;1;2480;3508;298467;2027;3154;222;48;2027;3154;2249;3154;2249;3202;2027;3202;POULICHE;AAAAAAAA;SN;SUPPLIER_NAME;Seller/Company) name
invoice-2424.tiff;1;1;2480;3508;298468;1283;3202;20;45;1283;3202;1303;3202;1303;3247;1283;3247;5;N;SA;SUPPLIER_ADDRESS;Seller Address
invoice-2424.tiff;1;1;2480;3508;298469;1315;3202;99;45;1315;3202;1414;3202;1414;3247;1315;3247;QUAI;AAAA;SA;SUPPLIER_ADDRESS;Seller Address
invoice-2424.tiff;1;1;2480;3508;298470;1424;3202;134;45;1424;3202;1558;3202;1558;3247;1424;3247;ANDRE;AAAAA;SA;SUPPLIER_ADDRESS;Seller Address
invoice-2424.tiff;1;1;2480;3508;298471;1569;3202;199;45;1569;3202;1768;3202;1768;3247;1569;3247;LASSAGNE;AAAAAAAA;SA;SUPPLIER_ADDRESS;Seller Address
invoice-2424.tiff;1;1;2480;3508;298472;1777;3202;104;45;1777;3202;1881;3202;1881;3247;1777;3247;69001;NNNNN;SA;SUPPLIER_ADDRESS;Seller Address
invoice-2424.tiff;1;1;2480;3508;298473;1889;3202;104;45;1889;3202;1993;3202;1993;3247;1889;3247;LYON;AAAA;SA;SUPPLIER_ADDRESS;Seller Address
invoice-2424.tiff;1;1;2480;3508;298474;2004;3202;71;45;2004;3202;2075;3202;2075;3247;2004;3247;1ER;NAA;SA;SUPPLIER_ADDRESS;Seller Address
invoice-2424.tiff;1;1;2480;3508;298475;2084;3202;157;45;2084;3202;2241;3202;2241;3247;2084;3247;FRANCE;AAAAAA;SA;SUPPLIER_ADDRESS;Seller Address
