src;num_pages;page_id;page_width;page_height;id;col;row;width;height;x1;y1;x2;y2;x3;y3;x4;y4;contents;contents_masked;correctclass;tag;description
invoice-3249.tiff;1;1;2480;3508;399831;1541;62;609;175;1541;62;2150;62;2150;237;1541;237;common/logo;AAAAAASAAAA;img;IMAGE;Image
invoice-3249.tiff;1;1;2480;3508;399819;124;237;55;48;124;237;179;237;179;285;124;285;LE;AA;SN;SUPPLIER_NAME;Seller/Company) name
invoice-3249.tiff;1;1;2480;3508;399820;191;237;270;48;191;237;461;237;461;285;191;285;BRISEMICHE;AAAAAAAAAA;SN;SUPPLIER_NAME;Seller/Company) name
invoice-3249.tiff;1;1;2480;3508;399827;833;237;67;45;833;237;900;237;900;282;833;282;Tel:;AAAS;undefined;OTHER;OTHER
invoice-3249.tiff;1;1;2480;3508;399828;962;237;263;45;962;237;1225;237;1225;282;962;282;08-48-92-68-90;NNSNNSNNSNNSNN;SCN;SUPPLIER_CONTACT_NUMBER;Seller Contact Number
invoice-3249.tiff;1;1;2480;3508;399829;833;283;78;45;833;283;911;283;911;328;833;328;Fax:;AAAS;undefined;OTHER;OTHER
invoice-3249.tiff;1;1;2480;3508;399830;974;283;263;45;974;283;1237;283;1237;328;974;328;08-48-92-04-75;NNSNNSNNSNNSNN;SFAX;SUPPLIER_FAX_NUMBER;Seller Fax Number
invoice-3249.tiff;1;1;2480;3508;399821;124;285;41;45;124;285;165;285;165;330;124;330;10;NN;SA;SUPPLIER_ADDRESS;Seller Address
invoice-3249.tiff;1;1;2480;3508;399822;177;285;81;45;177;285;258;285;258;330;177;330;RUE;AAA;SA;SUPPLIER_ADDRESS;Seller Address
invoice-3249.tiff;1;1;2480;3508;399823;268;285;242;45;268;285;510;285;510;330;268;330;BRISEMICHE;AAAAAAAAAA;SA;SUPPLIER_ADDRESS;Seller Address
invoice-3249.tiff;1;1;2480;3508;399824;124;331;104;45;124;331;228;331;228;376;124;376;75004;NNNNN;SA;SUPPLIER_ADDRESS;Seller Address
invoice-3249.tiff;1;1;2480;3508;399825;270;331;111;45;270;331;381;331;381;376;270;376;PARIS;AAAAA;SA;SUPPLIER_ADDRESS;Seller Address
invoice-3249.tiff;1;1;2480;3508;399826;392;331;20;45;392;331;412;331;412;376;392;376;4;N;SA;SUPPLIER_ADDRESS;Seller Address
invoice-3249.tiff;1;1;2480;3508;399849;1541;739;169;57;1541;739;1710;739;1710;796;1541;796;Adresse;AAAAAAA;undefined;OTHER;OTHER
invoice-3249.tiff;1;1;2480;3508;399850;1723;739;252;57;1723;739;1975;739;1975;796;1723;796;Facturation;AAAAAAAAAAA;undefined;OTHER;OTHER
invoice-3249.tiff;1;1;2480;3508;399851;1541;796;129;48;1541;796;1670;796;1670;844;1541;844;Nicolas;AAAAAAA;BN;BILLING_NAME;Billing Name
invoice-3249.tiff;1;1;2480;3508;399852;1681;796;127;48;1681;796;1808;796;1808;844;1681;844;Bonnet;AAAAAA;BN;BILLING_NAME;Billing Name
invoice-3249.tiff;1;1;2480;3508;399853;1541;844;52;45;1541;844;1593;844;1593;889;1541;889;59,;NNS;BA;BILLING_ADDRESS;Billing Address
invoice-3249.tiff;1;1;2480;3508;399854;1604;844;120;45;1604;844;1724;844;1724;889;1604;889;chemin;AAAAAA;BA;BILLING_ADDRESS;Billing Address
invoice-3249.tiff;1;1;2480;3508;399855;1734;844;39;45;1734;844;1773;844;1773;889;1734;889;de;AA;BA;BILLING_ADDRESS;Billing Address
invoice-3249.tiff;1;1;2480;3508;399856;1784;844;32;45;1784;844;1816;844;1816;889;1784;889;la;AA;BA;BILLING_ADDRESS;Billing Address
invoice-3249.tiff;1;1;2480;3508;399857;1827;844;192;45;1827;844;2019;844;2019;889;1827;889;boutassière;AAAAAAAAAAA;BA;BILLING_ADDRESS;Billing Address
invoice-3249.tiff;1;1;2480;3508;399832;124;855;51;52;124;855;175;855;175;907;124;907;N°;AS;undefined;OTHER;OTHER
invoice-3249.tiff;1;1;2480;3508;399833;187;855;139;52;187;855;326;855;326;907;187;907;facture;AAAAAAA;undefined;OTHER;OTHER
invoice-3249.tiff;1;1;2480;3508;399834;750;855;312;46;750;855;1062;855;1062;901;750;901;DI-YD-111685-00;AASAASNNNNNNSNN;IN;INVOICE_NUMBER;Invoice Number
invoice-3249.tiff;1;1;2480;3508;399858;1541;890;104;45;1541;890;1645;890;1645;935;1541;935;74890;NNNNN;BA;BILLING_ADDRESS;Billing Address
invoice-3249.tiff;1;1;2480;3508;399859;1687;890;300;45;1687;890;1987;890;1987;935;1687;935;Bons-en-Chablais;AAAASAASAAAAAAAA;BA;BILLING_ADDRESS;Billing Address
invoice-3249.tiff;1;1;2480;3508;399835;124;929;91;52;124;929;215;929;215;981;124;981;Date;AAAA;undefined;OTHER;OTHER
invoice-3249.tiff;1;1;2480;3508;399836;228;929;45;52;228;929;273;929;273;981;228;981;de;AA;undefined;OTHER;OTHER
invoice-3249.tiff;1;1;2480;3508;399837;285;929;35;52;285;929;320;929;320;981;285;981;la;AA;undefined;OTHER;OTHER
invoice-3249.tiff;1;1;2480;3508;399838;332;929;139;52;332;929;471;929;471;981;332;981;facture;AAAAAAA;undefined;OTHER;OTHER
invoice-3249.tiff;1;1;2480;3508;399839;750;929;41;46;750;929;791;929;791;975;750;975;28;NN;IDATE;INVOICE_DATE;Invoice Date
invoice-3249.tiff;1;1;2480;3508;399840;802;929;53;46;802;929;855;929;855;975;802;975;abr;AAA;IDATE;INVOICE_DATE;Invoice Date
invoice-3249.tiff;1;1;2480;3508;399841;865;929;83;46;865;929;948;929;948;975;865;975;1991;NNNN;IDATE;INVOICE_DATE;Invoice Date
invoice-3249.tiff;1;1;2480;3508;399860;1541;936;120;45;1541;936;1661;936;1661;981;1541;981;France;AAAAAA;BA;BILLING_ADDRESS;Billing Address
invoice-3249.tiff;1;1;2480;3508;399842;124;1003;51;52;124;1003;175;1003;175;1055;124;1055;N°;AS;undefined;OTHER;OTHER
invoice-3249.tiff;1;1;2480;3508;399843;187;1003;106;52;187;1003;293;1003;293;1055;187;1055;client;AAAAAA;undefined;OTHER;OTHER
invoice-3249.tiff;1;1;2480;3508;399844;750;1003;242;46;750;1003;992;1003;992;1049;750;1049;CI-KT-081-52;AASAASNNNSNN;CNUM;CLIENT_NUMBER;Client Number
invoice-3249.tiff;1;1;2480;3508;399861;1541;1023;169;57;1541;1023;1710;1023;1710;1080;1541;1080;Adresse;AAAAAAA;undefined;OTHER;OTHER
invoice-3249.tiff;1;1;2480;3508;399862;1723;1023;205;57;1723;1023;1928;1023;1928;1080;1723;1080;Livraison;AAAAAAAAA;undefined;OTHER;OTHER
invoice-3249.tiff;1;1;2480;3508;399845;124;1076;112;52;124;1076;236;1076;236;1128;124;1128;Mode;AAAA;undefined;OTHER;OTHER
invoice-3249.tiff;1;1;2480;3508;399846;248;1076;45;52;248;1076;293;1076;293;1128;248;1128;de;AA;undefined;OTHER;OTHER
invoice-3249.tiff;1;1;2480;3508;399847;305;1076;195;52;305;1076;500;1076;500;1128;305;1128;règlement;AAAAAAAAA;undefined;OTHER;OTHER
invoice-3249.tiff;1;1;2480;3508;399848;750;1076;113;46;750;1076;863;1076;863;1122;750;1122;Paypal;AAAAAA;PMODE;PAYMENT_MODE;Payment Mode
invoice-3249.tiff;1;1;2480;3508;399863;1541;1081;129;48;1541;1081;1670;1081;1670;1129;1541;1129;Nicolas;AAAAAAA;SHN;SHIPPING_NAME;Shipping Name
invoice-3249.tiff;1;1;2480;3508;399864;1681;1081;127;48;1681;1081;1808;1081;1808;1129;1681;1129;Bonnet;AAAAAA;SHN;SHIPPING_NAME;Shipping Name
invoice-3249.tiff;1;1;2480;3508;399865;1541;1129;52;45;1541;1129;1593;1129;1593;1174;1541;1174;59,;NNS;SHA;SHIPPING_ADDRESS;Shipping Address
invoice-3249.tiff;1;1;2480;3508;399866;1604;1129;120;45;1604;1129;1724;1129;1724;1174;1604;1174;chemin;AAAAAA;SHA;SHIPPING_ADDRESS;Shipping Address
invoice-3249.tiff;1;1;2480;3508;399867;1734;1129;39;45;1734;1129;1773;1129;1773;1174;1734;1174;de;AA;SHA;SHIPPING_ADDRESS;Shipping Address
invoice-3249.tiff;1;1;2480;3508;399868;1784;1129;32;45;1784;1129;1816;1129;1816;1174;1784;1174;la;AA;SHA;SHIPPING_ADDRESS;Shipping Address
invoice-3249.tiff;1;1;2480;3508;399869;1827;1129;192;45;1827;1129;2019;1129;2019;1174;1827;1174;boutassière;AAAAAAAAAAA;SHA;SHIPPING_ADDRESS;Shipping Address
invoice-3249.tiff;1;1;2480;3508;399870;1541;1175;104;45;1541;1175;1645;1175;1645;1220;1541;1220;74890;NNNNN;SHA;SHIPPING_ADDRESS;Shipping Address
invoice-3249.tiff;1;1;2480;3508;399871;1687;1175;300;45;1687;1175;1987;1175;1987;1220;1687;1220;Bons-en-Chablais;AAAASAASAAAAAAAA;SHA;SHIPPING_ADDRESS;Shipping Address
invoice-3249.tiff;1;1;2480;3508;399872;1541;1221;120;45;1541;1221;1661;1221;1661;1266;1541;1266;France;AAAAAA;SHA;SHIPPING_ADDRESS;Shipping Address
invoice-3249.tiff;1;1;2480;3508;399873;163;1544;173;52;163;1544;336;1544;336;1596;163;1596;Quantité;AAAAAAAA;undefined;OTHER;OTHER
invoice-3249.tiff;1;1;2480;3508;399874;699;1544;226;52;699;1544;925;1544;925;1596;699;1596;Description;AAAAAAAAAAA;undefined;OTHER;OTHER
invoice-3249.tiff;1;1;2480;3508;399875;1287;1544;84;52;1287;1544;1371;1544;1371;1596;1287;1596;Prix;AAAA;undefined;OTHER;OTHER
invoice-3249.tiff;1;1;2480;3508;399876;1382;1544;162;52;1382;1544;1544;1544;1544;1596;1382;1596;Unitaire;AAAAAAAA;undefined;OTHER;OTHER
invoice-3249.tiff;1;1;2480;3508;399877;1616;1544;101;52;1616;1544;1717;1544;1717;1596;1616;1596;Taux;AAAA;undefined;OTHER;OTHER
invoice-3249.tiff;1;1;2480;3508;399878;1729;1544;45;52;1729;1544;1774;1544;1774;1596;1729;1596;de;AA;undefined;OTHER;OTHER
invoice-3249.tiff;1;1;2480;3508;399879;1786;1544;96;52;1786;1544;1882;1544;1882;1596;1786;1596;TVA;AAA;undefined;OTHER;OTHER
invoice-3249.tiff;1;1;2480;3508;399880;1959;1544;170;52;1959;1544;2129;1544;2129;1596;1959;1596;Montant;AAAAAAA;undefined;OTHER;OTHER
invoice-3249.tiff;1;1;2480;3508;399881;2141;1544;66;52;2141;1544;2207;1544;2207;1596;2141;1596;HT;AA;undefined;OTHER;OTHER
invoice-3249.tiff;1;1;2480;3508;399882;239;1618;20;48;239;1618;259;1618;259;1666;239;1666;3;N;undefined;OTHER;OTHER
invoice-3249.tiff;1;1;2480;3508;399883;375;1618;136;48;375;1618;511;1618;511;1666;375;1666;Protège;AAAAAAA;undefined;OTHER;OTHER
invoice-3249.tiff;1;1;2480;3508;399884;521;1618;99;48;521;1618;620;1618;620;1666;521;1666;écran;AAAAA;undefined;OTHER;OTHER
invoice-3249.tiff;1;1;2480;3508;399885;631;1618;118;48;631;1618;749;1618;749;1666;631;1666;Xeptio;AAAAAA;undefined;OTHER;OTHER
invoice-3249.tiff;1;1;2480;3508;399886;760;1618;106;48;760;1618;866;1618;866;1666;760;1666;Apple;AAAAA;undefined;OTHER;OTHER
invoice-3249.tiff;1;1;2480;3508;399887;877;1618;118;48;877;1618;995;1618;995;1666;877;1666;Watch;AAAAA;undefined;OTHER;OTHER
invoice-3249.tiff;1;1;2480;3508;399888;1005;1618;111;48;1005;1618;1116;1618;1116;1666;1005;1666;38mm;NNAA;undefined;OTHER;OTHER
invoice-3249.tiff;1;1;2480;3508;399889;1127;1618;41;48;1127;1618;1168;1618;1168;1666;1127;1666;en;AA;undefined;OTHER;OTHER
invoice-3249.tiff;1;1;2480;3508;399891;1380;1618;72;48;1380;1618;1452;1618;1452;1666;1380;1666;8,25;NSNN;undefined;OTHER;OTHER
invoice-3249.tiff;1;1;2480;3508;399892;1692;1618;114;48;1692;1618;1806;1618;1806;1666;1692;1666;20.0%;NNSNS;undefined;OTHER;OTHER
invoice-3249.tiff;1;1;2480;3508;399893;2036;1618;93;48;2036;1618;2129;1618;2129;1666;2036;1666;24,75;NNSNN;undefined;OTHER;OTHER
invoice-3249.tiff;1;1;2480;3508;399890;375;1666;83;48;375;1666;458;1666;458;1714;375;1714;TPU;AAA;undefined;OTHER;OTHER
invoice-3249.tiff;1;1;2480;3508;399894;239;1756;20;48;239;1756;259;1756;259;1804;239;1804;3;N;undefined;OTHER;OTHER
invoice-3249.tiff;1;1;2480;3508;399895;375;1756;141;48;375;1756;516;1756;516;1804;375;1804;Logiciel;AAAAAAAA;undefined;OTHER;OTHER
invoice-3249.tiff;1;1;2480;3508;399896;526;1756;41;48;526;1756;567;1756;567;1804;526;1804;de;AA;undefined;OTHER;OTHER
invoice-3249.tiff;1;1;2480;3508;399897;578;1756;208;48;578;1756;786;1756;786;1804;578;1804;photo/vidéo;AAAAASAAAAA;undefined;OTHER;OTHER
invoice-3249.tiff;1;1;2480;3508;399898;797;1756;115;48;797;1756;912;1756;912;1804;797;1804;Adobe;AAAAA;undefined;OTHER;OTHER
invoice-3249.tiff;1;1;2480;3508;399899;923;1756;145;48;923;1756;1068;1756;1068;1804;923;1804;Acrobat;AAAAAAA;undefined;OTHER;OTHER
invoice-3249.tiff;1;1;2480;3508;399903;1359;1756;114;48;1359;1756;1473;1756;1473;1804;1359;1804;559,00;NNNSNN;undefined;OTHER;OTHER
invoice-3249.tiff;1;1;2480;3508;399904;1692;1756;114;48;1692;1756;1806;1756;1806;1804;1692;1804;20.0%;NNSNS;undefined;OTHER;OTHER
invoice-3249.tiff;1;1;2480;3508;399905;2015;1756;135;48;2015;1756;2150;1756;2150;1804;2015;1804;1677,00;NNNNSNN;undefined;OTHER;OTHER
invoice-3249.tiff;1;1;2480;3508;399900;375;1804;217;48;375;1804;592;1804;592;1852;375;1852;Professional;AAAAAAAAAAAA;undefined;OTHER;OTHER
invoice-3249.tiff;1;1;2480;3508;399901;603;1804;83;48;603;1804;686;1804;686;1852;603;1852;2017;NNNN;undefined;OTHER;OTHER
invoice-3249.tiff;1;1;2480;3508;399902;696;1804;76;48;696;1804;772;1804;772;1852;696;1852;Win;AAA;undefined;OTHER;OTHER
invoice-3249.tiff;1;1;2480;3508;399906;1772;1935;170;52;1772;1935;1942;1935;1942;1987;1772;1987;Montant;AAAAAAA;undefined;OTHER;OTHER
invoice-3249.tiff;1;1;2480;3508;399907;1954;1935;66;52;1954;1935;2020;1935;2020;1987;1954;1987;HT;AA;undefined;OTHER;OTHER
invoice-3249.tiff;1;1;2480;3508;399908;2062;1935;135;48;2062;1935;2197;1935;2197;1983;2062;1983;1701,75;NNNNSNN;TWTX;TOTAL_WITHOUT_TAX;TWTXS
invoice-3249.tiff;1;1;2480;3508;399909;1784;1988;101;52;1784;1988;1885;1988;1885;2040;1784;2040;Taux;AAAA;undefined;OTHER;OTHER
invoice-3249.tiff;1;1;2480;3508;399910;1898;1988;45;52;1898;1988;1943;1988;1943;2040;1898;2040;de;AA;undefined;OTHER;OTHER
invoice-3249.tiff;1;1;2480;3508;399911;1955;1988;96;52;1955;1988;2051;1988;2051;2040;1955;2040;TVA;AAA;undefined;OTHER;OTHER
invoice-3249.tiff;1;1;2480;3508;399912;2093;1988;114;48;2093;1988;2207;1988;2207;2036;2093;2036;20.0%;NNSNS;TXR;TAX_RATE;Tax Rate
invoice-3249.tiff;1;1;2480;3508;399913;1944;2041;96;52;1944;2041;2040;2041;2040;2093;1944;2093;TVA;AAA;undefined;OTHER;OTHER
invoice-3249.tiff;1;1;2480;3508;399914;2083;2041;114;48;2083;2041;2197;2041;2197;2089;2083;2089;340,35;NNNSNN;TTX;TOTAL_TAX;Total Tax
invoice-3249.tiff;1;1;2480;3508;399915;1810;2094;104;52;1810;2094;1914;2094;1914;2146;1810;2146;Total;AAAAA;undefined;OTHER;OTHER
invoice-3249.tiff;1;1;2480;3508;399916;1926;2094;94;52;1926;2094;2020;2094;2020;2146;1926;2146;TTC;AAA;undefined;OTHER;OTHER
invoice-3249.tiff;1;1;2480;3508;399917;2062;2094;135;48;2062;2094;2197;2094;2197;2142;2062;2142;2042,10;NNNNSNN;TA;TOTAL_AMOUNT;Total with TAX
invoice-3249.tiff;1;1;2480;3508;399918;1913;3175;55;48;1913;3175;1968;3175;1968;3223;1913;3223;LE;AA;SN;SUPPLIER_NAME;Seller/Company) name
invoice-3249.tiff;1;1;2480;3508;399919;1979;3175;270;48;1979;3175;2249;3175;2249;3223;1979;3223;BRISEMICHE;AAAAAAAAAA;SN;SUPPLIER_NAME;Seller/Company) name
invoice-3249.tiff;1;1;2480;3508;399920;1592;3223;41;45;1592;3223;1633;3223;1633;3268;1592;3268;10;NN;SA;SUPPLIER_ADDRESS;Seller Address
invoice-3249.tiff;1;1;2480;3508;399921;1644;3223;81;45;1644;3223;1725;3223;1725;3268;1644;3268;RUE;AAA;SA;SUPPLIER_ADDRESS;Seller Address
invoice-3249.tiff;1;1;2480;3508;399922;1735;3223;242;45;1735;3223;1977;3223;1977;3268;1735;3268;BRISEMICHE;AAAAAAAAAA;SA;SUPPLIER_ADDRESS;Seller Address
invoice-3249.tiff;1;1;2480;3508;399923;1986;3223;104;45;1986;3223;2090;3223;2090;3268;1986;3268;75004;NNNNN;SA;SUPPLIER_ADDRESS;Seller Address
invoice-3249.tiff;1;1;2480;3508;399924;2099;3223;111;45;2099;3223;2210;3223;2210;3268;2099;3268;PARIS;AAAAA;SA;SUPPLIER_ADDRESS;Seller Address
invoice-3249.tiff;1;1;2480;3508;399925;2220;3223;20;45;2220;3223;2240;3223;2240;3268;2220;3268;4;N;SA;SUPPLIER_ADDRESS;Seller Address
