src;num_pages;page_id;page_width;page_height;id;col;row;width;height;x1;y1;x2;y2;x3;y3;x4;y4;contents;contents_masked;correctclass;tag;description
invoice-1760.tiff;1;1;2480;3508;215523;124;62;516;175;124;62;640;62;640;237;124;237;common/logo;AAAAAASAAAA;img;IMAGE;Image
invoice-1760.tiff;1;1;2480;3508;215546;1541;270;174;57;1541;270;1715;270;1715;327;1541;327;Numéro;AAAAAA;undefined;OTHER;OTHER
invoice-1760.tiff;1;1;2480;3508;215547;1729;270;50;57;1729;270;1779;270;1779;327;1729;327;de;AA;undefined;OTHER;OTHER
invoice-1760.tiff;1;1;2480;3508;215548;1791;270;152;57;1791;270;1943;270;1943;327;1791;327;facture;AAAAAAA;undefined;OTHER;OTHER
invoice-1760.tiff;1;1;2480;3508;215549;2006;270;180;50;2006;270;2186;270;2186;320;2006;320;INV-8834;AAASNNNN;IN;INVOICE_NUMBER;Invoice Number
invoice-1760.tiff;1;1;2480;3508;215550;1541;349;99;57;1541;349;1640;349;1640;406;1541;406;Date;AAAA;undefined;OTHER;OTHER
invoice-1760.tiff;1;1;2480;3508;215551;1654;349;50;57;1654;349;1704;349;1704;406;1654;406;de;AA;undefined;OTHER;OTHER
invoice-1760.tiff;1;1;2480;3508;215552;1716;349;38;57;1716;349;1754;349;1754;406;1716;406;la;AA;undefined;OTHER;OTHER
invoice-1760.tiff;1;1;2480;3508;215553;1768;349;152;57;1768;349;1920;349;1920;406;1768;406;facture;AAAAAAA;undefined;OTHER;OTHER
invoice-1760.tiff;1;1;2480;3508;215554;1983;349;162;50;1983;349;2145;349;2145;399;1983;399;31/03/20;NNSNNSNN;IDATE;INVOICE_DATE;Invoice Date
invoice-1760.tiff;1;1;2480;3508;215524;124;412;78;48;124;412;202;412;202;460;124;460;LES;AAA;SN;SUPPLIER_NAME;Seller/Company) name
invoice-1760.tiff;1;1;2480;3508;215525;214;412;215;48;214;412;429;412;429;460;214;460;LUCIOLES;AAAAAAAA;SN;SUPPLIER_NAME;Seller/Company) name
invoice-1760.tiff;1;1;2480;3508;215526;124;460;41;45;124;460;165;460;165;505;124;505;24;NN;SA;SUPPLIER_ADDRESS;Seller Address
invoice-1760.tiff;1;1;2480;3508;215527;177;460;136;45;177;460;313;460;313;505;177;505;PARVIS;AAAAAA;SA;SUPPLIER_ADDRESS;Seller Address
invoice-1760.tiff;1;1;2480;3508;215528;324;460;111;45;324;460;435;460;435;505;324;505;SAINT;AAAAA;SA;SUPPLIER_ADDRESS;Seller Address
invoice-1760.tiff;1;1;2480;3508;215529;445;460;155;45;445;460;600;460;600;505;445;505;MICHEL;AAAAAA;SA;SUPPLIER_ADDRESS;Seller Address
invoice-1760.tiff;1;1;2480;3508;215530;124;506;104;45;124;506;228;506;228;551;124;551;76600;NNNNN;SA;SUPPLIER_ADDRESS;Seller Address
invoice-1760.tiff;1;1;2480;3508;215531;270;506;48;45;270;506;318;506;318;551;270;551;LE;AA;SA;SUPPLIER_ADDRESS;Seller Address
invoice-1760.tiff;1;1;2480;3508;215532;329;506;131;45;329;506;460;506;460;551;329;551;HAVRE;AAAAA;SA;SUPPLIER_ADDRESS;Seller Address
invoice-1760.tiff;1;1;2480;3508;215533;124;552;157;45;124;552;281;552;281;597;124;597;FRANCE;AAAAAA;SA;SUPPLIER_ADDRESS;Seller Address
invoice-1760.tiff;1;1;2480;3508;215534;124;598;67;45;124;598;191;598;191;643;124;643;Tel:;AAAS;undefined;OTHER;OTHER
invoice-1760.tiff;1;1;2480;3508;215535;254;598;69;45;254;598;323;598;323;643;254;643;+33;SNN;SCN;SUPPLIER_CONTACT_NUMBER;Seller Contact Number
invoice-1760.tiff;1;1;2480;3508;215536;334;598;20;45;334;598;354;598;354;643;334;643;0;N;SCN;SUPPLIER_CONTACT_NUMBER;Seller Contact Number
invoice-1760.tiff;1;1;2480;3508;215537;366;598;62;45;366;598;428;598;428;643;366;643;397;NNN;SCN;SUPPLIER_CONTACT_NUMBER;Seller Contact Number
invoice-1760.tiff;1;1;2480;3508;215538;439;598;62;45;439;598;501;598;501;643;439;643;769;NNN;SCN;SUPPLIER_CONTACT_NUMBER;Seller Contact Number
invoice-1760.tiff;1;1;2480;3508;215539;511;598;62;45;511;598;573;598;573;643;511;643;871;NNN;SCN;SUPPLIER_CONTACT_NUMBER;Seller Contact Number
invoice-1760.tiff;1;1;2480;3508;215540;124;643;78;45;124;643;202;643;202;688;124;688;Fax:;AAAS;undefined;OTHER;OTHER
invoice-1760.tiff;1;1;2480;3508;215541;266;643;69;45;266;643;335;643;335;688;266;688;+33;SNN;SFAX;SUPPLIER_FAX_NUMBER;Seller Fax Number
invoice-1760.tiff;1;1;2480;3508;215542;346;643;20;45;346;643;366;643;366;688;346;688;0;N;SFAX;SUPPLIER_FAX_NUMBER;Seller Fax Number
invoice-1760.tiff;1;1;2480;3508;215543;377;643;62;45;377;643;439;643;439;688;377;688;397;NNN;SFAX;SUPPLIER_FAX_NUMBER;Seller Fax Number
invoice-1760.tiff;1;1;2480;3508;215544;450;643;62;45;450;643;512;643;512;688;450;688;769;NNN;SFAX;SUPPLIER_FAX_NUMBER;Seller Fax Number
invoice-1760.tiff;1;1;2480;3508;215545;523;643;62;45;523;643;585;643;585;688;523;688;083;NNN;SFAX;SUPPLIER_FAX_NUMBER;Seller Fax Number
invoice-1760.tiff;1;1;2480;3508;215564;1541;921;160;52;1541;921;1701;921;1701;973;1541;973;Numéro;AAAAAA;undefined;OTHER;OTHER
invoice-1760.tiff;1;1;2480;3508;215565;1713;921;45;52;1713;921;1758;921;1758;973;1713;973;de;AA;undefined;OTHER;OTHER
invoice-1760.tiff;1;1;2480;3508;215566;1770;921;213;52;1770;921;1983;921;1983;973;1770;973;commande;AAAAAAAA;undefined;OTHER;OTHER
invoice-1760.tiff;1;1;2480;3508;215567;2166;921;171;46;2166;921;2337;921;2337;967;2166;967;COM-326;AAASNNN;ONUM;ORDER_NUMBER;Order Number
invoice-1760.tiff;1;1;2480;3508;215555;124;931;134;48;124;931;258;931;258;979;124;979;Noémie;AAAAAA;BN;BILLING_NAME;Billing Name
invoice-1760.tiff;1;1;2480;3508;215556;269;931;145;48;269;931;414;931;414;979;269;979;Richard;AAAAAAA;BN;BILLING_NAME;Billing Name
invoice-1760.tiff;1;1;2480;3508;215557;124;979;52;45;124;979;176;979;176;1024;124;1024;17,;NNS;BA;BILLING_ADDRESS;Billing Address
invoice-1760.tiff;1;1;2480;3508;215558;187;979;55;45;187;979;242;979;242;1024;187;1024;rue;AAA;BA;BILLING_ADDRESS;Billing Address
invoice-1760.tiff;1;1;2480;3508;215559;253;979;55;45;253;979;308;979;308;1024;253;1024;des;AAA;BA;BILLING_ADDRESS;Billing Address
invoice-1760.tiff;1;1;2480;3508;215560;319;979;120;45;319;979;439;979;439;1024;319;1024;carmes;AAAAAA;BA;BILLING_ADDRESS;Billing Address
invoice-1760.tiff;1;1;2480;3508;215568;1541;995;134;52;1541;995;1675;995;1675;1047;1541;1047;Moyen;AAAAA;undefined;OTHER;OTHER
invoice-1760.tiff;1;1;2480;3508;215569;1688;995;45;52;1688;995;1733;995;1733;1047;1688;1047;de;AA;undefined;OTHER;OTHER
invoice-1760.tiff;1;1;2480;3508;215570;1745;995;180;52;1745;995;1925;995;1925;1047;1745;1047;paiement;AAAAAAAA;undefined;OTHER;OTHER
invoice-1760.tiff;1;1;2480;3508;215571;2166;995;157;46;2166;995;2323;995;2323;1041;2166;1041;Virement;AAAAAAAA;PMODE;PAYMENT_MODE;Payment Mode
invoice-1760.tiff;1;1;2480;3508;215561;124;1025;104;45;124;1025;228;1025;228;1070;124;1070;13200;NNNNN;BA;BILLING_ADDRESS;Billing Address
invoice-1760.tiff;1;1;2480;3508;215562;270;1025;87;45;270;1025;357;1025;357;1070;270;1070;Arles;AAAAA;BA;BILLING_ADDRESS;Billing Address
invoice-1760.tiff;1;1;2480;3508;215563;124;1071;120;45;124;1071;244;1071;244;1116;124;1116;France;AAAAAA;BA;BILLING_ADDRESS;Billing Address
invoice-1760.tiff;1;1;2480;3508;215572;214;1537;71;52;214;1537;285;1537;285;1589;214;1589;Qté;AAA;undefined;OTHER;OTHER
invoice-1760.tiff;1;1;2480;3508;215573;696;1537;231;52;696;1537;927;1537;927;1589;696;1589;Désignation;AAAAAAAAAAA;undefined;OTHER;OTHER
invoice-1760.tiff;1;1;2480;3508;215574;1386;1537;61;52;1386;1537;1447;1537;1447;1589;1386;1589;UP;AA;undefined;OTHER;OTHER
invoice-1760.tiff;1;1;2480;3508;215575;1701;1537;96;52;1701;1537;1797;1537;1797;1589;1701;1589;TVA;AAA;undefined;OTHER;OTHER
invoice-1760.tiff;1;1;2480;3508;215576;1947;1537;170;52;1947;1537;2117;1537;2117;1589;1947;1589;Montant;AAAAAAA;undefined;OTHER;OTHER
invoice-1760.tiff;1;1;2480;3508;215577;2129;1537;89;52;2129;1537;2218;1537;2218;1589;2129;1589;H.T.;ASAS;undefined;OTHER;OTHER
invoice-1760.tiff;1;1;2480;3508;215578;239;1610;20;48;239;1610;259;1610;259;1658;239;1658;1;N;undefined;OTHER;OTHER
invoice-1760.tiff;1;1;2480;3508;215579;375;1610;189;48;375;1610;564;1610;564;1658;375;1658;Partenaire;AAAAAAAAAA;undefined;OTHER;OTHER
invoice-1760.tiff;1;1;2480;3508;215580;575;1610;41;48;575;1610;616;1610;616;1658;575;1658;de;AA;undefined;OTHER;OTHER
invoice-1760.tiff;1;1;2480;3508;215581;627;1610;148;48;627;1610;775;1610;775;1658;627;1658;sommeil;AAAAAAA;undefined;OTHER;OTHER
invoice-1760.tiff;1;1;2480;3508;215582;785;1610;178;48;785;1610;963;1610;963;1658;785;1658;intelligent;AAAAAAAAAAA;undefined;OTHER;OTHER
invoice-1760.tiff;1;1;2480;3508;215583;974;1610;155;48;974;1610;1129;1610;1129;1658;974;1658;connecté;AAAAAAAA;undefined;OTHER;OTHER
invoice-1760.tiff;1;1;2480;3508;215586;1312;1610;114;48;1312;1610;1426;1610;1426;1658;1312;1658;249,99;NNNSNN;undefined;OTHER;OTHER
invoice-1760.tiff;1;1;2480;3508;215587;1437;1610;83;48;1437;1610;1520;1610;1520;1658;1437;1658;USD;AAA;undefined;OTHER;OTHER
invoice-1760.tiff;1;1;2480;3508;215588;1692;1610;114;48;1692;1610;1806;1610;1806;1658;1692;1658;20.0%;NNSNS;undefined;OTHER;OTHER
invoice-1760.tiff;1;1;2480;3508;215589;1979;1610;114;48;1979;1610;2093;1610;2093;1658;1979;1658;249,99;NNNSNN;undefined;OTHER;OTHER
invoice-1760.tiff;1;1;2480;3508;215590;2104;1610;83;48;2104;1610;2187;1610;2187;1658;2104;1658;USD;AAA;undefined;OTHER;OTHER
invoice-1760.tiff;1;1;2480;3508;215584;375;1658;162;48;375;1658;537;1658;537;1706;375;1706;Withings;AAAAAAAA;undefined;OTHER;OTHER
invoice-1760.tiff;1;1;2480;3508;215585;547;1658;92;48;547;1658;639;1658;639;1706;547;1706;Aura;AAAA;undefined;OTHER;OTHER
invoice-1760.tiff;1;1;2480;3508;215591;239;1748;20;48;239;1748;259;1748;259;1796;239;1796;3;N;undefined;OTHER;OTHER
invoice-1760.tiff;1;1;2480;3508;215592;375;1748;175;48;375;1748;550;1748;550;1796;375;1796;Bouilloire;AAAAAAAAAA;undefined;OTHER;OTHER
invoice-1760.tiff;1;1;2480;3508;215593;561;1748;131;48;561;1748;692;1748;692;1796;561;1796;Riviera;AAAAAAA;undefined;OTHER;OTHER
invoice-1760.tiff;1;1;2480;3508;215594;703;1748;41;48;703;1748;744;1748;744;1796;703;1796;Et;AA;undefined;OTHER;OTHER
invoice-1760.tiff;1;1;2480;3508;215595;755;1748;67;48;755;1748;822;1748;822;1796;755;1796;Bar;AAA;undefined;OTHER;OTHER
invoice-1760.tiff;1;1;2480;3508;215596;833;1748;124;48;833;1748;957;1748;957;1796;833;1796;QD656;AANNN;undefined;OTHER;OTHER
invoice-1760.tiff;1;1;2480;3508;215597;1322;1748;93;48;1322;1748;1415;1748;1415;1796;1322;1796;58,33;NNSNN;undefined;OTHER;OTHER
invoice-1760.tiff;1;1;2480;3508;215598;1427;1748;83;48;1427;1748;1510;1748;1510;1796;1427;1796;USD;AAA;undefined;OTHER;OTHER
invoice-1760.tiff;1;1;2480;3508;215599;1692;1748;114;48;1692;1748;1806;1748;1806;1796;1692;1796;20.0%;NNSNS;undefined;OTHER;OTHER
invoice-1760.tiff;1;1;2480;3508;215600;1979;1748;114;48;1979;1748;2093;1748;2093;1796;1979;1796;174,98;NNNSNN;undefined;OTHER;OTHER
invoice-1760.tiff;1;1;2480;3508;215601;2104;1748;83;48;2104;1748;2187;1748;2187;1796;2104;1796;USD;AAA;undefined;OTHER;OTHER
invoice-1760.tiff;1;1;2480;3508;215602;239;1838;20;48;239;1838;259;1838;259;1886;239;1886;4;N;undefined;OTHER;OTHER
invoice-1760.tiff;1;1;2480;3508;215603;375;1838;62;48;375;1838;437;1838;437;1886;375;1886;Jeu;AAA;undefined;OTHER;OTHER
invoice-1760.tiff;1;1;2480;3508;215604;447;1838;120;48;447;1838;567;1838;567;1886;447;1886;Switch;AAAAAA;undefined;OTHER;OTHER
invoice-1760.tiff;1;1;2480;3508;215605;578;1838;164;48;578;1838;742;1838;742;1886;578;1886;Nintendo;AAAAAAAA;undefined;OTHER;OTHER
invoice-1760.tiff;1;1;2480;3508;215606;753;1838;20;48;753;1838;773;1838;773;1886;753;1886;1;N;undefined;OTHER;OTHER
invoice-1760.tiff;1;1;2480;3508;215607;784;1838;13;48;784;1838;797;1838;797;1886;784;1886;-;S;undefined;OTHER;OTHER
invoice-1760.tiff;1;1;2480;3508;215608;809;1838;20;48;809;1838;829;1838;829;1886;809;1886;2;N;undefined;OTHER;OTHER
invoice-1760.tiff;1;1;2480;3508;215609;840;1838;120;48;840;1838;960;1838;960;1886;840;1886;Switch;AAAAAA;undefined;OTHER;OTHER
invoice-1760.tiff;1;1;2480;3508;215610;1322;1838;93;48;1322;1838;1415;1838;1415;1886;1322;1886;37,49;NNSNN;undefined;OTHER;OTHER
invoice-1760.tiff;1;1;2480;3508;215611;1427;1838;83;48;1427;1838;1510;1838;1510;1886;1427;1886;USD;AAA;undefined;OTHER;OTHER
invoice-1760.tiff;1;1;2480;3508;215612;1692;1838;114;48;1692;1838;1806;1838;1806;1886;1692;1886;20.0%;NNSNS;undefined;OTHER;OTHER
invoice-1760.tiff;1;1;2480;3508;215613;1979;1838;114;48;1979;1838;2093;1838;2093;1886;1979;1886;149,97;NNNSNN;undefined;OTHER;OTHER
invoice-1760.tiff;1;1;2480;3508;215614;2104;1838;83;48;2104;1838;2187;1838;2187;1886;2104;1886;USD;AAA;undefined;OTHER;OTHER
invoice-1760.tiff;1;1;2480;3508;215615;239;1927;20;48;239;1927;259;1927;259;1975;239;1975;4;N;undefined;OTHER;OTHER
invoice-1760.tiff;1;1;2480;3508;215616;375;1927;62;48;375;1927;437;1927;437;1975;375;1975;Jeu;AAA;undefined;OTHER;OTHER
invoice-1760.tiff;1;1;2480;3508;215617;447;1927;41;48;447;1927;488;1927;488;1975;447;1975;de;AA;undefined;OTHER;OTHER
invoice-1760.tiff;1;1;2480;3508;215618;499;1927;152;48;499;1927;651;1927;651;1975;499;1975;lumières;AAAAAAAA;undefined;OTHER;OTHER
invoice-1760.tiff;1;1;2480;3508;215619;663;1927;150;48;663;1927;813;1927;813;1975;663;1975;Chauvet;AAAAAAA;undefined;OTHER;OTHER
invoice-1760.tiff;1;1;2480;3508;215620;824;1927;90;48;824;1927;914;1927;914;1975;824;1975;LCH;AAA;undefined;OTHER;OTHER
invoice-1760.tiff;1;1;2480;3508;215621;924;1927;238;48;924;1927;1162;1927;1162;1975;924;1975;MINIKINTA;AAAAAAAAA;undefined;OTHER;OTHER
invoice-1760.tiff;1;1;2480;3508;215622;1322;1927;93;48;1322;1927;1415;1927;1415;1975;1322;1975;90,83;NNSNN;undefined;OTHER;OTHER
invoice-1760.tiff;1;1;2480;3508;215623;1427;1927;83;48;1427;1927;1510;1927;1510;1975;1427;1975;USD;AAA;undefined;OTHER;OTHER
invoice-1760.tiff;1;1;2480;3508;215624;1692;1927;114;48;1692;1927;1806;1927;1806;1975;1692;1975;20.0%;NNSNS;undefined;OTHER;OTHER
invoice-1760.tiff;1;1;2480;3508;215625;1979;1927;114;48;1979;1927;2093;1927;2093;1975;1979;1975;363,33;NNNSNN;undefined;OTHER;OTHER
invoice-1760.tiff;1;1;2480;3508;215626;2104;1927;83;48;2104;1927;2187;1927;2187;1975;2104;1975;USD;AAA;undefined;OTHER;OTHER
invoice-1760.tiff;1;1;2480;3508;215627;1687;2059;170;52;1687;2059;1857;2059;1857;2111;1687;2111;Montant;AAAAAAA;undefined;OTHER;OTHER
invoice-1760.tiff;1;1;2480;3508;215628;1869;2059;89;52;1869;2059;1958;2059;1958;2111;1869;2111;H.T.;ASAS;undefined;OTHER;OTHER
invoice-1760.tiff;1;1;2480;3508;215629;1999;2059;114;48;1999;2059;2113;2059;2113;2107;1999;2107;938,27;NNNSNN;TWTX;TOTAL_WITHOUT_TAX;TWTXS
invoice-1760.tiff;1;1;2480;3508;215630;2125;2059;83;48;2125;2059;2208;2059;2208;2107;2125;2107;USD;AAA;TWTX;TOTAL_WITHOUT_TAX;TWTXS
invoice-1760.tiff;1;1;2480;3508;215631;1955;2112;96;52;1955;2112;2051;2112;2051;2164;1955;2164;TVA;AAA;undefined;OTHER;OTHER
invoice-1760.tiff;1;1;2480;3508;215632;2093;2112;114;48;2093;2112;2207;2112;2207;2160;2093;2160;20.0%;NNSNS;TXR;TAX_RATE;Tax Rate
invoice-1760.tiff;1;1;2480;3508;215633;1679;2164;170;52;1679;2164;1849;2164;1849;2216;1679;2216;Montant;AAAAAAA;undefined;OTHER;OTHER
invoice-1760.tiff;1;1;2480;3508;215634;1861;2164;96;52;1861;2164;1957;2164;1957;2216;1861;2216;TVA;AAA;undefined;OTHER;OTHER
invoice-1760.tiff;1;1;2480;3508;215635;1999;2164;114;48;1999;2164;2113;2164;2113;2212;1999;2212;187,65;NNNSNN;TTX;TOTAL_TAX;Total Tax
invoice-1760.tiff;1;1;2480;3508;215636;2125;2164;83;48;2125;2164;2208;2164;2208;2212;2125;2212;USD;AAA;TTX;TOTAL_TAX;Total Tax
invoice-1760.tiff;1;1;2480;3508;215637;1661;2217;170;52;1661;2217;1831;2217;1831;2269;1661;2269;Montant;AAAAAAA;undefined;OTHER;OTHER
invoice-1760.tiff;1;1;2480;3508;215638;1843;2217;94;52;1843;2217;1937;2217;1937;2269;1843;2269;TTC;AAA;undefined;OTHER;OTHER
invoice-1760.tiff;1;1;2480;3508;215639;1979;2217;135;48;1979;2217;2114;2217;2114;2265;1979;2265;1125,92;NNNNSNN;TA;TOTAL_AMOUNT;Total with TAX
invoice-1760.tiff;1;1;2480;3508;215640;2125;2217;83;48;2125;2217;2208;2217;2208;2265;2125;2265;USD;AAA;TA;TOTAL_AMOUNT;Total with TAX
invoice-1760.tiff;1;1;2480;3508;215641;1187;3175;78;48;1187;3175;1265;3175;1265;3223;1187;3223;LES;AAA;SN;SUPPLIER_NAME;Seller/Company) name
invoice-1760.tiff;1;1;2480;3508;215642;1276;3175;215;48;1276;3175;1491;3175;1491;3223;1276;3223;LUCIOLES;AAAAAAAA;SN;SUPPLIER_NAME;Seller/Company) name
invoice-1760.tiff;1;1;2480;3508;215643;1187;3223;41;45;1187;3223;1228;3223;1228;3268;1187;3268;24;NN;SA;SUPPLIER_ADDRESS;Seller Address
invoice-1760.tiff;1;1;2480;3508;215644;1239;3223;136;45;1239;3223;1375;3223;1375;3268;1239;3268;PARVIS;AAAAAA;SA;SUPPLIER_ADDRESS;Seller Address
invoice-1760.tiff;1;1;2480;3508;215645;1386;3223;111;45;1386;3223;1497;3223;1497;3268;1386;3268;SAINT;AAAAA;SA;SUPPLIER_ADDRESS;Seller Address
invoice-1760.tiff;1;1;2480;3508;215646;1508;3223;155;45;1508;3223;1663;3223;1663;3268;1508;3268;MICHEL;AAAAAA;SA;SUPPLIER_ADDRESS;Seller Address
invoice-1760.tiff;1;1;2480;3508;215647;1187;3268;104;45;1187;3268;1291;3268;1291;3313;1187;3313;76600;NNNNN;SA;SUPPLIER_ADDRESS;Seller Address
invoice-1760.tiff;1;1;2480;3508;215648;1333;3268;48;45;1333;3268;1381;3268;1381;3313;1333;3313;LE;AA;SA;SUPPLIER_ADDRESS;Seller Address
invoice-1760.tiff;1;1;2480;3508;215649;1392;3268;131;45;1392;3268;1523;3268;1523;3313;1392;3313;HAVRE;AAAAA;SA;SUPPLIER_ADDRESS;Seller Address
invoice-1760.tiff;1;1;2480;3508;215650;1187;3314;157;45;1187;3314;1344;3314;1344;3359;1187;3359;FRANCE;AAAAAA;SA;SUPPLIER_ADDRESS;Seller Address
