src;num_pages;page_id;page_width;page_height;id;col;row;width;height;x1;y1;x2;y2;x3;y3;x4;y4;contents;contents_masked;correctclass;tag;description
invoice-1169.tiff;1;1;2480;3508;143441;833;62;374;175;833;62;1207;62;1207;237;833;237;common/logo;AAAAAASAAAA;img;IMAGE;Image
invoice-1169.tiff;1;1;2480;3508;143430;124;237;60;48;124;237;184;237;184;285;124;285;UN;AA;SN;SUPPLIER_NAME;Seller/Company) name
invoice-1169.tiff;1;1;2480;3508;143431;195;237;113;48;195;237;308;237;308;285;195;285;JOUR;AAAA;SN;SUPPLIER_NAME;Seller/Company) name
invoice-1169.tiff;1;1;2480;3508;143432;319;237;212;48;319;237;531;237;531;285;319;285;AILLEURS;AAAAAAAA;SN;SUPPLIER_NAME;Seller/Company) name
invoice-1169.tiff;1;1;2480;3508;143442;1541;237;106;45;1541;237;1647;237;1647;282;1541;282;Phone;AAAAA;undefined;OTHER;OTHER
invoice-1169.tiff;1;1;2480;3508;143443;1710;237;249;45;1710;237;1959;237;1959;282;1710;282;09.96.37.53.68;NNSNNSNNSNNSNN;SCN;SUPPLIER_CONTACT_NUMBER;Seller Contact Number
invoice-1169.tiff;1;1;2480;3508;143444;1541;283;64;45;1541;283;1605;283;1605;328;1541;328;Fax;AAA;undefined;OTHER;OTHER
invoice-1169.tiff;1;1;2480;3508;143445;1668;283;249;45;1668;283;1917;283;1917;328;1668;328;09.96.37.45.77;NNSNNSNNSNNSNN;SFAX;SUPPLIER_FAX_NUMBER;Seller Fax Number
invoice-1169.tiff;1;1;2480;3508;143433;124;285;41;45;124;285;165;285;165;330;124;330;71;NN;SA;SUPPLIER_ADDRESS;Seller Address
invoice-1169.tiff;1;1;2480;3508;143434;177;285;164;45;177;285;341;285;341;330;177;330;GRANDE;AAAAAA;SA;SUPPLIER_ADDRESS;Seller Address
invoice-1169.tiff;1;1;2480;3508;143435;351;285;81;45;351;285;432;285;432;330;351;330;RUE;AAA;SA;SUPPLIER_ADDRESS;Seller Address
invoice-1169.tiff;1;1;2480;3508;143436;124;331;104;45;124;331;228;331;228;376;124;376;71100;NNNNN;SA;SUPPLIER_ADDRESS;Seller Address
invoice-1169.tiff;1;1;2480;3508;143437;270;331;164;45;270;331;434;331;434;376;270;376;CHALON;AAAAAA;SA;SUPPLIER_ADDRESS;Seller Address
invoice-1169.tiff;1;1;2480;3508;143438;445;331;76;45;445;331;521;331;521;376;445;376;SUR;AAA;SA;SUPPLIER_ADDRESS;Seller Address
invoice-1169.tiff;1;1;2480;3508;143439;532;331;129;45;532;331;661;331;661;376;532;376;SAONE;AAAAA;SA;SUPPLIER_ADDRESS;Seller Address
invoice-1169.tiff;1;1;2480;3508;143440;124;377;157;45;124;377;281;377;281;422;124;422;FRANCE;AAAAAA;SA;SUPPLIER_ADDRESS;Seller Address
invoice-1169.tiff;1;1;2480;3508;143446;124;607;180;57;124;607;304;607;304;664;124;664;Delivery;AAAAAAAA;undefined;OTHER;OTHER
invoice-1169.tiff;1;1;2480;3508;143447;318;607;58;57;318;607;376;607;376;664;318;664;To;AA;undefined;OTHER;OTHER
invoice-1169.tiff;1;1;2480;3508;143456;1541;607;155;57;1541;607;1696;607;1696;664;1541;664;Invoice;AAAAAAA;undefined;OTHER;OTHER
invoice-1169.tiff;1;1;2480;3508;143457;1709;607;58;57;1709;607;1767;607;1767;664;1709;664;To;AA;undefined;OTHER;OTHER
invoice-1169.tiff;1;1;2480;3508;143448;124;664;101;48;124;664;225;664;225;712;124;712;Einar;AAAAA;SHN;SHIPPING_NAME;Shipping Name
invoice-1169.tiff;1;1;2480;3508;143449;237;664;159;48;237;664;396;664;396;712;237;712;Prosacco;AAAAAAAA;SHN;SHIPPING_NAME;Shipping Name
invoice-1169.tiff;1;1;2480;3508;143458;1541;664;101;48;1541;664;1642;664;1642;712;1541;712;Einar;AAAAA;BN;BILLING_NAME;Billing Name
invoice-1169.tiff;1;1;2480;3508;143459;1653;664;159;48;1653;664;1812;664;1812;712;1653;712;Prosacco;AAAAAAAA;BN;BILLING_NAME;Billing Name
invoice-1169.tiff;1;1;2480;3508;143450;124;712;93;45;124;712;217;712;217;757;124;757;5016,;NNNNS;SHA;SHIPPING_ADDRESS;Shipping Address
invoice-1169.tiff;1;1;2480;3508;143451;229;712;32;45;229;712;261;712;261;757;229;757;la;AA;SHA;SHIPPING_ADDRESS;Shipping Address
invoice-1169.tiff;1;1;2480;3508;143452;271;712;120;45;271;712;391;712;391;757;271;757;tuilerie;AAAAAAAA;SHA;SHIPPING_ADDRESS;Shipping Address
invoice-1169.tiff;1;1;2480;3508;143460;1541;712;31;45;1541;712;1572;712;1572;757;1541;757;8,;NS;BA;BILLING_ADDRESS;Billing Address
invoice-1169.tiff;1;1;2480;3508;143461;1583;712;55;45;1583;712;1638;712;1638;757;1583;757;rue;AAA;BA;BILLING_ADDRESS;Billing Address
invoice-1169.tiff;1;1;2480;3508;143462;1649;712;71;45;1649;712;1720;712;1720;757;1649;757;jean;AAAA;BA;BILLING_ADDRESS;Billing Address
invoice-1169.tiff;1;1;2480;3508;143463;1731;712;69;45;1731;712;1800;712;1800;757;1731;757;bart;AAAA;BA;BILLING_ADDRESS;Billing Address
invoice-1169.tiff;1;1;2480;3508;143453;124;758;104;45;124;758;228;758;228;803;124;803;14700;NNNNN;SHA;SHIPPING_ADDRESS;Shipping Address
invoice-1169.tiff;1;1;2480;3508;143454;270;758;349;45;270;758;619;758;619;803;270;803;Saint-Pierre-Canivet;AAAAASAAAAAASAAAAAAA;SHA;SHIPPING_ADDRESS;Shipping Address
invoice-1169.tiff;1;1;2480;3508;143464;1541;758;104;45;1541;758;1645;758;1645;803;1541;803;62930;NNNNN;BA;BILLING_ADDRESS;Billing Address
invoice-1169.tiff;1;1;2480;3508;143465;1687;758;168;45;1687;758;1855;758;1855;803;1687;803;Wimereux;AAAAAAAA;BA;BILLING_ADDRESS;Billing Address
invoice-1169.tiff;1;1;2480;3508;143455;124;804;120;45;124;804;244;804;244;849;124;849;France;AAAAAA;SHA;SHIPPING_ADDRESS;Shipping Address
invoice-1169.tiff;1;1;2480;3508;143466;1541;804;120;45;1541;804;1661;804;1661;849;1541;849;France;AAAAAA;BA;BILLING_ADDRESS;Billing Address
invoice-1169.tiff;1;1;2480;3508;143467;124;1047;142;52;124;1047;266;1047;266;1099;124;1099;Invoice;AAAAAAA;undefined;OTHER;OTHER
invoice-1169.tiff;1;1;2480;3508;143468;279;1047;50;52;279;1047;329;1047;329;1099;279;1099;ID;AA;undefined;OTHER;OTHER
invoice-1169.tiff;1;1;2480;3508;143469;750;1047;175;46;750;1047;925;1047;925;1093;750;1093;FC500837;AANNNNNN;IN;INVOICE_NUMBER;Invoice Number
invoice-1169.tiff;1;1;2480;3508;143470;124;1121;117;52;124;1121;241;1121;241;1173;124;1173;Dated;AAAAA;undefined;OTHER;OTHER
invoice-1169.tiff;1;1;2480;3508;143471;750;1121;60;46;750;1121;810;1121;810;1167;750;1167;ago;AAA;IDATE;INVOICE_DATE;Invoice Date
invoice-1169.tiff;1;1;2480;3508;143472;820;1121;31;46;820;1121;851;1121;851;1167;820;1167;3,;NS;IDATE;INVOICE_DATE;Invoice Date
invoice-1169.tiff;1;1;2480;3508;143473;862;1121;83;46;862;1121;945;1121;945;1167;862;1167;2002;NNNN;IDATE;INVOICE_DATE;Invoice Date
invoice-1169.tiff;1;1;2480;3508;143477;1541;1121;122;52;1541;1121;1663;1121;1663;1173;1541;1173;Order;AAAAA;undefined;OTHER;OTHER
invoice-1169.tiff;1;1;2480;3508;143478;1675;1121;50;52;1675;1121;1725;1121;1725;1173;1675;1173;ID;AA;undefined;OTHER;OTHER
invoice-1169.tiff;1;1;2480;3508;143479;2166;1121;148;46;2166;1121;2314;1121;2314;1167;2166;1167;CM5120;AANNNN;ONUM;ORDER_NUMBER;Order Number
invoice-1169.tiff;1;1;2480;3508;143474;124;1194;119;52;124;1194;243;1194;243;1246;124;1246;Client;AAAAAA;undefined;OTHER;OTHER
invoice-1169.tiff;1;1;2480;3508;143475;256;1194;50;52;256;1194;306;1194;306;1246;256;1246;ID;AA;undefined;OTHER;OTHER
invoice-1169.tiff;1;1;2480;3508;143476;750;1194;157;46;750;1194;907;1194;907;1240;750;1240;CL55405;AANNNNN;CNUM;CLIENT_NUMBER;Client Number
invoice-1169.tiff;1;1;2480;3508;143480;156;1699;104;52;156;1699;260;1699;260;1751;156;1751;S.No.;ASAAS;undefined;OTHER;OTHER
invoice-1169.tiff;1;1;2480;3508;143481;489;1699;157;52;489;1699;646;1699;646;1751;489;1751;Product;AAAAAAA;undefined;OTHER;OTHER
invoice-1169.tiff;1;1;2480;3508;143482;658;1699;226;52;658;1699;884;1699;884;1751;658;1751;Description;AAAAAAAAAAA;undefined;OTHER;OTHER
invoice-1169.tiff;1;1;2480;3508;143483;1141;1699;175;52;1141;1699;1316;1699;1316;1751;1141;1751;Quantity;AAAAAAAA;undefined;OTHER;OTHER
invoice-1169.tiff;1;1;2480;3508;143484;1420;1699;86;52;1420;1699;1506;1699;1506;1751;1420;1751;Unit;AAAA;undefined;OTHER;OTHER
invoice-1169.tiff;1;1;2480;3508;143485;1518;1699;101;52;1518;1699;1619;1699;1619;1751;1518;1751;Price;AAAAA;undefined;OTHER;OTHER
invoice-1169.tiff;1;1;2480;3508;143486;1712;1699;96;52;1712;1699;1808;1699;1808;1751;1712;1751;TVA;AAA;undefined;OTHER;OTHER
invoice-1169.tiff;1;1;2480;3508;143487;1820;1699;91;52;1820;1699;1911;1699;1911;1751;1820;1751;Rate;AAAA;undefined;OTHER;OTHER
invoice-1169.tiff;1;1;2480;3508;143488;2051;1699;104;52;2051;1699;2155;1699;2155;1751;2051;1751;Total;AAAAA;undefined;OTHER;OTHER
invoice-1169.tiff;1;1;2480;3508;143489;197;1773;20;48;197;1773;217;1773;217;1821;197;1821;1;N;undefined;OTHER;OTHER
invoice-1169.tiff;1;1;2480;3508;143490;291;1773;171;48;291;1773;462;1773;462;1821;291;1821;Tondeuse;AAAAAAAA;undefined;OTHER;OTHER
invoice-1169.tiff;1;1;2480;3508;143491;473;1773;94;48;473;1773;567;1773;567;1821;473;1821;multi;AAAAA;undefined;OTHER;OTHER
invoice-1169.tiff;1;1;2480;3508;143492;578;1773;115;48;578;1773;693;1773;693;1821;578;1821;usages;AAAAAA;undefined;OTHER;OTHER
invoice-1169.tiff;1;1;2480;3508;143493;704;1773;113;48;704;1773;817;1773;817;1821;704;1821;Braun;AAAAA;undefined;OTHER;OTHER
invoice-1169.tiff;1;1;2480;3508;143494;828;1773;104;48;828;1773;932;1773;932;1821;828;1821;MGK;AAA;undefined;OTHER;OTHER
invoice-1169.tiff;1;1;2480;3508;143495;943;1773;83;48;943;1773;1026;1773;1026;1821;943;1821;3040;NNNN;undefined;OTHER;OTHER
invoice-1169.tiff;1;1;2480;3508;143496;1218;1773;20;48;1218;1773;1238;1773;1238;1821;1218;1821;2;N;undefined;OTHER;OTHER
invoice-1169.tiff;1;1;2480;3508;143497;1473;1773;93;48;1473;1773;1566;1773;1566;1821;1473;1821;41,66;NNSNN;undefined;OTHER;OTHER
invoice-1169.tiff;1;1;2480;3508;143498;1755;1773;114;48;1755;1773;1869;1773;1869;1821;1755;1821;20.0%;NNSNS;undefined;OTHER;OTHER
invoice-1169.tiff;1;1;2480;3508;143499;2057;1773;93;48;2057;1773;2150;1773;2150;1821;2057;1821;83,32;NNSNN;undefined;OTHER;OTHER
invoice-1169.tiff;1;1;2480;3508;143500;1958;1904;104;52;1958;1904;2062;1904;2062;1956;1958;1956;Total;AAAAA;undefined;OTHER;OTHER
invoice-1169.tiff;1;1;2480;3508;143501;2104;1904;93;48;2104;1904;2197;1904;2197;1952;2104;1952;83,32;NNSNN;TWTX;TOTAL_WITHOUT_TAX;TWTXS
invoice-1169.tiff;1;1;2480;3508;143502;1852;1957;96;52;1852;1957;1948;1957;1948;2009;1852;2009;TVA;AAA;undefined;OTHER;OTHER
invoice-1169.tiff;1;1;2480;3508;143503;1960;1957;91;52;1960;1957;2051;1957;2051;2009;1960;2009;Rate;AAAA;undefined;OTHER;OTHER
invoice-1169.tiff;1;1;2480;3508;143504;2093;1957;114;48;2093;1957;2207;1957;2207;2005;2093;2005;20.0%;NNSNS;TXR;TAX_RATE;Tax Rate
invoice-1169.tiff;1;1;2480;3508;143505;1814;2010;76;52;1814;2010;1890;2010;1890;2062;1814;2062;Tax;AAA;undefined;OTHER;OTHER
invoice-1169.tiff;1;1;2480;3508;143506;1902;2010;160;52;1902;2010;2062;2010;2062;2062;1902;2062;Amount;AAAAAA;undefined;OTHER;OTHER
invoice-1169.tiff;1;1;2480;3508;143507;2104;2010;93;48;2104;2010;2197;2010;2197;2058;2104;2058;16,66;NNSNN;TTX;TOTAL_TAX;Total Tax
invoice-1169.tiff;1;1;2480;3508;143508;1769;2063;160;52;1769;2063;1929;2063;1929;2115;1769;2115;Amount;AAAAAA;undefined;OTHER;OTHER
invoice-1169.tiff;1;1;2480;3508;143509;1941;2063;38;52;1941;2063;1979;2063;1979;2115;1941;2115;to;AA;undefined;OTHER;OTHER
invoice-1169.tiff;1;1;2480;3508;143510;1991;2063;71;52;1991;2063;2062;2063;2062;2115;1991;2115;pay;AAA;undefined;OTHER;OTHER
invoice-1169.tiff;1;1;2480;3508;143511;2104;2063;93;48;2104;2063;2197;2063;2197;2111;2104;2111;99,98;NNSNN;TA;TOTAL_AMOUNT;Total with TAX
invoice-1169.tiff;1;1;2480;3508;143512;983;3175;60;48;983;3175;1043;3175;1043;3223;983;3223;UN;AA;SN;SUPPLIER_NAME;Seller/Company) name
invoice-1169.tiff;1;1;2480;3508;143513;1054;3175;113;48;1054;3175;1167;3175;1167;3223;1054;3223;JOUR;AAAA;SN;SUPPLIER_NAME;Seller/Company) name
invoice-1169.tiff;1;1;2480;3508;143514;1178;3175;212;48;1178;3175;1390;3175;1390;3223;1178;3223;AILLEURS;AAAAAAAA;SN;SUPPLIER_NAME;Seller/Company) name
invoice-1169.tiff;1;1;2480;3508;143515;690;3223;41;45;690;3223;731;3223;731;3268;690;3268;71;NN;SA;SUPPLIER_ADDRESS;Seller Address
invoice-1169.tiff;1;1;2480;3508;143516;742;3223;164;45;742;3223;906;3223;906;3268;742;3268;GRANDE;AAAAAA;SA;SUPPLIER_ADDRESS;Seller Address
invoice-1169.tiff;1;1;2480;3508;143517;917;3223;81;45;917;3223;998;3223;998;3268;917;3268;RUE;AAA;SA;SUPPLIER_ADDRESS;Seller Address
invoice-1169.tiff;1;1;2480;3508;143518;1006;3223;104;45;1006;3223;1110;3223;1110;3268;1006;3268;71100;NNNNN;SA;SUPPLIER_ADDRESS;Seller Address
invoice-1169.tiff;1;1;2480;3508;143519;1119;3223;164;45;1119;3223;1283;3223;1283;3268;1119;3268;CHALON;AAAAAA;SA;SUPPLIER_ADDRESS;Seller Address
invoice-1169.tiff;1;1;2480;3508;143520;1293;3223;76;45;1293;3223;1369;3223;1369;3268;1293;3268;SUR;AAA;SA;SUPPLIER_ADDRESS;Seller Address
invoice-1169.tiff;1;1;2480;3508;143521;1380;3223;129;45;1380;3223;1509;3223;1509;3268;1380;3268;SAONE;AAAAA;SA;SUPPLIER_ADDRESS;Seller Address
invoice-1169.tiff;1;1;2480;3508;143522;1518;3223;157;45;1518;3223;1675;3223;1675;3268;1518;3268;FRANCE;AAAAAA;SA;SUPPLIER_ADDRESS;Seller Address
