src;num_pages;page_id;page_width;page_height;id;col;row;width;height;x1;y1;x2;y2;x3;y3;x4;y4;contents;contents_masked;correctclass;tag;description
invoice-1075.tiff;1;1;2480;3508;131977;124;62;175;175;124;62;299;62;299;237;124;237;common/logo;AAAAAASAAAA;img;IMAGE;Image
invoice-1075.tiff;1;1;2480;3508;131990;1541;270;155;57;1541;270;1696;270;1696;327;1541;327;Invoice;AAAAAAA;undefined;OTHER;OTHER
invoice-1075.tiff;1;1;2480;3508;131991;1709;270;213;57;1709;270;1922;270;1922;327;1709;327;Reference;AAAAAAAAA;undefined;OTHER;OTHER
invoice-1075.tiff;1;1;2480;3508;131992;1985;270;196;50;1985;270;2181;270;2181;320;1985;320;FC500538;AANNNNNN;IN;INVOICE_NUMBER;Invoice Number
invoice-1075.tiff;1;1;2480;3508;131993;1541;349;155;57;1541;349;1696;349;1696;406;1541;406;Invoice;AAAAAAA;undefined;OTHER;OTHER
invoice-1075.tiff;1;1;2480;3508;131994;1709;349;99;57;1709;349;1808;349;1808;406;1709;406;Date;AAAA;undefined;OTHER;OTHER
invoice-1075.tiff;1;1;2480;3508;131995;1872;349;45;50;1872;349;1917;349;1917;399;1872;399;30;NN;IDATE;INVOICE_DATE;Invoice Date
invoice-1075.tiff;1;1;2480;3508;131996;1929;349;59;50;1929;349;1988;349;1988;399;1929;399;jul,;AAAS;IDATE;INVOICE_DATE;Invoice Date
invoice-1075.tiff;1;1;2480;3508;131997;2000;349;91;50;2000;349;2091;349;2091;399;2000;399;1991;NNNN;IDATE;INVOICE_DATE;Invoice Date
invoice-1075.tiff;1;1;2480;3508;131978;124;412;129;48;124;412;253;412;253;460;124;460;URMA;AAAA;SN;SUPPLIER_NAME;Seller/Company) name
invoice-1075.tiff;1;1;2480;3508;131979;264;412;203;48;264;412;467;412;467;460;264;460;BETHUNE;AAAAAAA;SN;SUPPLIER_NAME;Seller/Company) name
invoice-1075.tiff;1;1;2480;3508;131980;124;460;62;45;124;460;186;460;186;505;124;505;223;NNN;SA;SUPPLIER_ADDRESS;Seller Address
invoice-1075.tiff;1;1;2480;3508;131981;197;460;240;45;197;460;437;460;437;505;197;505;BOULEVARD;AAAAAAAAA;SA;SUPPLIER_ADDRESS;Seller Address
invoice-1075.tiff;1;1;2480;3508;131982;449;460;159;45;449;460;608;460;608;505;449;505;VAUBAN;AAAAAA;SA;SUPPLIER_ADDRESS;Seller Address
invoice-1075.tiff;1;1;2480;3508;131983;124;506;104;45;124;506;228;506;228;551;124;551;62400;NNNNN;SA;SUPPLIER_ADDRESS;Seller Address
invoice-1075.tiff;1;1;2480;3508;131984;270;506;187;45;270;506;457;506;457;551;270;551;BETHUNE;AAAAAAA;SA;SUPPLIER_ADDRESS;Seller Address
invoice-1075.tiff;1;1;2480;3508;131985;124;552;157;45;124;552;281;552;281;597;124;597;FRANCE;AAAAAA;SA;SUPPLIER_ADDRESS;Seller Address
invoice-1075.tiff;1;1;2480;3508;131986;124;598;106;45;124;598;230;598;230;643;124;643;Phone;AAAAA;undefined;OTHER;OTHER
invoice-1075.tiff;1;1;2480;3508;131987;293;598;263;45;293;598;556;598;556;643;293;643;04-13-21-24-35;NNSNNSNNSNNSNN;SCN;SUPPLIER_CONTACT_NUMBER;Seller Contact Number
invoice-1075.tiff;1;1;2480;3508;131988;124;643;64;45;124;643;188;643;188;688;124;688;Fax;AAA;undefined;OTHER;OTHER
invoice-1075.tiff;1;1;2480;3508;131989;252;643;263;45;252;643;515;643;515;688;252;688;04-13-21-91-92;NNSNNSNNSNNSNN;SFAX;SUPPLIER_FAX_NUMBER;Seller Fax Number
invoice-1075.tiff;1;1;2480;3508;132005;1541;873;94;57;1541;873;1635;873;1635;930;1541;930;Sold;AAAA;undefined;OTHER;OTHER
invoice-1075.tiff;1;1;2480;3508;132006;1648;873;58;57;1648;873;1706;873;1706;930;1648;930;To;AA;undefined;OTHER;OTHER
invoice-1075.tiff;1;1;2480;3508;131998;124;921;119;52;124;921;243;921;243;973;124;973;Client;AAAAAA;undefined;OTHER;OTHER
invoice-1075.tiff;1;1;2480;3508;131999;256;921;195;52;256;921;451;921;451;973;256;973;Reference;AAAAAAAAA;undefined;OTHER;OTHER
invoice-1075.tiff;1;1;2480;3508;132000;750;921;157;46;750;921;907;921;907;967;750;967;CL55089;AANNNNN;CNUM;CLIENT_NUMBER;Client Number
invoice-1075.tiff;1;1;2480;3508;132007;1541;931;68;48;1541;931;1609;931;1609;979;1541;979;Mr.;AAS;BN;BILLING_NAME;Billing Name
invoice-1075.tiff;1;1;2480;3508;132008;1620;931;124;48;1620;931;1744;931;1744;979;1620;979;Imelda;AAAAAA;BN;BILLING_NAME;Billing Name
invoice-1075.tiff;1;1;2480;3508;132009;1755;931;122;48;1755;931;1877;931;1877;979;1755;979;Hamill;AAAAAA;BN;BILLING_NAME;Billing Name
invoice-1075.tiff;1;1;2480;3508;132010;1541;979;93;45;1541;979;1634;979;1634;1024;1541;1024;5029,;NNNNS;BA;BILLING_ADDRESS;Billing Address
invoice-1075.tiff;1;1;2480;3508;132011;1645;979;87;45;1645;979;1732;979;1732;1024;1645;1024;route;AAAAA;BA;BILLING_ADDRESS;Billing Address
invoice-1075.tiff;1;1;2480;3508;132012;1744;979;39;45;1744;979;1783;979;1783;1024;1744;1024;de;AA;BA;BILLING_ADDRESS;Billing Address
invoice-1075.tiff;1;1;2480;3508;132013;1793;979;215;45;1793;979;2008;979;2008;1024;1793;1024;chevanceaux;AAAAAAAAAAA;BA;BILLING_ADDRESS;Billing Address
invoice-1075.tiff;1;1;2480;3508;132001;124;995;173;52;124;995;297;995;297;1047;124;1047;Payment;AAAAAAA;undefined;OTHER;OTHER
invoice-1075.tiff;1;1;2480;3508;132002;309;995;124;52;309;995;433;995;433;1047;309;1047;means;AAAAA;undefined;OTHER;OTHER
invoice-1075.tiff;1;1;2480;3508;132003;750;995;104;46;750;995;854;995;854;1041;750;1041;Credit;AAAAAA;PMODE;PAYMENT_MODE;Payment Mode
invoice-1075.tiff;1;1;2480;3508;132004;864;995;71;46;864;995;935;995;935;1041;864;1041;card;AAAA;PMODE;PAYMENT_MODE;Payment Mode
invoice-1075.tiff;1;1;2480;3508;132014;1541;1025;104;45;1541;1025;1645;1025;1645;1070;1541;1070;17270;NNNNN;BA;BILLING_ADDRESS;Billing Address
invoice-1075.tiff;1;1;2480;3508;132015;1687;1025;319;45;1687;1025;2006;1025;2006;1070;1687;1070;Saint-Martin-d'Ary;AAAAASAAAAAASASAAA;BA;BILLING_ADDRESS;Billing Address
invoice-1075.tiff;1;1;2480;3508;132016;1541;1071;120;45;1541;1071;1661;1071;1661;1116;1541;1116;France;AAAAAA;BA;BILLING_ADDRESS;Billing Address
invoice-1075.tiff;1;1;2480;3508;132017;156;1537;104;52;156;1537;260;1537;260;1589;156;1589;S.No.;ASAAS;undefined;OTHER;OTHER
invoice-1075.tiff;1;1;2480;3508;132018;349;1537;175;52;349;1537;524;1537;524;1589;349;1589;Quantity;AAAAAAAA;undefined;OTHER;OTHER
invoice-1075.tiff;1;1;2480;3508;132019;781;1537;157;52;781;1537;938;1537;938;1589;781;1589;Product;AAAAAAA;undefined;OTHER;OTHER
invoice-1075.tiff;1;1;2480;3508;132020;950;1537;226;52;950;1537;1176;1537;1176;1589;950;1589;Description;AAAAAAAAAAA;undefined;OTHER;OTHER
invoice-1075.tiff;1;1;2480;3508;132021;1420;1537;86;52;1420;1537;1506;1537;1506;1589;1420;1589;Unit;AAAA;undefined;OTHER;OTHER
invoice-1075.tiff;1;1;2480;3508;132022;1518;1537;101;52;1518;1537;1619;1537;1619;1589;1518;1589;Price;AAAAA;undefined;OTHER;OTHER
invoice-1075.tiff;1;1;2480;3508;132023;1712;1537;96;52;1712;1537;1808;1537;1808;1589;1712;1589;TVA;AAA;undefined;OTHER;OTHER
invoice-1075.tiff;1;1;2480;3508;132024;1820;1537;91;52;1820;1537;1911;1537;1911;1589;1820;1589;Rate;AAAA;undefined;OTHER;OTHER
invoice-1075.tiff;1;1;2480;3508;132025;2051;1537;104;52;2051;1537;2155;1537;2155;1589;2051;1589;Total;AAAAA;undefined;OTHER;OTHER
invoice-1075.tiff;1;1;2480;3508;132026;197;1610;20;48;197;1610;217;1610;217;1658;197;1658;1;N;undefined;OTHER;OTHER
invoice-1075.tiff;1;1;2480;3508;132027;427;1610;20;48;427;1610;447;1610;447;1658;427;1658;4;N;undefined;OTHER;OTHER
invoice-1075.tiff;1;1;2480;3508;132028;583;1610;127;48;583;1610;710;1610;710;1658;583;1658;Station;AAAAAAA;undefined;OTHER;OTHER
invoice-1075.tiff;1;1;2480;3508;132029;721;1610;106;48;721;1610;827;1610;827;1658;721;1658;météo;AAAAA;undefined;OTHER;OTHER
invoice-1075.tiff;1;1;2480;3508;132030;837;1610;134;48;837;1610;971;1610;971;1658;837;1658;Oregon;AAAAAA;undefined;OTHER;OTHER
invoice-1075.tiff;1;1;2480;3508;132031;982;1610;164;48;982;1610;1146;1610;1146;1658;982;1658;Scientific;AAAAAAAAAA;undefined;OTHER;OTHER
invoice-1075.tiff;1;1;2480;3508;132032;1157;1610;87;48;1157;1610;1244;1610;1244;1658;1157;1658;BAR;AAA;undefined;OTHER;OTHER
invoice-1075.tiff;1;1;2480;3508;132033;1255;1610;62;48;1255;1610;1317;1610;1317;1658;1255;1658;208;NNN;undefined;OTHER;OTHER
invoice-1075.tiff;1;1;2480;3508;132036;1458;1610;93;48;1458;1610;1551;1610;1551;1658;1458;1658;49,99;NNSNN;undefined;OTHER;OTHER
invoice-1075.tiff;1;1;2480;3508;132037;1562;1610;20;48;1562;1610;1582;1610;1582;1658;1562;1658;$;S;undefined;OTHER;OTHER
invoice-1075.tiff;1;1;2480;3508;132038;1755;1610;114;48;1755;1610;1869;1610;1869;1658;1755;1658;20.0%;NNSNS;undefined;OTHER;OTHER
invoice-1075.tiff;1;1;2480;3508;132039;2031;1610;114;48;2031;1610;2145;1610;2145;1658;2031;1658;199,97;NNNSNN;undefined;OTHER;OTHER
invoice-1075.tiff;1;1;2480;3508;132040;2156;1610;20;48;2156;1610;2176;1610;2176;1658;2156;1658;$;S;undefined;OTHER;OTHER
invoice-1075.tiff;1;1;2480;3508;132034;583;1658;64;48;583;1658;647;1658;647;1706;583;1706;HG;AA;undefined;OTHER;OTHER
invoice-1075.tiff;1;1;2480;3508;132035;658;1658;101;48;658;1658;759;1658;759;1706;658;1706;Blanc;AAAAA;undefined;OTHER;OTHER
invoice-1075.tiff;1;1;2480;3508;132041;197;1748;20;48;197;1748;217;1748;217;1796;197;1796;2;N;undefined;OTHER;OTHER
invoice-1075.tiff;1;1;2480;3508;132042;427;1748;20;48;427;1748;447;1748;447;1796;427;1796;3;N;undefined;OTHER;OTHER
invoice-1075.tiff;1;1;2480;3508;132043;583;1748;99;48;583;1748;682;1748;682;1796;583;1796;Tapis;AAAAA;undefined;OTHER;OTHER
invoice-1075.tiff;1;1;2480;3508;132044;693;1748;245;48;693;1748;938;1748;938;1796;693;1796;d'acupression;ASAAAAAAAAAAA;undefined;OTHER;OTHER
invoice-1075.tiff;1;1;2480;3508;132045;949;1748;97;48;949;1748;1046;1748;1046;1796;949;1796;Sissel;AAAAAA;undefined;OTHER;OTHER
invoice-1075.tiff;1;1;2480;3508;132046;1056;1748;90;48;1056;1748;1146;1748;1146;1796;1056;1796;ACU;AAA;undefined;OTHER;OTHER
invoice-1075.tiff;1;1;2480;3508;132047;1157;1748;97;48;1157;1748;1254;1748;1254;1796;1157;1796;MAT;AAA;undefined;OTHER;OTHER
invoice-1075.tiff;1;1;2480;3508;132048;1458;1748;93;48;1458;1748;1551;1748;1551;1796;1458;1796;41,66;NNSNN;undefined;OTHER;OTHER
invoice-1075.tiff;1;1;2480;3508;132049;1562;1748;20;48;1562;1748;1582;1748;1582;1796;1562;1796;$;S;undefined;OTHER;OTHER
invoice-1075.tiff;1;1;2480;3508;132050;1755;1748;114;48;1755;1748;1869;1748;1869;1796;1755;1796;20.0%;NNSNS;undefined;OTHER;OTHER
invoice-1075.tiff;1;1;2480;3508;132051;2031;1748;114;48;2031;1748;2145;1748;2145;1796;2031;1796;124,97;NNNSNN;undefined;OTHER;OTHER
invoice-1075.tiff;1;1;2480;3508;132052;2156;1748;20;48;2156;1748;2176;1748;2176;1796;2156;1796;$;S;undefined;OTHER;OTHER
invoice-1075.tiff;1;1;2480;3508;132053;1924;1879;96;51;1924;1879;2020;1879;2020;1930;1924;1930;Total;AAAAA;undefined;OTHER;OTHER
invoice-1075.tiff;1;1;2480;3508;132054;2062;1879;114;46;2062;1879;2176;1879;2176;1925;2062;1925;324,94;NNNSNN;TWTX;TOTAL_WITHOUT_TAX;TWTXS
invoice-1075.tiff;1;1;2480;3508;132055;2187;1879;20;46;2187;1879;2207;1879;2207;1925;2187;1925;$;S;TWTX;TOTAL_WITHOUT_TAX;TWTXS
invoice-1075.tiff;1;1;2480;3508;132056;1869;1931;94;51;1869;1931;1963;1931;1963;1982;1869;1982;TVA;AAA;undefined;OTHER;OTHER
invoice-1075.tiff;1;1;2480;3508;132057;1975;1931;84;51;1975;1931;2059;1931;2059;1982;1975;1982;Rate;AAAA;undefined;OTHER;OTHER
invoice-1075.tiff;1;1;2480;3508;132058;2100;1931;107;46;2100;1931;2207;1931;2207;1977;2100;1977;20.0%;NNSNS;TXR;TAX_RATE;Tax Rate
invoice-1075.tiff;1;1;2480;3508;132059;1808;1982;71;51;1808;1982;1879;1982;1879;2033;1808;2033;Tax;AAA;undefined;OTHER;OTHER
invoice-1075.tiff;1;1;2480;3508;132060;1891;1982;150;51;1891;1982;2041;1982;2041;2033;1891;2033;Amount;AAAAAA;undefined;OTHER;OTHER
invoice-1075.tiff;1;1;2480;3508;132061;2083;1982;93;46;2083;1982;2176;1982;2176;2028;2083;2028;64,99;NNSNN;TTX;TOTAL_TAX;Total Tax
invoice-1075.tiff;1;1;2480;3508;132062;2187;1982;20;46;2187;1982;2207;1982;2207;2028;2187;2028;$;S;TTX;TOTAL_TAX;Total Tax
invoice-1075.tiff;1;1;2480;3508;132063;1745;2033;150;51;1745;2033;1895;2033;1895;2084;1745;2084;Amount;AAAAAA;undefined;OTHER;OTHER
invoice-1075.tiff;1;1;2480;3508;132064;1907;2033;35;51;1907;2033;1942;2033;1942;2084;1907;2084;to;AA;undefined;OTHER;OTHER
invoice-1075.tiff;1;1;2480;3508;132065;1954;2033;66;51;1954;2033;2020;2033;2020;2084;1954;2084;pay;AAA;undefined;OTHER;OTHER
invoice-1075.tiff;1;1;2480;3508;132066;2062;2033;114;46;2062;2033;2176;2033;2176;2079;2062;2079;389,93;NNNSNN;TA;TOTAL_AMOUNT;Total with TAX
invoice-1075.tiff;1;1;2480;3508;132067;2187;2033;20;46;2187;2033;2207;2033;2207;2079;2187;2079;$;S;TA;TOTAL_AMOUNT;Total with TAX
invoice-1075.tiff;1;1;2480;3508;132068;1015;3175;129;48;1015;3175;1144;3175;1144;3223;1015;3223;URMA;AAAA;SN;SUPPLIER_NAME;Seller/Company) name
invoice-1075.tiff;1;1;2480;3508;132069;1155;3175;203;48;1155;3175;1358;3175;1358;3223;1155;3223;BETHUNE;AAAAAAA;SN;SUPPLIER_NAME;Seller/Company) name
invoice-1075.tiff;1;1;2480;3508;132070;669;3223;62;45;669;3223;731;3223;731;3268;669;3268;223;NNN;SA;SUPPLIER_ADDRESS;Seller Address
invoice-1075.tiff;1;1;2480;3508;132071;742;3223;240;45;742;3223;982;3223;982;3268;742;3268;BOULEVARD;AAAAAAAAA;SA;SUPPLIER_ADDRESS;Seller Address
invoice-1075.tiff;1;1;2480;3508;132072;993;3223;159;45;993;3223;1152;3223;1152;3268;993;3268;VAUBAN;AAAAAA;SA;SUPPLIER_ADDRESS;Seller Address
invoice-1075.tiff;1;1;2480;3508;132073;1161;3223;13;45;1161;3223;1174;3223;1174;3268;1161;3268;-;S;SA;SUPPLIER_ADDRESS;Seller Address
invoice-1075.tiff;1;1;2480;3508;132074;1186;3223;104;45;1186;3223;1290;3223;1290;3268;1186;3268;62400;NNNNN;SA;SUPPLIER_ADDRESS;Seller Address
invoice-1075.tiff;1;1;2480;3508;132075;1309;3223;187;45;1309;3223;1496;3223;1496;3268;1309;3268;BETHUNE;AAAAAAA;SA;SUPPLIER_ADDRESS;Seller Address
invoice-1075.tiff;1;1;2480;3508;132076;1504;3223;13;45;1504;3223;1517;3223;1517;3268;1504;3268;-;S;SA;SUPPLIER_ADDRESS;Seller Address
invoice-1075.tiff;1;1;2480;3508;132077;1529;3223;157;45;1529;3223;1686;3223;1686;3268;1529;3268;FRANCE;AAAAAA;SA;SUPPLIER_ADDRESS;Seller Address
