src;num_pages;page_id;page_width;page_height;id;col;row;width;height;x1;y1;x2;y2;x3;y3;x4;y4;contents;contents_masked;correctclass;tag;description
invoice-1288.tiff;1;1;2480;3508;158138;124;62;313;175;124;62;437;62;437;237;124;237;common/logo;AAAAAASAAAA;img;IMAGE;Image
invoice-1288.tiff;1;1;2480;3508;158148;1541;258;99;57;1541;258;1640;258;1640;315;1541;315;Date;AAAA;undefined;OTHER;OTHER
invoice-1288.tiff;1;1;2480;3508;158149;1654;258;50;57;1654;258;1704;258;1704;315;1654;315;de;AA;undefined;OTHER;OTHER
invoice-1288.tiff;1;1;2480;3508;158150;1716;258;38;57;1716;258;1754;258;1754;315;1716;315;la;AA;undefined;OTHER;OTHER
invoice-1288.tiff;1;1;2480;3508;158151;1768;258;152;57;1768;258;1920;258;1920;315;1768;315;facture;AAAAAAA;undefined;OTHER;OTHER
invoice-1288.tiff;1;1;2480;3508;158152;1983;258;45;50;1983;258;2028;258;2028;308;1983;308;28;NN;IDATE;INVOICE_DATE;Invoice Date
invoice-1288.tiff;1;1;2480;3508;158153;2040;258;56;50;2040;258;2096;258;2096;308;2040;308;oct;AAA;IDATE;INVOICE_DATE;Invoice Date
invoice-1288.tiff;1;1;2480;3508;158154;2107;258;91;50;2107;258;2198;258;2198;308;2107;308;1984;NNNN;IDATE;INVOICE_DATE;Invoice Date
invoice-1288.tiff;1;1;2480;3508;158139;124;412;116;48;124;412;240;412;240;460;124;460;C.F.A.;ASASAS;SN;SUPPLIER_NAME;Seller/Company) name
invoice-1288.tiff;1;1;2480;3508;158140;133;460;104;45;133;460;237;460;237;505;133;505;02260;NNNNN;SA;SUPPLIER_ADDRESS;Seller Address
invoice-1288.tiff;1;1;2480;3508;158141;245;460;48;45;245;460;293;460;293;505;245;505;LA;AA;SA;SUPPLIER_ADDRESS;Seller Address
invoice-1288.tiff;1;1;2480;3508;158142;304;460;175;45;304;460;479;460;479;505;304;505;CAPELLE;AAAAAAA;SA;SUPPLIER_ADDRESS;Seller Address
invoice-1288.tiff;1;1;2480;3508;158143;489;460;157;45;489;460;646;460;646;505;489;505;FRANCE;AAAAAA;SA;SUPPLIER_ADDRESS;Seller Address
invoice-1288.tiff;1;1;2480;3508;158144;124;506;173;45;124;506;297;506;297;551;124;551;Téléphone;AAAAAAAAA;undefined;OTHER;OTHER
invoice-1288.tiff;1;1;2480;3508;158145;323;506;263;45;323;506;586;506;586;551;323;551;07-19-46-11-43;NNSNNSNNSNNSNN;SCN;SUPPLIER_CONTACT_NUMBER;Seller Contact Number
invoice-1288.tiff;1;1;2480;3508;158146;629;506;162;45;629;506;791;506;791;551;629;551;Télécopie;AAAAAAAAA;undefined;OTHER;OTHER
invoice-1288.tiff;1;1;2480;3508;158147;816;506;263;45;816;506;1079;506;1079;551;816;551;07-19-46-40-45;NNSNNSNNSNNSNN;SFAX;SUPPLIER_FAX_NUMBER;Seller Fax Number
invoice-1288.tiff;1;1;2480;3508;158161;1541;878;261;57;1541;878;1802;878;1802;935;1541;935;Destinataire;AAAAAAAAAAAA;undefined;OTHER;OTHER
invoice-1288.tiff;1;1;2480;3508;158162;1541;936;78;48;1541;936;1619;936;1619;984;1541;984;Prof;AAAA;BN;BILLING_NAME;Billing Name
invoice-1288.tiff;1;1;2480;3508;158163;1630;936;145;48;1630;936;1775;936;1775;984;1630;984;Baptiste;AAAAAAAA;BN;BILLING_NAME;Billing Name
invoice-1288.tiff;1;1;2480;3508;158164;1787;936;155;48;1787;936;1942;936;1942;984;1787;984;Leclercq;AAAAAAAA;BN;BILLING_NAME;Billing Name
invoice-1288.tiff;1;1;2480;3508;158165;1541;984;31;45;1541;984;1572;984;1572;1029;1541;1029;4,;NS;BA;BILLING_ADDRESS;Billing Address
invoice-1288.tiff;1;1;2480;3508;158166;1583;984;134;45;1583;984;1717;984;1717;1029;1583;1029;impasse;AAAAAAA;BA;BILLING_ADDRESS;Billing Address
invoice-1288.tiff;1;1;2480;3508;158167;1728;984;39;45;1728;984;1767;984;1767;1029;1728;1029;de;AA;BA;BILLING_ADDRESS;Billing Address
invoice-1288.tiff;1;1;2480;3508;158168;1777;984;99;45;1777;984;1876;984;1876;1029;1777;1029;fumée;AAAAA;BA;BILLING_ADDRESS;Billing Address
invoice-1288.tiff;1;1;2480;3508;158169;1541;1030;104;45;1541;1030;1645;1030;1645;1075;1541;1075;21140;NNNNN;BA;BILLING_ADDRESS;Billing Address
invoice-1288.tiff;1;1;2480;3508;158170;1687;1030;74;45;1687;1030;1761;1030;1761;1075;1687;1075;Flée;AAAA;BA;BILLING_ADDRESS;Billing Address
invoice-1288.tiff;1;1;2480;3508;158155;124;1069;221;52;124;1069;345;1069;345;1121;124;1121;FACTURE;AAAAAAA;undefined;OTHER;OTHER
invoice-1288.tiff;1;1;2480;3508;158156;357;1069;56;52;357;1069;413;1069;413;1121;357;1121;No;AA;undefined;OTHER;OTHER
invoice-1288.tiff;1;1;2480;3508;158157;750;1069;298;46;750;1069;1048;1069;1048;1115;750;1115;689-87925-10065;NNNSNNNNNSNNNNN;IN;INVOICE_NUMBER;Invoice Number
invoice-1288.tiff;1;1;2480;3508;158171;1541;1076;120;45;1541;1076;1661;1076;1661;1121;1541;1121;France;AAAAAA;BA;BILLING_ADDRESS;Billing Address
invoice-1288.tiff;1;1;2480;3508;158158;124;1142;285;52;124;1142;409;1142;409;1194;124;1194;COMMANDE;AAAAAAAA;undefined;OTHER;OTHER
invoice-1288.tiff;1;1;2480;3508;158159;421;1142;56;52;421;1142;477;1142;477;1194;421;1194;No;AA;undefined;OTHER;OTHER
invoice-1288.tiff;1;1;2480;3508;158160;750;1142;138;46;750;1142;888;1142;888;1188;750;1188;951-165;NNNSNNN;ONUM;ORDER_NUMBER;Order Number
invoice-1288.tiff;1;1;2480;3508;158172;1541;1163;205;57;1541;1163;1746;1163;1746;1220;1541;1220;Livraison;AAAAAAAAA;undefined;OTHER;OTHER
invoice-1288.tiff;1;1;2480;3508;158173;1759;1163;25;57;1759;1163;1784;1163;1784;1220;1759;1220;à;A;undefined;OTHER;OTHER
invoice-1288.tiff;1;1;2480;3508;158174;1541;1221;78;48;1541;1221;1619;1221;1619;1269;1541;1269;Prof;AAAA;SHN;SHIPPING_NAME;Shipping Name
invoice-1288.tiff;1;1;2480;3508;158175;1630;1221;145;48;1630;1221;1775;1221;1775;1269;1630;1269;Baptiste;AAAAAAAA;SHN;SHIPPING_NAME;Shipping Name
invoice-1288.tiff;1;1;2480;3508;158176;1787;1221;155;48;1787;1221;1942;1221;1942;1269;1787;1269;Leclercq;AAAAAAAA;SHN;SHIPPING_NAME;Shipping Name
invoice-1288.tiff;1;1;2480;3508;158177;1541;1269;31;45;1541;1269;1572;1269;1572;1314;1541;1314;1,;NS;SHA;SHIPPING_ADDRESS;Shipping Address
invoice-1288.tiff;1;1;2480;3508;158178;1583;1269;55;45;1583;1269;1638;1269;1638;1314;1583;1314;rue;AAA;SHA;SHIPPING_ADDRESS;Shipping Address
invoice-1288.tiff;1;1;2480;3508;158179;1649;1269;55;45;1649;1269;1704;1269;1704;1314;1649;1314;des;AAA;SHA;SHIPPING_ADDRESS;Shipping Address
invoice-1288.tiff;1;1;2480;3508;158180;1715;1269;208;45;1715;1269;1923;1269;1923;1314;1715;1314;châtaigniers;AAAAAAAAAAAA;SHA;SHIPPING_ADDRESS;Shipping Address
invoice-1288.tiff;1;1;2480;3508;158181;1541;1315;104;45;1541;1315;1645;1315;1645;1360;1541;1360;67550;NNNNN;SHA;SHIPPING_ADDRESS;Shipping Address
invoice-1288.tiff;1;1;2480;3508;158182;1687;1315;205;45;1687;1315;1892;1315;1892;1360;1687;1360;Vendenheim;AAAAAAAAAA;SHA;SHIPPING_ADDRESS;Shipping Address
invoice-1288.tiff;1;1;2480;3508;158183;1541;1360;120;45;1541;1360;1661;1360;1661;1405;1541;1405;France;AAAAAA;SHA;SHIPPING_ADDRESS;Shipping Address
invoice-1288.tiff;1;1;2480;3508;158184;161;1684;92;52;161;1684;253;1684;253;1736;161;1736;Non.;AAAS;undefined;OTHER;OTHER
invoice-1288.tiff;1;1;2480;3508;158185;571;1684;231;52;571;1684;802;1684;802;1736;571;1736;Désignation;AAAAAAAAAAA;undefined;OTHER;OTHER
invoice-1288.tiff;1;1;2480;3508;158186;1193;1684;71;52;1193;1684;1264;1684;1264;1736;1193;1736;Qté;AAA;undefined;OTHER;OTHER
invoice-1288.tiff;1;1;2480;3508;158187;1490;1684;61;52;1490;1684;1551;1684;1551;1736;1490;1736;UP;AA;undefined;OTHER;OTHER
invoice-1288.tiff;1;1;2480;3508;158188;1764;1684;96;52;1764;1684;1860;1684;1860;1736;1764;1736;TVA;AAA;undefined;OTHER;OTHER
invoice-1288.tiff;1;1;2480;3508;158189;1968;1684;170;52;1968;1684;2138;1684;2138;1736;1968;1736;Montant;AAAAAAA;undefined;OTHER;OTHER
invoice-1288.tiff;1;1;2480;3508;158190;2150;1684;89;52;2150;1684;2239;1684;2239;1736;2150;1736;H.T.;ASAS;undefined;OTHER;OTHER
invoice-1288.tiff;1;1;2480;3508;158191;197;1758;20;48;197;1758;217;1758;217;1806;197;1806;1;N;undefined;OTHER;OTHER
invoice-1288.tiff;1;1;2480;3508;158192;291;1758;155;48;291;1758;446;1758;446;1806;291;1806;Lunettes;AAAAAAAA;undefined;OTHER;OTHER
invoice-1288.tiff;1;1;2480;3508;158193;457;1758;50;48;457;1758;507;1758;507;1806;457;1806;3D;NA;undefined;OTHER;OTHER
invoice-1288.tiff;1;1;2480;3508;158194;518;1758;282;48;518;1758;800;1758;800;1806;518;1806;vidéoprojecteur;AAAAAAAAAAAAAAA;undefined;OTHER;OTHER
invoice-1288.tiff;1;1;2480;3508;158195;811;1758;180;48;811;1758;991;1758;991;1806;811;1806;Viewsonic;AAAAAAAAA;undefined;OTHER;OTHER
invoice-1288.tiff;1;1;2480;3508;158197;1218;1758;20;48;1218;1758;1238;1758;1238;1806;1218;1806;2;N;undefined;OTHER;OTHER
invoice-1288.tiff;1;1;2480;3508;158198;1458;1758;93;48;1458;1758;1551;1758;1551;1806;1458;1806;74,17;NNSNN;undefined;OTHER;OTHER
invoice-1288.tiff;1;1;2480;3508;158199;1562;1758;20;48;1562;1758;1582;1758;1582;1806;1562;1806;$;S;undefined;OTHER;OTHER
invoice-1288.tiff;1;1;2480;3508;158200;1755;1758;114;48;1755;1758;1869;1758;1869;1806;1755;1806;20.0%;NNSNS;undefined;OTHER;OTHER
invoice-1288.tiff;1;1;2480;3508;158201;2031;1758;114;48;2031;1758;2145;1758;2145;1806;2031;1806;148,33;NNNSNN;undefined;OTHER;OTHER
invoice-1288.tiff;1;1;2480;3508;158202;2156;1758;20;48;2156;1758;2176;1758;2176;1806;2156;1806;$;S;undefined;OTHER;OTHER
invoice-1288.tiff;1;1;2480;3508;158196;291;1806;164;48;291;1806;455;1806;455;1854;291;1854;PGD-350;AAASNNN;undefined;OTHER;OTHER
invoice-1288.tiff;1;1;2480;3508;158203;197;1895;20;48;197;1895;217;1895;217;1943;197;1943;2;N;undefined;OTHER;OTHER
invoice-1288.tiff;1;1;2480;3508;158204;291;1895;131;48;291;1895;422;1895;422;1943;291;1943;Casque;AAAAAA;undefined;OTHER;OTHER
invoice-1288.tiff;1;1;2480;3508;158205;434;1895;57;48;434;1895;491;1895;491;1943;434;1943;TV;AA;undefined;OTHER;OTHER
invoice-1288.tiff;1;1;2480;3508;158206;502;1895;161;48;502;1895;663;1895;663;1943;502;1943;Geemarc;AAAAAAA;undefined;OTHER;OTHER
invoice-1288.tiff;1;1;2480;3508;158207;674;1895;131;48;674;1895;805;1895;805;1943;674;1943;Casque;AAAAAA;undefined;OTHER;OTHER
invoice-1288.tiff;1;1;2480;3508;158208;817;1895;57;48;817;1895;874;1895;874;1943;817;1943;TV;AA;undefined;OTHER;OTHER
invoice-1288.tiff;1;1;2480;3508;158209;885;1895;76;48;885;1895;961;1895;961;1943;885;1943;sans;AAAA;undefined;OTHER;OTHER
invoice-1288.tiff;1;1;2480;3508;158210;972;1895;37;48;972;1895;1009;1895;1009;1943;972;1943;fil;AAA;undefined;OTHER;OTHER
invoice-1288.tiff;1;1;2480;3508;158214;1218;1895;20;48;1218;1895;1238;1895;1238;1943;1218;1943;1;N;undefined;OTHER;OTHER
invoice-1288.tiff;1;1;2480;3508;158215;1447;1895;114;48;1447;1895;1561;1895;1561;1943;1447;1943;160,67;NNNSNN;undefined;OTHER;OTHER
invoice-1288.tiff;1;1;2480;3508;158216;1572;1895;20;48;1572;1895;1592;1895;1592;1943;1572;1943;$;S;undefined;OTHER;OTHER
invoice-1288.tiff;1;1;2480;3508;158217;1755;1895;114;48;1755;1895;1869;1895;1869;1943;1755;1943;20.0%;NNSNS;undefined;OTHER;OTHER
invoice-1288.tiff;1;1;2480;3508;158218;2031;1895;114;48;2031;1895;2145;1895;2145;1943;2031;1943;160,67;NNNSNN;undefined;OTHER;OTHER
invoice-1288.tiff;1;1;2480;3508;158219;2156;1895;20;48;2156;1895;2176;1895;2176;1943;2156;1943;$;S;undefined;OTHER;OTHER
invoice-1288.tiff;1;1;2480;3508;158211;291;1943;78;48;291;1943;369;1943;369;1991;291;1991;avec;AAAA;undefined;OTHER;OTHER
invoice-1288.tiff;1;1;2480;3508;158212;380;1943;111;48;380;1943;491;1943;491;1991;380;1991;entrée;AAAAAA;undefined;OTHER;OTHER
invoice-1288.tiff;1;1;2480;3508;158213;502;1943;144;48;502;1943;646;1943;646;1991;502;1991;optique,;AAAAAAAS;undefined;OTHER;OTHER
invoice-1288.tiff;1;1;2480;3508;158220;1479;2075;150;51;1479;2075;1629;2075;1629;2126;1479;2126;TOTAL;AAAAA;undefined;OTHER;OTHER
invoice-1288.tiff;1;1;2480;3508;158221;1641;2075;168;51;1641;2075;1809;2075;1809;2126;1641;2126;REMISE;AAAAAA;undefined;OTHER;OTHER
invoice-1288.tiff;1;1;2480;3508;158222;1821;2075;262;51;1821;2075;2083;2075;2083;2126;1821;2126;IMMEDIATE;AAAAAAAAA;undefined;OTHER;OTHER
invoice-1288.tiff;1;1;2480;3508;158223;2104;2075;72;46;2104;2075;2176;2075;2176;2121;2104;2121;0,00;NSNN;undefined;OTHER;OTHER
invoice-1288.tiff;1;1;2480;3508;158224;2187;2075;20;46;2187;2075;2207;2075;2207;2121;2187;2121;$;S;undefined;OTHER;OTHER
invoice-1288.tiff;1;1;2480;3508;158225;1770;2126;155;51;1770;2126;1925;2126;1925;2177;1770;2177;Montant;AAAAAAA;undefined;OTHER;OTHER
invoice-1288.tiff;1;1;2480;3508;158226;1936;2126;84;51;1936;2126;2020;2126;2020;2177;1936;2177;H.T.;ASAS;undefined;OTHER;OTHER
invoice-1288.tiff;1;1;2480;3508;158227;2062;2126;114;46;2062;2126;2176;2126;2176;2172;2062;2172;309,00;NNNSNN;TWTX;TOTAL_WITHOUT_TAX;TWTXS
invoice-1288.tiff;1;1;2480;3508;158228;2187;2126;20;46;2187;2126;2207;2126;2207;2172;2187;2172;$;S;TWTX;TOTAL_WITHOUT_TAX;TWTXS
invoice-1288.tiff;1;1;2480;3508;158229;1780;2177;155;51;1780;2177;1935;2177;1935;2228;1780;2228;Montant;AAAAAAA;undefined;OTHER;OTHER
invoice-1288.tiff;1;1;2480;3508;158230;1947;2177;94;51;1947;2177;2041;2177;2041;2228;1947;2228;TVA;AAA;undefined;OTHER;OTHER
invoice-1288.tiff;1;1;2480;3508;158231;2083;2177;93;46;2083;2177;2176;2177;2176;2223;2083;2223;61,80;NNSNN;TTX;TOTAL_TAX;Total Tax
invoice-1288.tiff;1;1;2480;3508;158232;2187;2177;20;46;2187;2177;2207;2177;2207;2223;2187;2223;$;S;TTX;TOTAL_TAX;Total Tax
invoice-1288.tiff;1;1;2480;3508;158233;1767;2228;155;51;1767;2228;1922;2228;1922;2279;1767;2279;Montant;AAAAAAA;undefined;OTHER;OTHER
invoice-1288.tiff;1;1;2480;3508;158234;1934;2228;86;51;1934;2228;2020;2228;2020;2279;1934;2279;TTC;AAA;undefined;OTHER;OTHER
invoice-1288.tiff;1;1;2480;3508;158235;2062;2228;114;46;2062;2228;2176;2228;2176;2274;2062;2274;370,80;NNNSNN;TA;TOTAL_AMOUNT;Total with TAX
invoice-1288.tiff;1;1;2480;3508;158236;2187;2228;20;46;2187;2228;2207;2228;2207;2274;2187;2274;$;S;TA;TOTAL_AMOUNT;Total with TAX
invoice-1288.tiff;1;1;2480;3508;158237;1541;2608;99;52;1541;2608;1640;2608;1640;2660;1541;2660;Type;AAAA;undefined;OTHER;OTHER
invoice-1288.tiff;1;1;2480;3508;158238;1652;2608;45;52;1652;2608;1697;2608;1697;2660;1652;2660;de;AA;undefined;OTHER;OTHER
invoice-1288.tiff;1;1;2480;3508;158239;1709;2608;180;52;1709;2608;1889;2608;1889;2660;1709;2660;paiement;AAAAAAAA;undefined;OTHER;OTHER
invoice-1288.tiff;1;1;2480;3508;158240;2166;2608;113;46;2166;2608;2279;2608;2279;2654;2166;2654;Paypal;AAAAAA;PMODE;PAYMENT_MODE;Payment Mode
invoice-1288.tiff;1;1;2480;3508;158241;1129;3175;116;48;1129;3175;1245;3175;1245;3223;1129;3223;C.F.A.;ASASAS;SN;SUPPLIER_NAME;Seller/Company) name
invoice-1288.tiff;1;1;2480;3508;158242;930;3223;104;45;930;3223;1034;3223;1034;3268;930;3268;02260;NNNNN;SA;SUPPLIER_ADDRESS;Seller Address
invoice-1288.tiff;1;1;2480;3508;158243;1043;3223;48;45;1043;3223;1091;3223;1091;3268;1043;3268;LA;AA;SA;SUPPLIER_ADDRESS;Seller Address
invoice-1288.tiff;1;1;2480;3508;158244;1102;3223;175;45;1102;3223;1277;3223;1277;3268;1102;3268;CAPELLE;AAAAAAA;SA;SUPPLIER_ADDRESS;Seller Address
invoice-1288.tiff;1;1;2480;3508;158245;1286;3223;157;45;1286;3223;1443;3223;1443;3268;1286;3268;FRANCE;AAAAAA;SA;SUPPLIER_ADDRESS;Seller Address
