src;num_pages;page_id;page_width;page_height;id;col;row;width;height;x1;y1;x2;y2;x3;y3;x4;y4;contents;contents_masked;correctclass;tag;description
invoice-261.tiff;1;1;2480;3508;32561;1541;62;175;175;1541;62;1716;62;1716;237;1541;237;common/logo;AAAAAASAAAA;img;IMAGE;Image
invoice-261.tiff;1;1;2480;3508;32540;124;237;319;48;124;237;443;237;443;285;124;285;MULTI-TOUCH';AAAAASAAAAAS;SN;SUPPLIER_NAME;Seller/Company) name
invoice-261.tiff;1;1;2480;3508;32549;833;237;106;45;833;237;939;237;939;282;833;282;Phone;AAAAA;undefined;OTHER;OTHER
invoice-261.tiff;1;1;2480;3508;32550;1002;237;69;45;1002;237;1071;237;1071;282;1002;282;+33;SNN;SCN;SUPPLIER_CONTACT_NUMBER;Seller Contact Number
invoice-261.tiff;1;1;2480;3508;32551;1082;237;20;45;1082;237;1102;237;1102;282;1082;282;0;N;SCN;SUPPLIER_CONTACT_NUMBER;Seller Contact Number
invoice-261.tiff;1;1;2480;3508;32552;1113;237;62;45;1113;237;1175;237;1175;282;1113;282;583;NNN;SCN;SUPPLIER_CONTACT_NUMBER;Seller Contact Number
invoice-261.tiff;1;1;2480;3508;32553;1186;237;62;45;1186;237;1248;237;1248;282;1186;282;827;NNN;SCN;SUPPLIER_CONTACT_NUMBER;Seller Contact Number
invoice-261.tiff;1;1;2480;3508;32554;1259;237;62;45;1259;237;1321;237;1321;282;1259;282;337;NNN;SCN;SUPPLIER_CONTACT_NUMBER;Seller Contact Number
invoice-261.tiff;1;1;2480;3508;32555;833;283;64;45;833;283;897;283;897;328;833;328;Fax;AAA;undefined;OTHER;OTHER
invoice-261.tiff;1;1;2480;3508;32556;960;283;69;45;960;283;1029;283;1029;328;960;328;+33;SNN;SFAX;SUPPLIER_FAX_NUMBER;Seller Fax Number
invoice-261.tiff;1;1;2480;3508;32557;1040;283;20;45;1040;283;1060;283;1060;328;1040;328;0;N;SFAX;SUPPLIER_FAX_NUMBER;Seller Fax Number
invoice-261.tiff;1;1;2480;3508;32558;1072;283;62;45;1072;283;1134;283;1134;328;1072;328;583;NNN;SFAX;SUPPLIER_FAX_NUMBER;Seller Fax Number
invoice-261.tiff;1;1;2480;3508;32559;1144;283;62;45;1144;283;1206;283;1206;328;1144;328;827;NNN;SFAX;SUPPLIER_FAX_NUMBER;Seller Fax Number
invoice-261.tiff;1;1;2480;3508;32560;1217;283;62;45;1217;283;1279;283;1279;328;1217;328;138;NNN;SFAX;SUPPLIER_FAX_NUMBER;Seller Fax Number
invoice-261.tiff;1;1;2480;3508;32541;124;285;83;45;124;285;207;285;207;330;124;330;2207;NNNN;SA;SUPPLIER_ADDRESS;Seller Address
invoice-261.tiff;1;1;2480;3508;32542;218;285;134;45;218;285;352;285;352;330;218;330;ROUTE;AAAAA;SA;SUPPLIER_ADDRESS;Seller Address
invoice-261.tiff;1;1;2480;3508;32543;363;285;55;45;363;285;418;285;418;330;363;330;DE;AA;SA;SUPPLIER_ADDRESS;Seller Address
invoice-261.tiff;1;1;2480;3508;32544;429;285;122;45;429;285;551;285;551;330;429;330;NIMES;AAAAA;SA;SUPPLIER_ADDRESS;Seller Address
invoice-261.tiff;1;1;2480;3508;32545;124;331;104;45;124;331;228;331;228;376;124;376;30800;NNNNN;SA;SUPPLIER_ADDRESS;Seller Address
invoice-261.tiff;1;1;2480;3508;32546;270;331;111;45;270;331;381;331;381;376;270;376;SAINT;AAAAA;SA;SUPPLIER_ADDRESS;Seller Address
invoice-261.tiff;1;1;2480;3508;32547;392;331;136;45;392;331;528;331;528;376;392;376;GILLES;AAAAAA;SA;SUPPLIER_ADDRESS;Seller Address
invoice-261.tiff;1;1;2480;3508;32548;124;377;157;45;124;377;281;377;281;422;124;422;FRANCE;AAAAAA;SA;SUPPLIER_ADDRESS;Seller Address
invoice-261.tiff;1;1;2480;3508;32576;1541;749;125;57;1541;749;1666;749;1666;806;1541;806;Billed;AAAAAA;undefined;OTHER;OTHER
invoice-261.tiff;1;1;2480;3508;32577;1679;749;58;57;1679;749;1737;749;1737;806;1679;806;To;AA;undefined;OTHER;OTHER
invoice-261.tiff;1;1;2480;3508;32578;1541;807;138;48;1541;807;1679;807;1679;855;1541;855;Chesley;AAAAAAA;BN;BILLING_NAME;Billing Name
invoice-261.tiff;1;1;2480;3508;32579;1690;807;118;48;1690;807;1808;807;1808;855;1690;855;Hoppe;AAAAA;BN;BILLING_NAME;Billing Name
invoice-261.tiff;1;1;2480;3508;32580;1541;855;52;45;1541;855;1593;855;1593;900;1541;900;30,;NNS;BA;BILLING_ADDRESS;Billing Address
invoice-261.tiff;1;1;2480;3508;32581;1604;855;81;45;1604;855;1685;855;1685;900;1604;900;allée;AAAAA;BA;BILLING_ADDRESS;Billing Address
invoice-261.tiff;1;1;2480;3508;32582;1695;855;41;45;1695;855;1736;855;1736;900;1695;900;du;AA;BA;BILLING_ADDRESS;Billing Address
invoice-261.tiff;1;1;2480;3508;32583;1747;855;74;45;1747;855;1821;855;1821;900;1747;900;petit;AAAAA;BA;BILLING_ADDRESS;Billing Address
invoice-261.tiff;1;1;2480;3508;32584;1832;855;76;45;1832;855;1908;855;1908;900;1832;900;parc;AAAA;BA;BILLING_ADDRESS;Billing Address
invoice-261.tiff;1;1;2480;3508;32562;124;866;142;52;124;866;266;866;266;918;124;918;Invoice;AAAAAAA;undefined;OTHER;OTHER
invoice-261.tiff;1;1;2480;3508;32563;279;866;162;52;279;866;441;866;441;918;279;918;Number;AAAAAA;undefined;OTHER;OTHER
invoice-261.tiff;1;1;2480;3508;32564;750;866;171;46;750;866;921;866;921;912;750;912;INV-9297;AAASNNNN;IN;INVOICE_NUMBER;Invoice Number
invoice-261.tiff;1;1;2480;3508;32585;1541;901;104;45;1541;901;1645;901;1645;946;1541;946;33210;NNNNN;BA;BILLING_ADDRESS;Billing Address
invoice-261.tiff;1;1;2480;3508;32586;1687;901;155;45;1687;901;1842;901;1842;946;1687;946;Toulenne;AAAAAAAA;BA;BILLING_ADDRESS;Billing Address
invoice-261.tiff;1;1;2480;3508;32565;124;939;91;52;124;939;215;939;215;991;124;991;Date;AAAA;undefined;OTHER;OTHER
invoice-261.tiff;1;1;2480;3508;32566;750;939;62;46;750;939;812;939;812;985;750;985;nov;AAA;IDATE;INVOICE_DATE;Invoice Date
invoice-261.tiff;1;1;2480;3508;32567;822;939;31;46;822;939;853;939;853;985;822;985;2,;NS;IDATE;INVOICE_DATE;Invoice Date
invoice-261.tiff;1;1;2480;3508;32568;864;939;83;46;864;939;947;939;947;985;864;985;2005;NNNN;IDATE;INVOICE_DATE;Invoice Date
invoice-261.tiff;1;1;2480;3508;32587;1541;946;120;45;1541;946;1661;946;1661;991;1541;991;France;AAAAAA;BA;BILLING_ADDRESS;Billing Address
invoice-261.tiff;1;1;2480;3508;32569;124;1013;119;52;124;1013;243;1013;243;1065;124;1065;Client;AAAAAA;undefined;OTHER;OTHER
invoice-261.tiff;1;1;2480;3508;32570;256;1013;162;52;256;1013;418;1013;418;1065;256;1065;Number;AAAAAA;undefined;OTHER;OTHER
invoice-261.tiff;1;1;2480;3508;32571;750;1013;150;46;750;1013;900;1013;900;1059;750;1059;CL-4986;AASNNNN;CNUM;CLIENT_NUMBER;Client Number
invoice-261.tiff;1;1;2480;3508;32588;1541;1034;175;57;1541;1034;1716;1034;1716;1091;1541;1091;Shipped;AAAAAAA;undefined;OTHER;OTHER
invoice-261.tiff;1;1;2480;3508;32589;1729;1034;58;57;1729;1034;1787;1034;1787;1091;1729;1091;To;AA;undefined;OTHER;OTHER
invoice-261.tiff;1;1;2480;3508;32572;124;1087;173;52;124;1087;297;1087;297;1139;124;1139;Payment;AAAAAAA;undefined;OTHER;OTHER
invoice-261.tiff;1;1;2480;3508;32573;309;1087;124;52;309;1087;433;1087;433;1139;309;1139;means;AAAAA;undefined;OTHER;OTHER
invoice-261.tiff;1;1;2480;3508;32574;750;1087;87;46;750;1087;837;1087;837;1133;750;1133;Bank;AAAA;PMODE;PAYMENT_MODE;Payment Mode
invoice-261.tiff;1;1;2480;3508;32575;848;1087;141;46;848;1087;989;1087;989;1133;848;1133;Transfer;AAAAAAAA;PMODE;PAYMENT_MODE;Payment Mode
invoice-261.tiff;1;1;2480;3508;32590;1541;1092;138;48;1541;1092;1679;1092;1679;1140;1541;1140;Chesley;AAAAAAA;SHN;SHIPPING_NAME;Shipping Name
invoice-261.tiff;1;1;2480;3508;32591;1690;1092;118;48;1690;1092;1808;1092;1808;1140;1690;1140;Hoppe;AAAAA;SHN;SHIPPING_NAME;Shipping Name
invoice-261.tiff;1;1;2480;3508;32592;1541;1140;52;45;1541;1140;1593;1140;1593;1185;1541;1185;30,;NNS;SHA;SHIPPING_ADDRESS;Shipping Address
invoice-261.tiff;1;1;2480;3508;32593;1604;1140;81;45;1604;1140;1685;1140;1685;1185;1604;1185;allée;AAAAA;SHA;SHIPPING_ADDRESS;Shipping Address
invoice-261.tiff;1;1;2480;3508;32594;1695;1140;41;45;1695;1140;1736;1140;1736;1185;1695;1185;du;AA;SHA;SHIPPING_ADDRESS;Shipping Address
invoice-261.tiff;1;1;2480;3508;32595;1747;1140;74;45;1747;1140;1821;1140;1821;1185;1747;1185;petit;AAAAA;SHA;SHIPPING_ADDRESS;Shipping Address
invoice-261.tiff;1;1;2480;3508;32596;1832;1140;76;45;1832;1140;1908;1140;1908;1185;1832;1185;parc;AAAA;SHA;SHIPPING_ADDRESS;Shipping Address
invoice-261.tiff;1;1;2480;3508;32597;1541;1185;104;45;1541;1185;1645;1185;1645;1230;1541;1230;33210;NNNNN;SHA;SHIPPING_ADDRESS;Shipping Address
invoice-261.tiff;1;1;2480;3508;32598;1687;1185;155;45;1687;1185;1842;1185;1842;1230;1687;1230;Toulenne;AAAAAAAA;SHA;SHIPPING_ADDRESS;Shipping Address
invoice-261.tiff;1;1;2480;3508;32599;1541;1231;120;45;1541;1231;1661;1231;1661;1276;1541;1276;France;AAAAAA;SHA;SHIPPING_ADDRESS;Shipping Address
invoice-261.tiff;1;1;2480;3508;32600;156;1555;104;52;156;1555;260;1555;260;1607;156;1607;S.No.;ASAAS;undefined;OTHER;OTHER
invoice-261.tiff;1;1;2480;3508;32601;349;1555;175;52;349;1555;524;1555;524;1607;349;1607;Quantity;AAAAAAAA;undefined;OTHER;OTHER
invoice-261.tiff;1;1;2480;3508;32602;781;1555;157;52;781;1555;938;1555;938;1607;781;1607;Product;AAAAAAA;undefined;OTHER;OTHER
invoice-261.tiff;1;1;2480;3508;32603;950;1555;226;52;950;1555;1176;1555;1176;1607;950;1607;Description;AAAAAAAAAAA;undefined;OTHER;OTHER
invoice-261.tiff;1;1;2480;3508;32604;1420;1555;86;52;1420;1555;1506;1555;1506;1607;1420;1607;Unit;AAAA;undefined;OTHER;OTHER
invoice-261.tiff;1;1;2480;3508;32605;1518;1555;101;52;1518;1555;1619;1555;1619;1607;1518;1607;Price;AAAAA;undefined;OTHER;OTHER
invoice-261.tiff;1;1;2480;3508;32606;1712;1555;96;52;1712;1555;1808;1555;1808;1607;1712;1607;TVA;AAA;undefined;OTHER;OTHER
invoice-261.tiff;1;1;2480;3508;32607;1820;1555;91;52;1820;1555;1911;1555;1911;1607;1820;1607;Rate;AAAA;undefined;OTHER;OTHER
invoice-261.tiff;1;1;2480;3508;32608;2051;1555;104;52;2051;1555;2155;1555;2155;1607;2051;1607;Total;AAAAA;undefined;OTHER;OTHER
invoice-261.tiff;1;1;2480;3508;32609;197;1628;20;48;197;1628;217;1628;217;1676;197;1676;1;N;undefined;OTHER;OTHER
invoice-261.tiff;1;1;2480;3508;32610;427;1628;20;48;427;1628;447;1628;447;1676;427;1676;1;N;undefined;OTHER;OTHER
invoice-261.tiff;1;1;2480;3508;32611;583;1628;108;48;583;1628;691;1628;691;1676;583;1676;Robot;AAAAA;undefined;OTHER;OTHER
invoice-261.tiff;1;1;2480;3508;32612;702;1628;150;48;702;1628;852;1628;852;1676;702;1676;pâtissier;AAAAAAAAA;undefined;OTHER;OTHER
invoice-261.tiff;1;1;2480;3508;32613;863;1628;196;48;863;1628;1059;1628;1059;1676;863;1676;Kitchenaid;AAAAAAAAAA;undefined;OTHER;OTHER
invoice-261.tiff;1;1;2480;3508;32618;1416;1628;114;48;1416;1628;1530;1628;1530;1676;1416;1676;624,17;NNNSNN;undefined;OTHER;OTHER
invoice-261.tiff;1;1;2480;3508;32619;1541;1628;83;48;1541;1628;1624;1628;1624;1676;1541;1676;USD;AAA;undefined;OTHER;OTHER
invoice-261.tiff;1;1;2480;3508;32620;1755;1628;114;48;1755;1628;1869;1628;1869;1676;1755;1676;20.0%;NNSNS;undefined;OTHER;OTHER
invoice-261.tiff;1;1;2480;3508;32621;1999;1628;114;48;1999;1628;2113;1628;2113;1676;1999;1676;624,17;NNNSNN;undefined;OTHER;OTHER
invoice-261.tiff;1;1;2480;3508;32622;2125;1628;83;48;2125;1628;2208;1628;2208;1676;2125;1676;USD;AAA;undefined;OTHER;OTHER
invoice-261.tiff;1;1;2480;3508;32614;583;1676;319;48;583;1676;902;1676;902;1724;583;1724;5KSM7580XEMS;NAAANNNNAAAA;undefined;OTHER;OTHER
invoice-261.tiff;1;1;2480;3508;32615;913;1676;101;48;913;1676;1014;1676;1014;1724;913;1724;GRIS;AAAA;undefined;OTHER;OTHER
invoice-261.tiff;1;1;2480;3508;32616;1025;1676;131;48;1025;1676;1156;1676;1156;1724;1025;1724;ETAIN;AAAAA;undefined;OTHER;OTHER
invoice-261.tiff;1;1;2480;3508;32617;1167;1676;187;48;1167;1676;1354;1676;1354;1724;1167;1724;ARTISAN;AAAAAAA;undefined;OTHER;OTHER
invoice-261.tiff;1;1;2480;3508;32623;197;1766;20;48;197;1766;217;1766;217;1814;197;1814;2;N;undefined;OTHER;OTHER
invoice-261.tiff;1;1;2480;3508;32624;427;1766;20;48;427;1766;447;1766;447;1814;427;1814;1;N;undefined;OTHER;OTHER
invoice-261.tiff;1;1;2480;3508;32625;1437;1766;72;48;1437;1766;1509;1766;1509;1814;1437;1814;0,00;NSNN;undefined;OTHER;OTHER
invoice-261.tiff;1;1;2480;3508;32626;1520;1766;83;48;1520;1766;1603;1766;1603;1814;1520;1814;USD;AAA;undefined;OTHER;OTHER
invoice-261.tiff;1;1;2480;3508;32627;1755;1766;114;48;1755;1766;1869;1766;1869;1814;1755;1814;20.0%;NNSNS;undefined;OTHER;OTHER
invoice-261.tiff;1;1;2480;3508;32628;2020;1766;72;48;2020;1766;2092;1766;2092;1814;2020;1814;0,00;NSNN;undefined;OTHER;OTHER
invoice-261.tiff;1;1;2480;3508;32629;2104;1766;83;48;2104;1766;2187;1766;2187;1814;2104;1814;USD;AAA;undefined;OTHER;OTHER
invoice-261.tiff;1;1;2480;3508;32630;197;1856;20;48;197;1856;217;1856;217;1904;197;1904;3;N;undefined;OTHER;OTHER
invoice-261.tiff;1;1;2480;3508;32631;427;1856;20;48;427;1856;447;1856;447;1904;427;1904;3;N;undefined;OTHER;OTHER
invoice-261.tiff;1;1;2480;3508;32632;583;1856;152;48;583;1856;735;1856;735;1904;583;1904;Masseur;AAAAAAA;undefined;OTHER;OTHER
invoice-261.tiff;1;1;2480;3508;32633;746;1856;92;48;746;1856;838;1856;838;1904;746;1904;pieds;AAAAA;undefined;OTHER;OTHER
invoice-261.tiff;1;1;2480;3508;32634;849;1856;175;48;849;1856;1024;1856;1024;1904;849;1904;Homedics;AAAAAAAA;undefined;OTHER;OTHER
invoice-261.tiff;1;1;2480;3508;32635;1035;1856;173;48;1035;1856;1208;1856;1208;1904;1035;1904;HM-FMS;AASAAA;undefined;OTHER;OTHER
invoice-261.tiff;1;1;2480;3508;32636;1219;1856;62;48;1219;1856;1281;1856;1281;1904;1219;1904;350;NNN;undefined;OTHER;OTHER
invoice-261.tiff;1;1;2480;3508;32637;1416;1856;114;48;1416;1856;1530;1856;1530;1904;1416;1904;141,74;NNNSNN;undefined;OTHER;OTHER
invoice-261.tiff;1;1;2480;3508;32638;1541;1856;83;48;1541;1856;1624;1856;1624;1904;1541;1904;USD;AAA;undefined;OTHER;OTHER
invoice-261.tiff;1;1;2480;3508;32639;1755;1856;114;48;1755;1856;1869;1856;1869;1904;1755;1904;20.0%;NNSNS;undefined;OTHER;OTHER
invoice-261.tiff;1;1;2480;3508;32640;1999;1856;114;48;1999;1856;2113;1856;2113;1904;1999;1904;425,23;NNNSNN;undefined;OTHER;OTHER
invoice-261.tiff;1;1;2480;3508;32641;2125;1856;83;48;2125;1856;2208;1856;2208;1904;2125;1904;USD;AAA;undefined;OTHER;OTHER
invoice-261.tiff;1;1;2480;3508;32642;197;1946;20;48;197;1946;217;1946;217;1994;197;1994;4;N;undefined;OTHER;OTHER
invoice-261.tiff;1;1;2480;3508;32643;427;1946;20;48;427;1946;447;1946;447;1994;427;1994;3;N;undefined;OTHER;OTHER
invoice-261.tiff;1;1;2480;3508;32644;583;1946;143;48;583;1946;726;1946;726;1994;583;1994;Caméra;AAAAAA;undefined;OTHER;OTHER
invoice-261.tiff;1;1;2480;3508;32645;737;1946;41;48;737;1946;778;1946;778;1994;737;1994;de;AA;undefined;OTHER;OTHER
invoice-261.tiff;1;1;2480;3508;32646;789;1946;138;48;789;1946;927;1946;927;1994;789;1994;sécurité;AAAAAAAA;undefined;OTHER;OTHER
invoice-261.tiff;1;1;2480;3508;32647;938;1946;78;48;938;1946;1016;1946;1016;1994;938;1994;Nest;AAAA;undefined;OTHER;OTHER
invoice-261.tiff;1;1;2480;3508;32648;1027;1946;85;48;1027;1946;1112;1946;1112;1994;1027;1994;Cam;AAA;undefined;OTHER;OTHER
invoice-261.tiff;1;1;2480;3508;32649;1123;1946;152;48;1123;1946;1275;1946;1275;1994;1123;1994;Outdoor;AAAAAAA;undefined;OTHER;OTHER
invoice-261.tiff;1;1;2480;3508;32650;1416;1946;114;48;1416;1946;1530;1946;1530;1994;1416;1994;149,17;NNNSNN;undefined;OTHER;OTHER
invoice-261.tiff;1;1;2480;3508;32651;1541;1946;83;48;1541;1946;1624;1946;1624;1994;1541;1994;USD;AAA;undefined;OTHER;OTHER
invoice-261.tiff;1;1;2480;3508;32652;1755;1946;114;48;1755;1946;1869;1946;1869;1994;1755;1994;20.0%;NNSNS;undefined;OTHER;OTHER
invoice-261.tiff;1;1;2480;3508;32653;1999;1946;114;48;1999;1946;2113;1946;2113;1994;1999;1994;447,50;NNNSNN;undefined;OTHER;OTHER
invoice-261.tiff;1;1;2480;3508;32654;2125;1946;83;48;2125;1946;2208;1946;2208;1994;2125;1994;USD;AAA;undefined;OTHER;OTHER
invoice-261.tiff;1;1;2480;3508;32655;1840;2077;96;51;1840;2077;1936;2077;1936;2128;1840;2128;Total;AAAAA;undefined;OTHER;OTHER
invoice-261.tiff;1;1;2480;3508;32656;1979;2077;135;46;1979;2077;2114;2077;2114;2123;1979;2123;1496,89;NNNNSNN;TWTX;TOTAL_WITHOUT_TAX;TWTXS
invoice-261.tiff;1;1;2480;3508;32657;2125;2077;83;46;2125;2077;2208;2077;2208;2123;2125;2123;USD;AAA;TWTX;TOTAL_WITHOUT_TAX;TWTXS
invoice-261.tiff;1;1;2480;3508;32658;1725;2128;71;51;1725;2128;1796;2128;1796;2179;1725;2179;Tax;AAA;undefined;OTHER;OTHER
invoice-261.tiff;1;1;2480;3508;32659;1808;2128;150;51;1808;2128;1958;2128;1958;2179;1808;2179;Amount;AAAAAA;undefined;OTHER;OTHER
invoice-261.tiff;1;1;2480;3508;32660;1999;2128;114;46;1999;2128;2113;2128;2113;2174;1999;2174;299,38;NNNSNN;TTX;TOTAL_TAX;Total Tax
invoice-261.tiff;1;1;2480;3508;32661;2125;2128;83;46;2125;2128;2208;2128;2208;2174;2125;2174;USD;AAA;TTX;TOTAL_TAX;Total Tax
invoice-261.tiff;1;1;2480;3508;32662;1662;2179;150;51;1662;2179;1812;2179;1812;2230;1662;2230;Amount;AAAAAA;undefined;OTHER;OTHER
invoice-261.tiff;1;1;2480;3508;32663;1824;2179;35;51;1824;2179;1859;2179;1859;2230;1824;2230;to;AA;undefined;OTHER;OTHER
invoice-261.tiff;1;1;2480;3508;32664;1871;2179;66;51;1871;2179;1937;2179;1937;2230;1871;2230;pay;AAA;undefined;OTHER;OTHER
invoice-261.tiff;1;1;2480;3508;32665;1979;2179;135;46;1979;2179;2114;2179;2114;2225;1979;2225;1796,27;NNNNSNN;TA;TOTAL_AMOUNT;Total with TAX
invoice-261.tiff;1;1;2480;3508;32666;2125;2179;83;46;2125;2179;2208;2179;2208;2225;2125;2225;USD;AAA;TA;TOTAL_AMOUNT;Total with TAX
invoice-261.tiff;1;1;2480;3508;32667;1187;3175;319;48;1187;3175;1506;3175;1506;3223;1187;3223;MULTI-TOUCH';AAAAASAAAAAS;SN;SUPPLIER_NAME;Seller/Company) name
invoice-261.tiff;1;1;2480;3508;32668;1187;3223;83;45;1187;3223;1270;3223;1270;3268;1187;3268;2207;NNNN;SA;SUPPLIER_ADDRESS;Seller Address
invoice-261.tiff;1;1;2480;3508;32669;1281;3223;134;45;1281;3223;1415;3223;1415;3268;1281;3268;ROUTE;AAAAA;SA;SUPPLIER_ADDRESS;Seller Address
invoice-261.tiff;1;1;2480;3508;32670;1425;3223;55;45;1425;3223;1480;3223;1480;3268;1425;3268;DE;AA;SA;SUPPLIER_ADDRESS;Seller Address
invoice-261.tiff;1;1;2480;3508;32671;1491;3223;122;45;1491;3223;1613;3223;1613;3268;1491;3268;NIMES;AAAAA;SA;SUPPLIER_ADDRESS;Seller Address
invoice-261.tiff;1;1;2480;3508;32672;1187;3268;104;45;1187;3268;1291;3268;1291;3313;1187;3313;30800;NNNNN;SA;SUPPLIER_ADDRESS;Seller Address
invoice-261.tiff;1;1;2480;3508;32673;1333;3268;111;45;1333;3268;1444;3268;1444;3313;1333;3313;SAINT;AAAAA;SA;SUPPLIER_ADDRESS;Seller Address
invoice-261.tiff;1;1;2480;3508;32674;1454;3268;136;45;1454;3268;1590;3268;1590;3313;1454;3313;GILLES;AAAAAA;SA;SUPPLIER_ADDRESS;Seller Address
invoice-261.tiff;1;1;2480;3508;32675;1187;3314;157;45;1187;3314;1344;3314;1344;3359;1187;3359;FRANCE;AAAAAA;SA;SUPPLIER_ADDRESS;Seller Address
