src;num_pages;page_id;page_width;page_height;id;col;row;width;height;x1;y1;x2;y2;x3;y3;x4;y4;contents;contents_masked;correctclass;tag;description
invoice-2203.tiff;1;1;2480;3508;271166;124;62;175;175;124;62;299;62;299;237;124;237;common/logo;AAAAAASAAAA;img;IMAGE;Image
invoice-2203.tiff;1;1;2480;3508;271183;1541;270;241;57;1541;270;1782;270;1782;327;1541;327;FACTURE;AAAAAAA;undefined;OTHER;OTHER
invoice-2203.tiff;1;1;2480;3508;271184;1795;270;56;57;1795;270;1851;270;1851;327;1795;327;N°;AS;undefined;OTHER;OTHER
invoice-2203.tiff;1;1;2480;3508;271185;1914;270;244;50;1914;270;2158;270;2158;320;1914;320;7279-777035;NNNNSNNNNNN;IN;INVOICE_NUMBER;Invoice Number
invoice-2203.tiff;1;1;2480;3508;271167;124;412;57;48;124;412;181;412;181;460;124;460;LA;AA;SN;SUPPLIER_NAME;Seller/Company) name
invoice-2203.tiff;1;1;2480;3508;271168;193;412;171;48;193;412;364;412;364;460;193;460;MAISON;AAAAAA;SN;SUPPLIER_NAME;Seller/Company) name
invoice-2203.tiff;1;1;2480;3508;271169;375;412;60;48;375;412;435;412;435;460;375;460;DU;AA;SN;SUPPLIER_NAME;Seller/Company) name
invoice-2203.tiff;1;1;2480;3508;271170;445;412;210;48;445;412;655;412;655;460;445;460;BONHEUR;AAAAAAA;SN;SUPPLIER_NAME;Seller/Company) name
invoice-2203.tiff;1;1;2480;3508;271171;124;460;48;45;124;460;172;460;172;505;124;505;LA;AA;SA;SUPPLIER_ADDRESS;Seller Address
invoice-2203.tiff;1;1;2480;3508;271172;184;460;206;45;184;460;390;460;390;505;184;505;MARZELLE;AAAAAAAA;SA;SUPPLIER_ADDRESS;Seller Address
invoice-2203.tiff;1;1;2480;3508;271173;124;506;104;45;124;506;228;506;228;551;124;551;24160;NNNNN;SA;SUPPLIER_ADDRESS;Seller Address
invoice-2203.tiff;1;1;2480;3508;271174;270;506;173;45;270;506;443;506;443;551;270;551;ANLHIAC;AAAAAAA;SA;SUPPLIER_ADDRESS;Seller Address
invoice-2203.tiff;1;1;2480;3508;271175;124;552;134;45;124;552;258;552;258;597;124;597;Numéro;AAAAAA;undefined;OTHER;OTHER
invoice-2203.tiff;1;1;2480;3508;271176;269;552;39;45;269;552;308;552;308;597;269;597;de;AA;undefined;OTHER;OTHER
invoice-2203.tiff;1;1;2480;3508;271177;319;552;53;45;319;552;372;552;372;597;319;597;Tel;AAA;undefined;OTHER;OTHER
invoice-2203.tiff;1;1;2480;3508;271178;435;552;249;45;435;552;684;552;684;597;435;597;00.94.37.60.96;NNSNNSNNSNNSNN;SCN;SUPPLIER_CONTACT_NUMBER;Seller Contact Number
invoice-2203.tiff;1;1;2480;3508;271179;124;598;134;45;124;598;258;598;258;643;124;643;Numéro;AAAAAA;undefined;OTHER;OTHER
invoice-2203.tiff;1;1;2480;3508;271180;269;598;39;45;269;598;308;598;308;643;269;643;de;AA;undefined;OTHER;OTHER
invoice-2203.tiff;1;1;2480;3508;271181;319;598;64;45;319;598;383;598;383;643;319;643;Fax;AAA;undefined;OTHER;OTHER
invoice-2203.tiff;1;1;2480;3508;271182;446;598;249;45;446;598;695;598;695;643;446;643;00.94.37.81.12;NNSNNSNNSNNSNN;SFAX;SUPPLIER_FAX_NUMBER;Seller Fax Number
invoice-2203.tiff;1;1;2480;3508;271195;1541;1028;92;48;1541;1028;1633;1028;1633;1076;1541;1076;Mme;AAA;BN;BILLING_NAME;Billing Name
invoice-2203.tiff;1;1;2480;3508;271196;1644;1028;69;48;1644;1028;1713;1028;1713;1076;1644;1076;Eva;AAA;BN;BILLING_NAME;Billing Name
invoice-2203.tiff;1;1;2480;3508;271197;1724;1028;185;48;1724;1028;1909;1028;1909;1076;1724;1076;Rodriguez;AAAAAAAAA;BN;BILLING_NAME;Billing Name
invoice-2203.tiff;1;1;2480;3508;271198;1541;1076;52;45;1541;1076;1593;1076;1593;1121;1541;1121;20,;NNS;BA;BILLING_ADDRESS;Billing Address
invoice-2203.tiff;1;1;2480;3508;271199;1604;1076;117;45;1604;1076;1721;1076;1721;1121;1604;1121;avenue;AAAAAA;BA;BILLING_ADDRESS;Billing Address
invoice-2203.tiff;1;1;2480;3508;271200;1732;1076;41;45;1732;1076;1773;1076;1773;1121;1732;1121;du;AA;BA;BILLING_ADDRESS;Billing Address
invoice-2203.tiff;1;1;2480;3508;271201;1784;1076;127;45;1784;1076;1911;1076;1911;1121;1784;1121;bourcet;AAAAAAA;BA;BILLING_ADDRESS;Billing Address
invoice-2203.tiff;1;1;2480;3508;271202;1541;1121;104;45;1541;1121;1645;1121;1645;1166;1541;1166;38240;NNNNN;BA;BILLING_ADDRESS;Billing Address
invoice-2203.tiff;1;1;2480;3508;271203;1687;1121;124;45;1687;1121;1811;1121;1811;1166;1687;1166;Meylan;AAAAAA;BA;BILLING_ADDRESS;Billing Address
invoice-2203.tiff;1;1;2480;3508;271186;124;1123;58;52;124;1123;182;1123;182;1175;124;1175;Du;AA;undefined;OTHER;OTHER
invoice-2203.tiff;1;1;2480;3508;271187;750;1123;148;46;750;1123;898;1123;898;1169;750;1169;31/08/94;NNSNNSNN;IDATE;INVOICE_DATE;Invoice Date
invoice-2203.tiff;1;1;2480;3508;271204;1541;1167;120;45;1541;1167;1661;1167;1661;1212;1541;1212;France;AAAAAA;BA;BILLING_ADDRESS;Billing Address
invoice-2203.tiff;1;1;2480;3508;271188;124;1197;285;52;124;1197;409;1197;409;1249;124;1249;COMMANDE;AAAAAAAA;undefined;OTHER;OTHER
invoice-2203.tiff;1;1;2480;3508;271189;421;1197;51;52;421;1197;472;1197;472;1249;421;1249;N°;AS;undefined;OTHER;OTHER
invoice-2203.tiff;1;1;2480;3508;271190;750;1197;138;46;750;1197;888;1197;888;1243;750;1243;297-948;NNNSNNN;ONUM;ORDER_NUMBER;Order Number
invoice-2203.tiff;1;1;2480;3508;271205;1541;1255;169;57;1541;1255;1710;1255;1710;1312;1541;1312;Adresse;AAAAAAA;undefined;OTHER;OTHER
invoice-2203.tiff;1;1;2480;3508;271206;1723;1255;50;57;1723;1255;1773;1255;1773;1312;1723;1312;de;AA;undefined;OTHER;OTHER
invoice-2203.tiff;1;1;2480;3508;271207;1786;1255;205;57;1786;1255;1991;1255;1991;1312;1786;1312;Livraison;AAAAAAAAA;undefined;OTHER;OTHER
invoice-2203.tiff;1;1;2480;3508;271191;124;1271;99;52;124;1271;223;1271;223;1323;124;1323;Type;AAAA;undefined;OTHER;OTHER
invoice-2203.tiff;1;1;2480;3508;271192;235;1271;45;52;235;1271;280;1271;280;1323;235;1323;de;AA;undefined;OTHER;OTHER
invoice-2203.tiff;1;1;2480;3508;271193;293;1271;180;52;293;1271;473;1271;473;1323;293;1323;paiement;AAAAAAAA;undefined;OTHER;OTHER
invoice-2203.tiff;1;1;2480;3508;271194;750;1271;157;46;750;1271;907;1271;907;1317;750;1317;Virement;AAAAAAAA;PMODE;PAYMENT_MODE;Payment Mode
invoice-2203.tiff;1;1;2480;3508;271208;1541;1312;92;48;1541;1312;1633;1312;1633;1360;1541;1360;Mme;AAA;SHN;SHIPPING_NAME;Shipping Name
invoice-2203.tiff;1;1;2480;3508;271209;1644;1312;69;48;1644;1312;1713;1312;1713;1360;1644;1360;Eva;AAA;SHN;SHIPPING_NAME;Shipping Name
invoice-2203.tiff;1;1;2480;3508;271210;1724;1312;185;48;1724;1312;1909;1312;1909;1360;1724;1360;Rodriguez;AAAAAAAAA;SHN;SHIPPING_NAME;Shipping Name
invoice-2203.tiff;1;1;2480;3508;271211;1541;1360;52;45;1541;1360;1593;1360;1593;1405;1541;1405;20,;NNS;SHA;SHIPPING_ADDRESS;Shipping Address
invoice-2203.tiff;1;1;2480;3508;271212;1604;1360;117;45;1604;1360;1721;1360;1721;1405;1604;1405;avenue;AAAAAA;SHA;SHIPPING_ADDRESS;Shipping Address
invoice-2203.tiff;1;1;2480;3508;271213;1732;1360;41;45;1732;1360;1773;1360;1773;1405;1732;1405;du;AA;SHA;SHIPPING_ADDRESS;Shipping Address
invoice-2203.tiff;1;1;2480;3508;271214;1784;1360;127;45;1784;1360;1911;1360;1911;1405;1784;1405;bourcet;AAAAAAA;SHA;SHIPPING_ADDRESS;Shipping Address
invoice-2203.tiff;1;1;2480;3508;271215;1541;1406;104;45;1541;1406;1645;1406;1645;1451;1541;1451;38240;NNNNN;SHA;SHIPPING_ADDRESS;Shipping Address
invoice-2203.tiff;1;1;2480;3508;271216;1687;1406;124;45;1687;1406;1811;1406;1811;1451;1687;1451;Meylan;AAAAAA;SHA;SHIPPING_ADDRESS;Shipping Address
invoice-2203.tiff;1;1;2480;3508;271217;1541;1452;120;45;1541;1452;1661;1452;1661;1497;1541;1497;France;AAAAAA;SHA;SHIPPING_ADDRESS;Shipping Address
invoice-2203.tiff;1;1;2480;3508;271218;163;1776;173;52;163;1776;336;1776;336;1828;163;1828;Quantité;AAAAAAAA;undefined;OTHER;OTHER
invoice-2203.tiff;1;1;2480;3508;271219;699;1776;226;52;699;1776;925;1776;925;1828;699;1828;Description;AAAAAAAAAAA;undefined;OTHER;OTHER
invoice-2203.tiff;1;1;2480;3508;271220;1287;1776;84;52;1287;1776;1371;1776;1371;1828;1287;1828;Prix;AAAA;undefined;OTHER;OTHER
invoice-2203.tiff;1;1;2480;3508;271221;1382;1776;162;52;1382;1776;1544;1776;1544;1828;1382;1828;Unitaire;AAAAAAAA;undefined;OTHER;OTHER
invoice-2203.tiff;1;1;2480;3508;271222;1616;1776;101;52;1616;1776;1717;1776;1717;1828;1616;1828;Taux;AAAA;undefined;OTHER;OTHER
invoice-2203.tiff;1;1;2480;3508;271223;1729;1776;45;52;1729;1776;1774;1776;1774;1828;1729;1828;de;AA;undefined;OTHER;OTHER
invoice-2203.tiff;1;1;2480;3508;271224;1786;1776;96;52;1786;1776;1882;1776;1882;1828;1786;1828;TVA;AAA;undefined;OTHER;OTHER
invoice-2203.tiff;1;1;2480;3508;271225;1959;1776;170;52;1959;1776;2129;1776;2129;1828;1959;1828;Montant;AAAAAAA;undefined;OTHER;OTHER
invoice-2203.tiff;1;1;2480;3508;271226;2141;1776;66;52;2141;1776;2207;1776;2207;1828;2141;1828;HT;AA;undefined;OTHER;OTHER
invoice-2203.tiff;1;1;2480;3508;271227;239;1849;20;48;239;1849;259;1849;259;1897;239;1897;4;N;undefined;OTHER;OTHER
invoice-2203.tiff;1;1;2480;3508;271228;375;1849;141;48;375;1849;516;1849;516;1897;375;1897;Logiciel;AAAAAAAA;undefined;OTHER;OTHER
invoice-2203.tiff;1;1;2480;3508;271229;526;1849;41;48;526;1849;567;1849;567;1897;526;1897;de;AA;undefined;OTHER;OTHER
invoice-2203.tiff;1;1;2480;3508;271230;578;1849;208;48;578;1849;786;1849;786;1897;578;1897;photo/vidéo;AAAAASAAAAA;undefined;OTHER;OTHER
invoice-2203.tiff;1;1;2480;3508;271231;797;1849;113;48;797;1849;910;1849;910;1897;797;1897;Magix;AAAAA;undefined;OTHER;OTHER
invoice-2203.tiff;1;1;2480;3508;271232;921;1849;76;48;921;1849;997;1849;997;1897;921;1897;Fast;AAAA;undefined;OTHER;OTHER
invoice-2203.tiff;1;1;2480;3508;271233;1008;1849;67;48;1008;1849;1075;1849;1075;1897;1008;1897;Cut;AAA;undefined;OTHER;OTHER
invoice-2203.tiff;1;1;2480;3508;271234;1085;1849;83;48;1085;1849;1168;1849;1168;1897;1085;1897;2017;NNNN;undefined;OTHER;OTHER
invoice-2203.tiff;1;1;2480;3508;271240;1322;1849;93;48;1322;1849;1415;1849;1415;1897;1322;1897;58,33;NNSNN;undefined;OTHER;OTHER
invoice-2203.tiff;1;1;2480;3508;271241;1427;1849;83;48;1427;1849;1510;1849;1510;1897;1427;1897;USD;AAA;undefined;OTHER;OTHER
invoice-2203.tiff;1;1;2480;3508;271242;1692;1849;114;48;1692;1849;1806;1849;1806;1897;1692;1897;20.0%;NNSNS;undefined;OTHER;OTHER
invoice-2203.tiff;1;1;2480;3508;271243;1979;1849;114;48;1979;1849;2093;1849;2093;1897;1979;1897;233,30;NNNSNN;undefined;OTHER;OTHER
invoice-2203.tiff;1;1;2480;3508;271244;2104;1849;83;48;2104;1849;2187;1849;2187;1897;2104;1897;USD;AAA;undefined;OTHER;OTHER
invoice-2203.tiff;1;1;2480;3508;271235;375;1897;131;48;375;1897;506;1897;506;1945;375;1945;camera;AAAAAA;undefined;OTHER;OTHER
invoice-2203.tiff;1;1;2480;3508;271236;517;1897;41;48;517;1897;558;1897;558;1945;517;1945;de;AA;undefined;OTHER;OTHER
invoice-2203.tiff;1;1;2480;3508;271237;569;1897;92;48;569;1897;661;1897;661;1945;569;1945;sport;AAAAA;undefined;OTHER;OTHER
invoice-2203.tiff;1;1;2480;3508;271238;672;1897;32;48;672;1897;704;1897;704;1945;672;1945;et;AA;undefined;OTHER;OTHER
invoice-2203.tiff;1;1;2480;3508;271239;715;1897;104;48;715;1897;819;1897;819;1945;715;1945;gopro;AAAAA;undefined;OTHER;OTHER
invoice-2203.tiff;1;1;2480;3508;271245;239;1987;20;48;239;1987;259;1987;259;2035;239;2035;2;N;undefined;OTHER;OTHER
invoice-2203.tiff;1;1;2480;3508;271246;375;1987;145;48;375;1987;520;1987;520;2035;375;2035;Friteuse;AAAAAAAA;undefined;OTHER;OTHER
invoice-2203.tiff;1;1;2480;3508;271247;531;1987;169;48;531;1987;700;1987;700;2035;531;2035;Moulinex;AAAAAAAA;undefined;OTHER;OTHER
invoice-2203.tiff;1;1;2480;3508;271248;710;1987;87;48;710;1987;797;1987;797;2035;710;2035;XXL;AAA;undefined;OTHER;OTHER
invoice-2203.tiff;1;1;2480;3508;271249;809;1987;129;48;809;1987;938;1987;938;2035;809;2035;MEGA;AAAA;undefined;OTHER;OTHER
invoice-2203.tiff;1;1;2480;3508;271250;949;1987;85;48;949;1987;1034;1987;1034;2035;949;2035;2KG;NAA;undefined;OTHER;OTHER
invoice-2203.tiff;1;1;2480;3508;271251;1045;1987;136;48;1045;1987;1181;1987;1181;2035;1045;2035;NOIRE;AAAAA;undefined;OTHER;OTHER
invoice-2203.tiff;1;1;2480;3508;271253;1312;1987;114;48;1312;1987;1426;1987;1426;2035;1312;2035;103,38;NNNSNN;undefined;OTHER;OTHER
invoice-2203.tiff;1;1;2480;3508;271254;1437;1987;83;48;1437;1987;1520;1987;1520;2035;1437;2035;USD;AAA;undefined;OTHER;OTHER
invoice-2203.tiff;1;1;2480;3508;271255;1692;1987;114;48;1692;1987;1806;1987;1806;2035;1692;2035;20.0%;NNSNS;undefined;OTHER;OTHER
invoice-2203.tiff;1;1;2480;3508;271256;1979;1987;114;48;1979;1987;2093;1987;2093;2035;1979;2035;206,75;NNNSNN;undefined;OTHER;OTHER
invoice-2203.tiff;1;1;2480;3508;271257;2104;1987;83;48;2104;1987;2187;1987;2187;2035;2104;2035;USD;AAA;undefined;OTHER;OTHER
invoice-2203.tiff;1;1;2480;3508;271252;375;2035;194;48;375;2035;569;2035;569;2083;375;2083;AM480870;AANNNNNN;undefined;OTHER;OTHER
invoice-2203.tiff;1;1;2480;3508;271258;239;2125;20;48;239;2125;259;2125;259;2173;239;2173;2;N;undefined;OTHER;OTHER
invoice-2203.tiff;1;1;2480;3508;271259;375;2125;104;48;375;2125;479;2125;479;2173;375;2173;Câble;AAAAA;undefined;OTHER;OTHER
invoice-2203.tiff;1;1;2480;3508;271260;489;2125;118;48;489;2125;607;2125;607;2173;489;2173;HDMI;AAAA;undefined;OTHER;OTHER
invoice-2203.tiff;1;1;2480;3508;271261;618;2125;180;48;618;2125;798;2125;798;2173;618;2173;Essentielb;AAAAAAAAAA;undefined;OTHER;OTHER
invoice-2203.tiff;1;1;2480;3508;271262;809;2125;60;48;809;2125;869;2125;869;2173;809;2173;2M;NA;undefined;OTHER;OTHER
invoice-2203.tiff;1;1;2480;3508;271263;879;2125;138;48;879;2125;1017;2125;1017;2173;879;2173;CROSS;AAAAA;undefined;OTHER;OTHER
invoice-2203.tiff;1;1;2480;3508;271264;1028;2125;99;48;1028;2125;1127;2125;1127;2173;1028;2173;nylon;AAAAA;undefined;OTHER;OTHER
invoice-2203.tiff;1;1;2480;3508;271265;1138;2125;32;48;1138;2125;1170;2125;1170;2173;1138;2173;H;A;undefined;OTHER;OTHER
invoice-2203.tiff;1;1;2480;3508;271266;1322;2125;93;48;1322;2125;1415;2125;1415;2173;1322;2173;16,66;NNSNN;undefined;OTHER;OTHER
invoice-2203.tiff;1;1;2480;3508;271267;1427;2125;83;48;1427;2125;1510;2125;1510;2173;1427;2173;USD;AAA;undefined;OTHER;OTHER
invoice-2203.tiff;1;1;2480;3508;271268;1692;2125;114;48;1692;2125;1806;2125;1806;2173;1692;2173;20.0%;NNSNS;undefined;OTHER;OTHER
invoice-2203.tiff;1;1;2480;3508;271269;1989;2125;93;48;1989;2125;2082;2125;2082;2173;1989;2173;33,32;NNSNN;undefined;OTHER;OTHER
invoice-2203.tiff;1;1;2480;3508;271270;2093;2125;83;48;2093;2125;2176;2125;2176;2173;2093;2173;USD;AAA;undefined;OTHER;OTHER
invoice-2203.tiff;1;1;2480;3508;271271;239;2214;20;48;239;2214;259;2214;259;2262;239;2262;3;N;undefined;OTHER;OTHER
invoice-2203.tiff;1;1;2480;3508;271272;1333;2214;72;48;1333;2214;1405;2214;1405;2262;1333;2262;0,00;NSNN;undefined;OTHER;OTHER
invoice-2203.tiff;1;1;2480;3508;271273;1416;2214;83;48;1416;2214;1499;2214;1499;2262;1416;2262;USD;AAA;undefined;OTHER;OTHER
invoice-2203.tiff;1;1;2480;3508;271274;1692;2214;114;48;1692;2214;1806;2214;1806;2262;1692;2262;20.0%;NNSNS;undefined;OTHER;OTHER
invoice-2203.tiff;1;1;2480;3508;271275;1999;2214;72;48;1999;2214;2071;2214;2071;2262;1999;2262;0,00;NSNN;undefined;OTHER;OTHER
invoice-2203.tiff;1;1;2480;3508;271276;2083;2214;83;48;2083;2214;2166;2214;2166;2262;2083;2262;USD;AAA;undefined;OTHER;OTHER
invoice-2203.tiff;1;1;2480;3508;271277;1376;2346;160;52;1376;2346;1536;2346;1536;2398;1376;2398;TOTAL;AAAAA;undefined;OTHER;OTHER
invoice-2203.tiff;1;1;2480;3508;271278;1548;2346;180;52;1548;2346;1728;2346;1728;2398;1548;2398;REMISE;AAAAAA;undefined;OTHER;OTHER
invoice-2203.tiff;1;1;2480;3508;271279;1740;2346;280;52;1740;2346;2020;2346;2020;2398;1740;2398;IMMEDIATE;AAAAAAAAA;undefined;OTHER;OTHER
invoice-2203.tiff;1;1;2480;3508;271280;2041;2346;72;48;2041;2346;2113;2346;2113;2394;2041;2394;0,00;NSNN;undefined;OTHER;OTHER
invoice-2203.tiff;1;1;2480;3508;271281;2125;2346;83;48;2125;2346;2208;2346;2208;2394;2125;2394;USD;AAA;undefined;OTHER;OTHER
invoice-2203.tiff;1;1;2480;3508;271282;1710;2399;170;52;1710;2399;1880;2399;1880;2451;1710;2451;Montant;AAAAAAA;undefined;OTHER;OTHER
invoice-2203.tiff;1;1;2480;3508;271283;1892;2399;66;52;1892;2399;1958;2399;1958;2451;1892;2451;HT;AA;undefined;OTHER;OTHER
invoice-2203.tiff;1;1;2480;3508;271284;1999;2399;114;48;1999;2399;2113;2399;2113;2447;1999;2447;473,37;NNNSNN;TWTX;TOTAL_WITHOUT_TAX;TWTXS
invoice-2203.tiff;1;1;2480;3508;271285;2125;2399;83;48;2125;2399;2208;2399;2208;2447;2125;2447;USD;AAA;TWTX;TOTAL_WITHOUT_TAX;TWTXS
invoice-2203.tiff;1;1;2480;3508;271286;1882;2452;96;52;1882;2452;1978;2452;1978;2504;1882;2504;TVA;AAA;undefined;OTHER;OTHER
invoice-2203.tiff;1;1;2480;3508;271287;2020;2452;93;48;2020;2452;2113;2452;2113;2500;2020;2500;94,67;NNSNN;TTX;TOTAL_TAX;Total Tax
invoice-2203.tiff;1;1;2480;3508;271288;2125;2452;83;48;2125;2452;2208;2452;2208;2500;2125;2500;USD;AAA;TTX;TOTAL_TAX;Total Tax
invoice-2203.tiff;1;1;2480;3508;271289;1748;2504;104;52;1748;2504;1852;2504;1852;2556;1748;2556;Total;AAAAA;undefined;OTHER;OTHER
invoice-2203.tiff;1;1;2480;3508;271290;1864;2504;94;52;1864;2504;1958;2504;1958;2556;1864;2556;TTC;AAA;undefined;OTHER;OTHER
invoice-2203.tiff;1;1;2480;3508;271291;1999;2504;114;48;1999;2504;2113;2504;2113;2552;1999;2552;568,04;NNNSNN;TA;TOTAL_AMOUNT;Total with TAX
invoice-2203.tiff;1;1;2480;3508;271292;2125;2504;83;48;2125;2504;2208;2504;2208;2552;2125;2552;USD;AAA;TA;TOTAL_AMOUNT;Total with TAX
invoice-2203.tiff;1;1;2480;3508;271293;124;3154;57;48;124;3154;181;3154;181;3202;124;3202;LA;AA;SN;SUPPLIER_NAME;Seller/Company) name
invoice-2203.tiff;1;1;2480;3508;271294;193;3154;171;48;193;3154;364;3154;364;3202;193;3202;MAISON;AAAAAA;SN;SUPPLIER_NAME;Seller/Company) name
invoice-2203.tiff;1;1;2480;3508;271295;375;3154;60;48;375;3154;435;3154;435;3202;375;3202;DU;AA;SN;SUPPLIER_NAME;Seller/Company) name
invoice-2203.tiff;1;1;2480;3508;271296;445;3154;210;48;445;3154;655;3154;655;3202;445;3202;BONHEUR;AAAAAAA;SN;SUPPLIER_NAME;Seller/Company) name
invoice-2203.tiff;1;1;2480;3508;271297;124;3202;48;45;124;3202;172;3202;172;3247;124;3247;LA;AA;SA;SUPPLIER_ADDRESS;Seller Address
invoice-2203.tiff;1;1;2480;3508;271299;398;3202;104;45;398;3202;502;3202;502;3247;398;3247;24160;NNNNN;SA;SUPPLIER_ADDRESS;Seller Address
invoice-2203.tiff;1;1;2480;3508;271300;510;3202;173;45;510;3202;683;3202;683;3247;510;3247;ANLHIAC;AAAAAAA;SA;SUPPLIER_ADDRESS;Seller Address
invoice-2203.tiff;1;1;2480;3508;271298;124;3248;206;45;124;3248;330;3248;330;3293;124;3293;MARZELLE;AAAAAAAA;SA;SUPPLIER_ADDRESS;Seller Address
