src;num_pages;page_id;page_width;page_height;id;col;row;width;height;x1;y1;x2;y2;x3;y3;x4;y4;contents;contents_masked;correctclass;tag;description
invoice-2910.tiff;1;1;2480;3508;357904;1187;62;175;175;1187;62;1362;62;1362;237;1187;237;common/logo;AAAAAASAAAA;img;IMAGE;Image
invoice-2910.tiff;1;1;2480;3508;357899;124;258;155;57;124;258;279;258;279;315;124;315;Invoice;AAAAAAA;undefined;OTHER;OTHER
invoice-2910.tiff;1;1;2480;3508;357900;293;258;99;57;293;258;392;258;392;315;293;315;Date;AAAA;undefined;OTHER;OTHER
invoice-2910.tiff;1;1;2480;3508;357901;455;258;68;50;455;258;523;258;523;308;455;308;ago;AAA;IDATE;INVOICE_DATE;Invoice Date
invoice-2910.tiff;1;1;2480;3508;357902;535;258;34;50;535;258;569;258;569;308;535;308;9,;NS;IDATE;INVOICE_DATE;Invoice Date
invoice-2910.tiff;1;1;2480;3508;357903;581;258;91;50;581;258;672;258;672;308;581;308;2015;NNNN;IDATE;INVOICE_DATE;Invoice Date
invoice-2910.tiff;1;1;2480;3508;357905;1187;412;175;48;1187;412;1362;412;1362;460;1187;460;BUREAU;AAAAAA;SN;SUPPLIER_NAME;Seller/Company) name
invoice-2910.tiff;1;1;2480;3508;357906;1373;412;277;48;1373;412;1650;412;1650;460;1373;460;D'EXPERTISE;ASAAAAAAAAA;SN;SUPPLIER_NAME;Seller/Company) name
invoice-2910.tiff;1;1;2480;3508;357907;1662;412;212;48;1662;412;1874;412;1874;460;1662;460;AQUITAIN;AAAAAAAA;SN;SUPPLIER_NAME;Seller/Company) name
invoice-2910.tiff;1;1;2480;3508;357908;1187;460;41;45;1187;460;1228;460;1228;505;1187;505;61;NN;SA;SUPPLIER_ADDRESS;Seller Address
invoice-2910.tiff;1;1;2480;3508;357909;1239;460;134;45;1239;460;1373;460;1373;505;1239;505;COURS;AAAAA;SA;SUPPLIER_ADDRESS;Seller Address
invoice-2910.tiff;1;1;2480;3508;357910;1384;460;55;45;1384;460;1439;460;1439;505;1384;505;DE;AA;SA;SUPPLIER_ADDRESS;Seller Address
invoice-2910.tiff;1;1;2480;3508;357911;1450;460;164;45;1450;460;1614;460;1614;505;1450;505;VERDUN;AAAAAA;SA;SUPPLIER_ADDRESS;Seller Address
invoice-2910.tiff;1;1;2480;3508;357912;1622;460;104;45;1622;460;1726;460;1726;505;1622;505;33000;NNNNN;SA;SUPPLIER_ADDRESS;Seller Address
invoice-2910.tiff;1;1;2480;3508;357913;1735;460;217;45;1735;460;1952;460;1952;505;1735;505;BORDEAUX;AAAAAAAA;SA;SUPPLIER_ADDRESS;Seller Address
invoice-2910.tiff;1;1;2480;3508;357914;1961;460;157;45;1961;460;2118;460;2118;505;1961;505;FRANCE;AAAAAA;SA;SUPPLIER_ADDRESS;Seller Address
invoice-2910.tiff;1;1;2480;3508;357915;1187;506;106;45;1187;506;1293;506;1293;551;1187;551;Phone;AAAAA;undefined;OTHER;OTHER
invoice-2910.tiff;1;1;2480;3508;357916;1318;506;249;45;1318;506;1567;506;1567;551;1318;551;06.11.78.02.78;NNSNNSNNSNNSNN;SCN;SUPPLIER_CONTACT_NUMBER;Seller Contact Number
invoice-2910.tiff;1;1;2480;3508;357917;1610;506;64;45;1610;506;1674;506;1674;551;1610;551;Fax;AAA;undefined;OTHER;OTHER
invoice-2910.tiff;1;1;2480;3508;357918;1700;506;249;45;1700;506;1949;506;1949;551;1700;551;06.11.78.47.08;NNSNNSNNSNNSNN;SFAX;SUPPLIER_FAX_NUMBER;Seller Fax Number
invoice-2910.tiff;1;1;2480;3508;357922;1541;878;183;57;1541;878;1724;878;1724;935;1541;935;Invoiced;AAAAAAAA;undefined;OTHER;OTHER
invoice-2910.tiff;1;1;2480;3508;357923;1737;878;58;57;1737;878;1795;878;1795;935;1737;935;To;AA;undefined;OTHER;OTHER
invoice-2910.tiff;1;1;2480;3508;357924;1541;936;90;48;1541;936;1631;936;1631;984;1541;984;Clint;AAAAA;BN;BILLING_NAME;Billing Name
invoice-2910.tiff;1;1;2480;3508;357925;1642;936;134;48;1642;936;1776;936;1776;984;1642;984;Corwin;AAAAAA;BN;BILLING_NAME;Billing Name
invoice-2910.tiff;1;1;2480;3508;357926;1541;984;31;45;1541;984;1572;984;1572;1029;1541;1029;1,;NS;BA;BILLING_ADDRESS;Billing Address
invoice-2910.tiff;1;1;2480;3508;357927;1583;984;120;45;1583;984;1703;984;1703;1029;1583;1029;chemin;AAAAAA;BA;BILLING_ADDRESS;Billing Address
invoice-2910.tiff;1;1;2480;3508;357928;1714;984;159;45;1714;984;1873;984;1873;1029;1714;1029;d'auxerre;ASAAAAAAA;BA;BILLING_ADDRESS;Billing Address
invoice-2910.tiff;1;1;2480;3508;357929;1541;1030;104;45;1541;1030;1645;1030;1645;1075;1541;1075;89110;NNNNN;BA;BILLING_ADDRESS;Billing Address
invoice-2910.tiff;1;1;2480;3508;357930;1687;1030;298;45;1687;1030;1985;1030;1985;1075;1687;1075;Poilly-sur-Tholon;AAAAAASAAASAAAAAA;BA;BILLING_ADDRESS;Billing Address
invoice-2910.tiff;1;1;2480;3508;357931;1541;1076;120;45;1541;1076;1661;1076;1661;1121;1541;1121;France;AAAAAA;BA;BILLING_ADDRESS;Billing Address
invoice-2910.tiff;1;1;2480;3508;357919;124;1105;142;52;124;1105;266;1105;266;1157;124;1157;Invoice;AAAAAAA;undefined;OTHER;OTHER
invoice-2910.tiff;1;1;2480;3508;357920;279;1105;195;52;279;1105;474;1105;474;1157;279;1157;Reference;AAAAAAAAA;undefined;OTHER;OTHER
invoice-2910.tiff;1;1;2480;3508;357921;750;1105;166;46;750;1105;916;1105;916;1151;750;1151;59059763;NNNNNNNN;IN;INVOICE_NUMBER;Invoice Number
invoice-2910.tiff;1;1;2480;3508;357932;1541;1163;155;57;1541;1163;1696;1163;1696;1220;1541;1220;Deliver;AAAAAAA;undefined;OTHER;OTHER
invoice-2910.tiff;1;1;2480;3508;357933;1709;1163;58;57;1709;1163;1767;1163;1767;1220;1709;1220;To;AA;undefined;OTHER;OTHER
invoice-2910.tiff;1;1;2480;3508;357934;1541;1221;90;48;1541;1221;1631;1221;1631;1269;1541;1269;Clint;AAAAA;SHN;SHIPPING_NAME;Shipping Name
invoice-2910.tiff;1;1;2480;3508;357935;1642;1221;134;48;1642;1221;1776;1221;1776;1269;1642;1269;Corwin;AAAAAA;SHN;SHIPPING_NAME;Shipping Name
invoice-2910.tiff;1;1;2480;3508;357936;1541;1269;31;45;1541;1269;1572;1269;1572;1314;1541;1314;1,;NS;SHA;SHIPPING_ADDRESS;Shipping Address
invoice-2910.tiff;1;1;2480;3508;357937;1583;1269;120;45;1583;1269;1703;1269;1703;1314;1583;1314;chemin;AAAAAA;SHA;SHIPPING_ADDRESS;Shipping Address
invoice-2910.tiff;1;1;2480;3508;357938;1714;1269;159;45;1714;1269;1873;1269;1873;1314;1714;1314;d'auxerre;ASAAAAAAA;SHA;SHIPPING_ADDRESS;Shipping Address
invoice-2910.tiff;1;1;2480;3508;357939;1541;1315;104;45;1541;1315;1645;1315;1645;1360;1541;1360;89110;NNNNN;SHA;SHIPPING_ADDRESS;Shipping Address
invoice-2910.tiff;1;1;2480;3508;357940;1687;1315;298;45;1687;1315;1985;1315;1985;1360;1687;1360;Poilly-sur-Tholon;AAAAAASAAASAAAAAA;SHA;SHIPPING_ADDRESS;Shipping Address
invoice-2910.tiff;1;1;2480;3508;357941;1541;1360;120;45;1541;1360;1661;1360;1661;1405;1541;1405;France;AAAAAA;SHA;SHIPPING_ADDRESS;Shipping Address
invoice-2910.tiff;1;1;2480;3508;357942;440;1684;244;52;440;1684;684;1684;684;1736;440;1736;Descriptions;AAAAAAAAAAAA;undefined;OTHER;OTHER
invoice-2910.tiff;1;1;2480;3508;357943;1088;1684;73;52;1088;1684;1161;1684;1161;1736;1088;1736;Qty;AAA;undefined;OTHER;OTHER
invoice-2910.tiff;1;1;2480;3508;357944;1374;1684;84;52;1374;1684;1458;1684;1458;1736;1374;1736;U.P.;ASAS;undefined;OTHER;OTHER
invoice-2910.tiff;1;1;2480;3508;357945;1646;1684;206;52;1646;1684;1852;1684;1852;1736;1646;1736;VAT/TVA;AAASAAA;undefined;OTHER;OTHER
invoice-2910.tiff;1;1;2480;3508;357946;2003;1684;160;52;2003;1684;2163;1684;2163;1736;2003;1736;Amount;AAAAAA;undefined;OTHER;OTHER
invoice-2910.tiff;1;1;2480;3508;357947;124;1758;148;48;124;1758;272;1758;272;1806;124;1806;Tablette;AAAAAAAA;undefined;OTHER;OTHER
invoice-2910.tiff;1;1;2480;3508;357948;283;1758;150;48;283;1758;433;1758;433;1806;283;1806;Android;AAAAAAA;undefined;OTHER;OTHER
invoice-2910.tiff;1;1;2480;3508;357949;444;1758;85;48;444;1758;529;1758;529;1806;444;1806;Asus;AAAA;undefined;OTHER;OTHER
invoice-2910.tiff;1;1;2480;3508;357950;540;1758;307;48;540;1758;847;1758;847;1806;540;1806;Z500KL-1A042A;ANNNAASNANNNA;undefined;OTHER;OTHER
invoice-2910.tiff;1;1;2480;3508;357951;858;1758;115;48;858;1758;973;1758;973;1806;858;1806;128Go;NNNAA;undefined;OTHER;OTHER
invoice-2910.tiff;1;1;2480;3508;357955;1114;1758;20;48;1114;1758;1134;1758;1134;1806;1114;1806;3;N;undefined;OTHER;OTHER
invoice-2910.tiff;1;1;2480;3508;357956;1312;1758;114;48;1312;1758;1426;1758;1426;1806;1312;1806;374,17;NNNSNN;undefined;OTHER;OTHER
invoice-2910.tiff;1;1;2480;3508;357957;1437;1758;83;48;1437;1758;1520;1758;1520;1806;1437;1806;USD;AAA;undefined;OTHER;OTHER
invoice-2910.tiff;1;1;2480;3508;357958;1692;1758;114;48;1692;1758;1806;1758;1806;1806;1692;1806;20.0%;NNSNS;undefined;OTHER;OTHER
invoice-2910.tiff;1;1;2480;3508;357959;1968;1758;135;48;1968;1758;2103;1758;2103;1806;1968;1806;1122,50;NNNNSNN;undefined;OTHER;OTHER
invoice-2910.tiff;1;1;2480;3508;357960;2114;1758;83;48;2114;1758;2197;1758;2197;1806;2114;1806;USD;AAA;undefined;OTHER;OTHER
invoice-2910.tiff;1;1;2480;3508;357952;124;1806;53;48;124;1806;177;1806;177;1854;124;1854;4G;NA;undefined;OTHER;OTHER
invoice-2910.tiff;1;1;2480;3508;357953;188;1806;83;48;188;1806;271;1806;271;1854;188;1854;LTE;AAA;undefined;OTHER;OTHER
invoice-2910.tiff;1;1;2480;3508;357954;282;1806;99;48;282;1806;381;1806;381;1854;282;1854;Noire;AAAAA;undefined;OTHER;OTHER
invoice-2910.tiff;1;1;2480;3508;357961;124;1895;108;48;124;1895;232;1895;232;1943;124;1943;Ecran;AAAAA;undefined;OTHER;OTHER
invoice-2910.tiff;1;1;2480;3508;357962;244;1895;55;48;244;1895;299;1895;299;1943;244;1943;PC;AA;undefined;OTHER;OTHER
invoice-2910.tiff;1;1;2480;3508;357963;310;1895;124;48;310;1895;434;1895;434;1943;310;1943;Gamer;AAAAA;undefined;OTHER;OTHER
invoice-2910.tiff;1;1;2480;3508;357964;445;1895;162;48;445;1895;607;1895;607;1943;445;1943;Samsung;AAAAAAA;undefined;OTHER;OTHER
invoice-2910.tiff;1;1;2480;3508;357965;618;1895;171;48;618;1895;789;1895;789;1943;618;1943;C27FG73;ANNAANN;undefined;OTHER;OTHER
invoice-2910.tiff;1;1;2480;3508;357966;799;1895;122;48;799;1895;921;1895;921;1943;799;1943;curved;AAAAAA;undefined;OTHER;OTHER
invoice-2910.tiff;1;1;2480;3508;357967;1114;1895;20;48;1114;1895;1134;1895;1134;1943;1114;1943;2;N;undefined;OTHER;OTHER
invoice-2910.tiff;1;1;2480;3508;357968;1312;1895;114;48;1312;1895;1426;1895;1426;1943;1312;1943;367,12;NNNSNN;undefined;OTHER;OTHER
invoice-2910.tiff;1;1;2480;3508;357969;1437;1895;83;48;1437;1895;1520;1895;1520;1943;1437;1943;USD;AAA;undefined;OTHER;OTHER
invoice-2910.tiff;1;1;2480;3508;357970;1692;1895;114;48;1692;1895;1806;1895;1806;1943;1692;1943;20.0%;NNSNS;undefined;OTHER;OTHER
invoice-2910.tiff;1;1;2480;3508;357971;1979;1895;114;48;1979;1895;2093;1895;2093;1943;1979;1943;734,23;NNNSNN;undefined;OTHER;OTHER
invoice-2910.tiff;1;1;2480;3508;357972;2104;1895;83;48;2104;1895;2187;1895;2187;1943;2104;1943;USD;AAA;undefined;OTHER;OTHER
invoice-2910.tiff;1;1;2480;3508;357973;1787;2027;150;51;1787;2027;1937;2027;1937;2078;1787;2078;Amount;AAAAAA;undefined;OTHER;OTHER
invoice-2910.tiff;1;1;2480;3508;357974;1979;2027;135;46;1979;2027;2114;2027;2114;2073;1979;2073;1856,73;NNNNSNN;TWTX;TOTAL_WITHOUT_TAX;TWTXS
invoice-2910.tiff;1;1;2480;3508;357975;2125;2027;83;46;2125;2027;2208;2027;2208;2073;2125;2073;USD;AAA;TWTX;TOTAL_WITHOUT_TAX;TWTXS
invoice-2910.tiff;1;1;2480;3508;357976;1702;2078;94;51;1702;2078;1796;2078;1796;2129;1702;2129;TVA;AAA;undefined;OTHER;OTHER
invoice-2910.tiff;1;1;2480;3508;357977;1808;2078;150;51;1808;2078;1958;2078;1958;2129;1808;2129;Amount;AAAAAA;undefined;OTHER;OTHER
invoice-2910.tiff;1;1;2480;3508;357978;1999;2078;114;46;1999;2078;2113;2078;2113;2124;1999;2124;371,35;NNNSNN;TTX;TOTAL_TAX;Total Tax
invoice-2910.tiff;1;1;2480;3508;357979;2125;2078;83;46;2125;2078;2208;2078;2208;2124;2125;2124;USD;AAA;TTX;TOTAL_TAX;Total Tax
invoice-2910.tiff;1;1;2480;3508;357980;1679;2129;96;51;1679;2129;1775;2129;1775;2180;1679;2180;Total;AAAAA;undefined;OTHER;OTHER
invoice-2910.tiff;1;1;2480;3508;357981;1787;2129;150;51;1787;2129;1937;2129;1937;2180;1787;2180;Amount;AAAAAA;undefined;OTHER;OTHER
invoice-2910.tiff;1;1;2480;3508;357982;1979;2129;135;46;1979;2129;2114;2129;2114;2175;1979;2175;2228,08;NNNNSNN;TA;TOTAL_AMOUNT;Total with TAX
invoice-2910.tiff;1;1;2480;3508;357983;2125;2129;83;46;2125;2129;2208;2129;2208;2175;2125;2175;USD;AAA;TA;TOTAL_AMOUNT;Total with TAX
invoice-2910.tiff;1;1;2480;3508;357984;124;2509;173;52;124;2509;297;2509;297;2561;124;2561;Payment;AAAAAAA;undefined;OTHER;OTHER
invoice-2910.tiff;1;1;2480;3508;357985;309;2509;84;52;309;2509;393;2509;393;2561;309;2561;type;AAAA;undefined;OTHER;OTHER
invoice-2910.tiff;1;1;2480;3508;357986;750;2509;104;46;750;2509;854;2509;854;2555;750;2555;Credit;AAAAAA;PMODE;PAYMENT_MODE;Payment Mode
invoice-2910.tiff;1;1;2480;3508;357987;864;2509;71;46;864;2509;935;2509;935;2555;864;2555;card;AAAA;PMODE;PAYMENT_MODE;Payment Mode
invoice-2910.tiff;1;1;2480;3508;357988;124;3154;175;48;124;3154;299;3154;299;3202;124;3202;BUREAU;AAAAAA;SN;SUPPLIER_NAME;Seller/Company) name
invoice-2910.tiff;1;1;2480;3508;357989;311;3154;277;48;311;3154;588;3154;588;3202;311;3202;D'EXPERTISE;ASAAAAAAAAA;SN;SUPPLIER_NAME;Seller/Company) name
invoice-2910.tiff;1;1;2480;3508;357990;599;3154;212;48;599;3154;811;3154;811;3202;599;3202;AQUITAIN;AAAAAAAA;SN;SUPPLIER_NAME;Seller/Company) name
invoice-2910.tiff;1;1;2480;3508;357991;124;3202;41;45;124;3202;165;3202;165;3247;124;3247;61;NN;SA;SUPPLIER_ADDRESS;Seller Address
invoice-2910.tiff;1;1;2480;3508;357992;177;3202;134;45;177;3202;311;3202;311;3247;177;3247;COURS;AAAAA;SA;SUPPLIER_ADDRESS;Seller Address
invoice-2910.tiff;1;1;2480;3508;357993;321;3202;55;45;321;3202;376;3202;376;3247;321;3247;DE;AA;SA;SUPPLIER_ADDRESS;Seller Address
invoice-2910.tiff;1;1;2480;3508;357994;387;3202;164;45;387;3202;551;3202;551;3247;387;3247;VERDUN;AAAAAA;SA;SUPPLIER_ADDRESS;Seller Address
invoice-2910.tiff;1;1;2480;3508;357995;124;3248;104;45;124;3248;228;3248;228;3293;124;3293;33000;NNNNN;SA;SUPPLIER_ADDRESS;Seller Address
invoice-2910.tiff;1;1;2480;3508;357996;270;3248;217;45;270;3248;487;3248;487;3293;270;3293;BORDEAUX;AAAAAAAA;SA;SUPPLIER_ADDRESS;Seller Address
invoice-2910.tiff;1;1;2480;3508;357997;124;3293;157;45;124;3293;281;3293;281;3338;124;3338;FRANCE;AAAAAA;SA;SUPPLIER_ADDRESS;Seller Address
