src;num_pages;page_id;page_width;page_height;id;col;row;width;height;x1;y1;x2;y2;x3;y3;x4;y4;contents;contents_masked;correctclass;tag;description
invoice-1427.tiff;1;1;2480;3508;175022;1541;62;175;175;1541;62;1716;62;1716;237;1541;237;common/logo;AAAAAASAAAA;img;IMAGE;Image
invoice-1427.tiff;1;1;2480;3508;175019;124;270;155;57;124;270;279;270;279;327;124;327;Invoice;AAAAAAA;undefined;OTHER;OTHER
invoice-1427.tiff;1;1;2480;3508;175020;293;270;73;57;293;270;366;270;366;327;293;327;No.;AAS;undefined;OTHER;OTHER
invoice-1427.tiff;1;1;2480;3508;175021;429;270;328;50;429;270;757;270;757;320;429;320;706-70266-11656;NNNSNNNNNSNNNNN;IN;INVOICE_NUMBER;Invoice Number
invoice-1427.tiff;1;1;2480;3508;175023;1541;412;226;48;1541;412;1767;412;1767;460;1541;460;GREENOIR;AAAAAAAA;SN;SUPPLIER_NAME;Seller/Company) name
invoice-1427.tiff;1;1;2480;3508;175024;1778;412;250;48;1778;412;2028;412;2028;460;1778;460;LOUVETIER;AAAAAAAAA;SN;SUPPLIER_NAME;Seller/Company) name
invoice-1427.tiff;1;1;2480;3508;175025;2039;412;175;48;2039;412;2214;412;2214;460;2039;460;NATURE;AAAAAA;SN;SUPPLIER_NAME;Seller/Company) name
invoice-1427.tiff;1;1;2480;3508;175026;1541;460;81;45;1541;460;1622;460;1622;505;1541;505;RUE;AAA;SA;SUPPLIER_ADDRESS;Seller Address
invoice-1427.tiff;1;1;2480;3508;175027;1633;460;60;45;1633;460;1693;460;1693;505;1633;505;DU;AA;SA;SUPPLIER_ADDRESS;Seller Address
invoice-1427.tiff;1;1;2480;3508;175028;1703;460;222;45;1703;460;1925;460;1925;505;1703;505;LOUVETIER;AAAAAAAAA;SA;SUPPLIER_ADDRESS;Seller Address
invoice-1427.tiff;1;1;2480;3508;175029;1541;506;104;45;1541;506;1645;506;1645;551;1541;551;63320;NNNNN;SA;SUPPLIER_ADDRESS;Seller Address
invoice-1427.tiff;1;1;2480;3508;175030;1687;506;166;45;1687;506;1853;506;1853;551;1687;551;SAURIER;AAAAAAA;SA;SUPPLIER_ADDRESS;Seller Address
invoice-1427.tiff;1;1;2480;3508;175031;1541;552;157;45;1541;552;1698;552;1698;597;1541;597;FRANCE;AAAAAA;SA;SUPPLIER_ADDRESS;Seller Address
invoice-1427.tiff;1;1;2480;3508;175032;1541;598;106;45;1541;598;1647;598;1647;643;1541;643;Phone;AAAAA;undefined;OTHER;OTHER
invoice-1427.tiff;1;1;2480;3508;175033;1710;598;69;45;1710;598;1779;598;1779;643;1710;643;+33;SNN;SCN;SUPPLIER_CONTACT_NUMBER;Seller Contact Number
invoice-1427.tiff;1;1;2480;3508;175034;1790;598;20;45;1790;598;1810;598;1810;643;1790;643;0;N;SCN;SUPPLIER_CONTACT_NUMBER;Seller Contact Number
invoice-1427.tiff;1;1;2480;3508;175035;1822;598;62;45;1822;598;1884;598;1884;643;1822;643;842;NNN;SCN;SUPPLIER_CONTACT_NUMBER;Seller Contact Number
invoice-1427.tiff;1;1;2480;3508;175036;1894;598;62;45;1894;598;1956;598;1956;643;1894;643;962;NNN;SCN;SUPPLIER_CONTACT_NUMBER;Seller Contact Number
invoice-1427.tiff;1;1;2480;3508;175037;1967;598;62;45;1967;598;2029;598;2029;643;1967;643;360;NNN;SCN;SUPPLIER_CONTACT_NUMBER;Seller Contact Number
invoice-1427.tiff;1;1;2480;3508;175038;1541;643;64;45;1541;643;1605;643;1605;688;1541;688;Fax;AAA;undefined;OTHER;OTHER
invoice-1427.tiff;1;1;2480;3508;175039;1668;643;69;45;1668;643;1737;643;1737;688;1668;688;+33;SNN;SFAX;SUPPLIER_FAX_NUMBER;Seller Fax Number
invoice-1427.tiff;1;1;2480;3508;175040;1749;643;20;45;1749;643;1769;643;1769;688;1749;688;0;N;SFAX;SUPPLIER_FAX_NUMBER;Seller Fax Number
invoice-1427.tiff;1;1;2480;3508;175041;1780;643;62;45;1780;643;1842;643;1842;688;1780;688;842;NNN;SFAX;SUPPLIER_FAX_NUMBER;Seller Fax Number
invoice-1427.tiff;1;1;2480;3508;175042;1853;643;62;45;1853;643;1915;643;1915;688;1853;688;962;NNN;SFAX;SUPPLIER_FAX_NUMBER;Seller Fax Number
invoice-1427.tiff;1;1;2480;3508;175043;1926;643;62;45;1926;643;1988;643;1988;688;1926;688;561;NNN;SFAX;SUPPLIER_FAX_NUMBER;Seller Fax Number
invoice-1427.tiff;1;1;2480;3508;175044;124;1016;125;57;124;1016;249;1016;249;1073;124;1073;Billed;AAAAAA;undefined;OTHER;OTHER
invoice-1427.tiff;1;1;2480;3508;175045;262;1016;58;57;262;1016;320;1016;320;1073;262;1073;To;AA;undefined;OTHER;OTHER
invoice-1427.tiff;1;1;2480;3508;175046;124;1073;148;48;124;1073;272;1073;272;1121;124;1121;Arnoldo;AAAAAAA;BN;BILLING_NAME;Billing Name
invoice-1427.tiff;1;1;2480;3508;175047;283;1073;106;48;283;1073;389;1073;389;1121;283;1121;Ratke;AAAAA;BN;BILLING_NAME;Billing Name
invoice-1427.tiff;1;1;2480;3508;175048;124;1121;72;45;124;1121;196;1121;196;1166;124;1166;127,;NNNS;BA;BILLING_ADDRESS;Billing Address
invoice-1427.tiff;1;1;2480;3508;175049;208;1121;120;45;208;1121;328;1121;328;1166;208;1166;chemin;AAAAAA;BA;BILLING_ADDRESS;Billing Address
invoice-1427.tiff;1;1;2480;3508;175050;339;1121;41;45;339;1121;380;1121;380;1166;339;1166;du;AA;BA;BILLING_ADDRESS;Billing Address
invoice-1427.tiff;1;1;2480;3508;175051;391;1121;85;45;391;1121;476;1121;476;1166;391;1166;janin;AAAAA;BA;BILLING_ADDRESS;Billing Address
invoice-1427.tiff;1;1;2480;3508;175052;124;1167;104;45;124;1167;228;1167;228;1212;124;1212;38430;NNNNN;BA;BILLING_ADDRESS;Billing Address
invoice-1427.tiff;1;1;2480;3508;175053;270;1167;386;45;270;1167;656;1167;656;1212;270;1212;Saint-Jean-de-Moirans;AAAAASAAAASAASAAAAAAA;BA;BILLING_ADDRESS;Billing Address
invoice-1427.tiff;1;1;2480;3508;175066;1541;1169;91;52;1541;1169;1632;1169;1632;1221;1541;1221;Date;AAAA;undefined;OTHER;OTHER
invoice-1427.tiff;1;1;2480;3508;175067;2166;1169;20;46;2166;1169;2186;1169;2186;1215;2166;1215;5;N;IDATE;INVOICE_DATE;Invoice Date
invoice-1427.tiff;1;1;2480;3508;175068;2197;1169;65;46;2197;1169;2262;1169;2262;1215;2197;1215;sep,;AAAS;IDATE;INVOICE_DATE;Invoice Date
invoice-1427.tiff;1;1;2480;3508;175069;2274;1169;83;46;2274;1169;2357;1169;2357;1215;2274;1215;1982;NNNN;IDATE;INVOICE_DATE;Invoice Date
invoice-1427.tiff;1;1;2480;3508;175054;124;1213;120;45;124;1213;244;1213;244;1258;124;1258;France;AAAAAA;BA;BILLING_ADDRESS;Billing Address
invoice-1427.tiff;1;1;2480;3508;175070;1541;1243;119;52;1541;1243;1660;1243;1660;1295;1541;1295;Client;AAAAAA;undefined;OTHER;OTHER
invoice-1427.tiff;1;1;2480;3508;175071;1672;1243;67;52;1672;1243;1739;1243;1739;1295;1672;1295;No.;AAS;undefined;OTHER;OTHER
invoice-1427.tiff;1;1;2480;3508;175072;2166;1243;215;46;2166;1243;2381;1243;2381;1289;2166;1289;147-665-174;NNNSNNNSNNN;CNUM;CLIENT_NUMBER;Client Number
invoice-1427.tiff;1;1;2480;3508;175055;124;1301;175;57;124;1301;299;1301;299;1358;124;1358;Shipped;AAAAAAA;undefined;OTHER;OTHER
invoice-1427.tiff;1;1;2480;3508;175056;312;1301;58;57;312;1301;370;1301;370;1358;312;1358;To;AA;undefined;OTHER;OTHER
invoice-1427.tiff;1;1;2480;3508;175073;1541;1317;122;52;1541;1317;1663;1317;1663;1369;1541;1369;Order;AAAAA;undefined;OTHER;OTHER
invoice-1427.tiff;1;1;2480;3508;175074;1675;1317;67;52;1675;1317;1742;1317;1742;1369;1675;1369;No.;AAS;undefined;OTHER;OTHER
invoice-1427.tiff;1;1;2480;3508;175075;2166;1317;138;46;2166;1317;2304;1317;2304;1363;2166;1363;645-897;NNNSNNN;ONUM;ORDER_NUMBER;Order Number
invoice-1427.tiff;1;1;2480;3508;175057;124;1358;148;48;124;1358;272;1358;272;1406;124;1406;Arnoldo;AAAAAAA;SHN;SHIPPING_NAME;Shipping Name
invoice-1427.tiff;1;1;2480;3508;175058;283;1358;106;48;283;1358;389;1358;389;1406;283;1406;Ratke;AAAAA;SHN;SHIPPING_NAME;Shipping Name
invoice-1427.tiff;1;1;2480;3508;175059;124;1406;72;45;124;1406;196;1406;196;1451;124;1451;127,;NNNS;SHA;SHIPPING_ADDRESS;Shipping Address
invoice-1427.tiff;1;1;2480;3508;175060;208;1406;120;45;208;1406;328;1406;328;1451;208;1451;chemin;AAAAAA;SHA;SHIPPING_ADDRESS;Shipping Address
invoice-1427.tiff;1;1;2480;3508;175061;339;1406;41;45;339;1406;380;1406;380;1451;339;1451;du;AA;SHA;SHIPPING_ADDRESS;Shipping Address
invoice-1427.tiff;1;1;2480;3508;175062;391;1406;85;45;391;1406;476;1406;476;1451;391;1451;janin;AAAAA;SHA;SHIPPING_ADDRESS;Shipping Address
invoice-1427.tiff;1;1;2480;3508;175063;124;1452;104;45;124;1452;228;1452;228;1497;124;1497;38430;NNNNN;SHA;SHIPPING_ADDRESS;Shipping Address
invoice-1427.tiff;1;1;2480;3508;175064;270;1452;386;45;270;1452;656;1452;656;1497;270;1497;Saint-Jean-de-Moirans;AAAAASAAAASAASAAAAAAA;SHA;SHIPPING_ADDRESS;Shipping Address
invoice-1427.tiff;1;1;2480;3508;175065;124;1498;120;45;124;1498;244;1498;244;1543;124;1543;France;AAAAAA;SHA;SHIPPING_ADDRESS;Shipping Address
invoice-1427.tiff;1;1;2480;3508;175076;174;1821;67;52;174;1821;241;1821;241;1873;174;1873;No.;AAS;undefined;OTHER;OTHER
invoice-1427.tiff;1;1;2480;3508;175077;565;1821;244;52;565;1821;809;1821;809;1873;565;1873;Descriptions;AAAAAAAAAAAA;undefined;OTHER;OTHER
invoice-1427.tiff;1;1;2480;3508;175078;1192;1821;73;52;1192;1821;1265;1821;1265;1873;1192;1873;Qty;AAA;undefined;OTHER;OTHER
invoice-1427.tiff;1;1;2480;3508;175079;1478;1821;84;52;1478;1821;1562;1821;1562;1873;1478;1873;U.P.;ASAS;undefined;OTHER;OTHER
invoice-1427.tiff;1;1;2480;3508;175080;1709;1821;206;52;1709;1821;1915;1821;1915;1873;1709;1873;VAT/TVA;AAASAAA;undefined;OTHER;OTHER
invoice-1427.tiff;1;1;2480;3508;175081;2023;1821;160;52;2023;1821;2183;1821;2183;1873;2023;1873;Amount;AAAAAA;undefined;OTHER;OTHER
invoice-1427.tiff;1;1;2480;3508;175082;197;1895;20;48;197;1895;217;1895;217;1943;197;1943;1;N;undefined;OTHER;OTHER
invoice-1427.tiff;1;1;2480;3508;175083;291;1895;138;48;291;1895;429;1895;429;1943;291;1943;Lecteur;AAAAAAA;undefined;OTHER;OTHER
invoice-1427.tiff;1;1;2480;3508;175084;440;1895;85;48;440;1895;525;1895;525;1943;440;1943;MP4;AAN;undefined;OTHER;OTHER
invoice-1427.tiff;1;1;2480;3508;175085;536;1895;106;48;536;1895;642;1895;642;1943;536;1943;Apple;AAAAA;undefined;OTHER;OTHER
invoice-1427.tiff;1;1;2480;3508;175086;653;1895;83;48;653;1895;736;1895;736;1943;653;1943;Ipod;AAAA;undefined;OTHER;OTHER
invoice-1427.tiff;1;1;2480;3508;175087;747;1895;113;48;747;1895;860;1895;860;1943;747;1943;Touch;AAAAA;undefined;OTHER;OTHER
invoice-1427.tiff;1;1;2480;3508;175088;871;1895;94;48;871;1895;965;1895;965;1943;871;1943;32Go;NNAA;undefined;OTHER;OTHER
invoice-1427.tiff;1;1;2480;3508;175089;976;1895;81;48;976;1895;1057;1895;1057;1943;976;1943;Bleu;AAAA;undefined;OTHER;OTHER
invoice-1427.tiff;1;1;2480;3508;175090;1218;1895;20;48;1218;1895;1238;1895;1238;1943;1218;1943;3;N;undefined;OTHER;OTHER
invoice-1427.tiff;1;1;2480;3508;175091;1414;1895;114;48;1414;1895;1528;1895;1528;1943;1414;1943;240,83;NNNSNN;undefined;OTHER;OTHER
invoice-1427.tiff;1;1;2480;3508;175092;1539;1895;87;48;1539;1895;1626;1895;1626;1943;1539;1943;EUR;AAA;undefined;OTHER;OTHER
invoice-1427.tiff;1;1;2480;3508;175093;1755;1895;114;48;1755;1895;1869;1895;1869;1943;1755;1943;20.0%;NNSNS;undefined;OTHER;OTHER
invoice-1427.tiff;1;1;2480;3508;175094;1997;1895;114;48;1997;1895;2111;1895;2111;1943;1997;1943;722,50;NNNSNN;undefined;OTHER;OTHER
invoice-1427.tiff;1;1;2480;3508;175095;2122;1895;87;48;2122;1895;2209;1895;2209;1943;2122;1943;EUR;AAA;undefined;OTHER;OTHER
invoice-1427.tiff;1;1;2480;3508;175096;197;1985;20;48;197;1985;217;1985;217;2033;197;2033;2;N;undefined;OTHER;OTHER
invoice-1427.tiff;1;1;2480;3508;175097;291;1985;127;48;291;1985;418;1985;418;2033;291;2033;Housse;AAAAAA;undefined;OTHER;OTHER
invoice-1427.tiff;1;1;2480;3508;175098;429;1985;113;48;429;1985;542;1985;542;2033;429;2033;Incase;AAAAAA;undefined;OTHER;OTHER
invoice-1427.tiff;1;1;2480;3508;175099;553;1985;171;48;553;1985;724;1985;724;2033;553;2033;MacBook;AAAAAAA;undefined;OTHER;OTHER
invoice-1427.tiff;1;1;2480;3508;175100;734;1985;60;48;734;1985;794;1985;794;2033;734;2033;Air;AAA;undefined;OTHER;OTHER
invoice-1427.tiff;1;1;2480;3508;175101;805;1985;64;48;805;1985;869;1985;869;2033;805;2033;11'';NNSS;undefined;OTHER;OTHER
invoice-1427.tiff;1;1;2480;3508;175102;880;1985;111;48;880;1985;991;1985;991;2033;880;2033;Sleeve;AAAAAA;undefined;OTHER;OTHER
invoice-1427.tiff;1;1;2480;3508;175104;1218;1985;20;48;1218;1985;1238;1985;1238;2033;1218;2033;4;N;undefined;OTHER;OTHER
invoice-1427.tiff;1;1;2480;3508;175105;1424;1985;93;48;1424;1985;1517;1985;1517;2033;1424;2033;41,66;NNSNN;undefined;OTHER;OTHER
invoice-1427.tiff;1;1;2480;3508;175106;1528;1985;87;48;1528;1985;1615;1985;1615;2033;1528;2033;EUR;AAA;undefined;OTHER;OTHER
invoice-1427.tiff;1;1;2480;3508;175107;1755;1985;114;48;1755;1985;1869;1985;1869;2033;1755;2033;20.0%;NNSNS;undefined;OTHER;OTHER
invoice-1427.tiff;1;1;2480;3508;175108;1997;1985;114;48;1997;1985;2111;1985;2111;2033;1997;2033;166,63;NNNSNN;undefined;OTHER;OTHER
invoice-1427.tiff;1;1;2480;3508;175109;2122;1985;87;48;2122;1985;2209;1985;2209;2033;2122;2033;EUR;AAA;undefined;OTHER;OTHER
invoice-1427.tiff;1;1;2480;3508;175103;291;2033;85;48;291;2033;376;2033;376;2081;291;2081;grise;AAAAA;undefined;OTHER;OTHER
invoice-1427.tiff;1;1;2480;3508;175110;197;2123;20;48;197;2123;217;2123;217;2171;197;2171;3;N;undefined;OTHER;OTHER
invoice-1427.tiff;1;1;2480;3508;175111;291;2123;87;48;291;2123;378;2123;378;2171;291;2171;Four;AAAA;undefined;OTHER;OTHER
invoice-1427.tiff;1;1;2480;3508;175112;390;2123;212;48;390;2123;602;2123;602;2171;390;2171;Encastrable;AAAAAAAAAAA;undefined;OTHER;OTHER
invoice-1427.tiff;1;1;2480;3508;175113;613;2123;185;48;613;2123;798;2123;798;2171;613;2171;Electrolux;AAAAAAAAAA;undefined;OTHER;OTHER
invoice-1427.tiff;1;1;2480;3508;175114;809;2123;266;48;809;2123;1075;2123;1075;2171;809;2171;EOA3404AOX;AAANNNNAAA;undefined;OTHER;OTHER
invoice-1427.tiff;1;1;2480;3508;175115;1218;2123;20;48;1218;2123;1238;2123;1238;2171;1218;2171;3;N;undefined;OTHER;OTHER
invoice-1427.tiff;1;1;2480;3508;175116;1414;2123;114;48;1414;2123;1528;2123;1528;2171;1414;2171;245,83;NNNSNN;undefined;OTHER;OTHER
invoice-1427.tiff;1;1;2480;3508;175117;1539;2123;87;48;1539;2123;1626;2123;1626;2171;1539;2171;EUR;AAA;undefined;OTHER;OTHER
invoice-1427.tiff;1;1;2480;3508;175118;1755;2123;114;48;1755;2123;1869;2123;1869;2171;1755;2171;20.0%;NNSNS;undefined;OTHER;OTHER
invoice-1427.tiff;1;1;2480;3508;175119;1997;2123;114;48;1997;2123;2111;2123;2111;2171;1997;2171;737,50;NNNSNN;undefined;OTHER;OTHER
invoice-1427.tiff;1;1;2480;3508;175120;2122;2123;87;48;2122;2123;2209;2123;2209;2171;2122;2171;EUR;AAA;undefined;OTHER;OTHER
invoice-1427.tiff;1;1;2480;3508;175121;1843;2254;173;52;1843;2254;2016;2254;2016;2306;1843;2306;Discount;AAAAAAAA;undefined;OTHER;OTHER
invoice-1427.tiff;1;1;2480;3508;175122;2037;2254;72;48;2037;2254;2109;2254;2109;2302;2037;2302;0,00;NSNN;undefined;OTHER;OTHER
invoice-1427.tiff;1;1;2480;3508;175123;2120;2254;87;48;2120;2254;2207;2254;2207;2302;2120;2302;EUR;AAA;undefined;OTHER;OTHER
invoice-1427.tiff;1;1;2480;3508;175124;1772;2307;160;52;1772;2307;1932;2307;1932;2359;1772;2359;Amount;AAAAAA;undefined;OTHER;OTHER
invoice-1427.tiff;1;1;2480;3508;175125;1974;2307;135;48;1974;2307;2109;2307;2109;2355;1974;2355;1626,63;NNNNSNN;TWTX;TOTAL_WITHOUT_TAX;TWTXS
invoice-1427.tiff;1;1;2480;3508;175126;2120;2307;87;48;2120;2307;2207;2307;2207;2355;2120;2355;EUR;AAA;TWTX;TOTAL_WITHOUT_TAX;TWTXS
invoice-1427.tiff;1;1;2480;3508;175127;1845;2360;206;52;1845;2360;2051;2360;2051;2412;1845;2412;VAT/TVA;AAASAAA;undefined;OTHER;OTHER
invoice-1427.tiff;1;1;2480;3508;175128;2093;2360;114;48;2093;2360;2207;2360;2207;2408;2093;2408;20.0%;NNSNS;TXR;TAX_RATE;Tax Rate
invoice-1427.tiff;1;1;2480;3508;175129;1685;2412;96;52;1685;2412;1781;2412;1781;2464;1685;2464;TVA;AAA;undefined;OTHER;OTHER
invoice-1427.tiff;1;1;2480;3508;175130;1793;2412;160;52;1793;2412;1953;2412;1953;2464;1793;2464;Amount;AAAAAA;undefined;OTHER;OTHER
invoice-1427.tiff;1;1;2480;3508;175131;1995;2412;114;48;1995;2412;2109;2412;2109;2460;1995;2460;325,33;NNNSNN;TTX;TOTAL_TAX;Total Tax
invoice-1427.tiff;1;1;2480;3508;175132;2120;2412;87;48;2120;2412;2207;2412;2207;2460;2120;2460;EUR;AAA;TTX;TOTAL_TAX;Total Tax
invoice-1427.tiff;1;1;2480;3508;175133;1656;2465;104;52;1656;2465;1760;2465;1760;2517;1656;2517;Total;AAAAA;undefined;OTHER;OTHER
invoice-1427.tiff;1;1;2480;3508;175134;1772;2465;160;52;1772;2465;1932;2465;1932;2517;1772;2517;Amount;AAAAAA;undefined;OTHER;OTHER
invoice-1427.tiff;1;1;2480;3508;175135;1974;2465;135;48;1974;2465;2109;2465;2109;2513;1974;2513;1951,96;NNNNSNN;TA;TOTAL_AMOUNT;Total with TAX
invoice-1427.tiff;1;1;2480;3508;175136;2120;2465;87;48;2120;2465;2207;2465;2207;2513;2120;2513;EUR;AAA;TA;TOTAL_AMOUNT;Total with TAX
invoice-1427.tiff;1;1;2480;3508;175137;124;2847;173;52;124;2847;297;2847;297;2899;124;2899;Payment;AAAAAAA;undefined;OTHER;OTHER
invoice-1427.tiff;1;1;2480;3508;175138;309;2847;84;52;309;2847;393;2847;393;2899;309;2899;type;AAAA;undefined;OTHER;OTHER
invoice-1427.tiff;1;1;2480;3508;175139;750;2847;127;46;750;2847;877;2847;877;2893;750;2893;Cheque;AAAAAA;PMODE;PAYMENT_MODE;Payment Mode
invoice-1427.tiff;1;1;2480;3508;175140;124;3175;226;48;124;3175;350;3175;350;3223;124;3223;GREENOIR;AAAAAAAA;SN;SUPPLIER_NAME;Seller/Company) name
invoice-1427.tiff;1;1;2480;3508;175141;362;3175;250;48;362;3175;612;3175;612;3223;362;3223;LOUVETIER;AAAAAAAAA;SN;SUPPLIER_NAME;Seller/Company) name
invoice-1427.tiff;1;1;2480;3508;175142;622;3175;175;48;622;3175;797;3175;797;3223;622;3223;NATURE;AAAAAA;SN;SUPPLIER_NAME;Seller/Company) name
invoice-1427.tiff;1;1;2480;3508;175143;124;3223;81;45;124;3223;205;3223;205;3268;124;3268;RUE;AAA;SA;SUPPLIER_ADDRESS;Seller Address
invoice-1427.tiff;1;1;2480;3508;175144;216;3223;60;45;216;3223;276;3223;276;3268;216;3268;DU;AA;SA;SUPPLIER_ADDRESS;Seller Address
invoice-1427.tiff;1;1;2480;3508;175145;287;3223;222;45;287;3223;509;3223;509;3268;287;3268;LOUVETIER;AAAAAAAAA;SA;SUPPLIER_ADDRESS;Seller Address
invoice-1427.tiff;1;1;2480;3508;175146;517;3223;13;45;517;3223;530;3223;530;3268;517;3268;-;S;SA;SUPPLIER_ADDRESS;Seller Address
invoice-1427.tiff;1;1;2480;3508;175147;541;3223;104;45;541;3223;645;3223;645;3268;541;3268;63320;NNNNN;SA;SUPPLIER_ADDRESS;Seller Address
invoice-1427.tiff;1;1;2480;3508;175148;664;3223;166;45;664;3223;830;3223;830;3268;664;3268;SAURIER;AAAAAAA;SA;SUPPLIER_ADDRESS;Seller Address
invoice-1427.tiff;1;1;2480;3508;175149;839;3223;13;45;839;3223;852;3223;852;3268;839;3268;-;S;SA;SUPPLIER_ADDRESS;Seller Address
invoice-1427.tiff;1;1;2480;3508;175150;864;3223;157;45;864;3223;1021;3223;1021;3268;864;3268;FRANCE;AAAAAA;SA;SUPPLIER_ADDRESS;Seller Address
