src;num_pages;page_id;page_width;page_height;id;col;row;width;height;x1;y1;x2;y2;x3;y3;x4;y4;contents;contents_masked;correctclass;tag;description
invoice-1497.tiff;1;1;2480;3508;183656;124;62;175;175;124;62;299;62;299;237;124;237;common/logo;AAAAAASAAAA;img;IMAGE;Image
invoice-1497.tiff;1;1;2480;3508;183670;1541;270;155;57;1541;270;1696;270;1696;327;1541;327;Invoice;AAAAAAA;undefined;OTHER;OTHER
invoice-1497.tiff;1;1;2480;3508;183671;1709;270;213;57;1709;270;1922;270;1922;327;1709;327;Reference;AAAAAAAAA;undefined;OTHER;OTHER
invoice-1497.tiff;1;1;2480;3508;183672;1985;270;285;50;1985;270;2270;270;2270;320;1985;320;FV2014007660;AANNNNNNNNNN;IN;INVOICE_NUMBER;Invoice Number
invoice-1497.tiff;1;1;2480;3508;183657;124;412;27;48;124;412;151;412;151;460;124;460;L;A;SN;SUPPLIER_NAME;Seller/Company) name
invoice-1497.tiff;1;1;2480;3508;183658;163;412;212;48;163;412;375;412;375;460;163;460;IMPERIAL;AAAAAAAA;SN;SUPPLIER_NAME;Seller/Company) name
invoice-1497.tiff;1;1;2480;3508;183659;124;460;41;45;124;460;165;460;165;505;124;505;95;NN;SA;SUPPLIER_ADDRESS;Seller Address
invoice-1497.tiff;1;1;2480;3508;183660;177;460;81;45;177;460;258;460;258;505;177;505;RUE;AAA;SA;SUPPLIER_ADDRESS;Seller Address
invoice-1497.tiff;1;1;2480;3508;183661;268;460;129;45;268;460;397;460;397;505;268;505;DIGUE;AAAAA;SA;SUPPLIER_ADDRESS;Seller Address
invoice-1497.tiff;1;1;2480;3508;183662;408;460;55;45;408;460;463;460;463;505;408;505;DE;AA;SA;SUPPLIER_ADDRESS;Seller Address
invoice-1497.tiff;1;1;2480;3508;183663;474;460;85;45;474;460;559;460;559;505;474;505;MER;AAA;SA;SUPPLIER_ADDRESS;Seller Address
invoice-1497.tiff;1;1;2480;3508;183664;124;506;104;45;124;506;228;506;228;551;124;551;59240;NNNNN;SA;SUPPLIER_ADDRESS;Seller Address
invoice-1497.tiff;1;1;2480;3508;183665;270;506;252;45;270;506;522;506;522;551;270;551;DUNKERQUE;AAAAAAAAA;SA;SUPPLIER_ADDRESS;Seller Address
invoice-1497.tiff;1;1;2480;3508;183666;124;552;106;45;124;552;230;552;230;597;124;597;Phone;AAAAA;undefined;OTHER;OTHER
invoice-1497.tiff;1;1;2480;3508;183667;293;552;263;45;293;552;556;552;556;597;293;597;09-56-12-51-25;NNSNNSNNSNNSNN;SCN;SUPPLIER_CONTACT_NUMBER;Seller Contact Number
invoice-1497.tiff;1;1;2480;3508;183668;124;598;64;45;124;598;188;598;188;643;124;643;Fax;AAA;undefined;OTHER;OTHER
invoice-1497.tiff;1;1;2480;3508;183669;252;598;263;45;252;598;515;598;515;643;252;643;09-56-12-24-76;NNSNNSNNSNNSNN;SFAX;SUPPLIER_FAX_NUMBER;Seller Fax Number
invoice-1497.tiff;1;1;2480;3508;183673;124;970;94;57;124;970;218;970;218;1027;124;1027;Sold;AAAA;undefined;OTHER;OTHER
invoice-1497.tiff;1;1;2480;3508;183674;232;970;58;57;232;970;290;970;290;1027;232;1027;To;AA;undefined;OTHER;OTHER
invoice-1497.tiff;1;1;2480;3508;183675;124;1028;94;48;124;1028;218;1028;218;1076;124;1076;Brisa;AAAAA;BN;BILLING_NAME;Billing Name
invoice-1497.tiff;1;1;2480;3508;183676;230;1028;67;48;230;1028;297;1028;297;1076;230;1076;Feil;AAAA;BN;BILLING_NAME;Billing Name
invoice-1497.tiff;1;1;2480;3508;183677;124;1076;52;45;124;1076;176;1076;176;1121;124;1121;25,;NNS;BA;BILLING_ADDRESS;Billing Address
invoice-1497.tiff;1;1;2480;3508;183678;187;1076;30;45;187;1076;217;1076;217;1121;187;1121;le;AA;BA;BILLING_ADDRESS;Billing Address
invoice-1497.tiff;1;1;2480;3508;183679;228;1076;67;45;228;1076;295;1076;295;1121;228;1121;clos;AAAA;BA;BILLING_ADDRESS;Billing Address
invoice-1497.tiff;1;1;2480;3508;183680;305;1076;41;45;305;1076;346;1076;346;1121;305;1121;du;AA;BA;BILLING_ADDRESS;Billing Address
invoice-1497.tiff;1;1;2480;3508;183681;357;1076;69;45;357;1076;426;1076;426;1121;357;1121;bois;AAAA;BA;BILLING_ADDRESS;Billing Address
invoice-1497.tiff;1;1;2480;3508;183682;124;1121;104;45;124;1121;228;1121;228;1166;124;1166;31130;NNNNN;BA;BILLING_ADDRESS;Billing Address
invoice-1497.tiff;1;1;2480;3508;183683;270;1121;108;45;270;1121;378;1121;378;1166;270;1166;Balma;AAAAA;BA;BILLING_ADDRESS;Billing Address
invoice-1497.tiff;1;1;2480;3508;183697;1541;1160;117;52;1541;1160;1658;1160;1658;1212;1541;1212;Dated;AAAAA;undefined;OTHER;OTHER
invoice-1497.tiff;1;1;2480;3508;183698;2166;1160;60;46;2166;1160;2226;1160;2226;1206;2166;1206;ago;AAA;IDATE;INVOICE_DATE;Invoice Date
invoice-1497.tiff;1;1;2480;3508;183699;2237;1160;52;46;2237;1160;2289;1160;2289;1206;2237;1206;24,;NNS;IDATE;INVOICE_DATE;Invoice Date
invoice-1497.tiff;1;1;2480;3508;183700;2299;1160;83;46;2299;1160;2382;1160;2382;1206;2299;1206;2000;NNNN;IDATE;INVOICE_DATE;Invoice Date
invoice-1497.tiff;1;1;2480;3508;183684;124;1167;120;45;124;1167;244;1167;244;1212;124;1212;France;AAAAAA;BA;BILLING_ADDRESS;Billing Address
invoice-1497.tiff;1;1;2480;3508;183701;1541;1234;119;52;1541;1234;1660;1234;1660;1286;1541;1286;Client;AAAAAA;undefined;OTHER;OTHER
invoice-1497.tiff;1;1;2480;3508;183702;1672;1234;195;52;1672;1234;1867;1234;1867;1286;1672;1286;Reference;AAAAAAAAA;undefined;OTHER;OTHER
invoice-1497.tiff;1;1;2480;3508;183703;2166;1234;199;46;2166;1234;2365;1234;2365;1280;2166;1280;CL1040061;AANNNNNNN;CNUM;CLIENT_NUMBER;Client Number
invoice-1497.tiff;1;1;2480;3508;183685;124;1255;105;57;124;1255;229;1255;229;1312;124;1312;Send;AAAA;undefined;OTHER;OTHER
invoice-1497.tiff;1;1;2480;3508;183686;243;1255;58;57;243;1255;301;1255;301;1312;243;1312;To;AA;undefined;OTHER;OTHER
invoice-1497.tiff;1;1;2480;3508;183687;124;1312;94;48;124;1312;218;1312;218;1360;124;1360;Brisa;AAAAA;SHN;SHIPPING_NAME;Shipping Name
invoice-1497.tiff;1;1;2480;3508;183688;230;1312;67;48;230;1312;297;1312;297;1360;230;1360;Feil;AAAA;SHN;SHIPPING_NAME;Shipping Name
invoice-1497.tiff;1;1;2480;3508;183689;124;1360;52;45;124;1360;176;1360;176;1405;124;1405;25,;NNS;SHA;SHIPPING_ADDRESS;Shipping Address
invoice-1497.tiff;1;1;2480;3508;183690;187;1360;30;45;187;1360;217;1360;217;1405;187;1405;le;AA;SHA;SHIPPING_ADDRESS;Shipping Address
invoice-1497.tiff;1;1;2480;3508;183691;228;1360;67;45;228;1360;295;1360;295;1405;228;1405;clos;AAAA;SHA;SHIPPING_ADDRESS;Shipping Address
invoice-1497.tiff;1;1;2480;3508;183692;305;1360;41;45;305;1360;346;1360;346;1405;305;1405;du;AA;SHA;SHIPPING_ADDRESS;Shipping Address
invoice-1497.tiff;1;1;2480;3508;183693;357;1360;69;45;357;1360;426;1360;426;1405;357;1405;bois;AAAA;SHA;SHIPPING_ADDRESS;Shipping Address
invoice-1497.tiff;1;1;2480;3508;183694;124;1406;104;45;124;1406;228;1406;228;1451;124;1451;31130;NNNNN;SHA;SHIPPING_ADDRESS;Shipping Address
invoice-1497.tiff;1;1;2480;3508;183695;270;1406;108;45;270;1406;378;1406;378;1451;270;1451;Balma;AAAAA;SHA;SHIPPING_ADDRESS;Shipping Address
invoice-1497.tiff;1;1;2480;3508;183696;124;1452;120;45;124;1452;244;1452;244;1497;124;1497;France;AAAAAA;SHA;SHIPPING_ADDRESS;Shipping Address
invoice-1497.tiff;1;1;2480;3508;183704;162;1776;175;52;162;1776;337;1776;337;1828;162;1828;Quantity;AAAAAAAA;undefined;OTHER;OTHER
invoice-1497.tiff;1;1;2480;3508;183705;614;1776;157;52;614;1776;771;1776;771;1828;614;1828;Product;AAAAAAA;undefined;OTHER;OTHER
invoice-1497.tiff;1;1;2480;3508;183706;783;1776;226;52;783;1776;1009;1776;1009;1828;783;1828;Description;AAAAAAAAAAA;undefined;OTHER;OTHER
invoice-1497.tiff;1;1;2480;3508;183707;1316;1776;86;52;1316;1776;1402;1776;1402;1828;1316;1828;Unit;AAAA;undefined;OTHER;OTHER
invoice-1497.tiff;1;1;2480;3508;183708;1414;1776;101;52;1414;1776;1515;1776;1515;1828;1414;1828;Price;AAAAA;undefined;OTHER;OTHER
invoice-1497.tiff;1;1;2480;3508;183709;1650;1776;96;52;1650;1776;1746;1776;1746;1828;1650;1828;TVA;AAA;undefined;OTHER;OTHER
invoice-1497.tiff;1;1;2480;3508;183710;1758;1776;91;52;1758;1776;1849;1776;1849;1828;1758;1828;Rate;AAAA;undefined;OTHER;OTHER
invoice-1497.tiff;1;1;2480;3508;183711;2031;1776;104;52;2031;1776;2135;1776;2135;1828;2031;1828;Total;AAAAA;undefined;OTHER;OTHER
invoice-1497.tiff;1;1;2480;3508;183712;239;1849;20;48;239;1849;259;1849;259;1897;239;1897;1;N;undefined;OTHER;OTHER
invoice-1497.tiff;1;1;2480;3508;183713;375;1849;157;48;375;1849;532;1849;532;1897;375;1897;Appareil;AAAAAAAA;undefined;OTHER;OTHER
invoice-1497.tiff;1;1;2480;3508;183714;542;1849;101;48;542;1849;643;1849;643;1897;542;1897;photo;AAAAA;undefined;OTHER;OTHER
invoice-1497.tiff;1;1;2480;3508;183715;655;1849;113;48;655;1849;768;1849;768;1897;655;1897;Reflex;AAAAAA;undefined;OTHER;OTHER
invoice-1497.tiff;1;1;2480;3508;183716;778;1849;108;48;778;1849;886;1849;886;1897;778;1897;Nikon;AAAAA;undefined;OTHER;OTHER
invoice-1497.tiff;1;1;2480;3508;183717;898;1849;92;48;898;1849;990;1849;990;1897;898;1897;D750;ANNN;undefined;OTHER;OTHER
invoice-1497.tiff;1;1;2480;3508;183718;1001;1849;53;48;1001;1849;1054;1849;1054;1897;1001;1897;Nu;AA;undefined;OTHER;OTHER
invoice-1497.tiff;1;1;2480;3508;183719;1333;1849;135;48;1333;1849;1468;1849;1468;1897;1333;1897;1607,50;NNNNSNN;undefined;OTHER;OTHER
invoice-1497.tiff;1;1;2480;3508;183720;1479;1849;20;48;1479;1849;1499;1849;1499;1897;1479;1897;$;S;undefined;OTHER;OTHER
invoice-1497.tiff;1;1;2480;3508;183721;1692;1849;114;48;1692;1849;1806;1849;1806;1897;1692;1897;20.0%;NNSNS;undefined;OTHER;OTHER
invoice-1497.tiff;1;1;2480;3508;183722;1999;1849;135;48;1999;1849;2134;1849;2134;1897;1999;1897;1607,50;NNNNSNN;undefined;OTHER;OTHER
invoice-1497.tiff;1;1;2480;3508;183723;2145;1849;20;48;2145;1849;2165;1849;2165;1897;2145;1897;$;S;undefined;OTHER;OTHER
invoice-1497.tiff;1;1;2480;3508;183724;239;1939;20;48;239;1939;259;1939;259;1987;239;1987;4;N;undefined;OTHER;OTHER
invoice-1497.tiff;1;1;2480;3508;183725;375;1939;108;48;375;1939;483;1939;483;1987;375;1987;Ecran;AAAAA;undefined;OTHER;OTHER
invoice-1497.tiff;1;1;2480;3508;183726;494;1939;55;48;494;1939;549;1939;549;1987;494;1987;PC;AA;undefined;OTHER;OTHER
invoice-1497.tiff;1;1;2480;3508;183727;560;1939;180;48;560;1939;740;1939;740;1987;560;1987;Viewsonic;AAAAAAAAA;undefined;OTHER;OTHER
invoice-1497.tiff;1;1;2480;3508;183728;751;1939;175;48;751;1939;926;1939;926;1987;751;1987;TD2220-2;AANNNNSN;undefined;OTHER;OTHER
invoice-1497.tiff;1;1;2480;3508;183729;1343;1939;114;48;1343;1939;1457;1939;1457;1987;1343;1987;190,83;NNNSNN;undefined;OTHER;OTHER
invoice-1497.tiff;1;1;2480;3508;183730;1468;1939;20;48;1468;1939;1488;1939;1488;1987;1468;1987;$;S;undefined;OTHER;OTHER
invoice-1497.tiff;1;1;2480;3508;183731;1692;1939;114;48;1692;1939;1806;1939;1806;1987;1692;1987;20.0%;NNSNS;undefined;OTHER;OTHER
invoice-1497.tiff;1;1;2480;3508;183732;2010;1939;114;48;2010;1939;2124;1939;2124;1987;2010;1987;763,33;NNNSNN;undefined;OTHER;OTHER
invoice-1497.tiff;1;1;2480;3508;183733;2135;1939;20;48;2135;1939;2155;1939;2155;1987;2135;1987;$;S;undefined;OTHER;OTHER
invoice-1497.tiff;1;1;2480;3508;183734;1936;2070;146;51;1936;2070;2082;2070;2082;2121;1936;2121;@DISC;SAAAA;undefined;OTHER;OTHER
invoice-1497.tiff;1;1;2480;3508;183735;2104;2070;72;46;2104;2070;2176;2070;2176;2116;2104;2116;0,00;NSNN;undefined;OTHER;OTHER
invoice-1497.tiff;1;1;2480;3508;183736;2187;2070;20;46;2187;2070;2207;2070;2207;2116;2187;2116;$;S;undefined;OTHER;OTHER
invoice-1497.tiff;1;1;2480;3508;183737;1903;2122;96;51;1903;2122;1999;2122;1999;2173;1903;2173;Total;AAAAA;undefined;OTHER;OTHER
invoice-1497.tiff;1;1;2480;3508;183738;2041;2122;135;46;2041;2122;2176;2122;2176;2168;2041;2168;2370,83;NNNNSNN;TWTX;TOTAL_WITHOUT_TAX;TWTXS
invoice-1497.tiff;1;1;2480;3508;183739;2187;2122;20;46;2187;2122;2207;2122;2207;2168;2187;2168;$;S;TWTX;TOTAL_WITHOUT_TAX;TWTXS
invoice-1497.tiff;1;1;2480;3508;183740;1787;2173;71;51;1787;2173;1858;2173;1858;2224;1787;2224;Tax;AAA;undefined;OTHER;OTHER
invoice-1497.tiff;1;1;2480;3508;183741;1870;2173;150;51;1870;2173;2020;2173;2020;2224;1870;2224;Amount;AAAAAA;undefined;OTHER;OTHER
invoice-1497.tiff;1;1;2480;3508;183742;2062;2173;114;46;2062;2173;2176;2173;2176;2219;2062;2219;474,17;NNNSNN;TTX;TOTAL_TAX;Total Tax
invoice-1497.tiff;1;1;2480;3508;183743;2187;2173;20;46;2187;2173;2207;2173;2207;2219;2187;2219;$;S;TTX;TOTAL_TAX;Total Tax
invoice-1497.tiff;1;1;2480;3508;183744;1724;2224;150;51;1724;2224;1874;2224;1874;2275;1724;2275;Amount;AAAAAA;undefined;OTHER;OTHER
invoice-1497.tiff;1;1;2480;3508;183745;1886;2224;35;51;1886;2224;1921;2224;1921;2275;1886;2275;to;AA;undefined;OTHER;OTHER
invoice-1497.tiff;1;1;2480;3508;183746;1933;2224;66;51;1933;2224;1999;2224;1999;2275;1933;2275;pay;AAA;undefined;OTHER;OTHER
invoice-1497.tiff;1;1;2480;3508;183747;2041;2224;135;46;2041;2224;2176;2224;2176;2270;2041;2270;2845,00;NNNNSNN;TA;TOTAL_AMOUNT;Total with TAX
invoice-1497.tiff;1;1;2480;3508;183748;2187;2224;20;46;2187;2224;2207;2224;2207;2270;2187;2270;$;S;TA;TOTAL_AMOUNT;Total with TAX
invoice-1497.tiff;1;1;2480;3508;183749;1998;3175;27;48;1998;3175;2025;3175;2025;3223;1998;3223;L;A;SN;SUPPLIER_NAME;Seller/Company) name
invoice-1497.tiff;1;1;2480;3508;183750;2037;3175;212;48;2037;3175;2249;3175;2249;3223;2037;3223;IMPERIAL;AAAAAAAA;SN;SUPPLIER_NAME;Seller/Company) name
invoice-1497.tiff;1;1;2480;3508;183751;1398;3223;41;45;1398;3223;1439;3223;1439;3268;1398;3268;95;NN;SA;SUPPLIER_ADDRESS;Seller Address
invoice-1497.tiff;1;1;2480;3508;183752;1450;3223;81;45;1450;3223;1531;3223;1531;3268;1450;3268;RUE;AAA;SA;SUPPLIER_ADDRESS;Seller Address
invoice-1497.tiff;1;1;2480;3508;183753;1542;3223;129;45;1542;3223;1671;3223;1671;3268;1542;3268;DIGUE;AAAAA;SA;SUPPLIER_ADDRESS;Seller Address
invoice-1497.tiff;1;1;2480;3508;183754;1682;3223;55;45;1682;3223;1737;3223;1737;3268;1682;3268;DE;AA;SA;SUPPLIER_ADDRESS;Seller Address
invoice-1497.tiff;1;1;2480;3508;183755;1748;3223;85;45;1748;3223;1833;3223;1833;3268;1748;3268;MER;AAA;SA;SUPPLIER_ADDRESS;Seller Address
invoice-1497.tiff;1;1;2480;3508;183756;1842;3223;13;45;1842;3223;1855;3223;1855;3268;1842;3268;-;S;SA;SUPPLIER_ADDRESS;Seller Address
invoice-1497.tiff;1;1;2480;3508;183757;1866;3223;104;45;1866;3223;1970;3223;1970;3268;1866;3268;59240;NNNNN;SA;SUPPLIER_ADDRESS;Seller Address
invoice-1497.tiff;1;1;2480;3508;183758;1989;3223;252;45;1989;3223;2241;3223;2241;3268;1989;3268;DUNKERQUE;AAAAAAAAA;SA;SUPPLIER_ADDRESS;Seller Address
