src;num_pages;page_id;page_width;page_height;id;col;row;width;height;x1;y1;x2;y2;x3;y3;x4;y4;contents;contents_masked;correctclass;tag;description
invoice-951.tiff;1;1;2480;3508;116948;124;62;163;175;124;62;287;62;287;237;124;237;common/logo;AAAAAASAAAA;img;IMAGE;Image
invoice-951.tiff;1;1;2480;3508;116969;1541;270;172;59;1541;270;1713;270;1713;329;1541;329;Invoice;AAAAAAA;undefined;OTHER;OTHER
invoice-951.tiff;1;1;2480;3508;116970;1727;270;188;59;1727;270;1915;270;1915;329;1727;329;Number;AAAAAA;undefined;OTHER;OTHER
invoice-951.tiff;1;1;2480;3508;116971;1979;270;361;52;1979;270;2340;270;2340;322;1979;322;059-31569-18314;NNNSNNNNNSNNNNN;IN;INVOICE_NUMBER;Invoice Number
invoice-951.tiff;1;1;2480;3508;116949;124;412;101;49;124;412;225;412;225;461;124;461;MISS;AAAA;SN;SUPPLIER_NAME;Seller/Company) name
invoice-951.tiff;1;1;2480;3508;116950;238;412;192;49;238;412;430;412;430;461;238;461;COOKIES;AAAAAAA;SN;SUPPLIER_NAME;Seller/Company) name
invoice-951.tiff;1;1;2480;3508;116951;442;412;169;49;442;412;611;412;611;461;442;461;COFFEE;AAAAAA;SN;SUPPLIER_NAME;Seller/Company) name
invoice-951.tiff;1;1;2480;3508;116952;124;462;250;48;124;462;374;462;374;510;124;510;ESPLANADE;AAAAAAAAA;SA;SUPPLIER_ADDRESS;Seller Address
invoice-951.tiff;1;1;2480;3508;116953;386;462;175;48;386;462;561;462;561;510;386;510;ERASME;AAAAAA;SA;SUPPLIER_ADDRESS;Seller Address
invoice-951.tiff;1;1;2480;3508;116954;124;510;115;48;124;510;239;510;239;558;124;558;21000;NNNNN;SA;SUPPLIER_ADDRESS;Seller Address
invoice-951.tiff;1;1;2480;3508;116955;282;510;124;48;282;510;406;510;406;558;282;558;DIJON;AAAAA;SA;SUPPLIER_ADDRESS;Seller Address
invoice-951.tiff;1;1;2480;3508;116956;124;558;171;48;124;558;295;558;295;606;124;606;FRANCE;AAAAAA;SA;SUPPLIER_ADDRESS;Seller Address
invoice-951.tiff;1;1;2480;3508;116957;124;606;120;48;124;606;244;606;244;654;124;654;Phone;AAAAA;undefined;OTHER;OTHER
invoice-951.tiff;1;1;2480;3508;116958;307;606;70;48;307;606;377;606;377;654;307;654;+33;SNN;SCN;SUPPLIER_CONTACT_NUMBER;Seller Contact Number
invoice-951.tiff;1;1;2480;3508;116959;390;606;23;48;390;606;413;606;413;654;390;654;0;N;SCN;SUPPLIER_CONTACT_NUMBER;Seller Contact Number
invoice-951.tiff;1;1;2480;3508;116960;424;606;69;48;424;606;493;606;493;654;424;654;962;NNN;SCN;SUPPLIER_CONTACT_NUMBER;Seller Contact Number
invoice-951.tiff;1;1;2480;3508;116961;506;606;69;48;506;606;575;606;575;654;506;654;671;NNN;SCN;SUPPLIER_CONTACT_NUMBER;Seller Contact Number
invoice-951.tiff;1;1;2480;3508;116962;587;606;69;48;587;606;656;606;656;654;587;654;077;NNN;SCN;SUPPLIER_CONTACT_NUMBER;Seller Contact Number
invoice-951.tiff;1;1;2480;3508;116963;124;654;69;48;124;654;193;654;193;702;124;702;Fax;AAA;undefined;OTHER;OTHER
invoice-951.tiff;1;1;2480;3508;116964;256;654;70;48;256;654;326;654;326;702;256;702;+33;SNN;SFAX;SUPPLIER_FAX_NUMBER;Seller Fax Number
invoice-951.tiff;1;1;2480;3508;116965;339;654;23;48;339;654;362;654;362;702;339;702;0;N;SFAX;SUPPLIER_FAX_NUMBER;Seller Fax Number
invoice-951.tiff;1;1;2480;3508;116966;373;654;69;48;373;654;442;654;442;702;373;702;962;NNN;SFAX;SUPPLIER_FAX_NUMBER;Seller Fax Number
invoice-951.tiff;1;1;2480;3508;116967;455;654;69;48;455;654;524;654;524;702;455;702;671;NNN;SFAX;SUPPLIER_FAX_NUMBER;Seller Fax Number
invoice-951.tiff;1;1;2480;3508;116968;536;654;69;48;536;654;605;654;605;702;536;702;172;NNN;SFAX;SUPPLIER_FAX_NUMBER;Seller Fax Number
invoice-951.tiff;1;1;2480;3508;116972;124;1099;152;49;124;1099;276;1099;276;1148;124;1148;Kenyon;AAAAAA;BN;BILLING_NAME;Billing Name
invoice-951.tiff;1;1;2480;3508;116973;289;1099;152;49;289;1099;441;1099;441;1148;289;1148;Windler;AAAAAAA;BN;BILLING_NAME;Billing Name
invoice-951.tiff;1;1;2480;3508;116974;124;1148;57;48;124;1148;181;1148;181;1196;124;1196;12,;NNS;BA;BILLING_ADDRESS;Billing Address
invoice-951.tiff;1;1;2480;3508;116975;194;1148;60;48;194;1148;254;1148;254;1196;194;1196;rue;AAA;BA;BILLING_ADDRESS;Billing Address
invoice-951.tiff;1;1;2480;3508;116976;266;1148;104;48;266;1148;370;1148;370;1196;266;1196;albert;AAAAAA;BA;BILLING_ADDRESS;Billing Address
invoice-951.tiff;1;1;2480;3508;116977;382;1148;138;48;382;1148;520;1148;520;1196;382;1196;mercier;AAAAAAA;BA;BILLING_ADDRESS;Billing Address
invoice-951.tiff;1;1;2480;3508;116978;124;1197;115;48;124;1197;239;1197;239;1245;124;1245;91100;NNNNN;BA;BILLING_ADDRESS;Billing Address
invoice-951.tiff;1;1;2480;3508;116979;282;1197;328;48;282;1197;610;1197;610;1245;282;1245;Corbeil-Essonnes;AAAAAAASAAAAAAAA;BA;BILLING_ADDRESS;Billing Address
invoice-951.tiff;1;1;2480;3508;116992;1541;1201;127;54;1541;1201;1668;1201;1668;1255;1541;1255;Dated;AAAAA;undefined;OTHER;OTHER
invoice-951.tiff;1;1;2480;3508;116993;2166;1201;46;48;2166;1201;2212;1201;2212;1249;2166;1249;25;NN;IDATE;INVOICE_DATE;Invoice Date
invoice-951.tiff;1;1;2480;3508;116994;2224;1201;71;48;2224;1201;2295;1201;2295;1249;2224;1249;abr,;AAAS;IDATE;INVOICE_DATE;Invoice Date
invoice-951.tiff;1;1;2480;3508;116995;2307;1201;92;48;2307;1201;2399;1201;2399;1249;2307;1249;2008;NNNN;IDATE;INVOICE_DATE;Invoice Date
invoice-951.tiff;1;1;2480;3508;116980;124;1245;129;48;124;1245;253;1245;253;1293;124;1293;France;AAAAAA;BA;BILLING_ADDRESS;Billing Address
invoice-951.tiff;1;1;2480;3508;116996;1541;1276;124;54;1541;1276;1665;1276;1665;1330;1541;1330;Order;AAAAA;undefined;OTHER;OTHER
invoice-951.tiff;1;1;2480;3508;116997;1679;1276;173;54;1679;1276;1852;1276;1852;1330;1679;1330;Number;AAAAAA;undefined;OTHER;OTHER
invoice-951.tiff;1;1;2480;3508;116998;2166;1276;152;48;2166;1276;2318;1276;2318;1324;2166;1324;136-923;NNNSNNN;ONUM;ORDER_NUMBER;Order Number
invoice-951.tiff;1;1;2480;3508;116981;124;1335;108;59;124;1335;232;1335;232;1394;124;1394;Ship;AAAA;undefined;OTHER;OTHER
invoice-951.tiff;1;1;2480;3508;116982;247;1335;61;59;247;1335;308;1335;308;1394;247;1394;To;AA;undefined;OTHER;OTHER
invoice-951.tiff;1;1;2480;3508;116999;1541;1351;191;54;1541;1351;1732;1351;1732;1405;1541;1405;Payment;AAAAAAA;undefined;OTHER;OTHER
invoice-951.tiff;1;1;2480;3508;117000;1745;1351;94;54;1745;1351;1839;1351;1839;1405;1745;1405;type;AAAA;undefined;OTHER;OTHER
invoice-951.tiff;1;1;2480;3508;117001;2166;1351;111;48;2166;1351;2277;1351;2277;1399;2166;1399;Credit;AAAAAA;PMODE;PAYMENT_MODE;Payment Mode
invoice-951.tiff;1;1;2480;3508;117002;2289;1351;81;48;2289;1351;2370;1351;2370;1399;2289;1399;card;AAAA;PMODE;PAYMENT_MODE;Payment Mode
invoice-951.tiff;1;1;2480;3508;116983;124;1394;152;49;124;1394;276;1394;276;1443;124;1443;Kenyon;AAAAAA;SHN;SHIPPING_NAME;Shipping Name
invoice-951.tiff;1;1;2480;3508;116984;289;1394;152;49;289;1394;441;1394;441;1443;289;1443;Windler;AAAAAAA;SHN;SHIPPING_NAME;Shipping Name
invoice-951.tiff;1;1;2480;3508;116985;124;1444;57;48;124;1444;181;1444;181;1492;124;1492;12,;NNS;SHA;SHIPPING_ADDRESS;Shipping Address
invoice-951.tiff;1;1;2480;3508;116986;194;1444;60;48;194;1444;254;1444;254;1492;194;1492;rue;AAA;SHA;SHIPPING_ADDRESS;Shipping Address
invoice-951.tiff;1;1;2480;3508;116987;266;1444;104;48;266;1444;370;1444;370;1492;266;1492;albert;AAAAAA;SHA;SHIPPING_ADDRESS;Shipping Address
invoice-951.tiff;1;1;2480;3508;116988;382;1444;138;48;382;1444;520;1444;520;1492;382;1492;mercier;AAAAAAA;SHA;SHIPPING_ADDRESS;Shipping Address
invoice-951.tiff;1;1;2480;3508;116989;124;1492;115;48;124;1492;239;1492;239;1540;124;1540;91100;NNNNN;SHA;SHIPPING_ADDRESS;Shipping Address
invoice-951.tiff;1;1;2480;3508;116990;282;1492;328;48;282;1492;610;1492;610;1540;282;1540;Corbeil-Essonnes;AAAAAAASAAAAAAAA;SHA;SHIPPING_ADDRESS;Shipping Address
invoice-951.tiff;1;1;2480;3508;116991;124;1540;129;48;124;1540;253;1540;253;1588;124;1588;France;AAAAAA;SHA;SHIPPING_ADDRESS;Shipping Address
invoice-951.tiff;1;1;2480;3508;117003;423;1855;277;54;423;1855;700;1855;700;1909;423;1909;Descriptions;AAAAAAAAAAAA;undefined;OTHER;OTHER
invoice-951.tiff;1;1;2480;3508;117004;1086;1855;76;54;1086;1855;1162;1855;1162;1909;1086;1909;Qty;AAA;undefined;OTHER;OTHER
invoice-951.tiff;1;1;2480;3508;117005;1372;1855;89;54;1372;1855;1461;1855;1461;1909;1372;1909;U.P.;ASAS;undefined;OTHER;OTHER
invoice-951.tiff;1;1;2480;3508;117006;1651;1855;196;54;1651;1855;1847;1855;1847;1909;1651;1909;VAT/TVA;AAASAAA;undefined;OTHER;OTHER
invoice-951.tiff;1;1;2480;3508;117007;1996;1855;173;54;1996;1855;2169;1855;2169;1909;1996;1909;Amount;AAAAAA;undefined;OTHER;OTHER
invoice-951.tiff;1;1;2480;3508;117008;124;1931;138;49;124;1931;262;1931;262;1980;124;1980;Cha√Æne;AAAAAA;undefined;OTHER;OTHER
invoice-951.tiff;1;1;2480;3508;117009;275;1931;78;49;275;1931;353;1931;353;1980;275;1980;HiFi;AAAA;undefined;OTHER;OTHER
invoice-951.tiff;1;1;2480;3508;117010;365;1931;159;49;365;1931;524;1931;524;1980;365;1980;Yamaha;AAAAAA;undefined;OTHER;OTHER
invoice-951.tiff;1;1;2480;3508;117011;537;1931;224;49;537;1931;761;1931;761;1980;537;1980;MCRN570D;AAAANNNA;undefined;OTHER;OTHER
invoice-951.tiff;1;1;2480;3508;117012;773;1931;108;49;773;1931;881;1931;881;1980;773;1980;silver;AAAAAA;undefined;OTHER;OTHER
invoice-951.tiff;1;1;2480;3508;117013;1113;1931;23;49;1113;1931;1136;1931;1136;1980;1113;1980;4;N;undefined;OTHER;OTHER
invoice-951.tiff;1;1;2480;3508;117014;1303;1931;127;49;1303;1931;1430;1931;1430;1980;1303;1980;540,83;NNNSNN;undefined;OTHER;OTHER
invoice-951.tiff;1;1;2480;3508;117015;1442;1931;87;49;1442;1931;1529;1931;1529;1980;1442;1980;USD;AAA;undefined;OTHER;OTHER
invoice-951.tiff;1;1;2480;3508;117016;1690;1931;118;49;1690;1931;1808;1931;1808;1980;1690;1980;20.0%;NNSNS;undefined;OTHER;OTHER
invoice-951.tiff;1;1;2480;3508;117017;1958;1931;150;49;1958;1931;2108;1931;2108;1980;1958;1980;2163,30;NNNNSNN;undefined;OTHER;OTHER
invoice-951.tiff;1;1;2480;3508;117018;2120;1931;87;49;2120;1931;2207;1931;2207;1980;2120;1980;USD;AAA;undefined;OTHER;OTHER
invoice-951.tiff;1;1;2480;3508;117019;124;2022;57;49;124;2022;181;2022;181;2071;124;2071;PC;AA;undefined;OTHER;OTHER
invoice-951.tiff;1;1;2480;3508;117020;194;2022;132;49;194;2022;326;2022;326;2071;194;2071;Gamer;AAAAA;undefined;OTHER;OTHER
invoice-951.tiff;1;1;2480;3508;117021;338;2022;113;49;338;2022;451;2022;451;2071;338;2071;Vibox;AAAAA;undefined;OTHER;OTHER
invoice-951.tiff;1;1;2480;3508;117022;463;2022;13;49;463;2022;476;2022;476;2071;463;2071;-;S;undefined;OTHER;OTHER
invoice-951.tiff;1;1;2480;3508;117023;488;2022;141;49;488;2022;629;2022;629;2071;488;2071;3.8GHz;NSNAAA;undefined;OTHER;OTHER
invoice-951.tiff;1;1;2480;3508;117024;641;2022;23;49;641;2022;664;2022;664;2071;641;2071;4;N;undefined;OTHER;OTHER
invoice-951.tiff;1;1;2480;3508;117025;676;2022;136;49;676;2022;812;2022;812;2071;676;2071;coeurs;AAAAAA;undefined;OTHER;OTHER
invoice-951.tiff;1;1;2480;3508;117026;824;2022;64;49;824;2022;888;2022;888;2071;824;2071;A8,;ANS;undefined;OTHER;OTHER
invoice-951.tiff;1;1;2480;3508;117030;1113;2022;23;49;1113;2022;1136;2022;1136;2071;1113;2071;2;N;undefined;OTHER;OTHER
invoice-951.tiff;1;1;2480;3508;117031;1303;2022;127;49;1303;2022;1430;2022;1430;2071;1303;2071;516,63;NNNSNN;undefined;OTHER;OTHER
invoice-951.tiff;1;1;2480;3508;117032;1442;2022;87;49;1442;2022;1529;2022;1529;2071;1442;2071;USD;AAA;undefined;OTHER;OTHER
invoice-951.tiff;1;1;2480;3508;117033;1690;2022;118;49;1690;2022;1808;2022;1808;2071;1690;2071;20.0%;NNSNS;undefined;OTHER;OTHER
invoice-951.tiff;1;1;2480;3508;117034;1958;2022;150;49;1958;2022;2108;2022;2108;2071;1958;2071;1033,25;NNNNSNN;undefined;OTHER;OTHER
invoice-951.tiff;1;1;2480;3508;117035;2120;2022;87;49;2120;2022;2207;2022;2207;2071;2120;2071;USD;AAA;undefined;OTHER;OTHER
invoice-951.tiff;1;1;2480;3508;117027;124;2072;152;49;124;2072;276;2072;276;2121;124;2121;Radeon;AAAAAA;undefined;OTHER;OTHER
invoice-951.tiff;1;1;2480;3508;117028;289;2072;53;49;289;2072;342;2072;342;2121;289;2121;R7;AN;undefined;OTHER;OTHER
invoice-951.tiff;1;1;2480;3508;117029;354;2072;90;49;354;2072;444;2072;444;2121;354;2121;GPU;AAA;undefined;OTHER;OTHER
invoice-951.tiff;1;1;2480;3508;117036;124;2163;155;49;124;2163;279;2163;279;2212;124;2212;Masque;AAAAAA;undefined;OTHER;OTHER
invoice-951.tiff;1;1;2480;3508;117037;291;2163;48;49;291;2163;339;2163;339;2212;291;2212;de;AA;undefined;OTHER;OTHER
invoice-951.tiff;1;1;2480;3508;117038;351;2163;196;49;351;2163;547;2163;547;2212;351;2212;relaxation;AAAAAAAAAA;undefined;OTHER;OTHER
invoice-951.tiff;1;1;2480;3508;117039;560;2163;94;49;560;2163;654;2163;654;2212;560;2212;Breo;AAAA;undefined;OTHER;OTHER
invoice-951.tiff;1;1;2480;3508;117040;666;2163;92;49;666;2163;758;2163;758;2212;666;2212;pour;AAAA;undefined;OTHER;OTHER
invoice-951.tiff;1;1;2480;3508;117041;770;2163;57;49;770;2163;827;2163;827;2212;770;2212;les;AAA;undefined;OTHER;OTHER
invoice-951.tiff;1;1;2480;3508;117042;840;2163;94;49;840;2163;934;2163;934;2212;840;2212;yeux;AAAA;undefined;OTHER;OTHER
invoice-951.tiff;1;1;2480;3508;117044;1113;2163;23;49;1113;2163;1136;2163;1136;2212;1113;2212;4;N;undefined;OTHER;OTHER
invoice-951.tiff;1;1;2480;3508;117045;1303;2163;127;49;1303;2163;1430;2163;1430;2212;1303;2212;108,32;NNNSNN;undefined;OTHER;OTHER
invoice-951.tiff;1;1;2480;3508;117046;1442;2163;87;49;1442;2163;1529;2163;1529;2212;1442;2212;USD;AAA;undefined;OTHER;OTHER
invoice-951.tiff;1;1;2480;3508;117047;1690;2163;118;49;1690;2163;1808;2163;1808;2212;1690;2212;20.0%;NNSNS;undefined;OTHER;OTHER
invoice-951.tiff;1;1;2480;3508;117048;1969;2163;127;49;1969;2163;2096;2163;2096;2212;1969;2212;433,30;NNNSNN;undefined;OTHER;OTHER
invoice-951.tiff;1;1;2480;3508;117049;2108;2163;87;49;2108;2163;2195;2163;2195;2212;2108;2212;USD;AAA;undefined;OTHER;OTHER
invoice-951.tiff;1;1;2480;3508;117043;124;2212;108;49;124;2212;232;2212;232;2261;124;2261;iSee4;AAAAN;undefined;OTHER;OTHER
invoice-951.tiff;1;1;2480;3508;117050;1852;2345;154;54;1852;2345;2006;2345;2006;2399;1852;2399;@DISC;SAAAA;undefined;OTHER;OTHER
invoice-951.tiff;1;1;2480;3508;117051;2027;2345;81;49;2027;2345;2108;2345;2108;2394;2027;2394;0,00;NSNN;undefined;OTHER;OTHER
invoice-951.tiff;1;1;2480;3508;117052;2120;2345;87;49;2120;2345;2207;2345;2207;2394;2120;2394;USD;AAA;undefined;OTHER;OTHER
invoice-951.tiff;1;1;2480;3508;117053;1743;2400;173;54;1743;2400;1916;2400;1916;2454;1743;2454;Amount;AAAAAA;undefined;OTHER;OTHER
invoice-951.tiff;1;1;2480;3508;117054;1958;2400;150;49;1958;2400;2108;2400;2108;2449;1958;2449;3629,85;NNNNSNN;TWTX;TOTAL_WITHOUT_TAX;TWTXS
invoice-951.tiff;1;1;2480;3508;117055;2120;2400;87;49;2120;2400;2207;2400;2207;2449;2120;2449;USD;AAA;TWTX;TOTAL_WITHOUT_TAX;TWTXS
invoice-951.tiff;1;1;2480;3508;117056;1852;2454;196;54;1852;2454;2048;2454;2048;2508;1852;2508;VAT/TVA;AAASAAA;undefined;OTHER;OTHER
invoice-951.tiff;1;1;2480;3508;117057;2090;2454;118;49;2090;2454;2208;2454;2208;2503;2090;2503;20.0%;NNSNS;TXR;TAX_RATE;Tax Rate
invoice-951.tiff;1;1;2480;3508;117058;1662;2509;91;54;1662;2509;1753;2509;1753;2563;1662;2563;TVA;AAA;undefined;OTHER;OTHER
invoice-951.tiff;1;1;2480;3508;117059;1766;2509;173;54;1766;2509;1939;2509;1939;2563;1766;2563;Amount;AAAAAA;undefined;OTHER;OTHER
invoice-951.tiff;1;1;2480;3508;117060;1981;2509;127;49;1981;2509;2108;2509;2108;2558;1981;2558;725,97;NNNSNN;TTX;TOTAL_TAX;Total Tax
invoice-951.tiff;1;1;2480;3508;117061;2120;2509;87;49;2120;2509;2207;2509;2207;2558;2120;2558;USD;AAA;TTX;TOTAL_TAX;Total Tax
invoice-951.tiff;1;1;2480;3508;117062;1621;2564;109;54;1621;2564;1730;2564;1730;2618;1621;2618;Total;AAAAA;undefined;OTHER;OTHER
invoice-951.tiff;1;1;2480;3508;117063;1743;2564;173;54;1743;2564;1916;2564;1916;2618;1743;2618;Amount;AAAAAA;undefined;OTHER;OTHER
invoice-951.tiff;1;1;2480;3508;117064;1958;2564;150;49;1958;2564;2108;2564;2108;2613;1958;2613;4355,82;NNNNSNN;TA;TOTAL_AMOUNT;Total with TAX
invoice-951.tiff;1;1;2480;3508;117065;2120;2564;87;49;2120;2564;2207;2564;2207;2613;2120;2613;USD;AAA;TA;TOTAL_AMOUNT;Total with TAX
invoice-951.tiff;1;1;2480;3508;117066;1187;3154;101;49;1187;3154;1288;3154;1288;3203;1187;3203;MISS;AAAA;SN;SUPPLIER_NAME;Seller/Company) name
invoice-951.tiff;1;1;2480;3508;117067;1300;3154;192;49;1300;3154;1492;3154;1492;3203;1300;3203;COOKIES;AAAAAAA;SN;SUPPLIER_NAME;Seller/Company) name
invoice-951.tiff;1;1;2480;3508;117068;1504;3154;169;49;1504;3154;1673;3154;1673;3203;1504;3203;COFFEE;AAAAAA;SN;SUPPLIER_NAME;Seller/Company) name
invoice-951.tiff;1;1;2480;3508;117069;1187;3203;250;48;1187;3203;1437;3203;1437;3251;1187;3251;ESPLANADE;AAAAAAAAA;SA;SUPPLIER_ADDRESS;Seller Address
invoice-951.tiff;1;1;2480;3508;117070;1449;3203;175;48;1449;3203;1624;3203;1624;3251;1449;3251;ERASME;AAAAAA;SA;SUPPLIER_ADDRESS;Seller Address
invoice-951.tiff;1;1;2480;3508;117071;1187;3251;115;48;1187;3251;1302;3251;1302;3299;1187;3299;21000;NNNNN;SA;SUPPLIER_ADDRESS;Seller Address
invoice-951.tiff;1;1;2480;3508;117072;1344;3251;124;48;1344;3251;1468;3251;1468;3299;1344;3299;DIJON;AAAAA;SA;SUPPLIER_ADDRESS;Seller Address
invoice-951.tiff;1;1;2480;3508;117073;1187;3300;171;48;1187;3300;1358;3300;1358;3348;1187;3348;FRANCE;AAAAAA;SA;SUPPLIER_ADDRESS;Seller Address
