src;num_pages;page_id;page_width;page_height;id;col;row;width;height;x1;y1;x2;y2;x3;y3;x4;y4;contents;contents_masked;correctclass;tag;description
invoice-854.tiff;1;1;2480;3508;105252;1541;62;290;175;1541;62;1831;62;1831;237;1541;237;common/logo;AAAAAASAAAA;img;IMAGE;Image
invoice-854.tiff;1;1;2480;3508;105253;1541;412;136;48;1541;412;1677;412;1677;460;1541;460;AVIVA;AAAAA;SN;SUPPLIER_NAME;Seller/Company) name
invoice-854.tiff;1;1;2480;3508;105254;1541;460;41;45;1541;460;1582;460;1582;505;1541;505;13;NN;SA;SUPPLIER_ADDRESS;Seller Address
invoice-854.tiff;1;1;2480;3508;105255;1593;460;81;45;1593;460;1674;460;1674;505;1593;505;RUE;AAA;SA;SUPPLIER_ADDRESS;Seller Address
invoice-854.tiff;1;1;2480;3508;105256;1685;460;150;45;1685;460;1835;460;1835;505;1685;505;JOSEPH;AAAAAA;SA;SUPPLIER_ADDRESS;Seller Address
invoice-854.tiff;1;1;2480;3508;105257;1846;460;178;45;1846;460;2024;460;2024;505;1846;505;PINVIDIC;AAAAAAAA;SA;SUPPLIER_ADDRESS;Seller Address
invoice-854.tiff;1;1;2480;3508;105258;1541;506;104;45;1541;506;1645;506;1645;551;1541;551;29400;NNNNN;SA;SUPPLIER_ADDRESS;Seller Address
invoice-854.tiff;1;1;2480;3508;105259;1687;506;249;45;1687;506;1936;506;1936;551;1687;551;LANDIVISIAU;AAAAAAAAAAA;SA;SUPPLIER_ADDRESS;Seller Address
invoice-854.tiff;1;1;2480;3508;105260;1541;552;106;45;1541;552;1647;552;1647;597;1541;597;Phone;AAAAA;undefined;OTHER;OTHER
invoice-854.tiff;1;1;2480;3508;105261;1710;552;249;45;1710;552;1959;552;1959;597;1710;597;09.95.78.79.91;NNSNNSNNSNNSNN;SCN;SUPPLIER_CONTACT_NUMBER;Seller Contact Number
invoice-854.tiff;1;1;2480;3508;105262;1541;598;64;45;1541;598;1605;598;1605;643;1541;643;Fax;AAA;undefined;OTHER;OTHER
invoice-854.tiff;1;1;2480;3508;105263;1668;598;249;45;1668;598;1917;598;1917;643;1668;643;09.95.78.80.24;NNSNNSNNSNNSNN;SFAX;SUPPLIER_FAX_NUMBER;Seller Fax Number
invoice-854.tiff;1;1;2480;3508;105275;1541;827;75;57;1541;827;1616;827;1616;884;1541;884;Bill;AAAA;undefined;OTHER;OTHER
invoice-854.tiff;1;1;2480;3508;105276;1629;827;58;57;1629;827;1687;827;1687;884;1629;884;To;AA;undefined;OTHER;OTHER
invoice-854.tiff;1;1;2480;3508;105264;124;839;142;52;124;839;266;839;266;891;124;891;Invoice;AAAAAAA;undefined;OTHER;OTHER
invoice-854.tiff;1;1;2480;3508;105265;279;839;67;52;279;839;346;839;346;891;279;891;No.;AAS;undefined;OTHER;OTHER
invoice-854.tiff;1;1;2480;3508;105266;750;839;175;46;750;839;925;839;925;885;750;885;FC500704;AANNNNNN;IN;INVOICE_NUMBER;Invoice Number
invoice-854.tiff;1;1;2480;3508;105277;1541;885;68;48;1541;885;1609;885;1609;933;1541;933;Mr.;AAS;BN;BILLING_NAME;Billing Name
invoice-854.tiff;1;1;2480;3508;105278;1620;885;124;48;1620;885;1744;885;1744;933;1620;933;Paxton;AAAAAA;BN;BILLING_NAME;Billing Name
invoice-854.tiff;1;1;2480;3508;105279;1755;885;150;48;1755;885;1905;885;1905;933;1755;933;Bogisich;AAAAAAAA;BN;BILLING_NAME;Billing Name
invoice-854.tiff;1;1;2480;3508;105267;124;912;142;52;124;912;266;912;266;964;124;964;Invoice;AAAAAAA;undefined;OTHER;OTHER
invoice-854.tiff;1;1;2480;3508;105268;279;912;91;52;279;912;370;912;370;964;279;964;Date;AAAA;undefined;OTHER;OTHER
invoice-854.tiff;1;1;2480;3508;105269;750;912;64;46;750;912;814;912;814;958;750;958;mar;AAA;IDATE;INVOICE_DATE;Invoice Date
invoice-854.tiff;1;1;2480;3508;105270;825;912;52;46;825;912;877;912;877;958;825;958;27,;NNS;IDATE;INVOICE_DATE;Invoice Date
invoice-854.tiff;1;1;2480;3508;105271;887;912;83;46;887;912;970;912;970;958;887;958;2008;NNNN;IDATE;INVOICE_DATE;Invoice Date
invoice-854.tiff;1;1;2480;3508;105280;1541;933;52;45;1541;933;1593;933;1593;978;1541;978;14,;NNS;BA;BILLING_ADDRESS;Billing Address
invoice-854.tiff;1;1;2480;3508;105281;1604;933;55;45;1604;933;1659;933;1659;978;1604;978;rue;AAA;BA;BILLING_ADDRESS;Billing Address
invoice-854.tiff;1;1;2480;3508;105282;1670;933;41;45;1670;933;1711;933;1711;978;1670;978;du;AA;BA;BILLING_ADDRESS;Billing Address
invoice-854.tiff;1;1;2480;3508;105283;1722;933;148;45;1722;933;1870;933;1870;978;1722;978;réveillon;AAAAAAAAA;BA;BILLING_ADDRESS;Billing Address
invoice-854.tiff;1;1;2480;3508;105284;1541;979;104;45;1541;979;1645;979;1645;1024;1541;1024;91800;NNNNN;BA;BILLING_ADDRESS;Billing Address
invoice-854.tiff;1;1;2480;3508;105285;1687;979;122;45;1687;979;1809;979;1809;1024;1687;1024;Brunoy;AAAAAA;BA;BILLING_ADDRESS;Billing Address
invoice-854.tiff;1;1;2480;3508;105272;124;986;119;52;124;986;243;986;243;1038;124;1038;Client;AAAAAA;undefined;OTHER;OTHER
invoice-854.tiff;1;1;2480;3508;105273;256;986;67;52;256;986;323;986;323;1038;256;1038;No.;AAS;undefined;OTHER;OTHER
invoice-854.tiff;1;1;2480;3508;105274;750;986;157;46;750;986;907;986;907;1032;750;1032;CL55156;AANNNNN;CNUM;CLIENT_NUMBER;Client Number
invoice-854.tiff;1;1;2480;3508;105286;1541;1025;120;45;1541;1025;1661;1025;1661;1070;1541;1070;France;AAAAAA;BA;BILLING_ADDRESS;Billing Address
invoice-854.tiff;1;1;2480;3508;105287;174;1491;67;52;174;1491;241;1491;241;1543;174;1543;No.;AAS;undefined;OTHER;OTHER
invoice-854.tiff;1;1;2480;3508;105288;565;1491;244;52;565;1491;809;1491;809;1543;565;1543;Descriptions;AAAAAAAAAAAA;undefined;OTHER;OTHER
invoice-854.tiff;1;1;2480;3508;105289;1192;1491;73;52;1192;1491;1265;1491;1265;1543;1192;1543;Qty;AAA;undefined;OTHER;OTHER
invoice-854.tiff;1;1;2480;3508;105290;1478;1491;84;52;1478;1491;1562;1491;1562;1543;1478;1543;U.P.;ASAS;undefined;OTHER;OTHER
invoice-854.tiff;1;1;2480;3508;105291;1709;1491;206;52;1709;1491;1915;1491;1915;1543;1709;1543;VAT/TVA;AAASAAA;undefined;OTHER;OTHER
invoice-854.tiff;1;1;2480;3508;105292;2023;1491;160;52;2023;1491;2183;1491;2183;1543;2023;1543;Amount;AAAAAA;undefined;OTHER;OTHER
invoice-854.tiff;1;1;2480;3508;105293;197;1564;20;48;197;1564;217;1564;217;1612;197;1612;1;N;undefined;OTHER;OTHER
invoice-854.tiff;1;1;2480;3508;105294;291;1564;155;48;291;1564;446;1564;446;1612;291;1612;Enceinte;AAAAAAAA;undefined;OTHER;OTHER
invoice-854.tiff;1;1;2480;3508;105295;457;1564;136;48;457;1564;593;1564;593;1612;457;1612;colonne;AAAAAAA;undefined;OTHER;OTHER
invoice-854.tiff;1;1;2480;3508;105296;604;1564;97;48;604;1564;701;1564;701;1612;604;1612;Focal;AAAAA;undefined;OTHER;OTHER
invoice-854.tiff;1;1;2480;3508;105297;711;1564;106;48;711;1564;817;1564;817;1612;711;1612;ARIA;AAAA;undefined;OTHER;OTHER
invoice-854.tiff;1;1;2480;3508;105298;828;1564;62;48;828;1564;890;1564;890;1612;828;1612;926;NNN;undefined;OTHER;OTHER
invoice-854.tiff;1;1;2480;3508;105299;901;1564;150;48;901;1564;1051;1564;1051;1612;901;1612;NOYER;AAAAA;undefined;OTHER;OTHER
invoice-854.tiff;1;1;2480;3508;105301;1218;1564;20;48;1218;1564;1238;1564;1238;1612;1218;1612;1;N;undefined;OTHER;OTHER
invoice-854.tiff;1;1;2480;3508;105302;1414;1564;114;48;1414;1564;1528;1564;1528;1612;1414;1612;832,50;NNNSNN;undefined;OTHER;OTHER
invoice-854.tiff;1;1;2480;3508;105303;1539;1564;87;48;1539;1564;1626;1564;1626;1612;1539;1612;EUR;AAA;undefined;OTHER;OTHER
invoice-854.tiff;1;1;2480;3508;105304;1755;1564;114;48;1755;1564;1869;1564;1869;1612;1755;1612;20.0%;NNSNS;undefined;OTHER;OTHER
invoice-854.tiff;1;1;2480;3508;105305;1997;1564;114;48;1997;1564;2111;1564;2111;1612;1997;1612;832,50;NNNSNN;undefined;OTHER;OTHER
invoice-854.tiff;1;1;2480;3508;105306;2122;1564;87;48;2122;1564;2209;1564;2209;1612;2122;1612;EUR;AAA;undefined;OTHER;OTHER
invoice-854.tiff;1;1;2480;3508;105300;291;1612;50;48;291;1612;341;1612;341;1660;291;1660;X1;AN;undefined;OTHER;OTHER
invoice-854.tiff;1;1;2480;3508;105307;197;1702;20;48;197;1702;217;1702;217;1750;197;1750;2;N;undefined;OTHER;OTHER
invoice-854.tiff;1;1;2480;3508;105308;291;1702;155;48;291;1702;446;1702;446;1750;291;1750;Machine;AAAAAAA;undefined;OTHER;OTHER
invoice-854.tiff;1;1;2480;3508;105309;457;1702;20;48;457;1702;477;1702;477;1750;457;1750;à;A;undefined;OTHER;OTHER
invoice-854.tiff;1;1;2480;3508;105310;488;1702;152;48;488;1702;640;1702;640;1750;488;1750;expresso;AAAAAAAA;undefined;OTHER;OTHER
invoice-854.tiff;1;1;2480;3508;105311;651;1702;127;48;651;1702;778;1702;778;1750;651;1750;Tristar;AAAAAAA;undefined;OTHER;OTHER
invoice-854.tiff;1;1;2480;3508;105312;789;1702;164;48;789;1702;953;1702;953;1750;789;1750;Cafetière;AAAAAAAAA;undefined;OTHER;OTHER
invoice-854.tiff;1;1;2480;3508;105316;1218;1702;20;48;1218;1702;1238;1702;1238;1750;1218;1750;4;N;undefined;OTHER;OTHER
invoice-854.tiff;1;1;2480;3508;105317;1424;1702;93;48;1424;1702;1517;1702;1517;1750;1424;1750;74,41;NNSNN;undefined;OTHER;OTHER
invoice-854.tiff;1;1;2480;3508;105318;1528;1702;87;48;1528;1702;1615;1702;1615;1750;1528;1750;EUR;AAA;undefined;OTHER;OTHER
invoice-854.tiff;1;1;2480;3508;105319;1755;1702;114;48;1755;1702;1869;1702;1869;1750;1755;1750;20.0%;NNSNS;undefined;OTHER;OTHER
invoice-854.tiff;1;1;2480;3508;105320;1997;1702;114;48;1997;1702;2111;1702;2111;1750;1997;1750;297,63;NNNSNN;undefined;OTHER;OTHER
invoice-854.tiff;1;1;2480;3508;105321;2122;1702;87;48;2122;1702;2209;1702;2209;1750;2122;1750;EUR;AAA;undefined;OTHER;OTHER
invoice-854.tiff;1;1;2480;3508;105313;291;1750;162;48;291;1750;453;1750;453;1798;291;1798;Expresso;AAAAAAAA;undefined;OTHER;OTHER
invoice-854.tiff;1;1;2480;3508;105314;464;1750;13;48;464;1750;477;1750;477;1798;464;1798;-;S;undefined;OTHER;OTHER
invoice-854.tiff;1;1;2480;3508;105315;488;1750;150;48;488;1750;638;1750;638;1798;488;1798;cm-2273;AASNNNN;undefined;OTHER;OTHER
invoice-854.tiff;1;1;2480;3508;105322;197;1840;20;48;197;1840;217;1840;217;1888;197;1888;3;N;undefined;OTHER;OTHER
invoice-854.tiff;1;1;2480;3508;105323;291;1840;157;48;291;1840;448;1840;448;1888;291;1888;Appareil;AAAAAAAA;undefined;OTHER;OTHER
invoice-854.tiff;1;1;2480;3508;105324;459;1840;104;48;459;1840;563;1840;563;1888;459;1888;barbe;AAAAA;undefined;OTHER;OTHER
invoice-854.tiff;1;1;2480;3508;105325;574;1840;20;48;574;1840;594;1840;594;1888;574;1888;à;A;undefined;OTHER;OTHER
invoice-854.tiff;1;1;2480;3508;105326;605;1840;88;48;605;1840;693;1840;693;1888;605;1888;papa;AAAA;undefined;OTHER;OTHER
invoice-854.tiff;1;1;2480;3508;105327;703;1840;171;48;703;1840;874;1840;874;1888;703;1888;Lagrange;AAAAAAAA;undefined;OTHER;OTHER
invoice-854.tiff;1;1;2480;3508;105330;1218;1840;20;48;1218;1840;1238;1840;1238;1888;1218;1888;3;N;undefined;OTHER;OTHER
invoice-854.tiff;1;1;2480;3508;105331;1424;1840;93;48;1424;1840;1517;1840;1517;1888;1424;1888;38,67;NNSNN;undefined;OTHER;OTHER
invoice-854.tiff;1;1;2480;3508;105332;1528;1840;87;48;1528;1840;1615;1840;1615;1888;1528;1888;EUR;AAA;undefined;OTHER;OTHER
invoice-854.tiff;1;1;2480;3508;105333;1755;1840;114;48;1755;1840;1869;1840;1869;1888;1755;1888;20.0%;NNSNS;undefined;OTHER;OTHER
invoice-854.tiff;1;1;2480;3508;105334;1997;1840;114;48;1997;1840;2111;1840;2111;1888;1997;1888;116,00;NNNSNN;undefined;OTHER;OTHER
invoice-854.tiff;1;1;2480;3508;105335;2122;1840;87;48;2122;1840;2209;1840;2209;1888;2122;1888;EUR;AAA;undefined;OTHER;OTHER
invoice-854.tiff;1;1;2480;3508;105328;291;1888;199;48;291;1888;490;1888;490;1936;291;1936;Barbapapa;AAAAAAAAA;undefined;OTHER;OTHER
invoice-854.tiff;1;1;2480;3508;105329;501;1888;124;48;501;1888;625;1888;625;1936;501;1936;389002;NNNNNN;undefined;OTHER;OTHER
invoice-854.tiff;1;1;2480;3508;105336;197;1978;20;48;197;1978;217;1978;217;2026;197;2026;4;N;undefined;OTHER;OTHER
invoice-854.tiff;1;1;2480;3508;105337;291;1978;245;48;291;1978;536;1978;536;2026;291;2026;Réfrigérateur;AAAAAAAAAAAAA;undefined;OTHER;OTHER
invoice-854.tiff;1;1;2480;3508;105338;547;1978;187;48;547;1978;734;1978;734;2026;547;2026;Américain;AAAAAAAAA;undefined;OTHER;OTHER
invoice-854.tiff;1;1;2480;3508;105339;745;1978;136;48;745;1978;881;1978;881;2026;745;2026;Hisense;AAAAAAA;undefined;OTHER;OTHER
invoice-854.tiff;1;1;2480;3508;105341;1218;1978;20;48;1218;1978;1238;1978;1238;2026;1218;2026;3;N;undefined;OTHER;OTHER
invoice-854.tiff;1;1;2480;3508;105342;1414;1978;114;48;1414;1978;1528;1978;1528;2026;1414;2026;624,17;NNNSNN;undefined;OTHER;OTHER
invoice-854.tiff;1;1;2480;3508;105343;1539;1978;87;48;1539;1978;1626;1978;1626;2026;1539;2026;EUR;AAA;undefined;OTHER;OTHER
invoice-854.tiff;1;1;2480;3508;105344;1755;1978;114;48;1755;1978;1869;1978;1869;2026;1755;2026;20.0%;NNSNS;undefined;OTHER;OTHER
invoice-854.tiff;1;1;2480;3508;105345;1987;1978;135;48;1987;1978;2122;1978;2122;2026;1987;2026;1872,50;NNNNSNN;undefined;OTHER;OTHER
invoice-854.tiff;1;1;2480;3508;105346;2133;1978;87;48;2133;1978;2220;1978;2220;2026;2133;2026;EUR;AAA;undefined;OTHER;OTHER
invoice-854.tiff;1;1;2480;3508;105340;291;2026;259;48;291;2026;550;2026;550;2074;291;2074;RS731N4AW1;AANNNANAAN;undefined;OTHER;OTHER
invoice-854.tiff;1;1;2480;3508;105347;1874;2157;146;51;1874;2157;2020;2157;2020;2208;1874;2208;@DISC;SAAAA;undefined;OTHER;OTHER
invoice-854.tiff;1;1;2480;3508;105348;2041;2157;72;46;2041;2157;2113;2157;2113;2203;2041;2203;0,00;NSNN;undefined;OTHER;OTHER
invoice-854.tiff;1;1;2480;3508;105349;2125;2157;83;46;2125;2157;2208;2157;2208;2203;2125;2203;EUR;AAA;undefined;OTHER;OTHER
invoice-854.tiff;1;1;2480;3508;105350;1787;2208;150;51;1787;2208;1937;2208;1937;2259;1787;2259;Amount;AAAAAA;undefined;OTHER;OTHER
invoice-854.tiff;1;1;2480;3508;105351;1979;2208;135;46;1979;2208;2114;2208;2114;2254;1979;2254;3118,63;NNNNSNN;TWTX;TOTAL_WITHOUT_TAX;TWTXS
invoice-854.tiff;1;1;2480;3508;105352;2125;2208;83;46;2125;2208;2208;2208;2208;2254;2125;2254;EUR;AAA;TWTX;TOTAL_WITHOUT_TAX;TWTXS
invoice-854.tiff;1;1;2480;3508;105353;1702;2259;94;51;1702;2259;1796;2259;1796;2310;1702;2310;TVA;AAA;undefined;OTHER;OTHER
invoice-854.tiff;1;1;2480;3508;105354;1808;2259;150;51;1808;2259;1958;2259;1958;2310;1808;2310;Amount;AAAAAA;undefined;OTHER;OTHER
invoice-854.tiff;1;1;2480;3508;105355;1999;2259;114;46;1999;2259;2113;2259;2113;2305;1999;2305;623,73;NNNSNN;TTX;TOTAL_TAX;Total Tax
invoice-854.tiff;1;1;2480;3508;105356;2125;2259;83;46;2125;2259;2208;2259;2208;2305;2125;2305;EUR;AAA;TTX;TOTAL_TAX;Total Tax
invoice-854.tiff;1;1;2480;3508;105357;1679;2311;96;51;1679;2311;1775;2311;1775;2362;1679;2362;Total;AAAAA;undefined;OTHER;OTHER
invoice-854.tiff;1;1;2480;3508;105358;1787;2311;150;51;1787;2311;1937;2311;1937;2362;1787;2362;Amount;AAAAAA;undefined;OTHER;OTHER
invoice-854.tiff;1;1;2480;3508;105359;1979;2311;135;46;1979;2311;2114;2311;2114;2357;1979;2357;3742,36;NNNNSNN;TA;TOTAL_AMOUNT;Total with TAX
invoice-854.tiff;1;1;2480;3508;105360;2125;2311;83;46;2125;2311;2208;2311;2208;2357;2125;2357;EUR;AAA;TA;TOTAL_AMOUNT;Total with TAX
invoice-854.tiff;1;1;2480;3508;105361;1187;3154;136;48;1187;3154;1323;3154;1323;3202;1187;3202;AVIVA;AAAAA;SN;SUPPLIER_NAME;Seller/Company) name
invoice-854.tiff;1;1;2480;3508;105362;1187;3202;41;45;1187;3202;1228;3202;1228;3247;1187;3247;13;NN;SA;SUPPLIER_ADDRESS;Seller Address
invoice-854.tiff;1;1;2480;3508;105363;1239;3202;81;45;1239;3202;1320;3202;1320;3247;1239;3247;RUE;AAA;SA;SUPPLIER_ADDRESS;Seller Address
invoice-854.tiff;1;1;2480;3508;105364;1331;3202;150;45;1331;3202;1481;3202;1481;3247;1331;3247;JOSEPH;AAAAAA;SA;SUPPLIER_ADDRESS;Seller Address
invoice-854.tiff;1;1;2480;3508;105365;1491;3202;178;45;1491;3202;1669;3202;1669;3247;1491;3247;PINVIDIC;AAAAAAAA;SA;SUPPLIER_ADDRESS;Seller Address
invoice-854.tiff;1;1;2480;3508;105366;1187;3248;104;45;1187;3248;1291;3248;1291;3293;1187;3293;29400;NNNNN;SA;SUPPLIER_ADDRESS;Seller Address
invoice-854.tiff;1;1;2480;3508;105367;1333;3248;249;45;1333;3248;1582;3248;1582;3293;1333;3293;LANDIVISIAU;AAAAAAAAAAA;SA;SUPPLIER_ADDRESS;Seller Address
