src;num_pages;page_id;page_width;page_height;id;col;row;width;height;x1;y1;x2;y2;x3;y3;x4;y4;contents;contents_masked;correctclass;tag;description
invoice-2597.tiff;1;1;2480;3508;319630;1541;62;438;175;1541;62;1979;62;1979;237;1541;237;common/logo;AAAAAASAAAA;img;IMAGE;Image
invoice-2597.tiff;1;1;2480;3508;319623;124;270;155;57;124;270;279;270;279;327;124;327;Invoice;AAAAAAA;undefined;OTHER;OTHER
invoice-2597.tiff;1;1;2480;3508;319624;293;270;177;57;293;270;470;270;470;327;293;327;Number;AAAAAA;undefined;OTHER;OTHER
invoice-2597.tiff;1;1;2480;3508;319625;533;270;196;50;533;270;729;270;729;320;533;320;FC500600;AANNNNNN;IN;INVOICE_NUMBER;Invoice Number
invoice-2597.tiff;1;1;2480;3508;319626;124;349;127;57;124;349;251;349;251;406;124;406;Dated;AAAAA;undefined;OTHER;OTHER
invoice-2597.tiff;1;1;2480;3508;319627;315;349;22;50;315;349;337;349;337;399;315;399;7;N;IDATE;INVOICE_DATE;Invoice Date
invoice-2597.tiff;1;1;2480;3508;319628;349;349;80;50;349;349;429;349;429;399;349;399;ago,;AAAS;IDATE;INVOICE_DATE;Invoice Date
invoice-2597.tiff;1;1;2480;3508;319629;441;349;91;50;441;349;532;349;532;399;441;399;1995;NNNN;IDATE;INVOICE_DATE;Invoice Date
invoice-2597.tiff;1;1;2480;3508;319631;1541;412;157;48;1541;412;1698;412;1698;460;1541;460;OKAIDI;AAAAAA;SN;SUPPLIER_NAME;Seller/Company) name
invoice-2597.tiff;1;1;2480;3508;319632;1541;460;41;45;1541;460;1582;460;1582;505;1541;505;37;NN;SA;SUPPLIER_ADDRESS;Seller Address
invoice-2597.tiff;1;1;2480;3508;319633;1593;460;240;45;1593;460;1833;460;1833;505;1593;505;BOULEVARD;AAAAAAAAA;SA;SUPPLIER_ADDRESS;Seller Address
invoice-2597.tiff;1;1;2480;3508;319634;1844;460;233;45;1844;460;2077;460;2077;505;1844;505;ALEXANDRE;AAAAAAAAA;SA;SUPPLIER_ADDRESS;Seller Address
invoice-2597.tiff;1;1;2480;3508;319635;2089;460;41;45;2089;460;2130;460;2130;505;2089;505;III;AAA;SA;SUPPLIER_ADDRESS;Seller Address
invoice-2597.tiff;1;1;2480;3508;319636;1541;506;104;45;1541;506;1645;506;1645;551;1541;551;59140;NNNNN;SA;SUPPLIER_ADDRESS;Seller Address
invoice-2597.tiff;1;1;2480;3508;319637;1687;506;252;45;1687;506;1939;506;1939;551;1687;551;DUNKERQUE;AAAAAAAAA;SA;SUPPLIER_ADDRESS;Seller Address
invoice-2597.tiff;1;1;2480;3508;319638;1541;552;157;45;1541;552;1698;552;1698;597;1541;597;FRANCE;AAAAAA;SA;SUPPLIER_ADDRESS;Seller Address
invoice-2597.tiff;1;1;2480;3508;319639;1541;598;106;45;1541;598;1647;598;1647;643;1541;643;Phone;AAAAA;undefined;OTHER;OTHER
invoice-2597.tiff;1;1;2480;3508;319640;1710;598;69;45;1710;598;1779;598;1779;643;1710;643;+33;SNN;SCN;SUPPLIER_CONTACT_NUMBER;Seller Contact Number
invoice-2597.tiff;1;1;2480;3508;319641;1790;598;20;45;1790;598;1810;598;1810;643;1790;643;0;N;SCN;SUPPLIER_CONTACT_NUMBER;Seller Contact Number
invoice-2597.tiff;1;1;2480;3508;319642;1822;598;62;45;1822;598;1884;598;1884;643;1822;643;629;NNN;SCN;SUPPLIER_CONTACT_NUMBER;Seller Contact Number
invoice-2597.tiff;1;1;2480;3508;319643;1894;598;62;45;1894;598;1956;598;1956;643;1894;643;565;NNN;SCN;SUPPLIER_CONTACT_NUMBER;Seller Contact Number
invoice-2597.tiff;1;1;2480;3508;319644;1967;598;62;45;1967;598;2029;598;2029;643;1967;643;218;NNN;SCN;SUPPLIER_CONTACT_NUMBER;Seller Contact Number
invoice-2597.tiff;1;1;2480;3508;319645;1541;643;64;45;1541;643;1605;643;1605;688;1541;688;Fax;AAA;undefined;OTHER;OTHER
invoice-2597.tiff;1;1;2480;3508;319646;1668;643;69;45;1668;643;1737;643;1737;688;1668;688;+33;SNN;SFAX;SUPPLIER_FAX_NUMBER;Seller Fax Number
invoice-2597.tiff;1;1;2480;3508;319647;1749;643;20;45;1749;643;1769;643;1769;688;1749;688;0;N;SFAX;SUPPLIER_FAX_NUMBER;Seller Fax Number
invoice-2597.tiff;1;1;2480;3508;319648;1780;643;62;45;1780;643;1842;643;1842;688;1780;688;629;NNN;SFAX;SUPPLIER_FAX_NUMBER;Seller Fax Number
invoice-2597.tiff;1;1;2480;3508;319649;1853;643;62;45;1853;643;1915;643;1915;688;1853;688;565;NNN;SFAX;SUPPLIER_FAX_NUMBER;Seller Fax Number
invoice-2597.tiff;1;1;2480;3508;319650;1926;643;62;45;1926;643;1988;643;1988;688;1926;688;347;NNN;SFAX;SUPPLIER_FAX_NUMBER;Seller Fax Number
invoice-2597.tiff;1;1;2480;3508;319651;124;1073;124;48;124;1073;248;1073;248;1121;124;1121;Emelia;AAAAAA;BN;BILLING_NAME;Billing Name
invoice-2597.tiff;1;1;2480;3508;319652;260;1073;129;48;260;1073;389;1073;389;1121;260;1121;Brakus;AAAAAA;BN;BILLING_NAME;Billing Name
invoice-2597.tiff;1;1;2480;3508;319653;124;1121;52;45;124;1121;176;1121;176;1166;124;1166;24,;NNS;BA;BILLING_ADDRESS;Billing Address
invoice-2597.tiff;1;1;2480;3508;319654;187;1121;55;45;187;1121;242;1121;242;1166;187;1166;rue;AAA;BA;BILLING_ADDRESS;Billing Address
invoice-2597.tiff;1;1;2480;3508;319655;253;1121;55;45;253;1121;308;1121;308;1166;253;1166;des;AAA;BA;BILLING_ADDRESS;Billing Address
invoice-2597.tiff;1;1;2480;3508;319656;319;1121;118;45;319;1121;437;1121;437;1166;319;1166;jardins;AAAAAAA;BA;BILLING_ADDRESS;Billing Address
invoice-2597.tiff;1;1;2480;3508;319657;124;1167;104;45;124;1167;228;1167;228;1212;124;1212;66340;NNNNN;BA;BILLING_ADDRESS;Billing Address
invoice-2597.tiff;1;1;2480;3508;319658;270;1167;113;45;270;1167;383;1167;383;1212;270;1212;Osséja;AAAAAA;BA;BILLING_ADDRESS;Billing Address
invoice-2597.tiff;1;1;2480;3508;319659;124;1213;120;45;124;1213;244;1213;244;1258;124;1258;France;AAAAAA;BA;BILLING_ADDRESS;Billing Address
invoice-2597.tiff;1;1;2480;3508;319671;1541;1243;173;52;1541;1243;1714;1243;1714;1295;1541;1295;Payment;AAAAAAA;undefined;OTHER;OTHER
invoice-2597.tiff;1;1;2480;3508;319672;1726;1243;124;52;1726;1243;1850;1243;1850;1295;1726;1295;means;AAAAA;undefined;OTHER;OTHER
invoice-2597.tiff;1;1;2480;3508;319673;2166;1243;104;46;2166;1243;2270;1243;2270;1289;2166;1289;Credit;AAAAAA;PMODE;PAYMENT_MODE;Payment Mode
invoice-2597.tiff;1;1;2480;3508;319674;2281;1243;71;46;2281;1243;2352;1243;2352;1289;2281;1289;card;AAAA;PMODE;PAYMENT_MODE;Payment Mode
invoice-2597.tiff;1;1;2480;3508;319660;124;1301;180;57;124;1301;304;1301;304;1358;124;1358;Delivery;AAAAAAAA;undefined;OTHER;OTHER
invoice-2597.tiff;1;1;2480;3508;319661;318;1301;175;57;318;1301;493;1301;493;1358;318;1358;Address;AAAAAAA;undefined;OTHER;OTHER
invoice-2597.tiff;1;1;2480;3508;319662;124;1358;124;48;124;1358;248;1358;248;1406;124;1406;Emelia;AAAAAA;SHN;SHIPPING_NAME;Shipping Name
invoice-2597.tiff;1;1;2480;3508;319663;260;1358;129;48;260;1358;389;1358;389;1406;260;1406;Brakus;AAAAAA;SHN;SHIPPING_NAME;Shipping Name
invoice-2597.tiff;1;1;2480;3508;319664;124;1406;52;45;124;1406;176;1406;176;1451;124;1451;24,;NNS;SHA;SHIPPING_ADDRESS;Shipping Address
invoice-2597.tiff;1;1;2480;3508;319665;187;1406;55;45;187;1406;242;1406;242;1451;187;1451;rue;AAA;SHA;SHIPPING_ADDRESS;Shipping Address
invoice-2597.tiff;1;1;2480;3508;319666;253;1406;55;45;253;1406;308;1406;308;1451;253;1451;des;AAA;SHA;SHIPPING_ADDRESS;Shipping Address
invoice-2597.tiff;1;1;2480;3508;319667;319;1406;118;45;319;1406;437;1406;437;1451;319;1451;jardins;AAAAAAA;SHA;SHIPPING_ADDRESS;Shipping Address
invoice-2597.tiff;1;1;2480;3508;319668;124;1452;104;45;124;1452;228;1452;228;1497;124;1497;66340;NNNNN;SHA;SHIPPING_ADDRESS;Shipping Address
invoice-2597.tiff;1;1;2480;3508;319669;270;1452;113;45;270;1452;383;1452;383;1497;270;1497;Osséja;AAAAAA;SHA;SHIPPING_ADDRESS;Shipping Address
invoice-2597.tiff;1;1;2480;3508;319670;124;1498;120;45;124;1498;244;1498;244;1543;124;1543;France;AAAAAA;SHA;SHIPPING_ADDRESS;Shipping Address
invoice-2597.tiff;1;1;2480;3508;319675;364;1821;157;52;364;1821;521;1821;521;1873;364;1873;Product;AAAAAAA;undefined;OTHER;OTHER
invoice-2597.tiff;1;1;2480;3508;319676;533;1821;226;52;533;1821;759;1821;759;1873;533;1873;Description;AAAAAAAAAAA;undefined;OTHER;OTHER
invoice-2597.tiff;1;1;2480;3508;319677;1037;1821;175;52;1037;1821;1212;1821;1212;1873;1037;1873;Quantity;AAAAAAAA;undefined;OTHER;OTHER
invoice-2597.tiff;1;1;2480;3508;319678;1316;1821;86;52;1316;1821;1402;1821;1402;1873;1316;1873;Unit;AAAA;undefined;OTHER;OTHER
invoice-2597.tiff;1;1;2480;3508;319679;1414;1821;101;52;1414;1821;1515;1821;1515;1873;1414;1873;Price;AAAAA;undefined;OTHER;OTHER
invoice-2597.tiff;1;1;2480;3508;319680;1650;1821;96;52;1650;1821;1746;1821;1746;1873;1650;1873;TVA;AAA;undefined;OTHER;OTHER
invoice-2597.tiff;1;1;2480;3508;319681;1758;1821;91;52;1758;1821;1849;1821;1849;1873;1758;1873;Rate;AAAA;undefined;OTHER;OTHER
invoice-2597.tiff;1;1;2480;3508;319682;2031;1821;104;52;2031;1821;2135;1821;2135;1873;2031;1873;Total;AAAAA;undefined;OTHER;OTHER
invoice-2597.tiff;1;1;2480;3508;319683;124;1895;194;48;124;1895;318;1895;318;1943;124;1943;Aspirateur;AAAAAAAAAA;undefined;OTHER;OTHER
invoice-2597.tiff;1;1;2480;3508;319684;329;1895;76;48;329;1895;405;1895;405;1943;329;1943;sans;AAAA;undefined;OTHER;OTHER
invoice-2597.tiff;1;1;2480;3508;319685;416;1895;55;48;416;1895;471;1895;471;1943;416;1943;sac;AAA;undefined;OTHER;OTHER
invoice-2597.tiff;1;1;2480;3508;319686;482;1895;111;48;482;1895;593;1895;593;1943;482;1943;Dyson;AAAAA;undefined;OTHER;OTHER
invoice-2597.tiff;1;1;2480;3508;319687;604;1895;127;48;604;1895;731;1895;731;1943;604;1943;Cinetic;AAAAAAA;undefined;OTHER;OTHER
invoice-2597.tiff;1;1;2480;3508;319688;741;1895;60;48;741;1895;801;1895;801;1943;741;1943;Big;AAA;undefined;OTHER;OTHER
invoice-2597.tiff;1;1;2480;3508;319689;812;1895;71;48;812;1895;883;1895;883;1943;812;1943;Ball;AAAA;undefined;OTHER;OTHER
invoice-2597.tiff;1;1;2480;3508;319691;1114;1895;20;48;1114;1895;1134;1895;1134;1943;1114;1943;4;N;undefined;OTHER;OTHER
invoice-2597.tiff;1;1;2480;3508;319692;1359;1895;114;48;1359;1895;1473;1895;1473;1943;1359;1943;290,83;NNNSNN;undefined;OTHER;OTHER
invoice-2597.tiff;1;1;2480;3508;319693;1692;1895;114;48;1692;1895;1806;1895;1806;1943;1692;1943;20.0%;NNSNS;undefined;OTHER;OTHER
invoice-2597.tiff;1;1;2480;3508;319694;2015;1895;135;48;2015;1895;2150;1895;2150;1943;2015;1943;1163,33;NNNNSNN;undefined;OTHER;OTHER
invoice-2597.tiff;1;1;2480;3508;319690;124;1943;212;48;124;1943;336;1943;336;1991;124;1991;Musclehead;AAAAAAAAAA;undefined;OTHER;OTHER
invoice-2597.tiff;1;1;2480;3508;319695;124;2033;85;48;124;2033;209;2033;209;2081;124;2081;Pavé;AAAA;undefined;OTHER;OTHER
invoice-2597.tiff;1;1;2480;3508;319696;221;2033;108;48;221;2033;329;2033;329;2081;221;2081;tactile;AAAAAAA;undefined;OTHER;OTHER
invoice-2597.tiff;1;1;2480;3508;319697;340;2033;106;48;340;2033;446;2033;446;2081;340;2081;Apple;AAAAA;undefined;OTHER;OTHER
invoice-2597.tiff;1;1;2480;3508;319698;457;2033;111;48;457;2033;568;2033;568;2081;457;2081;Magic;AAAAA;undefined;OTHER;OTHER
invoice-2597.tiff;1;1;2480;3508;319699;578;2033;175;48;578;2033;753;2033;753;2081;578;2081;Trackpad;AAAAAAAA;undefined;OTHER;OTHER
invoice-2597.tiff;1;1;2480;3508;319700;764;2033;20;48;764;2033;784;2033;784;2081;764;2081;2;N;undefined;OTHER;OTHER
invoice-2597.tiff;1;1;2480;3508;319701;1114;2033;20;48;1114;2033;1134;2033;1134;2081;1114;2081;4;N;undefined;OTHER;OTHER
invoice-2597.tiff;1;1;2480;3508;319702;1359;2033;114;48;1359;2033;1473;2033;1473;2081;1359;2081;124,17;NNNSNN;undefined;OTHER;OTHER
invoice-2597.tiff;1;1;2480;3508;319703;1692;2033;114;48;1692;2033;1806;2033;1806;2081;1692;2081;20.0%;NNSNS;undefined;OTHER;OTHER
invoice-2597.tiff;1;1;2480;3508;319704;2026;2033;114;48;2026;2033;2140;2033;2140;2081;2026;2081;496,67;NNNSNN;undefined;OTHER;OTHER
invoice-2597.tiff;1;1;2480;3508;319705;124;2123;155;48;124;2123;279;2123;279;2171;124;2171;Enceinte;AAAAAAAA;undefined;OTHER;OTHER
invoice-2597.tiff;1;1;2480;3508;319706;290;2123;222;48;290;2123;512;2123;512;2171;290;2171;bibliothèque;AAAAAAAAAAAA;undefined;OTHER;OTHER
invoice-2597.tiff;1;1;2480;3508;319707;523;2123;97;48;523;2123;620;2123;620;2171;523;2171;Focal;AAAAA;undefined;OTHER;OTHER
invoice-2597.tiff;1;1;2480;3508;319708;630;2123;129;48;630;2123;759;2123;759;2171;630;2171;DÔME;AAAA;undefined;OTHER;OTHER
invoice-2597.tiff;1;1;2480;3508;319709;770;2123;81;48;770;2123;851;2123;851;2171;770;2171;SAT;AAA;undefined;OTHER;OTHER
invoice-2597.tiff;1;1;2480;3508;319710;862;2123;52;48;862;2123;914;2123;914;2171;862;2171;1.0;NSN;undefined;OTHER;OTHER
invoice-2597.tiff;1;1;2480;3508;319714;1114;2123;20;48;1114;2123;1134;2123;1134;2171;1114;2171;4;N;undefined;OTHER;OTHER
invoice-2597.tiff;1;1;2480;3508;319715;1359;2123;114;48;1359;2123;1473;2123;1473;2171;1359;2171;237,50;NNNSNN;undefined;OTHER;OTHER
invoice-2597.tiff;1;1;2480;3508;319716;1692;2123;114;48;1692;2123;1806;2123;1806;2171;1692;2171;20.0%;NNSNS;undefined;OTHER;OTHER
invoice-2597.tiff;1;1;2480;3508;319717;2026;2123;114;48;2026;2123;2140;2123;2140;2171;2026;2171;950,00;NNNSNN;undefined;OTHER;OTHER
invoice-2597.tiff;1;1;2480;3508;319711;124;2171;208;48;124;2171;332;2171;332;2219;124;2219;DIAMOND;AAAAAAA;undefined;OTHER;OTHER
invoice-2597.tiff;1;1;2480;3508;319712;343;2171;148;48;343;2171;491;2171;491;2219;343;2219;BLACK;AAAAA;undefined;OTHER;OTHER
invoice-2597.tiff;1;1;2480;3508;319713;502;2171;50;48;502;2171;552;2171;552;2219;502;2219;X1;AN;undefined;OTHER;OTHER
invoice-2597.tiff;1;1;2480;3508;319718;1916;2302;104;52;1916;2302;2020;2302;2020;2354;1916;2354;Total;AAAAA;undefined;OTHER;OTHER
invoice-2597.tiff;1;1;2480;3508;319719;2062;2302;135;48;2062;2302;2197;2302;2197;2350;2062;2350;2610,00;NNNNSNN;TWTX;TOTAL_WITHOUT_TAX;TWTXS
invoice-2597.tiff;1;1;2480;3508;319720;1793;2355;76;52;1793;2355;1869;2355;1869;2407;1793;2407;Tax;AAA;undefined;OTHER;OTHER
invoice-2597.tiff;1;1;2480;3508;319721;1881;2355;160;52;1881;2355;2041;2355;2041;2407;1881;2407;Amount;AAAAAA;undefined;OTHER;OTHER
invoice-2597.tiff;1;1;2480;3508;319722;2083;2355;114;48;2083;2355;2197;2355;2197;2403;2083;2403;522,00;NNNSNN;TTX;TOTAL_TAX;Total Tax
invoice-2597.tiff;1;1;2480;3508;319723;1728;2408;160;52;1728;2408;1888;2408;1888;2460;1728;2460;Amount;AAAAAA;undefined;OTHER;OTHER
invoice-2597.tiff;1;1;2480;3508;319724;1899;2408;38;52;1899;2408;1937;2408;1937;2460;1899;2460;to;AA;undefined;OTHER;OTHER
invoice-2597.tiff;1;1;2480;3508;319725;1949;2408;71;52;1949;2408;2020;2408;2020;2460;1949;2460;pay;AAA;undefined;OTHER;OTHER
invoice-2597.tiff;1;1;2480;3508;319726;2062;2408;135;48;2062;2408;2197;2408;2197;2456;2062;2456;3132,00;NNNNSNN;TA;TOTAL_AMOUNT;Total with TAX
invoice-2597.tiff;1;1;2480;3508;319727;1108;3154;157;48;1108;3154;1265;3154;1265;3202;1108;3202;OKAIDI;AAAAAA;SN;SUPPLIER_NAME;Seller/Company) name
invoice-2597.tiff;1;1;2480;3508;319728;619;3202;41;45;619;3202;660;3202;660;3247;619;3247;37;NN;SA;SUPPLIER_ADDRESS;Seller Address
invoice-2597.tiff;1;1;2480;3508;319729;671;3202;240;45;671;3202;911;3202;911;3247;671;3247;BOULEVARD;AAAAAAAAA;SA;SUPPLIER_ADDRESS;Seller Address
invoice-2597.tiff;1;1;2480;3508;319730;922;3202;233;45;922;3202;1155;3202;1155;3247;922;3247;ALEXANDRE;AAAAAAAAA;SA;SUPPLIER_ADDRESS;Seller Address
invoice-2597.tiff;1;1;2480;3508;319731;1166;3202;41;45;1166;3202;1207;3202;1207;3247;1166;3247;III;AAA;SA;SUPPLIER_ADDRESS;Seller Address
invoice-2597.tiff;1;1;2480;3508;319732;1216;3202;104;45;1216;3202;1320;3202;1320;3247;1216;3247;59140;NNNNN;SA;SUPPLIER_ADDRESS;Seller Address
invoice-2597.tiff;1;1;2480;3508;319733;1329;3202;252;45;1329;3202;1581;3202;1581;3247;1329;3247;DUNKERQUE;AAAAAAAAA;SA;SUPPLIER_ADDRESS;Seller Address
invoice-2597.tiff;1;1;2480;3508;319734;1589;3202;157;45;1589;3202;1746;3202;1746;3247;1589;3247;FRANCE;AAAAAA;SA;SUPPLIER_ADDRESS;Seller Address
