src;num_pages;page_id;page_width;page_height;id;col;row;width;height;x1;y1;x2;y2;x3;y3;x4;y4;contents;contents_masked;correctclass;tag;description
invoice-622.tiff;1;1;2480;3508;76974;124;62;449;175;124;62;573;62;573;237;124;237;common/logo;AAAAAASAAAA;img;IMAGE;Image
invoice-622.tiff;1;1;2480;3508;76997;1541;270;188;59;1541;270;1729;270;1729;329;1541;329;Numéro;AAAAAA;undefined;OTHER;OTHER
invoice-622.tiff;1;1;2480;3508;76998;1744;270;58;59;1744;270;1802;270;1802;329;1744;329;de;AA;undefined;OTHER;OTHER
invoice-622.tiff;1;1;2480;3508;76999;1816;270;166;59;1816;270;1982;270;1982;329;1816;329;facture;AAAAAAA;undefined;OTHER;OTHER
invoice-622.tiff;1;1;2480;3508;77000;2045;270;213;52;2045;270;2258;270;2258;322;2045;322;FC500589;AANNNNNN;IN;INVOICE_NUMBER;Invoice Number
invoice-622.tiff;1;1;2480;3508;77001;1541;351;66;59;1541;351;1607;351;1607;410;1541;410;Du;AA;undefined;OTHER;OTHER
invoice-622.tiff;1;1;2480;3508;77002;1670;351;178;52;1670;351;1848;351;1848;403;1670;403;30/03/01;NNSNNSNN;IDATE;INVOICE_DATE;Invoice Date
invoice-622.tiff;1;1;2480;3508;76975;124;412;152;49;124;412;276;412;276;461;124;461;HEITER;AAAAAA;SN;SUPPLIER_NAME;Seller/Company) name
invoice-622.tiff;1;1;2480;3508;76976;289;412;182;49;289;412;471;412;471;461;289;461;HABITAT;AAAAAAA;SN;SUPPLIER_NAME;Seller/Company) name
invoice-622.tiff;1;1;2480;3508;76977;124;462;46;48;124;462;170;462;170;510;124;510;23;NN;SA;SUPPLIER_ADDRESS;Seller Address
invoice-622.tiff;1;1;2480;3508;76978;182;462;27;48;182;462;209;462;209;510;182;510;B;A;SA;SUPPLIER_ADDRESS;Seller Address
invoice-622.tiff;1;1;2480;3508;76979;222;462;87;48;222;462;309;462;309;510;222;510;RUE;AAA;SA;SUPPLIER_ADDRESS;Seller Address
invoice-622.tiff;1;1;2480;3508;76980;321;462;60;48;321;462;381;462;381;510;321;510;DU;AA;SA;SUPPLIER_ADDRESS;Seller Address
invoice-622.tiff;1;1;2480;3508;76981;393;462;224;48;393;462;617;462;617;510;393;510;TREMBLAY;AAAAAAAA;SA;SUPPLIER_ADDRESS;Seller Address
invoice-622.tiff;1;1;2480;3508;76982;124;510;115;48;124;510;239;510;239;558;124;558;38130;NNNNN;SA;SUPPLIER_ADDRESS;Seller Address
invoice-622.tiff;1;1;2480;3508;76983;282;510;263;48;282;510;545;510;545;558;282;558;ECHIROLLES;AAAAAAAAAA;SA;SUPPLIER_ADDRESS;Seller Address
invoice-622.tiff;1;1;2480;3508;76984;124;558;171;48;124;558;295;558;295;606;124;606;FRANCE;AAAAAA;SA;SUPPLIER_ADDRESS;Seller Address
invoice-622.tiff;1;1;2480;3508;76985;124;606;196;48;124;606;320;606;320;654;124;654;Téléphone;AAAAAAAAA;undefined;OTHER;OTHER
invoice-622.tiff;1;1;2480;3508;76986;384;606;70;48;384;606;454;606;454;654;384;654;+33;SNN;SCN;SUPPLIER_CONTACT_NUMBER;Seller Contact Number
invoice-622.tiff;1;1;2480;3508;76987;466;606;23;48;466;606;489;606;489;654;466;654;0;N;SCN;SUPPLIER_CONTACT_NUMBER;Seller Contact Number
invoice-622.tiff;1;1;2480;3508;76988;501;606;69;48;501;606;570;606;570;654;501;654;153;NNN;SCN;SUPPLIER_CONTACT_NUMBER;Seller Contact Number
invoice-622.tiff;1;1;2480;3508;76989;582;606;69;48;582;606;651;606;651;654;582;654;952;NNN;SCN;SUPPLIER_CONTACT_NUMBER;Seller Contact Number
invoice-622.tiff;1;1;2480;3508;76990;663;606;69;48;663;606;732;606;732;654;663;654;239;NNN;SCN;SUPPLIER_CONTACT_NUMBER;Seller Contact Number
invoice-622.tiff;1;1;2480;3508;76991;124;654;180;48;124;654;304;654;304;702;124;702;Télécopie;AAAAAAAAA;undefined;OTHER;OTHER
invoice-622.tiff;1;1;2480;3508;76992;368;654;70;48;368;654;438;654;438;702;368;702;+33;SNN;SFAX;SUPPLIER_FAX_NUMBER;Seller Fax Number
invoice-622.tiff;1;1;2480;3508;76993;450;654;23;48;450;654;473;654;473;702;450;702;0;N;SFAX;SUPPLIER_FAX_NUMBER;Seller Fax Number
invoice-622.tiff;1;1;2480;3508;76994;485;654;69;48;485;654;554;654;554;702;485;702;153;NNN;SFAX;SUPPLIER_FAX_NUMBER;Seller Fax Number
invoice-622.tiff;1;1;2480;3508;76995;566;654;69;48;566;654;635;654;635;702;566;702;952;NNN;SFAX;SUPPLIER_FAX_NUMBER;Seller Fax Number
invoice-622.tiff;1;1;2480;3508;76996;647;654;69;48;647;654;716;654;716;702;647;702;744;NNN;SFAX;SUPPLIER_FAX_NUMBER;Seller Fax Number
invoice-622.tiff;1;1;2480;3508;77015;1541;892;197;59;1541;892;1738;892;1738;951;1541;951;Adresse;AAAAAAA;undefined;OTHER;OTHER
invoice-622.tiff;1;1;2480;3508;77016;1752;892;58;59;1752;892;1810;892;1810;951;1752;951;de;AA;undefined;OTHER;OTHER
invoice-622.tiff;1;1;2480;3508;77017;1825;892;272;59;1825;892;2097;892;2097;951;1825;951;Facturation;AAAAAAAAAAA;undefined;OTHER;OTHER
invoice-622.tiff;1;1;2480;3508;77003;124;905;173;54;124;905;297;905;297;959;124;959;Numéro;AAAAAA;undefined;OTHER;OTHER
invoice-622.tiff;1;1;2480;3508;77004;310;905;53;54;310;905;363;905;363;959;310;959;de;AA;undefined;OTHER;OTHER
invoice-622.tiff;1;1;2480;3508;77005;377;905;119;54;377;905;496;905;496;959;377;959;client;AAAAAA;undefined;OTHER;OTHER
invoice-622.tiff;1;1;2480;3508;77006;750;905;169;48;750;905;919;905;919;953;750;953;CL55966;AANNNNN;CNUM;CLIENT_NUMBER;Client Number
invoice-622.tiff;1;1;2480;3508;77018;1541;951;74;49;1541;951;1615;951;1615;1000;1541;1000;Zoe;AAA;BN;BILLING_NAME;Billing Name
invoice-622.tiff;1;1;2480;3508;77019;1627;951;173;49;1627;951;1800;951;1800;1000;1627;1000;Lefebvre;AAAAAAAA;BN;BILLING_NAME;Billing Name
invoice-622.tiff;1;1;2480;3508;77007;124;981;173;54;124;981;297;981;297;1035;124;1035;Numéro;AAAAAA;undefined;OTHER;OTHER
invoice-622.tiff;1;1;2480;3508;77008;310;981;53;54;310;981;363;981;363;1035;310;1035;de;AA;undefined;OTHER;OTHER
invoice-622.tiff;1;1;2480;3508;77009;377;981;241;54;377;981;618;981;618;1035;377;1035;commande;AAAAAAAA;undefined;OTHER;OTHER
invoice-622.tiff;1;1;2480;3508;77010;750;981;157;48;750;981;907;981;907;1029;750;1029;CM5857;AANNNN;ONUM;ORDER_NUMBER;Order Number
invoice-622.tiff;1;1;2480;3508;77020;1541;1001;57;48;1541;1001;1598;1001;1598;1049;1541;1049;14,;NNS;BA;BILLING_ADDRESS;Billing Address
invoice-622.tiff;1;1;2480;3508;77021;1611;1001;94;48;1611;1001;1705;1001;1705;1049;1611;1049;route;AAAAA;BA;BILLING_ADDRESS;Billing Address
invoice-622.tiff;1;1;2480;3508;77022;1717;1001;251;48;1717;1001;1968;1001;1968;1049;1717;1049;d'hondeghem;ASAAAAAAAAA;BA;BILLING_ADDRESS;Billing Address
invoice-622.tiff;1;1;2480;3508;77023;1541;1049;115;48;1541;1049;1656;1049;1656;1097;1541;1097;59114;NNNNN;BA;BILLING_ADDRESS;Billing Address
invoice-622.tiff;1;1;2480;3508;77024;1699;1049;426;48;1699;1049;2125;1049;2125;1097;1699;1097;Saint-Sylvestre-Cappel;AAAAASAAAAAAAAASAAAAAA;BA;BILLING_ADDRESS;Billing Address
invoice-622.tiff;1;1;2480;3508;77011;124;1056;145;54;124;1056;269;1056;269;1110;124;1110;Moyen;AAAAA;undefined;OTHER;OTHER
invoice-622.tiff;1;1;2480;3508;77012;282;1056;53;54;282;1056;335;1056;335;1110;282;1110;de;AA;undefined;OTHER;OTHER
invoice-622.tiff;1;1;2480;3508;77013;349;1056;201;54;349;1056;550;1056;550;1110;349;1110;paiement;AAAAAAAA;undefined;OTHER;OTHER
invoice-622.tiff;1;1;2480;3508;77014;750;1056;57;48;750;1056;807;1056;807;1104;750;1104;CB;AA;PMODE;PAYMENT_MODE;Payment Mode
invoice-622.tiff;1;1;2480;3508;77025;1541;1097;129;48;1541;1097;1670;1097;1670;1145;1541;1145;France;AAAAAA;BA;BILLING_ADDRESS;Billing Address
invoice-622.tiff;1;1;2480;3508;77026;135;1560;145;54;135;1560;280;1560;280;1614;135;1614;S.Non.;ASAAAS;undefined;OTHER;OTHER
invoice-622.tiff;1;1;2480;3508;77027;344;1560;185;54;344;1560;529;1560;529;1614;344;1614;Quantité;AAAAAAAA;undefined;OTHER;OTHER
invoice-622.tiff;1;1;2480;3508;77028;853;1560;252;54;853;1560;1105;1560;1105;1614;853;1614;Description;AAAAAAAAAAA;undefined;OTHER;OTHER
invoice-622.tiff;1;1;2480;3508;77029;1385;1560;86;54;1385;1560;1471;1560;1471;1614;1385;1614;Prix;AAAA;undefined;OTHER;OTHER
invoice-622.tiff;1;1;2480;3508;77030;1485;1560;170;54;1485;1560;1655;1560;1655;1614;1485;1614;Unitaire;AAAAAAAA;undefined;OTHER;OTHER
invoice-622.tiff;1;1;2480;3508;77031;1673;1560;106;54;1673;1560;1779;1560;1779;1614;1673;1614;Taux;AAAA;undefined;OTHER;OTHER
invoice-622.tiff;1;1;2480;3508;77032;1793;1560;53;54;1793;1560;1846;1560;1846;1614;1793;1614;de;AA;undefined;OTHER;OTHER
invoice-622.tiff;1;1;2480;3508;77033;1859;1560;91;54;1859;1560;1950;1560;1950;1614;1859;1614;TVA;AAA;undefined;OTHER;OTHER
invoice-622.tiff;1;1;2480;3508;77034;1978;1560;178;54;1978;1560;2156;1560;2156;1614;1978;1614;Montant;AAAAAAA;undefined;OTHER;OTHER
invoice-622.tiff;1;1;2480;3508;77035;2169;1560;61;54;2169;1560;2230;1560;2230;1614;2169;1614;HT;AA;undefined;OTHER;OTHER
invoice-622.tiff;1;1;2480;3508;77036;196;1636;23;49;196;1636;219;1636;219;1685;196;1685;1;N;undefined;OTHER;OTHER
invoice-622.tiff;1;1;2480;3508;77037;425;1636;23;49;425;1636;448;1636;448;1685;425;1685;1;N;undefined;OTHER;OTHER
invoice-622.tiff;1;1;2480;3508;77038;583;1636;155;49;583;1636;738;1636;738;1685;583;1685;Blender;AAAAAAA;undefined;OTHER;OTHER
invoice-622.tiff;1;1;2480;3508;77039;750;1636;187;49;750;1636;937;1636;937;1685;750;1685;chauffant;AAAAAAAAA;undefined;OTHER;OTHER
invoice-622.tiff;1;1;2480;3508;77040;949;1636;180;49;949;1636;1129;1636;1129;1685;949;1685;Moulinex;AAAAAAAA;undefined;OTHER;OTHER
invoice-622.tiff;1;1;2480;3508;77041;1141;1636;113;49;1141;1636;1254;1636;1254;1685;1141;1685;EASY;AAAA;undefined;OTHER;OTHER
invoice-622.tiff;1;1;2480;3508;77045;1418;1636;104;49;1418;1636;1522;1636;1522;1685;1418;1685;74,99;NNSNN;undefined;OTHER;OTHER
invoice-622.tiff;1;1;2480;3508;77046;1534;1636;87;49;1534;1636;1621;1636;1621;1685;1534;1685;EUR;AAA;undefined;OTHER;OTHER
invoice-622.tiff;1;1;2480;3508;77047;1753;1636;118;49;1753;1636;1871;1636;1871;1685;1753;1685;20.0%;NNSNS;undefined;OTHER;OTHER
invoice-622.tiff;1;1;2480;3508;77048;2002;1636;104;49;2002;1636;2106;1636;2106;1685;2002;1685;74,99;NNSNN;undefined;OTHER;OTHER
invoice-622.tiff;1;1;2480;3508;77049;2118;1636;87;49;2118;1636;2205;1636;2205;1685;2118;1685;EUR;AAA;undefined;OTHER;OTHER
invoice-622.tiff;1;1;2480;3508;77042;583;1685;118;49;583;1685;701;1685;701;1734;583;1734;SOUP;AAAA;undefined;OTHER;OTHER
invoice-622.tiff;1;1;2480;3508;77043;712;1685;187;49;712;1685;899;1685;899;1734;712;1734;chauffant;AAAAAAAAA;undefined;OTHER;OTHER
invoice-622.tiff;1;1;2480;3508;77044;912;1685;199;49;912;1685;1111;1685;1111;1734;912;1734;LM841110;AANNNNNN;undefined;OTHER;OTHER
invoice-622.tiff;1;1;2480;3508;77050;196;1776;23;49;196;1776;219;1776;219;1825;196;1825;2;N;undefined;OTHER;OTHER
invoice-622.tiff;1;1;2480;3508;77051;425;1776;23;49;425;1776;448;1776;448;1825;425;1825;1;N;undefined;OTHER;OTHER
invoice-622.tiff;1;1;2480;3508;77052;583;1776;88;49;583;1776;671;1776;671;1825;583;1825;GPS;AAA;undefined;OTHER;OTHER
invoice-622.tiff;1;1;2480;3508;77053;682;1776;145;49;682;1776;827;1776;827;1825;682;1825;Garmin;AAAAAA;undefined;OTHER;OTHER
invoice-622.tiff;1;1;2480;3508;77054;840;1776;201;49;840;1776;1041;1776;1041;1825;840;1825;DriveLuxe;AAAAAAAAA;undefined;OTHER;OTHER
invoice-622.tiff;1;1;2480;3508;77055;1053;1776;46;49;1053;1776;1099;1776;1099;1825;1053;1825;51;NN;undefined;OTHER;OTHER
invoice-622.tiff;1;1;2480;3508;77056;1111;1776;143;49;1111;1776;1254;1776;1254;1825;1111;1825;Europe;AAAAAA;undefined;OTHER;OTHER
invoice-622.tiff;1;1;2480;3508;77058;1407;1776;127;49;1407;1776;1534;1776;1534;1825;1407;1825;274,99;NNNSNN;undefined;OTHER;OTHER
invoice-622.tiff;1;1;2480;3508;77059;1546;1776;87;49;1546;1776;1633;1776;1633;1825;1546;1825;EUR;AAA;undefined;OTHER;OTHER
invoice-622.tiff;1;1;2480;3508;77060;1753;1776;118;49;1753;1776;1871;1776;1871;1825;1753;1825;20.0%;NNSNS;undefined;OTHER;OTHER
invoice-622.tiff;1;1;2480;3508;77061;1990;1776;127;49;1990;1776;2117;1776;2117;1825;1990;1825;274,99;NNNSNN;undefined;OTHER;OTHER
invoice-622.tiff;1;1;2480;3508;77062;2129;1776;87;49;2129;1776;2216;1776;2216;1825;2129;1825;EUR;AAA;undefined;OTHER;OTHER
invoice-622.tiff;1;1;2480;3508;77057;583;1826;127;49;583;1826;710;1826;710;1875;583;1875;LMT-S;AAASA;undefined;OTHER;OTHER
invoice-622.tiff;1;1;2480;3508;77063;1403;1959;147;52;1403;1959;1550;1959;1550;2011;1403;2011;TOTAL;AAAAA;undefined;OTHER;OTHER
invoice-622.tiff;1;1;2480;3508;77064;1563;1959;175;52;1563;1959;1738;1959;1738;2011;1563;2011;REMISE;AAAAAA;undefined;OTHER;OTHER
invoice-622.tiff;1;1;2480;3508;77065;1752;1959;254;52;1752;1959;2006;1959;2006;2011;1752;2011;IMMEDIATE;AAAAAAAAA;undefined;OTHER;OTHER
invoice-622.tiff;1;1;2480;3508;77066;2027;1959;81;48;2027;1959;2108;1959;2108;2007;2027;2007;0,00;NSNN;undefined;OTHER;OTHER
invoice-622.tiff;1;1;2480;3508;77067;2120;1959;87;48;2120;1959;2207;1959;2207;2007;2120;2007;EUR;AAA;undefined;OTHER;OTHER
invoice-622.tiff;1;1;2480;3508;77068;1700;2012;165;52;1700;2012;1865;2012;1865;2064;1700;2064;Montant;AAAAAAA;undefined;OTHER;OTHER
invoice-622.tiff;1;1;2480;3508;77069;1878;2012;61;52;1878;2012;1939;2012;1939;2064;1878;2064;HT;AA;undefined;OTHER;OTHER
invoice-622.tiff;1;1;2480;3508;77070;1981;2012;127;48;1981;2012;2108;2012;2108;2060;1981;2060;349,98;NNNSNN;TWTX;TOTAL_WITHOUT_TAX;TWTXS
invoice-622.tiff;1;1;2480;3508;77071;2120;2012;87;48;2120;2012;2207;2012;2207;2060;2120;2060;EUR;AAA;TWTX;TOTAL_WITHOUT_TAX;TWTXS
invoice-622.tiff;1;1;2480;3508;77072;1781;2065;101;52;1781;2065;1882;2065;1882;2117;1781;2117;Taux;AAAA;undefined;OTHER;OTHER
invoice-622.tiff;1;1;2480;3508;77073;1895;2065;50;52;1895;2065;1945;2065;1945;2117;1895;2117;de;AA;undefined;OTHER;OTHER
invoice-622.tiff;1;1;2480;3508;77074;1959;2065;89;52;1959;2065;2048;2065;2048;2117;1959;2117;TVA;AAA;undefined;OTHER;OTHER
invoice-622.tiff;1;1;2480;3508;77075;2090;2065;118;48;2090;2065;2208;2065;2208;2113;2090;2113;20.0%;NNSNS;TXR;TAX_RATE;Tax Rate
invoice-622.tiff;1;1;2480;3508;77076;1873;2118;89;52;1873;2118;1962;2118;1962;2170;1873;2170;TVA;AAA;undefined;OTHER;OTHER
invoice-622.tiff;1;1;2480;3508;77077;2004;2118;104;48;2004;2118;2108;2118;2108;2166;2004;2166;70,00;NNSNN;TTX;TOTAL_TAX;Total Tax
invoice-622.tiff;1;1;2480;3508;77078;2120;2118;87;48;2120;2118;2207;2118;2207;2166;2120;2166;EUR;AAA;TTX;TOTAL_TAX;Total Tax
invoice-622.tiff;1;1;2480;3508;77079;1735;2171;101;52;1735;2171;1836;2171;1836;2223;1735;2223;Total;AAAAA;undefined;OTHER;OTHER
invoice-622.tiff;1;1;2480;3508;77080;1850;2171;89;52;1850;2171;1939;2171;1939;2223;1850;2223;TTC;AAA;undefined;OTHER;OTHER
invoice-622.tiff;1;1;2480;3508;77081;1981;2171;127;48;1981;2171;2108;2171;2108;2219;1981;2219;419,98;NNNSNN;TA;TOTAL_AMOUNT;Total with TAX
invoice-622.tiff;1;1;2480;3508;77082;2120;2171;87;48;2120;2171;2207;2171;2207;2219;2120;2219;EUR;AAA;TA;TOTAL_AMOUNT;Total with TAX
invoice-622.tiff;1;1;2480;3508;77083;124;3154;152;49;124;3154;276;3154;276;3203;124;3203;HEITER;AAAAAA;SN;SUPPLIER_NAME;Seller/Company) name
invoice-622.tiff;1;1;2480;3508;77084;289;3154;182;49;289;3154;471;3154;471;3203;289;3203;HABITAT;AAAAAAA;SN;SUPPLIER_NAME;Seller/Company) name
invoice-622.tiff;1;1;2480;3508;77085;124;3203;46;48;124;3203;170;3203;170;3251;124;3251;23;NN;SA;SUPPLIER_ADDRESS;Seller Address
invoice-622.tiff;1;1;2480;3508;77086;182;3203;27;48;182;3203;209;3203;209;3251;182;3251;B;A;SA;SUPPLIER_ADDRESS;Seller Address
invoice-622.tiff;1;1;2480;3508;77087;222;3203;87;48;222;3203;309;3203;309;3251;222;3251;RUE;AAA;SA;SUPPLIER_ADDRESS;Seller Address
invoice-622.tiff;1;1;2480;3508;77088;321;3203;60;48;321;3203;381;3203;381;3251;321;3251;DU;AA;SA;SUPPLIER_ADDRESS;Seller Address
invoice-622.tiff;1;1;2480;3508;77089;393;3203;224;48;393;3203;617;3203;617;3251;393;3251;TREMBLAY;AAAAAAAA;SA;SUPPLIER_ADDRESS;Seller Address
invoice-622.tiff;1;1;2480;3508;77090;626;3203;115;48;626;3203;741;3203;741;3251;626;3251;38130;NNNNN;SA;SUPPLIER_ADDRESS;Seller Address
invoice-622.tiff;1;1;2480;3508;77091;750;3203;263;48;750;3203;1013;3203;1013;3251;750;3251;ECHIROLLES;AAAAAAAAAA;SA;SUPPLIER_ADDRESS;Seller Address
invoice-622.tiff;1;1;2480;3508;77092;1022;3203;171;48;1022;3203;1193;3203;1193;3251;1022;3251;FRANCE;AAAAAA;SA;SUPPLIER_ADDRESS;Seller Address
