src;num_pages;page_id;page_width;page_height;id;col;row;width;height;x1;y1;x2;y2;x3;y3;x4;y4;contents;contents_masked;correctclass;tag;description
invoice-1607.tiff;1;1;2480;3508;196808;1187;62;149;175;1187;62;1336;62;1336;237;1187;237;common/logo;AAAAAASAAAA;img;IMAGE;Image
invoice-1607.tiff;1;1;2480;3508;196805;124;270;172;59;124;270;296;270;296;329;124;329;Invoice;AAAAAAA;undefined;OTHER;OTHER
invoice-1607.tiff;1;1;2480;3508;196806;311;270;188;59;311;270;499;270;499;329;311;329;Number;AAAAAA;undefined;OTHER;OTHER
invoice-1607.tiff;1;1;2480;3508;196807;562;270;203;52;562;270;765;270;765;322;562;322;37040798;NNNNNNNN;IN;INVOICE_NUMBER;Invoice Number
invoice-1607.tiff;1;1;2480;3508;196809;1187;412;143;49;1187;412;1330;412;1330;461;1187;461;DIVINO;AAAAAA;SN;SUPPLIER_NAME;Seller/Company) name
invoice-1607.tiff;1;1;2480;3508;196810;1187;462;46;48;1187;462;1233;462;1233;510;1187;510;80;NN;SA;SUPPLIER_ADDRESS;Seller Address
invoice-1607.tiff;1;1;2480;3508;196811;1245;462;87;48;1245;462;1332;462;1332;510;1245;510;RUE;AAA;SA;SUPPLIER_ADDRESS;Seller Address
invoice-1607.tiff;1;1;2480;3508;196812;1344;462;57;48;1344;462;1401;462;1401;510;1344;510;DE;AA;SA;SUPPLIER_ADDRESS;Seller Address
invoice-1607.tiff;1;1;2480;3508;196813;1414;462;50;48;1414;462;1464;462;1464;510;1414;510;LA;AA;SA;SUPPLIER_ADDRESS;Seller Address
invoice-1607.tiff;1;1;2480;3508;196814;1476;462;118;48;1476;462;1594;462;1594;510;1476;510;TOUR;AAAA;SA;SUPPLIER_ADDRESS;Seller Address
invoice-1607.tiff;1;1;2480;3508;196815;1603;462;13;48;1603;462;1616;462;1616;510;1603;510;-;S;SA;SUPPLIER_ADDRESS;Seller Address
invoice-1607.tiff;1;1;2480;3508;196816;1628;462;115;48;1628;462;1743;462;1743;510;1628;510;34980;NNNNN;SA;SUPPLIER_ADDRESS;Seller Address
invoice-1607.tiff;1;1;2480;3508;196817;1764;462;122;48;1764;462;1886;462;1886;510;1764;510;SAINT;AAAAA;SA;SUPPLIER_ADDRESS;Seller Address
invoice-1607.tiff;1;1;2480;3508;196818;1898;462;111;48;1898;462;2009;462;2009;510;1898;510;GELY;AAAA;SA;SUPPLIER_ADDRESS;Seller Address
invoice-1607.tiff;1;1;2480;3508;196819;2021;462;60;48;2021;462;2081;462;2081;510;2021;510;DU;AA;SA;SUPPLIER_ADDRESS;Seller Address
invoice-1607.tiff;1;1;2480;3508;196820;2093;462;111;48;2093;462;2204;462;2204;510;2093;510;FESC;AAAA;SA;SUPPLIER_ADDRESS;Seller Address
invoice-1607.tiff;1;1;2480;3508;196821;1187;510;120;48;1187;510;1307;510;1307;558;1187;558;Phone;AAAAA;undefined;OTHER;OTHER
invoice-1607.tiff;1;1;2480;3508;196822;1332;510;70;48;1332;510;1402;510;1402;558;1332;558;+33;SNN;SCN;SUPPLIER_CONTACT_NUMBER;Seller Contact Number
invoice-1607.tiff;1;1;2480;3508;196823;1415;510;23;48;1415;510;1438;510;1438;558;1415;558;0;N;SCN;SUPPLIER_CONTACT_NUMBER;Seller Contact Number
invoice-1607.tiff;1;1;2480;3508;196824;1449;510;69;48;1449;510;1518;510;1518;558;1449;558;407;NNN;SCN;SUPPLIER_CONTACT_NUMBER;Seller Contact Number
invoice-1607.tiff;1;1;2480;3508;196825;1531;510;69;48;1531;510;1600;510;1600;558;1531;558;452;NNN;SCN;SUPPLIER_CONTACT_NUMBER;Seller Contact Number
invoice-1607.tiff;1;1;2480;3508;196826;1612;510;69;48;1612;510;1681;510;1681;558;1612;558;912;NNN;SCN;SUPPLIER_CONTACT_NUMBER;Seller Contact Number
invoice-1607.tiff;1;1;2480;3508;196827;1723;510;69;48;1723;510;1792;510;1792;558;1723;558;Fax;AAA;undefined;OTHER;OTHER
invoice-1607.tiff;1;1;2480;3508;196828;1817;510;70;48;1817;510;1887;510;1887;558;1817;558;+33;SNN;SFAX;SUPPLIER_FAX_NUMBER;Seller Fax Number
invoice-1607.tiff;1;1;2480;3508;196829;1899;510;23;48;1899;510;1922;510;1922;558;1899;558;0;N;SFAX;SUPPLIER_FAX_NUMBER;Seller Fax Number
invoice-1607.tiff;1;1;2480;3508;196830;1934;510;69;48;1934;510;2003;510;2003;558;1934;558;407;NNN;SFAX;SUPPLIER_FAX_NUMBER;Seller Fax Number
invoice-1607.tiff;1;1;2480;3508;196831;2015;510;69;48;2015;510;2084;510;2084;558;2015;558;452;NNN;SFAX;SUPPLIER_FAX_NUMBER;Seller Fax Number
invoice-1607.tiff;1;1;2480;3508;196832;2096;510;69;48;2096;510;2165;510;2165;558;2096;558;612;NNN;SFAX;SUPPLIER_FAX_NUMBER;Seller Fax Number
invoice-1607.tiff;1;1;2480;3508;196833;124;895;152;59;124;895;276;895;276;954;124;954;Billing;AAAAAAA;undefined;OTHER;OTHER
invoice-1607.tiff;1;1;2480;3508;196834;291;895;200;59;291;895;491;895;491;954;291;954;Address;AAAAAAA;undefined;OTHER;OTHER
invoice-1607.tiff;1;1;2480;3508;196835;124;954;134;49;124;954;258;954;258;1003;124;1003;Lucius;AAAAAA;BN;BILLING_NAME;Billing Name
invoice-1607.tiff;1;1;2480;3508;196836;270;954;131;49;270;954;401;954;401;1003;270;1003;Kohler;AAAAAA;BN;BILLING_NAME;Billing Name
invoice-1607.tiff;1;1;2480;3508;196837;124;1004;57;48;124;1004;181;1004;181;1052;124;1052;25,;NNS;BA;BILLING_ADDRESS;Billing Address
invoice-1607.tiff;1;1;2480;3508;196838;194;1004;136;48;194;1004;330;1004;330;1052;194;1052;avenue;AAAAAA;BA;BILLING_ADDRESS;Billing Address
invoice-1607.tiff;1;1;2480;3508;196839;342;1004;67;48;342;1004;409;1004;409;1052;342;1052;des;AAA;BA;BILLING_ADDRESS;Billing Address
invoice-1607.tiff;1;1;2480;3508;196840;421;1004;113;48;421;1004;534;1004;534;1052;421;1052;sports;AAAAAA;BA;BILLING_ADDRESS;Billing Address
invoice-1607.tiff;1;1;2480;3508;196841;124;1052;115;48;124;1052;239;1052;239;1100;124;1100;69500;NNNNN;BA;BILLING_ADDRESS;Billing Address
invoice-1607.tiff;1;1;2480;3508;196842;282;1052;88;48;282;1052;370;1052;370;1100;282;1100;Bron;AAAA;BA;BILLING_ADDRESS;Billing Address
invoice-1607.tiff;1;1;2480;3508;196855;1541;1094;99;54;1541;1094;1640;1094;1640;1148;1541;1148;Date;AAAA;undefined;OTHER;OTHER
invoice-1607.tiff;1;1;2480;3508;196856;2166;1094;55;48;2166;1094;2221;1094;2221;1142;2166;1142;jun;AAA;IDATE;INVOICE_DATE;Invoice Date
invoice-1607.tiff;1;1;2480;3508;196857;2233;1094;57;48;2233;1094;2290;1094;2290;1142;2233;1142;25,;NNS;IDATE;INVOICE_DATE;Invoice Date
invoice-1607.tiff;1;1;2480;3508;196858;2303;1094;92;48;2303;1094;2395;1094;2395;1142;2303;1142;1993;NNNN;IDATE;INVOICE_DATE;Invoice Date
invoice-1607.tiff;1;1;2480;3508;196843;124;1100;129;48;124;1100;253;1100;253;1148;124;1148;France;AAAAAA;BA;BILLING_ADDRESS;Billing Address
invoice-1607.tiff;1;1;2480;3508;196859;1541;1169;191;54;1541;1169;1732;1169;1732;1223;1541;1223;Payment;AAAAAAA;undefined;OTHER;OTHER
invoice-1607.tiff;1;1;2480;3508;196860;1745;1169;94;54;1745;1169;1839;1169;1839;1223;1745;1223;type;AAAA;undefined;OTHER;OTHER
invoice-1607.tiff;1;1;2480;3508;196861;2166;1169;111;48;2166;1169;2277;1169;2277;1217;2166;1217;Credit;AAAAAA;PMODE;PAYMENT_MODE;Payment Mode
invoice-1607.tiff;1;1;2480;3508;196862;2289;1169;81;48;2289;1169;2370;1169;2370;1217;2289;1217;card;AAAA;PMODE;PAYMENT_MODE;Payment Mode
invoice-1607.tiff;1;1;2480;3508;196844;124;1190;213;59;124;1190;337;1190;337;1249;124;1249;Shipping;AAAAAAAA;undefined;OTHER;OTHER
invoice-1607.tiff;1;1;2480;3508;196845;352;1190;200;59;352;1190;552;1190;552;1249;352;1249;Address;AAAAAAA;undefined;OTHER;OTHER
invoice-1607.tiff;1;1;2480;3508;196846;124;1250;134;49;124;1250;258;1250;258;1299;124;1299;Lucius;AAAAAA;SHN;SHIPPING_NAME;Shipping Name
invoice-1607.tiff;1;1;2480;3508;196847;270;1250;131;49;270;1250;401;1250;401;1299;270;1299;Kohler;AAAAAA;SHN;SHIPPING_NAME;Shipping Name
invoice-1607.tiff;1;1;2480;3508;196848;124;1299;57;48;124;1299;181;1299;181;1347;124;1347;25,;NNS;SHA;SHIPPING_ADDRESS;Shipping Address
invoice-1607.tiff;1;1;2480;3508;196849;194;1299;136;48;194;1299;330;1299;330;1347;194;1347;avenue;AAAAAA;SHA;SHIPPING_ADDRESS;Shipping Address
invoice-1607.tiff;1;1;2480;3508;196850;342;1299;67;48;342;1299;409;1299;409;1347;342;1347;des;AAA;SHA;SHIPPING_ADDRESS;Shipping Address
invoice-1607.tiff;1;1;2480;3508;196851;421;1299;113;48;421;1299;534;1299;534;1347;421;1347;sports;AAAAAA;SHA;SHIPPING_ADDRESS;Shipping Address
invoice-1607.tiff;1;1;2480;3508;196852;124;1347;115;48;124;1347;239;1347;239;1395;124;1395;69500;NNNNN;SHA;SHIPPING_ADDRESS;Shipping Address
invoice-1607.tiff;1;1;2480;3508;196853;282;1347;88;48;282;1347;370;1347;370;1395;282;1395;Bron;AAAA;SHA;SHIPPING_ADDRESS;Shipping Address
invoice-1607.tiff;1;1;2480;3508;196854;124;1395;129;48;124;1395;253;1395;253;1443;124;1443;France;AAAAAA;SHA;SHIPPING_ADDRESS;Shipping Address
invoice-1607.tiff;1;1;2480;3508;196863;343;1711;173;54;343;1711;516;1711;516;1765;343;1765;Product;AAAAAAA;undefined;OTHER;OTHER
invoice-1607.tiff;1;1;2480;3508;196864;529;1711;252;54;529;1711;781;1711;781;1765;529;1765;Description;AAAAAAAAAAA;undefined;OTHER;OTHER
invoice-1607.tiff;1;1;2480;3508;196865;1032;1711;185;54;1032;1711;1217;1711;1217;1765;1032;1765;Quantity;AAAAAAAA;undefined;OTHER;OTHER
invoice-1607.tiff;1;1;2480;3508;196866;1309;1711;89;54;1309;1711;1398;1711;1398;1765;1309;1765;Unit;AAAA;undefined;OTHER;OTHER
invoice-1607.tiff;1;1;2480;3508;196867;1411;1711;112;54;1411;1711;1523;1711;1523;1765;1411;1765;Price;AAAAA;undefined;OTHER;OTHER
invoice-1607.tiff;1;1;2480;3508;196868;1648;1711;91;54;1648;1711;1739;1711;1739;1765;1648;1765;TVA;AAA;undefined;OTHER;OTHER
invoice-1607.tiff;1;1;2480;3508;196869;1752;1711;99;54;1752;1711;1851;1711;1851;1765;1752;1765;Rate;AAAA;undefined;OTHER;OTHER
invoice-1607.tiff;1;1;2480;3508;196870;2028;1711;109;54;2028;1711;2137;1711;2137;1765;2028;1765;Total;AAAAA;undefined;OTHER;OTHER
invoice-1607.tiff;1;1;2480;3508;196871;124;1786;104;49;124;1786;228;1786;228;1835;124;1835;Unit√©;AAAAA;undefined;OTHER;OTHER
invoice-1607.tiff;1;1;2480;3508;196872;240;1786;159;49;240;1786;399;1786;399;1835;240;1835;centrale;AAAAAAAA;undefined;OTHER;OTHER
invoice-1607.tiff;1;1;2480;3508;196873;412;1786;101;49;412;1786;513;1786;513;1835;412;1835;Asus;AAAA;undefined;OTHER;OTHER
invoice-1607.tiff;1;1;2480;3508;196874;525;1786;298;49;525;1786;823;1786;823;1835;525;1835;K20CE-FR019T;ANNAASAANNNA;undefined;OTHER;OTHER
invoice-1607.tiff;1;1;2480;3508;196875;1113;1786;23;49;1113;1786;1136;1786;1136;1835;1113;1835;2;N;undefined;OTHER;OTHER
invoice-1607.tiff;1;1;2480;3508;196876;1352;1786;127;49;1352;1786;1479;1786;1479;1835;1352;1835;332,50;NNNSNN;undefined;OTHER;OTHER
invoice-1607.tiff;1;1;2480;3508;196877;1690;1786;118;49;1690;1786;1808;1786;1808;1835;1690;1835;20.0%;NNSNS;undefined;OTHER;OTHER
invoice-1607.tiff;1;1;2480;3508;196878;2019;1786;127;49;2019;1786;2146;1786;2146;1835;2019;1835;665,00;NNNSNN;undefined;OTHER;OTHER
invoice-1607.tiff;1;1;2480;3508;196879;124;1878;159;49;124;1878;283;1878;283;1927;124;1927;Support;AAAAAAA;undefined;OTHER;OTHER
invoice-1607.tiff;1;1;2480;3508;196880;296;1878;238;49;296;1878;534;1878;534;1927;296;1927;smartphone;AAAAAAAAAA;undefined;OTHER;OTHER
invoice-1607.tiff;1;1;2480;3508;196881;546;1878;187;49;546;1878;733;1878;733;1927;546;1927;Crosscall;AAAAAAAAA;undefined;OTHER;OTHER
invoice-1607.tiff;1;1;2480;3508;196882;745;1878;88;49;745;1878;833;1878;833;1927;745;1927;Bike;AAAA;undefined;OTHER;OTHER
invoice-1607.tiff;1;1;2480;3508;196883;845;1878;55;49;845;1878;900;1878;900;1927;845;1927;Kit;AAA;undefined;OTHER;OTHER
invoice-1607.tiff;1;1;2480;3508;196884;912;1878;57;49;912;1878;969;1878;969;1927;912;1927;M1;AN;undefined;OTHER;OTHER
invoice-1607.tiff;1;1;2480;3508;196886;1113;1878;23;49;1113;1878;1136;1878;1136;1927;1113;1927;3;N;undefined;OTHER;OTHER
invoice-1607.tiff;1;1;2480;3508;196887;1364;1878;104;49;1364;1878;1468;1878;1468;1927;1364;1927;24,92;NNSNN;undefined;OTHER;OTHER
invoice-1607.tiff;1;1;2480;3508;196888;1690;1878;118;49;1690;1878;1808;1878;1808;1927;1690;1927;20.0%;NNSNS;undefined;OTHER;OTHER
invoice-1607.tiff;1;1;2480;3508;196889;2031;1878;104;49;2031;1878;2135;1878;2135;1927;2031;1927;74,75;NNSNN;undefined;OTHER;OTHER
invoice-1607.tiff;1;1;2480;3508;196885;124;1927;94;49;124;1927;218;1927;218;1976;124;1976;Core;AAAA;undefined;OTHER;OTHER
invoice-1607.tiff;1;1;2480;3508;196890;1940;2060;154;54;1940;2060;2094;2060;2094;2114;1940;2114;@DISC;SAAAA;undefined;OTHER;OTHER
invoice-1607.tiff;1;1;2480;3508;196891;2115;2060;81;49;2115;2060;2196;2060;2196;2109;2115;2109;0,00;NSNN;undefined;OTHER;OTHER
invoice-1607.tiff;1;1;2480;3508;196892;1918;2115;109;54;1918;2115;2027;2115;2027;2169;1918;2169;Total;AAAAA;undefined;OTHER;OTHER
invoice-1607.tiff;1;1;2480;3508;196893;2069;2115;127;49;2069;2115;2196;2115;2196;2164;2069;2164;739,75;NNNSNN;TWTX;TOTAL_WITHOUT_TAX;TWTXS
invoice-1607.tiff;1;1;2480;3508;196894;1762;2169;78;54;1762;2169;1840;2169;1840;2223;1762;2223;Tax;AAA;undefined;OTHER;OTHER
invoice-1607.tiff;1;1;2480;3508;196895;1854;2169;173;54;1854;2169;2027;2169;2027;2223;1854;2223;Amount;AAAAAA;undefined;OTHER;OTHER
invoice-1607.tiff;1;1;2480;3508;196896;2069;2169;127;49;2069;2169;2196;2169;2196;2218;2069;2218;147,95;NNNSNN;TTX;TOTAL_TAX;Total Tax
invoice-1607.tiff;1;1;2480;3508;196897;1706;2224;173;54;1706;2224;1879;2224;1879;2278;1706;2278;Amount;AAAAAA;undefined;OTHER;OTHER
invoice-1607.tiff;1;1;2480;3508;196898;1892;2224;43;54;1892;2224;1935;2224;1935;2278;1892;2278;to;AA;undefined;OTHER;OTHER
invoice-1607.tiff;1;1;2480;3508;196899;1948;2224;78;54;1948;2224;2026;2224;2026;2278;1948;2278;pay;AAA;undefined;OTHER;OTHER
invoice-1607.tiff;1;1;2480;3508;196900;2069;2224;127;49;2069;2224;2196;2224;2196;2273;2069;2273;887,70;NNNSNN;TA;TOTAL_AMOUNT;Total with TAX
invoice-1607.tiff;1;1;2480;3508;196901;124;3154;143;49;124;3154;267;3154;267;3203;124;3203;DIVINO;AAAAAA;SN;SUPPLIER_NAME;Seller/Company) name
invoice-1607.tiff;1;1;2480;3508;196902;124;3203;46;48;124;3203;170;3203;170;3251;124;3251;80;NN;SA;SUPPLIER_ADDRESS;Seller Address
invoice-1607.tiff;1;1;2480;3508;196903;182;3203;87;48;182;3203;269;3203;269;3251;182;3251;RUE;AAA;SA;SUPPLIER_ADDRESS;Seller Address
invoice-1607.tiff;1;1;2480;3508;196904;282;3203;57;48;282;3203;339;3203;339;3251;282;3251;DE;AA;SA;SUPPLIER_ADDRESS;Seller Address
invoice-1607.tiff;1;1;2480;3508;196905;351;3203;50;48;351;3203;401;3203;401;3251;351;3251;LA;AA;SA;SUPPLIER_ADDRESS;Seller Address
invoice-1607.tiff;1;1;2480;3508;196906;414;3203;118;48;414;3203;532;3203;532;3251;414;3251;TOUR;AAAA;SA;SUPPLIER_ADDRESS;Seller Address
invoice-1607.tiff;1;1;2480;3508;196907;124;3251;115;48;124;3251;239;3251;239;3299;124;3299;34980;NNNNN;SA;SUPPLIER_ADDRESS;Seller Address
invoice-1607.tiff;1;1;2480;3508;196908;282;3251;122;48;282;3251;404;3251;404;3299;282;3299;SAINT;AAAAA;SA;SUPPLIER_ADDRESS;Seller Address
invoice-1607.tiff;1;1;2480;3508;196909;416;3251;111;48;416;3251;527;3251;527;3299;416;3299;GELY;AAAA;SA;SUPPLIER_ADDRESS;Seller Address
invoice-1607.tiff;1;1;2480;3508;196910;539;3251;60;48;539;3251;599;3251;599;3299;539;3299;DU;AA;SA;SUPPLIER_ADDRESS;Seller Address
invoice-1607.tiff;1;1;2480;3508;196911;611;3251;111;48;611;3251;722;3251;722;3299;611;3299;FESC;AAAA;SA;SUPPLIER_ADDRESS;Seller Address
