src;num_pages;page_id;page_width;page_height;id;col;row;width;height;x1;y1;x2;y2;x3;y3;x4;y4;contents;contents_masked;correctclass;tag;description
invoice-2105.tiff;1;1;2480;3508;258965;1541;62;708;175;1541;62;2249;62;2249;237;1541;237;common/logo;AAAAAASAAAA;img;IMAGE;Image
invoice-2105.tiff;1;1;2480;3508;258944;124;237;219;48;124;237;343;237;343;285;124;285;CALLIGEE;AAAAAAAA;SN;SUPPLIER_NAME;Seller/Company) name
invoice-2105.tiff;1;1;2480;3508;258945;355;237;83;48;355;237;438;237;438;285;355;285;SUD;AAA;SN;SUPPLIER_NAME;Seller/Company) name
invoice-2105.tiff;1;1;2480;3508;258946;449;237;141;48;449;237;590;237;590;285;449;285;OUEST;AAAAA;SN;SUPPLIER_NAME;Seller/Company) name
invoice-2105.tiff;1;1;2480;3508;258953;833;237;106;45;833;237;939;237;939;282;833;282;Phone;AAAAA;undefined;OTHER;OTHER
invoice-2105.tiff;1;1;2480;3508;258954;1002;237;69;45;1002;237;1071;237;1071;282;1002;282;+33;SNN;SCN;SUPPLIER_CONTACT_NUMBER;Seller Contact Number
invoice-2105.tiff;1;1;2480;3508;258955;1082;237;20;45;1082;237;1102;237;1102;282;1082;282;0;N;SCN;SUPPLIER_CONTACT_NUMBER;Seller Contact Number
invoice-2105.tiff;1;1;2480;3508;258956;1113;237;62;45;1113;237;1175;237;1175;282;1113;282;112;NNN;SCN;SUPPLIER_CONTACT_NUMBER;Seller Contact Number
invoice-2105.tiff;1;1;2480;3508;258957;1186;237;62;45;1186;237;1248;237;1248;282;1186;282;049;NNN;SCN;SUPPLIER_CONTACT_NUMBER;Seller Contact Number
invoice-2105.tiff;1;1;2480;3508;258958;1259;237;62;45;1259;237;1321;237;1321;282;1259;282;011;NNN;SCN;SUPPLIER_CONTACT_NUMBER;Seller Contact Number
invoice-2105.tiff;1;1;2480;3508;258959;833;283;64;45;833;283;897;283;897;328;833;328;Fax;AAA;undefined;OTHER;OTHER
invoice-2105.tiff;1;1;2480;3508;258960;960;283;69;45;960;283;1029;283;1029;328;960;328;+33;SNN;SFAX;SUPPLIER_FAX_NUMBER;Seller Fax Number
invoice-2105.tiff;1;1;2480;3508;258961;1040;283;20;45;1040;283;1060;283;1060;328;1040;328;0;N;SFAX;SUPPLIER_FAX_NUMBER;Seller Fax Number
invoice-2105.tiff;1;1;2480;3508;258962;1072;283;62;45;1072;283;1134;283;1134;328;1072;328;112;NNN;SFAX;SUPPLIER_FAX_NUMBER;Seller Fax Number
invoice-2105.tiff;1;1;2480;3508;258963;1144;283;62;45;1144;283;1206;283;1206;328;1144;328;049;NNN;SFAX;SUPPLIER_FAX_NUMBER;Seller Fax Number
invoice-2105.tiff;1;1;2480;3508;258964;1217;283;62;45;1217;283;1279;283;1279;328;1217;328;163;NNN;SFAX;SUPPLIER_FAX_NUMBER;Seller Fax Number
invoice-2105.tiff;1;1;2480;3508;258947;124;285;41;45;124;285;165;285;165;330;124;330;71;NN;SA;SUPPLIER_ADDRESS;Seller Address
invoice-2105.tiff;1;1;2480;3508;258948;177;285;81;45;177;285;258;285;258;330;177;330;RUE;AAA;SA;SUPPLIER_ADDRESS;Seller Address
invoice-2105.tiff;1;1;2480;3508;258949;268;285;162;45;268;285;430;285;430;330;268;330;AMPERE;AAAAAA;SA;SUPPLIER_ADDRESS;Seller Address
invoice-2105.tiff;1;1;2480;3508;258950;124;331;104;45;124;331;228;331;228;376;124;376;31670;NNNNN;SA;SUPPLIER_ADDRESS;Seller Address
invoice-2105.tiff;1;1;2480;3508;258951;270;331;155;45;270;331;425;331;425;376;270;376;LABEGE;AAAAAA;SA;SUPPLIER_ADDRESS;Seller Address
invoice-2105.tiff;1;1;2480;3508;258952;124;377;157;45;124;377;281;377;281;422;124;422;FRANCE;AAAAAA;SA;SUPPLIER_ADDRESS;Seller Address
invoice-2105.tiff;1;1;2480;3508;258966;124;749;94;57;124;749;218;749;218;806;124;806;Sold;AAAA;undefined;OTHER;OTHER
invoice-2105.tiff;1;1;2480;3508;258967;232;749;58;57;232;749;290;749;290;806;232;806;To;AA;undefined;OTHER;OTHER
invoice-2105.tiff;1;1;2480;3508;258968;124;807;138;48;124;807;262;807;262;855;124;855;Joannie;AAAAAAA;BN;BILLING_NAME;Billing Name
invoice-2105.tiff;1;1;2480;3508;258969;274;807;99;48;274;807;373;807;373;855;274;855;Jerde;AAAAA;BN;BILLING_NAME;Billing Name
invoice-2105.tiff;1;1;2480;3508;258970;384;807;52;48;384;807;436;807;436;855;384;855;Sr.;AAS;BN;BILLING_NAME;Billing Name
invoice-2105.tiff;1;1;2480;3508;258971;124;855;72;45;124;855;196;855;196;900;124;900;127,;NNNS;BA;BILLING_ADDRESS;Billing Address
invoice-2105.tiff;1;1;2480;3508;258972;208;855;120;45;208;855;328;855;328;900;208;900;chemin;AAAAAA;BA;BILLING_ADDRESS;Billing Address
invoice-2105.tiff;1;1;2480;3508;258973;339;855;41;45;339;855;380;855;380;900;339;900;du;AA;BA;BILLING_ADDRESS;Billing Address
invoice-2105.tiff;1;1;2480;3508;258974;391;855;85;45;391;855;476;855;476;900;391;900;janin;AAAAA;BA;BILLING_ADDRESS;Billing Address
invoice-2105.tiff;1;1;2480;3508;258990;1541;866;142;52;1541;866;1683;866;1683;918;1541;918;Invoice;AAAAAAA;undefined;OTHER;OTHER
invoice-2105.tiff;1;1;2480;3508;258991;1695;866;162;52;1695;866;1857;866;1857;918;1695;918;Number;AAAAAA;undefined;OTHER;OTHER
invoice-2105.tiff;1;1;2480;3508;258992;2166;866;298;46;2166;866;2464;866;2464;912;2166;912;088-42086-14336;NNNSNNNNNSNNNNN;IN;INVOICE_NUMBER;Invoice Number
invoice-2105.tiff;1;1;2480;3508;258975;124;901;104;45;124;901;228;901;228;946;124;946;38430;NNNNN;BA;BILLING_ADDRESS;Billing Address
invoice-2105.tiff;1;1;2480;3508;258976;270;901;386;45;270;901;656;901;656;946;270;946;Saint-Jean-de-Moirans;AAAAASAAAASAASAAAAAAA;BA;BILLING_ADDRESS;Billing Address
invoice-2105.tiff;1;1;2480;3508;258993;1541;939;91;52;1541;939;1632;939;1632;991;1541;991;Date;AAAA;undefined;OTHER;OTHER
invoice-2105.tiff;1;1;2480;3508;258994;2166;939;41;46;2166;939;2207;939;2207;985;2166;985;18;NN;IDATE;INVOICE_DATE;Invoice Date
invoice-2105.tiff;1;1;2480;3508;258995;2218;939;75;46;2218;939;2293;939;2293;985;2218;985;mar,;AAAS;IDATE;INVOICE_DATE;Invoice Date
invoice-2105.tiff;1;1;2480;3508;258996;2304;939;83;46;2304;939;2387;939;2387;985;2304;985;2012;NNNN;IDATE;INVOICE_DATE;Invoice Date
invoice-2105.tiff;1;1;2480;3508;258977;124;946;120;45;124;946;244;946;244;991;124;991;France;AAAAAA;BA;BILLING_ADDRESS;Billing Address
invoice-2105.tiff;1;1;2480;3508;258997;1541;1013;119;52;1541;1013;1660;1013;1660;1065;1541;1065;Client;AAAAAA;undefined;OTHER;OTHER
invoice-2105.tiff;1;1;2480;3508;258998;1672;1013;162;52;1672;1013;1834;1013;1834;1065;1672;1065;Number;AAAAAA;undefined;OTHER;OTHER
invoice-2105.tiff;1;1;2480;3508;258999;2166;1013;215;46;2166;1013;2381;1013;2381;1059;2166;1059;571-387-164;NNNSNNNSNNN;CNUM;CLIENT_NUMBER;Client Number
invoice-2105.tiff;1;1;2480;3508;258978;124;1034;105;57;124;1034;229;1034;229;1091;124;1091;Send;AAAA;undefined;OTHER;OTHER
invoice-2105.tiff;1;1;2480;3508;258979;243;1034;58;57;243;1034;301;1034;301;1091;243;1091;To;AA;undefined;OTHER;OTHER
invoice-2105.tiff;1;1;2480;3508;259000;1541;1087;173;52;1541;1087;1714;1087;1714;1139;1541;1139;Payment;AAAAAAA;undefined;OTHER;OTHER
invoice-2105.tiff;1;1;2480;3508;259001;1726;1087;84;52;1726;1087;1810;1087;1810;1139;1726;1139;type;AAAA;undefined;OTHER;OTHER
invoice-2105.tiff;1;1;2480;3508;259002;2166;1087;104;46;2166;1087;2270;1087;2270;1133;2166;1133;Credit;AAAAAA;PMODE;PAYMENT_MODE;Payment Mode
invoice-2105.tiff;1;1;2480;3508;259003;2281;1087;71;46;2281;1087;2352;1087;2352;1133;2281;1133;card;AAAA;PMODE;PAYMENT_MODE;Payment Mode
invoice-2105.tiff;1;1;2480;3508;258980;124;1092;138;48;124;1092;262;1092;262;1140;124;1140;Joannie;AAAAAAA;SHN;SHIPPING_NAME;Shipping Name
invoice-2105.tiff;1;1;2480;3508;258981;274;1092;99;48;274;1092;373;1092;373;1140;274;1140;Jerde;AAAAA;SHN;SHIPPING_NAME;Shipping Name
invoice-2105.tiff;1;1;2480;3508;258982;384;1092;52;48;384;1092;436;1092;436;1140;384;1140;Sr.;AAS;SHN;SHIPPING_NAME;Shipping Name
invoice-2105.tiff;1;1;2480;3508;258983;124;1140;72;45;124;1140;196;1140;196;1185;124;1185;127,;NNNS;SHA;SHIPPING_ADDRESS;Shipping Address
invoice-2105.tiff;1;1;2480;3508;258984;208;1140;120;45;208;1140;328;1140;328;1185;208;1185;chemin;AAAAAA;SHA;SHIPPING_ADDRESS;Shipping Address
invoice-2105.tiff;1;1;2480;3508;258985;339;1140;41;45;339;1140;380;1140;380;1185;339;1185;du;AA;SHA;SHIPPING_ADDRESS;Shipping Address
invoice-2105.tiff;1;1;2480;3508;258986;391;1140;85;45;391;1140;476;1140;476;1185;391;1185;janin;AAAAA;SHA;SHIPPING_ADDRESS;Shipping Address
invoice-2105.tiff;1;1;2480;3508;258987;124;1185;104;45;124;1185;228;1185;228;1230;124;1230;38430;NNNNN;SHA;SHIPPING_ADDRESS;Shipping Address
invoice-2105.tiff;1;1;2480;3508;258988;270;1185;386;45;270;1185;656;1185;656;1230;270;1230;Saint-Jean-de-Moirans;AAAAASAAAASAASAAAAAAA;SHA;SHIPPING_ADDRESS;Shipping Address
invoice-2105.tiff;1;1;2480;3508;258989;124;1231;120;45;124;1231;244;1231;244;1276;124;1276;France;AAAAAA;SHA;SHIPPING_ADDRESS;Shipping Address
invoice-2105.tiff;1;1;2480;3508;259004;174;1555;67;52;174;1555;241;1555;241;1607;174;1607;No.;AAS;undefined;OTHER;OTHER
invoice-2105.tiff;1;1;2480;3508;259005;565;1555;244;52;565;1555;809;1555;809;1607;565;1607;Descriptions;AAAAAAAAAAAA;undefined;OTHER;OTHER
invoice-2105.tiff;1;1;2480;3508;259006;1192;1555;73;52;1192;1555;1265;1555;1265;1607;1192;1607;Qty;AAA;undefined;OTHER;OTHER
invoice-2105.tiff;1;1;2480;3508;259007;1478;1555;84;52;1478;1555;1562;1555;1562;1607;1478;1607;U.P.;ASAS;undefined;OTHER;OTHER
invoice-2105.tiff;1;1;2480;3508;259008;1709;1555;206;52;1709;1555;1915;1555;1915;1607;1709;1607;VAT/TVA;AAASAAA;undefined;OTHER;OTHER
invoice-2105.tiff;1;1;2480;3508;259009;2023;1555;160;52;2023;1555;2183;1555;2183;1607;2023;1607;Amount;AAAAAA;undefined;OTHER;OTHER
invoice-2105.tiff;1;1;2480;3508;259010;197;1628;20;48;197;1628;217;1628;217;1676;197;1676;1;N;undefined;OTHER;OTHER
invoice-2105.tiff;1;1;2480;3508;259011;291;1628;157;48;291;1628;448;1628;448;1676;291;1676;Appareil;AAAAAAAA;undefined;OTHER;OTHER
invoice-2105.tiff;1;1;2480;3508;259012;459;1628;69;48;459;1628;528;1628;528;1676;459;1676;anti;AAAA;undefined;OTHER;OTHER
invoice-2105.tiff;1;1;2480;3508;259013;539;1628;87;48;539;1628;626;1628;626;1676;539;1676;rides;AAAAA;undefined;OTHER;OTHER
invoice-2105.tiff;1;1;2480;3508;259014;637;1628;180;48;637;1628;817;1628;817;1676;637;1676;Iluminage;AAAAAAAAA;undefined;OTHER;OTHER
invoice-2105.tiff;1;1;2480;3508;259015;828;1628;111;48;828;1628;939;1628;939;1676;828;1676;Youth;AAAAA;undefined;OTHER;OTHER
invoice-2105.tiff;1;1;2480;3508;259017;1218;1628;20;48;1218;1628;1238;1628;1238;1676;1218;1676;2;N;undefined;OTHER;OTHER
invoice-2105.tiff;1;1;2480;3508;259018;1463;1628;114;48;1463;1628;1577;1628;1577;1676;1463;1676;249,99;NNNSNN;undefined;OTHER;OTHER
invoice-2105.tiff;1;1;2480;3508;259019;1755;1628;114;48;1755;1628;1869;1628;1869;1676;1755;1676;20.0%;NNSNS;undefined;OTHER;OTHER
invoice-2105.tiff;1;1;2480;3508;259020;2046;1628;114;48;2046;1628;2160;1628;2160;1676;2046;1676;499,98;NNNSNN;undefined;OTHER;OTHER
invoice-2105.tiff;1;1;2480;3508;259016;291;1676;168;48;291;1676;459;1676;459;1724;291;1724;Activator;AAAAAAAAA;undefined;OTHER;OTHER
invoice-2105.tiff;1;1;2480;3508;259021;197;1766;20;48;197;1766;217;1766;217;1814;197;1814;2;N;undefined;OTHER;OTHER
invoice-2105.tiff;1;1;2480;3508;259022;291;1766;90;48;291;1766;381;1766;381;1814;291;1814;Cave;AAAA;undefined;OTHER;OTHER
invoice-2105.tiff;1;1;2480;3508;259023;392;1766;41;48;392;1766;433;1766;433;1814;392;1814;de;AA;undefined;OTHER;OTHER
invoice-2105.tiff;1;1;2480;3508;259024;444;1766;238;48;444;1766;682;1766;682;1814;444;1814;vieillissement;AAAAAAAAAAAAAA;undefined;OTHER;OTHER
invoice-2105.tiff;1;1;2480;3508;259025;693;1766;48;48;693;1766;741;1766;741;1814;693;1814;La;AA;undefined;OTHER;OTHER
invoice-2105.tiff;1;1;2480;3508;259026;752;1766;210;48;752;1766;962;1766;962;1814;752;1814;Sommeliere;AAAAAAAAAA;undefined;OTHER;OTHER
invoice-2105.tiff;1;1;2480;3508;259028;1218;1766;20;48;1218;1766;1238;1766;1238;1814;1218;1814;2;N;undefined;OTHER;OTHER
invoice-2105.tiff;1;1;2480;3508;259029;1453;1766;135;48;1453;1766;1588;1766;1588;1814;1453;1814;1165,83;NNNNSNN;undefined;OTHER;OTHER
invoice-2105.tiff;1;1;2480;3508;259030;1755;1766;114;48;1755;1766;1869;1766;1869;1814;1755;1814;20.0%;NNSNS;undefined;OTHER;OTHER
invoice-2105.tiff;1;1;2480;3508;259031;2036;1766;135;48;2036;1766;2171;1766;2171;1814;2036;1814;2331,67;NNNNSNN;undefined;OTHER;OTHER
invoice-2105.tiff;1;1;2480;3508;259027;291;1814;159;48;291;1814;450;1814;450;1862;291;1862;VIP265P;AAANNNA;undefined;OTHER;OTHER
invoice-2105.tiff;1;1;2480;3508;259032;197;1904;20;48;197;1904;217;1904;217;1952;197;1952;3;N;undefined;OTHER;OTHER
invoice-2105.tiff;1;1;2480;3508;259033;291;1904;155;48;291;1904;446;1904;446;1952;291;1952;Machine;AAAAAAA;undefined;OTHER;OTHER
invoice-2105.tiff;1;1;2480;3508;259034;457;1904;20;48;457;1904;477;1904;477;1952;457;1952;à;A;undefined;OTHER;OTHER
invoice-2105.tiff;1;1;2480;3508;259035;488;1904;122;48;488;1904;610;1904;610;1952;488;1952;coudre;AAAAAA;undefined;OTHER;OTHER
invoice-2105.tiff;1;1;2480;3508;259036;621;1904;115;48;621;1904;736;1904;736;1952;621;1952;Singer;AAAAAA;undefined;OTHER;OTHER
invoice-2105.tiff;1;1;2480;3508;259037;747;1904;83;48;747;1904;830;1904;830;1952;747;1952;2250;NNNN;undefined;OTHER;OTHER
invoice-2105.tiff;1;1;2480;3508;259038;841;1904;171;48;841;1904;1012;1904;1012;1952;841;1952;Tradition;AAAAAAAAA;undefined;OTHER;OTHER
invoice-2105.tiff;1;1;2480;3508;259039;1218;1904;20;48;1218;1904;1238;1904;1238;1952;1218;1952;4;N;undefined;OTHER;OTHER
invoice-2105.tiff;1;1;2480;3508;259040;1463;1904;114;48;1463;1904;1577;1904;1577;1952;1463;1952;124,16;NNNSNN;undefined;OTHER;OTHER
invoice-2105.tiff;1;1;2480;3508;259041;1755;1904;114;48;1755;1904;1869;1904;1869;1952;1755;1952;20.0%;NNSNS;undefined;OTHER;OTHER
invoice-2105.tiff;1;1;2480;3508;259042;2046;1904;114;48;2046;1904;2160;1904;2160;1952;2046;1952;496,63;NNNSNN;undefined;OTHER;OTHER
invoice-2105.tiff;1;1;2480;3508;259043;197;1994;20;48;197;1994;217;1994;217;2042;197;2042;4;N;undefined;OTHER;OTHER
invoice-2105.tiff;1;1;2480;3508;259044;291;1994;106;48;291;1994;397;1994;397;2042;291;2042;Radio;AAAAA;undefined;OTHER;OTHER
invoice-2105.tiff;1;1;2480;3508;259045;408;1994;194;48;408;1994;602;1994;602;2042;408;2042;analogique;AAAAAAAAAA;undefined;OTHER;OTHER
invoice-2105.tiff;1;1;2480;3508;259046;613;1994;164;48;613;1994;777;1994;777;2042;613;2042;Metronic;AAAAAAAA;undefined;OTHER;OTHER
invoice-2105.tiff;1;1;2480;3508;259047;788;1994;64;48;788;1994;852;1994;852;2042;788;2042;FM;AA;undefined;OTHER;OTHER
invoice-2105.tiff;1;1;2480;3508;259048;863;1994;13;48;863;1994;876;1994;876;2042;863;2042;-;S;undefined;OTHER;OTHER
invoice-2105.tiff;1;1;2480;3508;259049;887;1994;101;48;887;1994;988;1994;988;2042;887;2042;Blanc;AAAAA;undefined;OTHER;OTHER
invoice-2105.tiff;1;1;2480;3508;259050;1218;1994;20;48;1218;1994;1238;1994;1238;2042;1218;2042;3;N;undefined;OTHER;OTHER
invoice-2105.tiff;1;1;2480;3508;259051;1473;1994;93;48;1473;1994;1566;1994;1566;2042;1473;2042;24,92;NNSNN;undefined;OTHER;OTHER
invoice-2105.tiff;1;1;2480;3508;259052;1755;1994;114;48;1755;1994;1869;1994;1869;2042;1755;2042;20.0%;NNSNS;undefined;OTHER;OTHER
invoice-2105.tiff;1;1;2480;3508;259053;2057;1994;93;48;2057;1994;2150;1994;2150;2042;2057;2042;74,75;NNSNN;undefined;OTHER;OTHER
invoice-2105.tiff;1;1;2480;3508;259054;1870;2125;150;51;1870;2125;2020;2125;2020;2176;1870;2176;Amount;AAAAAA;undefined;OTHER;OTHER
invoice-2105.tiff;1;1;2480;3508;259055;2062;2125;135;46;2062;2125;2197;2125;2197;2171;2062;2171;3403,03;NNNNSNN;TWTX;TOTAL_WITHOUT_TAX;TWTXS
invoice-2105.tiff;1;1;2480;3508;259056;1785;2176;94;51;1785;2176;1879;2176;1879;2227;1785;2227;TVA;AAA;undefined;OTHER;OTHER
invoice-2105.tiff;1;1;2480;3508;259057;1891;2176;150;51;1891;2176;2041;2176;2041;2227;1891;2227;Amount;AAAAAA;undefined;OTHER;OTHER
invoice-2105.tiff;1;1;2480;3508;259058;2083;2176;114;46;2083;2176;2197;2176;2197;2222;2083;2222;680,61;NNNSNN;TTX;TOTAL_TAX;Total Tax
invoice-2105.tiff;1;1;2480;3508;259059;1762;2227;96;51;1762;2227;1858;2227;1858;2278;1762;2278;Total;AAAAA;undefined;OTHER;OTHER
invoice-2105.tiff;1;1;2480;3508;259060;1870;2227;150;51;1870;2227;2020;2227;2020;2278;1870;2278;Amount;AAAAAA;undefined;OTHER;OTHER
invoice-2105.tiff;1;1;2480;3508;259061;2062;2227;135;46;2062;2227;2197;2227;2197;2273;2062;2273;4083,64;NNNNSNN;TA;TOTAL_AMOUNT;Total with TAX
invoice-2105.tiff;1;1;2480;3508;259062;1187;3154;219;48;1187;3154;1406;3154;1406;3202;1187;3202;CALLIGEE;AAAAAAAA;SN;SUPPLIER_NAME;Seller/Company) name
invoice-2105.tiff;1;1;2480;3508;259063;1417;3154;83;48;1417;3154;1500;3154;1500;3202;1417;3202;SUD;AAA;SN;SUPPLIER_NAME;Seller/Company) name
invoice-2105.tiff;1;1;2480;3508;259064;1511;3154;141;48;1511;3154;1652;3154;1652;3202;1511;3202;OUEST;AAAAA;SN;SUPPLIER_NAME;Seller/Company) name
invoice-2105.tiff;1;1;2480;3508;259065;1187;3202;41;45;1187;3202;1228;3202;1228;3247;1187;3247;71;NN;SA;SUPPLIER_ADDRESS;Seller Address
invoice-2105.tiff;1;1;2480;3508;259066;1239;3202;81;45;1239;3202;1320;3202;1320;3247;1239;3247;RUE;AAA;SA;SUPPLIER_ADDRESS;Seller Address
invoice-2105.tiff;1;1;2480;3508;259067;1331;3202;162;45;1331;3202;1493;3202;1493;3247;1331;3247;AMPERE;AAAAAA;SA;SUPPLIER_ADDRESS;Seller Address
invoice-2105.tiff;1;1;2480;3508;259068;1187;3248;104;45;1187;3248;1291;3248;1291;3293;1187;3293;31670;NNNNN;SA;SUPPLIER_ADDRESS;Seller Address
invoice-2105.tiff;1;1;2480;3508;259069;1333;3248;155;45;1333;3248;1488;3248;1488;3293;1333;3293;LABEGE;AAAAAA;SA;SUPPLIER_ADDRESS;Seller Address
invoice-2105.tiff;1;1;2480;3508;259070;1187;3293;157;45;1187;3293;1344;3293;1344;3338;1187;3338;FRANCE;AAAAAA;SA;SUPPLIER_ADDRESS;Seller Address
