src;num_pages;page_id;page_width;page_height;id;col;row;width;height;x1;y1;x2;y2;x3;y3;x4;y4;contents;contents_masked;correctclass;tag;description
invoice-1385.tiff;1;1;2480;3508;169959;1187;62;542;175;1187;62;1729;62;1729;237;1187;237;common/logo;AAAAAASAAAA;img;IMAGE;Image
invoice-1385.tiff;1;1;2480;3508;169955;124;258;108;59;124;258;232;258;232;317;124;317;Date;AAAA;undefined;OTHER;OTHER
invoice-1385.tiff;1;1;2480;3508;169956;295;258;86;52;295;258;381;258;381;310;295;310;may;AAA;IDATE;INVOICE_DATE;Invoice Date
invoice-1385.tiff;1;1;2480;3508;169957;395;258;38;52;395;258;433;258;433;310;395;310;8,;NS;IDATE;INVOICE_DATE;Invoice Date
invoice-1385.tiff;1;1;2480;3508;169958;446;258;101;52;446;258;547;258;547;310;446;310;2018;NNNN;IDATE;INVOICE_DATE;Invoice Date
invoice-1385.tiff;1;1;2480;3508;169960;1187;412;208;49;1187;412;1395;412;1395;461;1187;461;AUBERGE;AAAAAAA;SN;SUPPLIER_NAME;Seller/Company) name
invoice-1385.tiff;1;1;2480;3508;169961;1407;412;60;49;1407;412;1467;412;1467;461;1407;461;DU;AA;SN;SUPPLIER_NAME;Seller/Company) name
invoice-1385.tiff;1;1;2480;3508;169962;1479;412;148;49;1479;412;1627;412;1627;461;1479;461;SURAN;AAAAA;SN;SUPPLIER_NAME;Seller/Company) name
invoice-1385.tiff;1;1;2480;3508;169963;1187;462;215;48;1187;462;1402;462;1402;510;1187;510;QUARTIER;AAAAAAAA;SA;SUPPLIER_ADDRESS;Seller Address
invoice-1385.tiff;1;1;2480;3508;169964;1414;462;60;48;1414;462;1474;462;1474;510;1414;510;DU;AA;SA;SUPPLIER_ADDRESS;Seller Address
invoice-1385.tiff;1;1;2480;3508;169965;1486;462;162;48;1486;462;1648;462;1648;510;1486;510;MOULIN;AAAAAA;SA;SUPPLIER_ADDRESS;Seller Address
invoice-1385.tiff;1;1;2480;3508;169966;1656;462;145;48;1656;462;1801;462;1801;510;1656;510;BOHAS;AAAAA;SA;SUPPLIER_ADDRESS;Seller Address
invoice-1385.tiff;1;1;2480;3508;169967;1819;462;115;48;1819;462;1934;462;1934;510;1819;510;01250;NNNNN;SA;SUPPLIER_ADDRESS;Seller Address
invoice-1385.tiff;1;1;2480;3508;169968;1943;462;145;48;1943;462;2088;462;2088;510;1943;510;BOHAS;AAAAA;SA;SUPPLIER_ADDRESS;Seller Address
invoice-1385.tiff;1;1;2480;3508;169969;2100;462;185;48;2100;462;2285;462;2285;510;2100;510;MEYRIAT;AAAAAAA;SA;SUPPLIER_ADDRESS;Seller Address
invoice-1385.tiff;1;1;2480;3508;169970;2297;462;157;48;2297;462;2454;462;2454;510;2297;510;RIGNAT;AAAAAA;SA;SUPPLIER_ADDRESS;Seller Address
invoice-1385.tiff;1;1;2480;3508;169971;2463;462;171;48;2463;462;2634;462;2634;510;2463;510;FRANCE;AAAAAA;SA;SUPPLIER_ADDRESS;Seller Address
invoice-1385.tiff;1;1;2480;3508;169972;1187;510;120;48;1187;510;1307;510;1307;558;1187;558;Phone;AAAAA;undefined;OTHER;OTHER
invoice-1385.tiff;1;1;2480;3508;169973;1332;510;278;48;1332;510;1610;510;1610;558;1332;558;07.95.55.55.87;NNSNNSNNSNNSNN;SCN;SUPPLIER_CONTACT_NUMBER;Seller Contact Number
invoice-1385.tiff;1;1;2480;3508;169974;1652;510;69;48;1652;510;1721;510;1721;558;1652;558;Fax;AAA;undefined;OTHER;OTHER
invoice-1385.tiff;1;1;2480;3508;169975;1747;510;278;48;1747;510;2025;510;2025;558;1747;558;07.95.55.08.74;NNSNNSNNSNNSNN;SFAX;SUPPLIER_FAX_NUMBER;Seller Fax Number
invoice-1385.tiff;1;1;2480;3508;169976;124;954;69;49;124;954;193;954;193;1003;124;1003;Ms.;AAS;BN;BILLING_NAME;Billing Name
invoice-1385.tiff;1;1;2480;3508;169977;206;954;74;49;206;954;280;954;280;1003;206;1003;Toy;AAA;BN;BILLING_NAME;Billing Name
invoice-1385.tiff;1;1;2480;3508;169978;291;954;162;49;291;954;453;954;453;1003;291;1003;Trantow;AAAAAAA;BN;BILLING_NAME;Billing Name
invoice-1385.tiff;1;1;2480;3508;169979;124;1004;57;48;124;1004;181;1004;181;1052;124;1052;14,;NNS;BA;BILLING_ADDRESS;Billing Address
invoice-1385.tiff;1;1;2480;3508;169980;194;1004;60;48;194;1004;254;1004;254;1052;194;1052;rue;AAA;BA;BILLING_ADDRESS;Billing Address
invoice-1385.tiff;1;1;2480;3508;169981;266;1004;83;48;266;1004;349;1004;349;1052;266;1052;sully;AAAAA;BA;BILLING_ADDRESS;Billing Address
invoice-1385.tiff;1;1;2480;3508;169982;124;1052;115;48;124;1052;239;1052;239;1100;124;1100;23230;NNNNN;BA;BILLING_ADDRESS;Billing Address
invoice-1385.tiff;1;1;2480;3508;169983;282;1052;145;48;282;1052;427;1052;427;1100;282;1100;Gouzon;AAAAAA;BA;BILLING_ADDRESS;Billing Address
invoice-1385.tiff;1;1;2480;3508;169998;1541;1094;157;54;1541;1094;1698;1094;1698;1148;1541;1148;Invoice;AAAAAAA;undefined;OTHER;OTHER
invoice-1385.tiff;1;1;2480;3508;169999;1712;1094;221;54;1712;1094;1933;1094;1933;1148;1712;1148;Reference;AAAAAAAAA;undefined;OTHER;OTHER
invoice-1385.tiff;1;1;2480;3508;170000;2166;1094;162;48;2166;1094;2328;1094;2328;1142;2166;1142;1271035;NNNNNNN;IN;INVOICE_NUMBER;Invoice Number
invoice-1385.tiff;1;1;2480;3508;169984;124;1100;129;48;124;1100;253;1100;253;1148;124;1148;France;AAAAAA;BA;BILLING_ADDRESS;Billing Address
invoice-1385.tiff;1;1;2480;3508;170001;1541;1169;191;54;1541;1169;1732;1169;1732;1223;1541;1223;Payment;AAAAAAA;undefined;OTHER;OTHER
invoice-1385.tiff;1;1;2480;3508;170002;1745;1169;94;54;1745;1169;1839;1169;1839;1223;1745;1223;type;AAAA;undefined;OTHER;OTHER
invoice-1385.tiff;1;1;2480;3508;170003;2166;1169;145;48;2166;1169;2311;1169;2311;1217;2166;1217;Cheque;AAAAAA;PMODE;PAYMENT_MODE;Payment Mode
invoice-1385.tiff;1;1;2480;3508;169985;124;1190;197;59;124;1190;321;1190;321;1249;124;1249;Shipped;AAAAAAA;undefined;OTHER;OTHER
invoice-1385.tiff;1;1;2480;3508;169986;336;1190;61;59;336;1190;397;1190;397;1249;336;1249;To;AA;undefined;OTHER;OTHER
invoice-1385.tiff;1;1;2480;3508;169987;124;1250;69;49;124;1250;193;1250;193;1299;124;1299;Ms.;AAS;SHN;SHIPPING_NAME;Shipping Name
invoice-1385.tiff;1;1;2480;3508;169988;206;1250;74;49;206;1250;280;1250;280;1299;206;1299;Toy;AAA;SHN;SHIPPING_NAME;Shipping Name
invoice-1385.tiff;1;1;2480;3508;169989;291;1250;162;49;291;1250;453;1250;453;1299;291;1299;Trantow;AAAAAAA;SHN;SHIPPING_NAME;Shipping Name
invoice-1385.tiff;1;1;2480;3508;169990;124;1299;104;48;124;1299;228;1299;228;1347;124;1347;1284,;NNNNS;SHA;SHIPPING_ADDRESS;Shipping Address
invoice-1385.tiff;1;1;2480;3508;169991;240;1299;134;48;240;1299;374;1299;374;1347;240;1347;chemin;AAAAAA;SHA;SHIPPING_ADDRESS;Shipping Address
invoice-1385.tiff;1;1;2480;3508;169992;386;1299;67;48;386;1299;453;1299;453;1347;386;1347;des;AAA;SHA;SHIPPING_ADDRESS;Shipping Address
invoice-1385.tiff;1;1;2480;3508;169993;465;1299;157;48;465;1299;622;1299;622;1347;465;1347;plateaux;AAAAAAAA;SHA;SHIPPING_ADDRESS;Shipping Address
invoice-1385.tiff;1;1;2480;3508;169994;634;1299;111;48;634;1299;745;1299;745;1347;634;1347;fleuris;AAAAAAA;SHA;SHIPPING_ADDRESS;Shipping Address
invoice-1385.tiff;1;1;2480;3508;169995;124;1347;115;48;124;1347;239;1347;239;1395;124;1395;06700;NNNNN;SHA;SHIPPING_ADDRESS;Shipping Address
invoice-1385.tiff;1;1;2480;3508;169996;282;1347;389;48;282;1347;671;1347;671;1395;282;1395;Saint-Laurent-du-Var;AAAAASAAAAAAASAASAAA;SHA;SHIPPING_ADDRESS;Shipping Address
invoice-1385.tiff;1;1;2480;3508;169997;124;1395;129;48;124;1395;253;1395;253;1443;124;1443;France;AAAAAA;SHA;SHIPPING_ADDRESS;Shipping Address
invoice-1385.tiff;1;1;2480;3508;170004;423;1711;277;54;423;1711;700;1711;700;1765;423;1765;Descriptions;AAAAAAAAAAAA;undefined;OTHER;OTHER
invoice-1385.tiff;1;1;2480;3508;170005;1086;1711;76;54;1086;1711;1162;1711;1162;1765;1086;1765;Qty;AAA;undefined;OTHER;OTHER
invoice-1385.tiff;1;1;2480;3508;170006;1372;1711;89;54;1372;1711;1461;1711;1461;1765;1372;1765;U.P.;ASAS;undefined;OTHER;OTHER
invoice-1385.tiff;1;1;2480;3508;170007;1651;1711;196;54;1651;1711;1847;1711;1847;1765;1651;1765;VAT/TVA;AAASAAA;undefined;OTHER;OTHER
invoice-1385.tiff;1;1;2480;3508;170008;1996;1711;173;54;1996;1711;2169;1711;2169;1765;1996;1765;Amount;AAAAAA;undefined;OTHER;OTHER
invoice-1385.tiff;1;1;2480;3508;170009;124;1786;208;49;124;1786;332;1786;332;1835;124;1835;Aspirateur;AAAAAAAAAA;undefined;OTHER;OTHER
invoice-1385.tiff;1;1;2480;3508;170010;344;1786;106;49;344;1786;450;1786;450;1835;344;1835;robot;AAAAA;undefined;OTHER;OTHER
invoice-1385.tiff;1;1;2480;3508;170011;462;1786;169;49;462;1786;631;1786;631;1835;462;1835;Ecovacs;AAAAAAA;undefined;OTHER;OTHER
invoice-1385.tiff;1;1;2480;3508;170012;643;1786;173;49;643;1786;816;1786;816;1835;643;1835;DEEBOT;AAAAAA;undefined;OTHER;OTHER
invoice-1385.tiff;1;1;2480;3508;170013;828;1786;106;49;828;1786;934;1786;934;1835;828;1835;DR95;AANN;undefined;OTHER;OTHER
invoice-1385.tiff;1;1;2480;3508;170015;1113;1786;23;49;1113;1786;1136;1786;1136;1835;1113;1835;1;N;undefined;OTHER;OTHER
invoice-1385.tiff;1;1;2480;3508;170016;1352;1786;127;49;1352;1786;1479;1786;1479;1835;1352;1835;457,50;NNNSNN;undefined;OTHER;OTHER
invoice-1385.tiff;1;1;2480;3508;170017;1690;1786;118;49;1690;1786;1808;1786;1808;1835;1690;1835;20.0%;NNSNS;undefined;OTHER;OTHER
invoice-1385.tiff;1;1;2480;3508;170018;2019;1786;127;49;2019;1786;2146;1786;2146;1835;2019;1835;457,50;NNNSNN;undefined;OTHER;OTHER
invoice-1385.tiff;1;1;2480;3508;170014;124;1836;87;49;124;1836;211;1836;211;1885;124;1885;MKII;AAAA;undefined;OTHER;OTHER
invoice-1385.tiff;1;1;2480;3508;170019;124;1927;224;49;124;1927;348;1927;348;1976;124;1976;Imprimante;AAAAAAAAAA;undefined;OTHER;OTHER
invoice-1385.tiff;1;1;2480;3508;170020;361;1927;97;49;361;1927;458;1927;458;1976;361;1976;laser;AAAAA;undefined;OTHER;OTHER
invoice-1385.tiff;1;1;2480;3508;170021;470;1927;187;49;470;1927;657;1927;657;1976;470;1976;Samsung;AAAAAAA;undefined;OTHER;OTHER
invoice-1385.tiff;1;1;2480;3508;170022;669;1927;233;49;669;1927;902;1927;902;1976;669;1976;SL-M2070W;AASANNNNA;undefined;OTHER;OTHER
invoice-1385.tiff;1;1;2480;3508;170023;1113;1927;23;49;1113;1927;1136;1927;1136;1976;1113;1976;4;N;undefined;OTHER;OTHER
invoice-1385.tiff;1;1;2480;3508;170024;1352;1927;127;49;1352;1927;1479;1927;1479;1976;1352;1976;115,83;NNNSNN;undefined;OTHER;OTHER
invoice-1385.tiff;1;1;2480;3508;170025;1690;1927;118;49;1690;1927;1808;1927;1808;1976;1690;1976;20.0%;NNSNS;undefined;OTHER;OTHER
invoice-1385.tiff;1;1;2480;3508;170026;2019;1927;127;49;2019;1927;2146;1927;2146;1976;2019;1976;463,33;NNNSNN;undefined;OTHER;OTHER
invoice-1385.tiff;1;1;2480;3508;170027;1854;2060;173;54;1854;2060;2027;2060;2027;2114;1854;2114;Amount;AAAAAA;undefined;OTHER;OTHER
invoice-1385.tiff;1;1;2480;3508;170028;2069;2060;127;49;2069;2060;2196;2060;2196;2109;2069;2109;920,83;NNNSNN;TWTX;TOTAL_WITHOUT_TAX;TWTXS
invoice-1385.tiff;1;1;2480;3508;170029;1852;2115;196;54;1852;2115;2048;2115;2048;2169;1852;2169;VAT/TVA;AAASAAA;undefined;OTHER;OTHER
invoice-1385.tiff;1;1;2480;3508;170030;2090;2115;118;49;2090;2115;2208;2115;2208;2164;2090;2164;20.0%;NNSNS;TXR;TAX_RATE;Tax Rate
invoice-1385.tiff;1;1;2480;3508;170031;1750;2169;91;54;1750;2169;1841;2169;1841;2223;1750;2223;TVA;AAA;undefined;OTHER;OTHER
invoice-1385.tiff;1;1;2480;3508;170032;1854;2169;173;54;1854;2169;2027;2169;2027;2223;1854;2223;Amount;AAAAAA;undefined;OTHER;OTHER
invoice-1385.tiff;1;1;2480;3508;170033;2069;2169;127;49;2069;2169;2196;2169;2196;2218;2069;2218;184,17;NNNSNN;TTX;TOTAL_TAX;Total Tax
invoice-1385.tiff;1;1;2480;3508;170034;1709;2224;109;54;1709;2224;1818;2224;1818;2278;1709;2278;Total;AAAAA;undefined;OTHER;OTHER
invoice-1385.tiff;1;1;2480;3508;170035;1831;2224;173;54;1831;2224;2004;2224;2004;2278;1831;2278;Amount;AAAAAA;undefined;OTHER;OTHER
invoice-1385.tiff;1;1;2480;3508;170036;2046;2224;150;49;2046;2224;2196;2224;2196;2273;2046;2273;1105,00;NNNNSNN;TA;TOTAL_AMOUNT;Total with TAX
invoice-1385.tiff;1;1;2480;3508;170037;124;3175;208;49;124;3175;332;3175;332;3224;124;3224;AUBERGE;AAAAAAA;SN;SUPPLIER_NAME;Seller/Company) name
invoice-1385.tiff;1;1;2480;3508;170038;344;3175;60;49;344;3175;404;3175;404;3224;344;3224;DU;AA;SN;SUPPLIER_NAME;Seller/Company) name
invoice-1385.tiff;1;1;2480;3508;170039;416;3175;148;49;416;3175;564;3175;564;3224;416;3224;SURAN;AAAAA;SN;SUPPLIER_NAME;Seller/Company) name
invoice-1385.tiff;1;1;2480;3508;170040;124;3224;215;48;124;3224;339;3224;339;3272;124;3272;QUARTIER;AAAAAAAA;SA;SUPPLIER_ADDRESS;Seller Address
invoice-1385.tiff;1;1;2480;3508;170041;351;3224;60;48;351;3224;411;3224;411;3272;351;3272;DU;AA;SA;SUPPLIER_ADDRESS;Seller Address
invoice-1385.tiff;1;1;2480;3508;170042;423;3224;162;48;423;3224;585;3224;585;3272;423;3272;MOULIN;AAAAAA;SA;SUPPLIER_ADDRESS;Seller Address
invoice-1385.tiff;1;1;2480;3508;170043;593;3224;11;48;593;3224;604;3224;604;3272;593;3272;,;S;SA;SUPPLIER_ADDRESS;Seller Address
invoice-1385.tiff;1;1;2480;3508;170044;617;3224;145;48;617;3224;762;3224;762;3272;617;3272;BOHAS;AAAAA;SA;SUPPLIER_ADDRESS;Seller Address
invoice-1385.tiff;1;1;2480;3508;170045;779;3224;11;48;779;3224;790;3224;790;3272;779;3272;,;S;SA;SUPPLIER_ADDRESS;Seller Address
invoice-1385.tiff;1;1;2480;3508;170046;802;3224;115;48;802;3224;917;3224;917;3272;802;3272;01250;NNNNN;SA;SUPPLIER_ADDRESS;Seller Address
invoice-1385.tiff;1;1;2480;3508;170047;927;3224;145;48;927;3224;1072;3224;1072;3272;927;3272;BOHAS;AAAAA;SA;SUPPLIER_ADDRESS;Seller Address
invoice-1385.tiff;1;1;2480;3508;170048;1084;3224;185;48;1084;3224;1269;3224;1269;3272;1084;3272;MEYRIAT;AAAAAAA;SA;SUPPLIER_ADDRESS;Seller Address
invoice-1385.tiff;1;1;2480;3508;170049;1281;3224;157;48;1281;3224;1438;3224;1438;3272;1281;3272;RIGNAT;AAAAAA;SA;SUPPLIER_ADDRESS;Seller Address
invoice-1385.tiff;1;1;2480;3508;170050;1447;3224;11;48;1447;3224;1458;3224;1458;3272;1447;3272;,;S;SA;SUPPLIER_ADDRESS;Seller Address
invoice-1385.tiff;1;1;2480;3508;170051;1470;3224;171;48;1470;3224;1641;3224;1641;3272;1470;3272;FRANCE;AAAAAA;SA;SUPPLIER_ADDRESS;Seller Address
