src;num_pages;page_id;page_width;page_height;id;col;row;width;height;x1;y1;x2;y2;x3;y3;x4;y4;contents;contents_masked;correctclass;tag;description
invoice-3136.tiff;1;1;2480;3508;385722;1541;62;609;175;1541;62;2150;62;2150;237;1541;237;common/logo;AAAAAASAAAA;img;IMAGE;Image
invoice-3136.tiff;1;1;2480;3508;385719;124;270;238;59;124;270;362;270;362;329;124;329;FACTURE;AAAAAAA;undefined;OTHER;OTHER
invoice-3136.tiff;1;1;2480;3508;385720;377;270;56;59;377;270;433;270;433;329;377;329;N°;AS;undefined;OTHER;OTHER
invoice-3136.tiff;1;1;2480;3508;385721;496;270;213;52;496;270;709;270;709;322;496;322;FC500672;AANNNNNN;IN;INVOICE_NUMBER;Invoice Number
invoice-3136.tiff;1;1;2480;3508;385723;1541;412;171;49;1541;412;1712;412;1712;461;1541;461;CENTRE;AAAAAA;SN;SUPPLIER_NAME;Seller/Company) name
invoice-3136.tiff;1;1;2480;3508;385724;1724;412;57;49;1724;412;1781;412;1781;461;1724;461;DE;AA;SN;SUPPLIER_NAME;Seller/Company) name
invoice-3136.tiff;1;1;2480;3508;385725;1793;412;171;49;1793;412;1964;412;1964;461;1793;461;BEAUTE;AAAAAA;SN;SUPPLIER_NAME;Seller/Company) name
invoice-3136.tiff;1;1;2480;3508;385726;1976;412;111;49;1976;412;2087;412;2087;461;1976;461;YVES;AAAA;SN;SUPPLIER_NAME;Seller/Company) name
invoice-3136.tiff;1;1;2480;3508;385727;2099;412;180;49;2099;412;2279;412;2279;461;2099;461;ROCHER;AAAAAA;SN;SUPPLIER_NAME;Seller/Company) name
invoice-3136.tiff;1;1;2480;3508;385728;1541;462;83;48;1541;462;1624;462;1624;510;1541;510;RTE;AAA;SA;SUPPLIER_ADDRESS;Seller Address
invoice-3136.tiff;1;1;2480;3508;385729;1636;462;57;48;1636;462;1693;462;1693;510;1636;510;DE;AA;SA;SUPPLIER_ADDRESS;Seller Address
invoice-3136.tiff;1;1;2480;3508;385730;1706;462;294;48;1706;462;2000;462;2000;510;1706;510;PERNICAGGIO;AAAAAAAAAAA;SA;SUPPLIER_ADDRESS;Seller Address
invoice-3136.tiff;1;1;2480;3508;385731;1541;510;115;48;1541;510;1656;510;1656;558;1541;558;20167;NNNNN;SA;SUPPLIER_ADDRESS;Seller Address
invoice-3136.tiff;1;1;2480;3508;385732;1699;510;199;48;1699;510;1898;510;1898;558;1699;558;SARROLA;AAAAAAA;SA;SUPPLIER_ADDRESS;Seller Address
invoice-3136.tiff;1;1;2480;3508;385733;1909;510;252;48;1909;510;2161;510;2161;558;1909;558;CARCOPINO;AAAAAAAAA;SA;SUPPLIER_ADDRESS;Seller Address
invoice-3136.tiff;1;1;2480;3508;385734;1541;558;148;48;1541;558;1689;558;1689;606;1541;606;Numéro;AAAAAA;undefined;OTHER;OTHER
invoice-3136.tiff;1;1;2480;3508;385735;1701;558;46;48;1701;558;1747;558;1747;606;1701;606;de;AA;undefined;OTHER;OTHER
invoice-3136.tiff;1;1;2480;3508;385736;1759;558;57;48;1759;558;1816;558;1816;606;1759;606;Tel;AAA;undefined;OTHER;OTHER
invoice-3136.tiff;1;1;2480;3508;385737;1879;558;278;48;1879;558;2157;558;2157;606;1879;606;07.86.86.38.34;NNSNNSNNSNNSNN;SCN;SUPPLIER_CONTACT_NUMBER;Seller Contact Number
invoice-3136.tiff;1;1;2480;3508;385738;1541;606;148;48;1541;606;1689;606;1689;654;1541;654;Numéro;AAAAAA;undefined;OTHER;OTHER
invoice-3136.tiff;1;1;2480;3508;385739;1701;606;46;48;1701;606;1747;606;1747;654;1701;654;de;AA;undefined;OTHER;OTHER
invoice-3136.tiff;1;1;2480;3508;385740;1759;606;69;48;1759;606;1828;606;1828;654;1759;654;Fax;AAA;undefined;OTHER;OTHER
invoice-3136.tiff;1;1;2480;3508;385741;1891;606;278;48;1891;606;2169;606;2169;654;1891;654;07.86.86.46.29;NNSNNSNNSNNSNN;SFAX;SUPPLIER_FAX_NUMBER;Seller Fax Number
invoice-3136.tiff;1;1;2480;3508;385742;124;991;197;59;124;991;321;991;321;1050;124;1050;Adresse;AAAAAAA;undefined;OTHER;OTHER
invoice-3136.tiff;1;1;2480;3508;385743;336;991;272;59;336;991;608;991;608;1050;336;1050;Facturation;AAAAAAAAAAA;undefined;OTHER;OTHER
invoice-3136.tiff;1;1;2480;3508;385744;124;1051;203;49;124;1051;327;1051;327;1100;124;1100;Blanchard;AAAAAAAAA;BN;BILLING_NAME;Billing Name
invoice-3136.tiff;1;1;2480;3508;385745;340;1051;120;49;340;1051;460;1051;460;1100;340;1100;Lucas;AAAAA;BN;BILLING_NAME;Billing Name
invoice-3136.tiff;1;1;2480;3508;385746;124;1100;34;48;124;1100;158;1100;158;1148;124;1148;6,;NS;BA;BILLING_ADDRESS;Billing Address
invoice-3136.tiff;1;1;2480;3508;385747;171;1100;60;48;171;1100;231;1100;231;1148;171;1148;rue;AAA;BA;BILLING_ADDRESS;Billing Address
invoice-3136.tiff;1;1;2480;3508;385748;243;1100;46;48;243;1100;289;1100;289;1148;243;1148;du;AA;BA;BILLING_ADDRESS;Billing Address
invoice-3136.tiff;1;1;2480;3508;385749;301;1100;106;48;301;1100;407;1100;407;1148;301;1148;muret;AAAAA;BA;BILLING_ADDRESS;Billing Address
invoice-3136.tiff;1;1;2480;3508;385750;124;1148;115;48;124;1148;239;1148;239;1196;124;1196;01100;NNNNN;BA;BILLING_ADDRESS;Billing Address
invoice-3136.tiff;1;1;2480;3508;385751;282;1148;166;48;282;1148;448;1148;448;1196;282;1196;Oyonnax;AAAAAAA;BA;BILLING_ADDRESS;Billing Address
invoice-3136.tiff;1;1;2480;3508;385764;1541;1190;61;54;1541;1190;1602;1190;1602;1244;1541;1244;Du;AA;undefined;OTHER;OTHER
invoice-3136.tiff;1;1;2480;3508;385765;2166;1190;46;48;2166;1190;2212;1190;2212;1238;2166;1238;30;NN;IDATE;INVOICE_DATE;Invoice Date
invoice-3136.tiff;1;1;2480;3508;385766;2224;1190;71;48;2224;1190;2295;1190;2295;1238;2224;1238;mar;AAA;IDATE;INVOICE_DATE;Invoice Date
invoice-3136.tiff;1;1;2480;3508;385767;2307;1190;92;48;2307;1190;2399;1190;2399;1238;2307;1238;2019;NNNN;IDATE;INVOICE_DATE;Invoice Date
invoice-3136.tiff;1;1;2480;3508;385752;124;1197;129;48;124;1197;253;1197;253;1245;124;1245;France;AAAAAA;BA;BILLING_ADDRESS;Billing Address
invoice-3136.tiff;1;1;2480;3508;385768;1541;1266;274;54;1541;1266;1815;1266;1815;1320;1541;1320;COMMANDE;AAAAAAAA;undefined;OTHER;OTHER
invoice-3136.tiff;1;1;2480;3508;385769;1829;1266;51;54;1829;1266;1880;1266;1880;1320;1829;1320;N°;AS;undefined;OTHER;OTHER
invoice-3136.tiff;1;1;2480;3508;385770;2166;1266;157;48;2166;1266;2323;1266;2323;1314;2166;1314;CM5356;AANNNN;ONUM;ORDER_NUMBER;Order Number
invoice-3136.tiff;1;1;2480;3508;385753;124;1286;197;59;124;1286;321;1286;321;1345;124;1345;Adresse;AAAAAAA;undefined;OTHER;OTHER
invoice-3136.tiff;1;1;2480;3508;385754;336;1286;222;59;336;1286;558;1286;558;1345;336;1345;Livraison;AAAAAAAAA;undefined;OTHER;OTHER
invoice-3136.tiff;1;1;2480;3508;385755;124;1346;203;49;124;1346;327;1346;327;1395;124;1395;Blanchard;AAAAAAAAA;SHN;SHIPPING_NAME;Shipping Name
invoice-3136.tiff;1;1;2480;3508;385756;340;1346;120;49;340;1346;460;1346;460;1395;340;1395;Lucas;AAAAA;SHN;SHIPPING_NAME;Shipping Name
invoice-3136.tiff;1;1;2480;3508;385757;124;1395;34;48;124;1395;158;1395;158;1443;124;1443;6,;NS;SHA;SHIPPING_ADDRESS;Shipping Address
invoice-3136.tiff;1;1;2480;3508;385758;171;1395;60;48;171;1395;231;1395;231;1443;171;1443;rue;AAA;SHA;SHIPPING_ADDRESS;Shipping Address
invoice-3136.tiff;1;1;2480;3508;385759;243;1395;46;48;243;1395;289;1395;289;1443;243;1443;du;AA;SHA;SHIPPING_ADDRESS;Shipping Address
invoice-3136.tiff;1;1;2480;3508;385760;301;1395;106;48;301;1395;407;1395;407;1443;301;1443;muret;AAAAA;SHA;SHIPPING_ADDRESS;Shipping Address
invoice-3136.tiff;1;1;2480;3508;385761;124;1444;115;48;124;1444;239;1444;239;1492;124;1492;01100;NNNNN;SHA;SHIPPING_ADDRESS;Shipping Address
invoice-3136.tiff;1;1;2480;3508;385762;282;1444;166;48;282;1444;448;1444;448;1492;282;1492;Oyonnax;AAAAAAA;SHA;SHIPPING_ADDRESS;Shipping Address
invoice-3136.tiff;1;1;2480;3508;385763;124;1492;129;48;124;1492;253;1492;253;1540;124;1540;France;AAAAAA;SHA;SHIPPING_ADDRESS;Shipping Address
invoice-3136.tiff;1;1;2480;3508;385771;135;1807;145;54;135;1807;280;1807;280;1861;135;1861;S.Non.;ASAAAS;undefined;OTHER;OTHER
invoice-3136.tiff;1;1;2480;3508;385772;561;1807;252;54;561;1807;813;1807;813;1861;561;1861;Description;AAAAAAAAAAA;undefined;OTHER;OTHER
invoice-3136.tiff;1;1;2480;3508;385773;1136;1807;185;54;1136;1807;1321;1807;1321;1861;1136;1861;Quantité;AAAAAAAA;undefined;OTHER;OTHER
invoice-3136.tiff;1;1;2480;3508;385774;1385;1807;86;54;1385;1807;1471;1807;1471;1861;1385;1861;Prix;AAAA;undefined;OTHER;OTHER
invoice-3136.tiff;1;1;2480;3508;385775;1485;1807;170;54;1485;1807;1655;1807;1655;1861;1485;1861;Unitaire;AAAAAAAA;undefined;OTHER;OTHER
invoice-3136.tiff;1;1;2480;3508;385776;1673;1807;106;54;1673;1807;1779;1807;1779;1861;1673;1861;Taux;AAAA;undefined;OTHER;OTHER
invoice-3136.tiff;1;1;2480;3508;385777;1793;1807;53;54;1793;1807;1846;1807;1846;1861;1793;1861;de;AA;undefined;OTHER;OTHER
invoice-3136.tiff;1;1;2480;3508;385778;1859;1807;91;54;1859;1807;1950;1807;1950;1861;1859;1861;TVA;AAA;undefined;OTHER;OTHER
invoice-3136.tiff;1;1;2480;3508;385779;1978;1807;178;54;1978;1807;2156;1807;2156;1861;1978;1861;Montant;AAAAAAA;undefined;OTHER;OTHER
invoice-3136.tiff;1;1;2480;3508;385780;2169;1807;61;54;2169;1807;2230;1807;2230;1861;2169;1861;HT;AA;undefined;OTHER;OTHER
invoice-3136.tiff;1;1;2480;3508;385781;196;1883;23;49;196;1883;219;1883;219;1932;196;1932;1;N;undefined;OTHER;OTHER
invoice-3136.tiff;1;1;2480;3508;385782;291;1883;138;49;291;1883;429;1883;429;1932;291;1932;Disque;AAAAAA;undefined;OTHER;OTHER
invoice-3136.tiff;1;1;2480;3508;385783;442;1883;67;49;442;1883;509;1883;509;1932;442;1932;dur;AAA;undefined;OTHER;OTHER
invoice-3136.tiff;1;1;2480;3508;385784;520;1883;148;49;520;1883;668;1883;668;1932;520;1932;externe;AAAAAAA;undefined;OTHER;OTHER
invoice-3136.tiff;1;1;2480;3508;385785;680;1883;164;49;680;1883;844;1883;844;1932;680;1932;Western;AAAAAAA;undefined;OTHER;OTHER
invoice-3136.tiff;1;1;2480;3508;385786;856;1883;127;49;856;1883;983;1883;983;1932;856;1932;Digital;AAAAAAA;undefined;OTHER;OTHER
invoice-3136.tiff;1;1;2480;3508;385787;995;1883;77;49;995;1883;1072;1883;1072;1932;995;1932;2,5'';NSNSS;undefined;OTHER;OTHER
invoice-3136.tiff;1;1;2480;3508;385794;1217;1883;23;49;1217;1883;1240;1883;1240;1932;1217;1932;4;N;undefined;OTHER;OTHER
invoice-3136.tiff;1;1;2480;3508;385795;1418;1883;104;49;1418;1883;1522;1883;1522;1932;1418;1932;91,66;NNSNN;undefined;OTHER;OTHER
invoice-3136.tiff;1;1;2480;3508;385796;1534;1883;87;49;1534;1883;1621;1883;1621;1932;1534;1932;EUR;AAA;undefined;OTHER;OTHER
invoice-3136.tiff;1;1;2480;3508;385797;1753;1883;118;49;1753;1883;1871;1883;1871;1932;1753;1932;20.0%;NNSNS;undefined;OTHER;OTHER
invoice-3136.tiff;1;1;2480;3508;385798;1990;1883;127;49;1990;1883;2117;1883;2117;1932;1990;1932;366,63;NNNSNN;undefined;OTHER;OTHER
invoice-3136.tiff;1;1;2480;3508;385799;2129;1883;87;49;2129;1883;2216;1883;2216;1932;2129;1932;EUR;AAA;undefined;OTHER;OTHER
invoice-3136.tiff;1;1;2480;3508;385788;291;1932;23;49;291;1932;314;1932;314;1981;291;1981;1;N;undefined;OTHER;OTHER
invoice-3136.tiff;1;1;2480;3508;385789;326;1932;50;49;326;1932;376;1932;376;1981;326;1981;To;AA;undefined;OTHER;OTHER
invoice-3136.tiff;1;1;2480;3508;385790;388;1932;57;49;388;1932;445;1932;445;1981;388;1981;My;AA;undefined;OTHER;OTHER
invoice-3136.tiff;1;1;2480;3508;385791;458;1932;178;49;458;1932;636;1932;636;1981;458;1981;Passport;AAAAAAAA;undefined;OTHER;OTHER
invoice-3136.tiff;1;1;2480;3508;385792;648;1932;94;49;648;1932;742;1932;742;1981;648;1981;Ultra;AAAAA;undefined;OTHER;OTHER
invoice-3136.tiff;1;1;2480;3508;385793;754;1932;94;49;754;1932;848;1932;848;1981;754;1981;Gold;AAAA;undefined;OTHER;OTHER
invoice-3136.tiff;1;1;2480;3508;385800;196;2023;23;49;196;2023;219;2023;219;2072;196;2072;2;N;undefined;OTHER;OTHER
invoice-3136.tiff;1;1;2480;3508;385801;291;2023;97;49;291;2023;388;2023;388;2072;291;2072;Pèse;AAAA;undefined;OTHER;OTHER
invoice-3136.tiff;1;1;2480;3508;385802;400;2023;187;49;400;2023;587;2023;587;2072;400;2072;personne;AAAAAAAA;undefined;OTHER;OTHER
invoice-3136.tiff;1;1;2480;3508;385803;599;2023;217;49;599;2023;816;2023;816;2072;599;2072;mécanique;AAAAAAAAA;undefined;OTHER;OTHER
invoice-3136.tiff;1;1;2480;3508;385804;828;2023;208;49;828;2023;1036;2023;1036;2072;828;2072;Essentielb;AAAAAAAAAA;undefined;OTHER;OTHER
invoice-3136.tiff;1;1;2480;3508;385808;1217;2023;23;49;1217;2023;1240;2023;1240;2072;1217;2072;3;N;undefined;OTHER;OTHER
invoice-3136.tiff;1;1;2480;3508;385809;1418;2023;104;49;1418;2023;1522;2023;1522;2072;1418;2072;33,33;NNSNN;undefined;OTHER;OTHER
invoice-3136.tiff;1;1;2480;3508;385810;1534;2023;87;49;1534;2023;1621;2023;1621;2072;1534;2072;EUR;AAA;undefined;OTHER;OTHER
invoice-3136.tiff;1;1;2480;3508;385811;1753;2023;118;49;1753;2023;1871;2023;1871;2072;1753;2072;20.0%;NNSNS;undefined;OTHER;OTHER
invoice-3136.tiff;1;1;2480;3508;385812;2002;2023;104;49;2002;2023;2106;2023;2106;2072;2002;2072;99,98;NNSNN;undefined;OTHER;OTHER
invoice-3136.tiff;1;1;2480;3508;385813;2118;2023;87;49;2118;2023;2205;2023;2205;2072;2118;2072;EUR;AAA;undefined;OTHER;OTHER
invoice-3136.tiff;1;1;2480;3508;385805;291;2073;90;49;291;2073;381;2073;381;2122;291;2122;EPM;AAA;undefined;OTHER;OTHER
invoice-3136.tiff;1;1;2480;3508;385806;393;2073;48;49;393;2073;441;2073;441;2122;393;2122;1n;NA;undefined;OTHER;OTHER
invoice-3136.tiff;1;1;2480;3508;385807;453;2073;143;49;453;2073;596;2073;596;2122;453;2122;EBENE;AAAAA;undefined;OTHER;OTHER
invoice-3136.tiff;1;1;2480;3508;385814;1395;2206;152;54;1395;2206;1547;2206;1547;2260;1395;2260;TOTAL;AAAAA;undefined;OTHER;OTHER
invoice-3136.tiff;1;1;2480;3508;385815;1561;2206;175;54;1561;2206;1736;2206;1736;2260;1561;2260;REMISE;AAAAAA;undefined;OTHER;OTHER
invoice-3136.tiff;1;1;2480;3508;385816;1749;2206;257;54;1749;2206;2006;2206;2006;2260;1749;2260;IMMEDIATE;AAAAAAAAA;undefined;OTHER;OTHER
invoice-3136.tiff;1;1;2480;3508;385817;2027;2206;81;49;2027;2206;2108;2206;2108;2255;2027;2255;0,00;NSNN;undefined;OTHER;OTHER
invoice-3136.tiff;1;1;2480;3508;385818;2120;2206;87;49;2120;2206;2207;2206;2207;2255;2120;2255;EUR;AAA;undefined;OTHER;OTHER
invoice-3136.tiff;1;1;2480;3508;385819;1687;2260;178;54;1687;2260;1865;2260;1865;2314;1687;2314;Montant;AAAAAAA;undefined;OTHER;OTHER
invoice-3136.tiff;1;1;2480;3508;385820;1878;2260;61;54;1878;2260;1939;2260;1939;2314;1878;2314;HT;AA;undefined;OTHER;OTHER
invoice-3136.tiff;1;1;2480;3508;385821;1981;2260;127;49;1981;2260;2108;2260;2108;2309;1981;2309;466,61;NNNSNN;TWTX;TOTAL_WITHOUT_TAX;TWTXS
invoice-3136.tiff;1;1;2480;3508;385822;2120;2260;87;49;2120;2260;2207;2260;2207;2309;2120;2309;EUR;AAA;TWTX;TOTAL_WITHOUT_TAX;TWTXS
invoice-3136.tiff;1;1;2480;3508;385823;1770;2315;106;54;1770;2315;1876;2315;1876;2369;1770;2369;Taux;AAAA;undefined;OTHER;OTHER
invoice-3136.tiff;1;1;2480;3508;385824;1890;2315;53;54;1890;2315;1943;2315;1943;2369;1890;2369;de;AA;undefined;OTHER;OTHER
invoice-3136.tiff;1;1;2480;3508;385825;1956;2315;91;54;1956;2315;2047;2315;2047;2369;1956;2369;TVA;AAA;undefined;OTHER;OTHER
invoice-3136.tiff;1;1;2480;3508;385826;2090;2315;118;49;2090;2315;2208;2315;2208;2364;2090;2364;20.0%;NNSNS;TXR;TAX_RATE;Tax Rate
invoice-3136.tiff;1;1;2480;3508;385827;1871;2370;91;54;1871;2370;1962;2370;1962;2424;1871;2424;TVA;AAA;undefined;OTHER;OTHER
invoice-3136.tiff;1;1;2480;3508;385828;2004;2370;104;49;2004;2370;2108;2370;2108;2419;2004;2419;93,32;NNSNN;TTX;TOTAL_TAX;Total Tax
invoice-3136.tiff;1;1;2480;3508;385829;2120;2370;87;49;2120;2370;2207;2370;2207;2419;2120;2419;EUR;AAA;TTX;TOTAL_TAX;Total Tax
invoice-3136.tiff;1;1;2480;3508;385830;1728;2424;109;54;1728;2424;1837;2424;1837;2478;1728;2478;Total;AAAAA;undefined;OTHER;OTHER
invoice-3136.tiff;1;1;2480;3508;385831;1850;2424;89;54;1850;2424;1939;2424;1939;2478;1850;2478;TTC;AAA;undefined;OTHER;OTHER
invoice-3136.tiff;1;1;2480;3508;385832;1981;2424;127;49;1981;2424;2108;2424;2108;2473;1981;2473;559,93;NNNSNN;TA;TOTAL_AMOUNT;Total with TAX
invoice-3136.tiff;1;1;2480;3508;385833;2120;2424;87;49;2120;2424;2207;2424;2207;2473;2120;2473;EUR;AAA;TA;TOTAL_AMOUNT;Total with TAX
invoice-3136.tiff;1;1;2480;3508;385834;818;3154;171;49;818;3154;989;3154;989;3203;818;3203;CENTRE;AAAAAA;SN;SUPPLIER_NAME;Seller/Company) name
invoice-3136.tiff;1;1;2480;3508;385835;1001;3154;57;49;1001;3154;1058;3154;1058;3203;1001;3203;DE;AA;SN;SUPPLIER_NAME;Seller/Company) name
invoice-3136.tiff;1;1;2480;3508;385836;1070;3154;171;49;1070;3154;1241;3154;1241;3203;1070;3203;BEAUTE;AAAAAA;SN;SUPPLIER_NAME;Seller/Company) name
invoice-3136.tiff;1;1;2480;3508;385837;1253;3154;111;49;1253;3154;1364;3154;1364;3203;1253;3203;YVES;AAAA;SN;SUPPLIER_NAME;Seller/Company) name
invoice-3136.tiff;1;1;2480;3508;385838;1376;3154;180;49;1376;3154;1556;3154;1556;3203;1376;3203;ROCHER;AAAAAA;SN;SUPPLIER_NAME;Seller/Company) name
invoice-3136.tiff;1;1;2480;3508;385839;637;3203;83;48;637;3203;720;3203;720;3251;637;3251;RTE;AAA;SA;SUPPLIER_ADDRESS;Seller Address
invoice-3136.tiff;1;1;2480;3508;385840;732;3203;57;48;732;3203;789;3203;789;3251;732;3251;DE;AA;SA;SUPPLIER_ADDRESS;Seller Address
invoice-3136.tiff;1;1;2480;3508;385841;802;3203;294;48;802;3203;1096;3203;1096;3251;802;3251;PERNICAGGIO;AAAAAAAAAAA;SA;SUPPLIER_ADDRESS;Seller Address
invoice-3136.tiff;1;1;2480;3508;385842;1104;3203;13;48;1104;3203;1117;3203;1117;3251;1104;3251;-;S;SA;SUPPLIER_ADDRESS;Seller Address
invoice-3136.tiff;1;1;2480;3508;385843;1130;3203;115;48;1130;3203;1245;3203;1245;3251;1130;3251;20167;NNNNN;SA;SUPPLIER_ADDRESS;Seller Address
invoice-3136.tiff;1;1;2480;3508;385844;1265;3203;199;48;1265;3203;1464;3203;1464;3251;1265;3251;SARROLA;AAAAAAA;SA;SUPPLIER_ADDRESS;Seller Address
invoice-3136.tiff;1;1;2480;3508;385845;1476;3203;252;48;1476;3203;1728;3203;1728;3251;1476;3251;CARCOPINO;AAAAAAAAA;SA;SUPPLIER_ADDRESS;Seller Address
