src;num_pages;page_id;page_width;page_height;id;col;row;width;height;x1;y1;x2;y2;x3;y3;x4;y4;contents;contents_masked;correctclass;tag;description
invoice-3319.tiff;1;1;2480;3508;408397;1541;62;575;175;1541;62;2116;62;2116;237;1541;237;common/logo;AAAAAASAAAA;img;IMAGE;Image
invoice-3319.tiff;1;1;2480;3508;408382;124;237;106;45;124;237;230;237;230;282;124;282;Phone;AAAAA;undefined;OTHER;OTHER
invoice-3319.tiff;1;1;2480;3508;408383;293;237;249;45;293;237;542;237;542;282;293;282;01.22.17.60.74;NNSNNSNNSNNSNN;SCN;SUPPLIER_CONTACT_NUMBER;Seller Contact Number
invoice-3319.tiff;1;1;2480;3508;408386;833;237;145;48;833;237;978;237;978;285;833;285;TRADE;AAAAA;SN;SUPPLIER_NAME;Seller/Company) name
invoice-3319.tiff;1;1;2480;3508;408387;989;237;120;48;989;237;1109;237;1109;285;989;285;"""AIT""";SAAAS;SN;SUPPLIER_NAME;Seller/Company) name
invoice-3319.tiff;1;1;2480;3508;408384;124;283;64;45;124;283;188;283;188;328;124;328;Fax;AAA;undefined;OTHER;OTHER
invoice-3319.tiff;1;1;2480;3508;408385;252;283;249;45;252;283;501;283;501;328;252;328;01.22.17.85.98;NNSNNSNNSNNSNN;SFAX;SUPPLIER_FAX_NUMBER;Seller Fax Number
invoice-3319.tiff;1;1;2480;3508;408388;833;285;41;45;833;285;874;285;874;330;833;330;28;NN;SA;SUPPLIER_ADDRESS;Seller Address
invoice-3319.tiff;1;1;2480;3508;408389;885;285;81;45;885;285;966;285;966;330;885;330;RUE;AAA;SA;SUPPLIER_ADDRESS;Seller Address
invoice-3319.tiff;1;1;2480;3508;408390;976;285;55;45;976;285;1031;285;1031;330;976;330;DE;AA;SA;SUPPLIER_ADDRESS;Seller Address
invoice-3319.tiff;1;1;2480;3508;408391;1042;285;48;45;1042;285;1090;285;1090;330;1042;330;LA;AA;SA;SUPPLIER_ADDRESS;Seller Address
invoice-3319.tiff;1;1;2480;3508;408392;1101;285;254;45;1101;285;1355;285;1355;330;1101;330;REPUBLIQUE;AAAAAAAAAA;SA;SUPPLIER_ADDRESS;Seller Address
invoice-3319.tiff;1;1;2480;3508;408393;833;331;104;45;833;331;937;331;937;376;833;376;07400;NNNNN;SA;SUPPLIER_ADDRESS;Seller Address
invoice-3319.tiff;1;1;2480;3508;408394;979;331;48;45;979;331;1027;331;1027;376;979;376;LE;AA;SA;SUPPLIER_ADDRESS;Seller Address
invoice-3319.tiff;1;1;2480;3508;408395;1038;331;85;45;1038;331;1123;331;1123;376;1038;376;TEIL;AAAA;SA;SUPPLIER_ADDRESS;Seller Address
invoice-3319.tiff;1;1;2480;3508;408396;833;377;157;45;833;377;990;377;990;422;833;422;FRANCE;AAAAAA;SA;SUPPLIER_ADDRESS;Seller Address
invoice-3319.tiff;1;1;2480;3508;408398;124;807;132;48;124;807;256;807;256;855;124;855;Jaquan;AAAAAA;BN;BILLING_NAME;Billing Name
invoice-3319.tiff;1;1;2480;3508;408399;267;807;168;48;267;807;435;807;435;855;267;855;Balistreri;AAAAAAAAAA;BN;BILLING_NAME;Billing Name
invoice-3319.tiff;1;1;2480;3508;408400;124;855;52;45;124;855;176;855;176;900;124;900;11,;NNS;BA;BILLING_ADDRESS;Billing Address
invoice-3319.tiff;1;1;2480;3508;408401;187;855;168;45;187;855;355;855;355;900;187;900;boulevard;AAAAAAAAA;BA;BILLING_ADDRESS;Billing Address
invoice-3319.tiff;1;1;2480;3508;408402;366;855;55;45;366;855;421;855;421;900;366;900;des;AAA;BA;BILLING_ADDRESS;Billing Address
invoice-3319.tiff;1;1;2480;3508;408403;432;855;148;45;432;855;580;855;580;900;432;900;pyrénées;AAAAAAAA;BA;BILLING_ADDRESS;Billing Address
invoice-3319.tiff;1;1;2480;3508;408418;1541;866;142;52;1541;866;1683;866;1683;918;1541;918;Invoice;AAAAAAA;undefined;OTHER;OTHER
invoice-3319.tiff;1;1;2480;3508;408419;1695;866;50;52;1695;866;1745;866;1745;918;1695;918;ID;AA;undefined;OTHER;OTHER
invoice-3319.tiff;1;1;2480;3508;408420;2166;866;171;46;2166;866;2337;866;2337;912;2166;912;INV-1789;AAASNNNN;IN;INVOICE_NUMBER;Invoice Number
invoice-3319.tiff;1;1;2480;3508;408404;124;901;104;45;124;901;228;901;228;946;124;946;54110;NNNNN;BA;BILLING_ADDRESS;Billing Address
invoice-3319.tiff;1;1;2480;3508;408405;270;901;391;45;270;901;661;901;661;946;270;946;Dombasle-sur-Meurthe;AAAAAAAASAAASAAAAAAA;BA;BILLING_ADDRESS;Billing Address
invoice-3319.tiff;1;1;2480;3508;408421;1541;939;142;52;1541;939;1683;939;1683;991;1541;991;Invoice;AAAAAAA;undefined;OTHER;OTHER
invoice-3319.tiff;1;1;2480;3508;408422;1695;939;91;52;1695;939;1786;939;1786;991;1695;991;Date;AAAA;undefined;OTHER;OTHER
invoice-3319.tiff;1;1;2480;3508;408423;2166;939;41;46;2166;939;2207;939;2207;985;2166;985;18;NN;IDATE;INVOICE_DATE;Invoice Date
invoice-3319.tiff;1;1;2480;3508;408424;2218;939;61;46;2218;939;2279;939;2279;985;2218;985;dic,;AAAS;IDATE;INVOICE_DATE;Invoice Date
invoice-3319.tiff;1;1;2480;3508;408425;2290;939;83;46;2290;939;2373;939;2373;985;2290;985;1989;NNNN;IDATE;INVOICE_DATE;Invoice Date
invoice-3319.tiff;1;1;2480;3508;408406;124;946;120;45;124;946;244;946;244;991;124;991;France;AAAAAA;BA;BILLING_ADDRESS;Billing Address
invoice-3319.tiff;1;1;2480;3508;408426;1541;1013;122;52;1541;1013;1663;1013;1663;1065;1541;1065;Order;AAAAA;undefined;OTHER;OTHER
invoice-3319.tiff;1;1;2480;3508;408427;1675;1013;50;52;1675;1013;1725;1013;1725;1065;1675;1065;ID;AA;undefined;OTHER;OTHER
invoice-3319.tiff;1;1;2480;3508;408428;2166;1013;171;46;2166;1013;2337;1013;2337;1059;2166;1059;COM-868;AAASNNN;ONUM;ORDER_NUMBER;Order Number
invoice-3319.tiff;1;1;2480;3508;408407;124;1034;180;57;124;1034;304;1034;304;1091;124;1091;Delivery;AAAAAAAA;undefined;OTHER;OTHER
invoice-3319.tiff;1;1;2480;3508;408408;318;1034;58;57;318;1034;376;1034;376;1091;318;1091;To;AA;undefined;OTHER;OTHER
invoice-3319.tiff;1;1;2480;3508;408429;1541;1087;119;52;1541;1087;1660;1087;1660;1139;1541;1139;Payed;AAAAA;undefined;OTHER;OTHER
invoice-3319.tiff;1;1;2480;3508;408430;1672;1087;157;52;1672;1087;1829;1087;1829;1139;1672;1139;through;AAAAAAA;undefined;OTHER;OTHER
invoice-3319.tiff;1;1;2480;3508;408431;2166;1087;127;46;2166;1087;2293;1087;2293;1133;2166;1133;Cheque;AAAAAA;PMODE;PAYMENT_MODE;Payment Mode
invoice-3319.tiff;1;1;2480;3508;408409;124;1092;132;48;124;1092;256;1092;256;1140;124;1140;Jaquan;AAAAAA;SHN;SHIPPING_NAME;Shipping Name
invoice-3319.tiff;1;1;2480;3508;408410;267;1092;168;48;267;1092;435;1092;435;1140;267;1140;Balistreri;AAAAAAAAAA;SHN;SHIPPING_NAME;Shipping Name
invoice-3319.tiff;1;1;2480;3508;408411;124;1140;52;45;124;1140;176;1140;176;1185;124;1185;11,;NNS;SHA;SHIPPING_ADDRESS;Shipping Address
invoice-3319.tiff;1;1;2480;3508;408412;187;1140;168;45;187;1140;355;1140;355;1185;187;1185;boulevard;AAAAAAAAA;SHA;SHIPPING_ADDRESS;Shipping Address
invoice-3319.tiff;1;1;2480;3508;408413;366;1140;55;45;366;1140;421;1140;421;1185;366;1185;des;AAA;SHA;SHIPPING_ADDRESS;Shipping Address
invoice-3319.tiff;1;1;2480;3508;408414;432;1140;148;45;432;1140;580;1140;580;1185;432;1185;pyrénées;AAAAAAAA;SHA;SHIPPING_ADDRESS;Shipping Address
invoice-3319.tiff;1;1;2480;3508;408415;124;1185;104;45;124;1185;228;1185;228;1230;124;1230;54110;NNNNN;SHA;SHIPPING_ADDRESS;Shipping Address
invoice-3319.tiff;1;1;2480;3508;408416;270;1185;391;45;270;1185;661;1185;661;1230;270;1230;Dombasle-sur-Meurthe;AAAAAAAASAAASAAAAAAA;SHA;SHIPPING_ADDRESS;Shipping Address
invoice-3319.tiff;1;1;2480;3508;408417;124;1231;120;45;124;1231;244;1231;244;1276;124;1276;France;AAAAAA;SHA;SHIPPING_ADDRESS;Shipping Address
invoice-3319.tiff;1;1;2480;3508;408432;174;1555;67;52;174;1555;241;1555;241;1607;174;1607;No.;AAS;undefined;OTHER;OTHER
invoice-3319.tiff;1;1;2480;3508;408433;400;1555;73;52;400;1555;473;1555;473;1607;400;1607;Qty;AAA;undefined;OTHER;OTHER
invoice-3319.tiff;1;1;2480;3508;408434;856;1555;244;52;856;1555;1100;1555;1100;1607;856;1607;Descriptions;AAAAAAAAAAAA;undefined;OTHER;OTHER
invoice-3319.tiff;1;1;2480;3508;408435;1478;1555;84;52;1478;1555;1562;1555;1562;1607;1478;1607;U.P.;ASAS;undefined;OTHER;OTHER
invoice-3319.tiff;1;1;2480;3508;408436;1709;1555;206;52;1709;1555;1915;1555;1915;1607;1709;1607;VAT/TVA;AAASAAA;undefined;OTHER;OTHER
invoice-3319.tiff;1;1;2480;3508;408437;2023;1555;160;52;2023;1555;2183;1555;2183;1607;2023;1607;Amount;AAAAAA;undefined;OTHER;OTHER
invoice-3319.tiff;1;1;2480;3508;408438;197;1628;20;48;197;1628;217;1628;217;1676;197;1676;1;N;undefined;OTHER;OTHER
invoice-3319.tiff;1;1;2480;3508;408439;427;1628;20;48;427;1628;447;1628;447;1676;427;1676;4;N;undefined;OTHER;OTHER
invoice-3319.tiff;1;1;2480;3508;408440;583;1628;113;48;583;1628;696;1628;696;1676;583;1676;Pinces;AAAAAA;undefined;OTHER;OTHER
invoice-3319.tiff;1;1;2480;3508;408441;707;1628;85;48;707;1628;792;1628;792;1676;707;1676;linge;AAAAA;undefined;OTHER;OTHER
invoice-3319.tiff;1;1;2480;3508;408442;803;1628;180;48;803;1628;983;1628;983;1676;803;1676;Essentielb;AAAAAAAAAA;undefined;OTHER;OTHER
invoice-3319.tiff;1;1;2480;3508;408443;994;1628;41;48;994;1628;1035;1628;1035;1676;994;1676;10;NN;undefined;OTHER;OTHER
invoice-3319.tiff;1;1;2480;3508;408444;1046;1628;122;48;1046;1628;1168;1628;1168;1676;1046;1676;CLIPS;AAAAA;undefined;OTHER;OTHER
invoice-3319.tiff;1;1;2480;3508;408445;1179;1628;166;48;1179;1628;1345;1628;1345;1676;1179;1676;MALINS;AAAAAA;undefined;OTHER;OTHER
invoice-3319.tiff;1;1;2480;3508;408450;1435;1628;72;48;1435;1628;1507;1628;1507;1676;1435;1676;2,91;NSNN;undefined;OTHER;OTHER
invoice-3319.tiff;1;1;2480;3508;408451;1518;1628;87;48;1518;1628;1605;1628;1605;1676;1518;1676;EUR;AAA;undefined;OTHER;OTHER
invoice-3319.tiff;1;1;2480;3508;408452;1755;1628;114;48;1755;1628;1869;1628;1869;1676;1755;1676;20.0%;NNSNS;undefined;OTHER;OTHER
invoice-3319.tiff;1;1;2480;3508;408453;2008;1628;93;48;2008;1628;2101;1628;2101;1676;2008;1676;11,63;NNSNN;undefined;OTHER;OTHER
invoice-3319.tiff;1;1;2480;3508;408454;2112;1628;87;48;2112;1628;2199;1628;2199;1676;2112;1676;EUR;AAA;undefined;OTHER;OTHER
invoice-3319.tiff;1;1;2480;3508;408446;583;1676;115;48;583;1676;698;1676;698;1724;583;1724;VERT;AAAA;undefined;OTHER;OTHER
invoice-3319.tiff;1;1;2480;3508;408447;709;1676;111;48;709;1676;820;1676;820;1724;709;1724;FUSH;AAAA;undefined;OTHER;OTHER
invoice-3319.tiff;1;1;2480;3508;408448;831;1676;141;48;831;1676;972;1676;972;1724;831;1724;TAUPE;AAAAA;undefined;OTHER;OTHER
invoice-3319.tiff;1;1;2480;3508;408449;982;1676;85;48;982;1676;1067;1676;1067;1724;982;1724;BLC;AAA;undefined;OTHER;OTHER
invoice-3319.tiff;1;1;2480;3508;408455;1916;1808;104;51;1916;1808;2020;1808;2020;1859;1916;1859;DISC;AAAA;undefined;OTHER;OTHER
invoice-3319.tiff;1;1;2480;3508;408456;2041;1808;72;46;2041;1808;2113;1808;2113;1854;2041;1854;0,00;NSNN;undefined;OTHER;OTHER
invoice-3319.tiff;1;1;2480;3508;408457;2125;1808;83;46;2125;1808;2208;1808;2208;1854;2125;1854;EUR;AAA;undefined;OTHER;OTHER
invoice-3319.tiff;1;1;2480;3508;408458;1828;1859;150;51;1828;1859;1978;1859;1978;1910;1828;1910;Amount;AAAAAA;undefined;OTHER;OTHER
invoice-3319.tiff;1;1;2480;3508;408459;2020;1859;93;46;2020;1859;2113;1859;2113;1905;2020;1905;11,63;NNSNN;TWTX;TOTAL_WITHOUT_TAX;TWTXS
invoice-3319.tiff;1;1;2480;3508;408460;2125;1859;83;46;2125;1859;2208;1859;2208;1905;2125;1905;EUR;AAA;TWTX;TOTAL_WITHOUT_TAX;TWTXS
invoice-3319.tiff;1;1;2480;3508;408461;1857;1910;201;51;1857;1910;2058;1910;2058;1961;1857;1961;VAT/TVA;AAASAAA;undefined;OTHER;OTHER
invoice-3319.tiff;1;1;2480;3508;408462;2100;1910;107;46;2100;1910;2207;1910;2207;1956;2100;1956;20.0%;NNSNS;TXR;TAX_RATE;Tax Rate
invoice-3319.tiff;1;1;2480;3508;408463;1744;1961;94;51;1744;1961;1838;1961;1838;2012;1744;2012;TVA;AAA;undefined;OTHER;OTHER
invoice-3319.tiff;1;1;2480;3508;408464;1849;1961;150;51;1849;1961;1999;1961;1999;2012;1849;2012;Amount;AAAAAA;undefined;OTHER;OTHER
invoice-3319.tiff;1;1;2480;3508;408465;2041;1961;72;46;2041;1961;2113;1961;2113;2007;2041;2007;2,33;NSNN;TTX;TOTAL_TAX;Total Tax
invoice-3319.tiff;1;1;2480;3508;408466;2125;1961;83;46;2125;1961;2208;1961;2208;2007;2125;2007;EUR;AAA;TTX;TOTAL_TAX;Total Tax
invoice-3319.tiff;1;1;2480;3508;408467;1720;2012;96;51;1720;2012;1816;2012;1816;2063;1720;2063;Total;AAAAA;undefined;OTHER;OTHER
invoice-3319.tiff;1;1;2480;3508;408468;1828;2012;150;51;1828;2012;1978;2012;1978;2063;1828;2063;Amount;AAAAAA;undefined;OTHER;OTHER
invoice-3319.tiff;1;1;2480;3508;408469;2020;2012;93;46;2020;2012;2113;2012;2113;2058;2020;2058;13,96;NNSNN;TA;TOTAL_AMOUNT;Total with TAX
invoice-3319.tiff;1;1;2480;3508;408470;2125;2012;83;46;2125;2012;2208;2012;2208;2058;2125;2058;EUR;AAA;TA;TOTAL_AMOUNT;Total with TAX
invoice-3319.tiff;1;1;2480;3508;408471;1187;3154;145;48;1187;3154;1332;3154;1332;3202;1187;3202;TRADE;AAAAA;SN;SUPPLIER_NAME;Seller/Company) name
invoice-3319.tiff;1;1;2480;3508;408472;1343;3154;120;48;1343;3154;1463;3154;1463;3202;1343;3202;"""AIT""";SAAAS;SN;SUPPLIER_NAME;Seller/Company) name
invoice-3319.tiff;1;1;2480;3508;408473;1187;3202;41;45;1187;3202;1228;3202;1228;3247;1187;3247;28;NN;SA;SUPPLIER_ADDRESS;Seller Address
invoice-3319.tiff;1;1;2480;3508;408474;1239;3202;81;45;1239;3202;1320;3202;1320;3247;1239;3247;RUE;AAA;SA;SUPPLIER_ADDRESS;Seller Address
invoice-3319.tiff;1;1;2480;3508;408475;1331;3202;55;45;1331;3202;1386;3202;1386;3247;1331;3247;DE;AA;SA;SUPPLIER_ADDRESS;Seller Address
invoice-3319.tiff;1;1;2480;3508;408476;1396;3202;48;45;1396;3202;1444;3202;1444;3247;1396;3247;LA;AA;SA;SUPPLIER_ADDRESS;Seller Address
invoice-3319.tiff;1;1;2480;3508;408477;1456;3202;254;45;1456;3202;1710;3202;1710;3247;1456;3247;REPUBLIQUE;AAAAAAAAAA;SA;SUPPLIER_ADDRESS;Seller Address
invoice-3319.tiff;1;1;2480;3508;408478;1187;3248;104;45;1187;3248;1291;3248;1291;3293;1187;3293;07400;NNNNN;SA;SUPPLIER_ADDRESS;Seller Address
invoice-3319.tiff;1;1;2480;3508;408479;1333;3248;48;45;1333;3248;1381;3248;1381;3293;1333;3293;LE;AA;SA;SUPPLIER_ADDRESS;Seller Address
invoice-3319.tiff;1;1;2480;3508;408480;1392;3248;85;45;1392;3248;1477;3248;1477;3293;1392;3293;TEIL;AAAA;SA;SUPPLIER_ADDRESS;Seller Address
invoice-3319.tiff;1;1;2480;3508;408481;1187;3293;157;45;1187;3293;1344;3293;1344;3338;1187;3338;FRANCE;AAAAAA;SA;SUPPLIER_ADDRESS;Seller Address
