src;num_pages;page_id;page_width;page_height;id;col;row;width;height;x1;y1;x2;y2;x3;y3;x4;y4;contents;contents_masked;correctclass;tag;description
invoice-2130.tiff;1;1;2480;3508;261977;1541;62;247;175;1541;62;1788;62;1788;237;1541;237;common/logo;AAAAAASAAAA;img;IMAGE;Image
invoice-2130.tiff;1;1;2480;3508;261978;1541;412;180;48;1541;412;1721;412;1721;460;1541;460;KALEHA;AAAAAA;SN;SUPPLIER_NAME;Seller/Company) name
invoice-2130.tiff;1;1;2480;3508;261979;1541;460;20;45;1541;460;1561;460;1561;505;1541;505;5;N;SA;SUPPLIER_ADDRESS;Seller Address
invoice-2130.tiff;1;1;2480;3508;261980;1572;460;127;45;1572;460;1699;460;1699;505;1572;505;PLACE;AAAAA;SA;SUPPLIER_ADDRESS;Seller Address
invoice-2130.tiff;1;1;2480;3508;261981;1710;460;111;45;1710;460;1821;460;1821;505;1710;505;SAINT;AAAAA;SA;SUPPLIER_ADDRESS;Seller Address
invoice-2130.tiff;1;1;2480;3508;261982;1832;460;187;45;1832;460;2019;460;2019;505;1832;505;GEORGES;AAAAAAA;SA;SUPPLIER_ADDRESS;Seller Address
invoice-2130.tiff;1;1;2480;3508;261983;1541;506;104;45;1541;506;1645;506;1645;551;1541;551;91600;NNNNN;SA;SUPPLIER_ADDRESS;Seller Address
invoice-2130.tiff;1;1;2480;3508;261984;1687;506;166;45;1687;506;1853;506;1853;551;1687;551;SAVIGNY;AAAAAAA;SA;SUPPLIER_ADDRESS;Seller Address
invoice-2130.tiff;1;1;2480;3508;261985;1864;506;76;45;1864;506;1940;506;1940;551;1864;551;SUR;AAA;SA;SUPPLIER_ADDRESS;Seller Address
invoice-2130.tiff;1;1;2480;3508;261986;1951;506;111;45;1951;506;2062;506;2062;551;1951;551;ORGE;AAAA;SA;SUPPLIER_ADDRESS;Seller Address
invoice-2130.tiff;1;1;2480;3508;261987;1541;552;157;45;1541;552;1698;552;1698;597;1541;597;FRANCE;AAAAAA;SA;SUPPLIER_ADDRESS;Seller Address
invoice-2130.tiff;1;1;2480;3508;261988;1541;598;134;45;1541;598;1675;598;1675;643;1541;643;Numéro;AAAAAA;undefined;OTHER;OTHER
invoice-2130.tiff;1;1;2480;3508;261989;1686;598;39;45;1686;598;1725;598;1725;643;1686;643;de;AA;undefined;OTHER;OTHER
invoice-2130.tiff;1;1;2480;3508;261990;1736;598;53;45;1736;598;1789;598;1789;643;1736;643;Tel;AAA;undefined;OTHER;OTHER
invoice-2130.tiff;1;1;2480;3508;261991;1851;598;249;45;1851;598;2100;598;2100;643;1851;643;04.17.75.30.18;NNSNNSNNSNNSNN;SCN;SUPPLIER_CONTACT_NUMBER;Seller Contact Number
invoice-2130.tiff;1;1;2480;3508;261992;1541;643;134;45;1541;643;1675;643;1675;688;1541;688;Numéro;AAAAAA;undefined;OTHER;OTHER
invoice-2130.tiff;1;1;2480;3508;261993;1686;643;39;45;1686;643;1725;643;1725;688;1686;688;de;AA;undefined;OTHER;OTHER
invoice-2130.tiff;1;1;2480;3508;261994;1736;643;64;45;1736;643;1800;643;1800;688;1736;688;Fax;AAA;undefined;OTHER;OTHER
invoice-2130.tiff;1;1;2480;3508;261995;1863;643;249;45;1863;643;2112;643;2112;688;1863;688;04.17.75.87.73;NNSNNSNNSNNSNN;SFAX;SUPPLIER_FAX_NUMBER;Seller Fax Number
invoice-2130.tiff;1;1;2480;3508;261996;124;1016;169;57;124;1016;293;1016;293;1073;124;1073;Adresse;AAAAAAA;undefined;OTHER;OTHER
invoice-2130.tiff;1;1;2480;3508;261997;306;1016;50;57;306;1016;356;1016;356;1073;306;1073;de;AA;undefined;OTHER;OTHER
invoice-2130.tiff;1;1;2480;3508;261998;369;1016;252;57;369;1016;621;1016;621;1073;369;1073;Facturation;AAAAAAAAAAA;undefined;OTHER;OTHER
invoice-2130.tiff;1;1;2480;3508;261999;124;1073;67;48;124;1073;191;1073;191;1121;124;1121;Léa;AAA;BN;BILLING_NAME;Billing Name
invoice-2130.tiff;1;1;2480;3508;262000;202;1073;124;48;202;1073;326;1073;326;1121;202;1121;Brunet;AAAAAA;BN;BILLING_NAME;Billing Name
invoice-2130.tiff;1;1;2480;3508;262001;124;1121;52;45;124;1121;176;1121;176;1166;124;1166;25,;NNS;BA;BILLING_ADDRESS;Billing Address
invoice-2130.tiff;1;1;2480;3508;262002;187;1121;55;45;187;1121;242;1121;242;1166;187;1166;rue;AAA;BA;BILLING_ADDRESS;Billing Address
invoice-2130.tiff;1;1;2480;3508;262003;253;1121;32;45;253;1121;285;1121;285;1166;253;1166;la;AA;BA;BILLING_ADDRESS;Billing Address
invoice-2130.tiff;1;1;2480;3508;262004;296;1121;171;45;296;1121;467;1121;467;1166;296;1166;campagne;AAAAAAAA;BA;BILLING_ADDRESS;Billing Address
invoice-2130.tiff;1;1;2480;3508;262020;1541;1132;51;52;1541;1132;1592;1132;1592;1184;1541;1184;N°;AS;undefined;OTHER;OTHER
invoice-2130.tiff;1;1;2480;3508;262021;1604;1132;45;52;1604;1132;1649;1132;1649;1184;1604;1184;de;AA;undefined;OTHER;OTHER
invoice-2130.tiff;1;1;2480;3508;262022;1661;1132;139;52;1661;1132;1800;1132;1800;1184;1661;1184;facture;AAAAAAA;undefined;OTHER;OTHER
invoice-2130.tiff;1;1;2480;3508;262023;2166;1132;208;46;2166;1132;2374;1132;2374;1178;2166;1178;5635815755;NNNNNNNNNN;IN;INVOICE_NUMBER;Invoice Number
invoice-2130.tiff;1;1;2480;3508;262005;124;1167;104;45;124;1167;228;1167;228;1212;124;1212;61000;NNNNN;BA;BILLING_ADDRESS;Billing Address
invoice-2130.tiff;1;1;2480;3508;262006;270;1167;449;45;270;1167;719;1167;719;1212;270;1212;Saint-Germain-du-Corbéis;AAAAASAAAAAAASAASAAAAAAA;BA;BILLING_ADDRESS;Billing Address
invoice-2130.tiff;1;1;2480;3508;262024;1541;1206;58;52;1541;1206;1599;1206;1599;1258;1541;1258;Du;AA;undefined;OTHER;OTHER
invoice-2130.tiff;1;1;2480;3508;262025;2166;1206;41;46;2166;1206;2207;1206;2207;1252;2166;1252;22;NN;IDATE;INVOICE_DATE;Invoice Date
invoice-2130.tiff;1;1;2480;3508;262026;2218;1206;50;46;2218;1206;2268;1206;2268;1252;2218;1252;oct;AAA;IDATE;INVOICE_DATE;Invoice Date
invoice-2130.tiff;1;1;2480;3508;262027;2280;1206;83;46;2280;1206;2363;1206;2363;1252;2280;1252;1992;NNNN;IDATE;INVOICE_DATE;Invoice Date
invoice-2130.tiff;1;1;2480;3508;262007;124;1213;120;45;124;1213;244;1213;244;1258;124;1258;France;AAAAAA;BA;BILLING_ADDRESS;Billing Address
invoice-2130.tiff;1;1;2480;3508;262028;1541;1280;51;52;1541;1280;1592;1280;1592;1332;1541;1332;N°;AS;undefined;OTHER;OTHER
invoice-2130.tiff;1;1;2480;3508;262029;1604;1280;45;52;1604;1280;1649;1280;1649;1332;1604;1332;de;AA;undefined;OTHER;OTHER
invoice-2130.tiff;1;1;2480;3508;262030;1661;1280;106;52;1661;1280;1767;1280;1767;1332;1661;1332;client;AAAAAA;undefined;OTHER;OTHER
invoice-2130.tiff;1;1;2480;3508;262031;2166;1280;104;46;2166;1280;2270;1280;2270;1326;2166;1326;95331;NNNNN;CNUM;CLIENT_NUMBER;Client Number
invoice-2130.tiff;1;1;2480;3508;262008;124;1301;169;57;124;1301;293;1301;293;1358;124;1358;Adresse;AAAAAAA;undefined;OTHER;OTHER
invoice-2130.tiff;1;1;2480;3508;262009;306;1301;50;57;306;1301;356;1301;356;1358;306;1358;de;AA;undefined;OTHER;OTHER
invoice-2130.tiff;1;1;2480;3508;262010;369;1301;205;57;369;1301;574;1301;574;1358;369;1358;Livraison;AAAAAAAAA;undefined;OTHER;OTHER
invoice-2130.tiff;1;1;2480;3508;262032;1541;1353;51;52;1541;1353;1592;1353;1592;1405;1541;1405;N°;AS;undefined;OTHER;OTHER
invoice-2130.tiff;1;1;2480;3508;262033;1604;1353;45;52;1604;1353;1649;1353;1649;1405;1604;1405;de;AA;undefined;OTHER;OTHER
invoice-2130.tiff;1;1;2480;3508;262034;1661;1353;213;52;1661;1353;1874;1353;1874;1405;1661;1405;commande;AAAAAAAA;undefined;OTHER;OTHER
invoice-2130.tiff;1;1;2480;3508;262035;2166;1353;83;46;2166;1353;2249;1353;2249;1399;2166;1399;5691;NNNN;ONUM;ORDER_NUMBER;Order Number
invoice-2130.tiff;1;1;2480;3508;262011;124;1358;67;48;124;1358;191;1358;191;1406;124;1406;Léa;AAA;SHN;SHIPPING_NAME;Shipping Name
invoice-2130.tiff;1;1;2480;3508;262012;202;1358;124;48;202;1358;326;1358;326;1406;202;1406;Brunet;AAAAAA;SHN;SHIPPING_NAME;Shipping Name
invoice-2130.tiff;1;1;2480;3508;262013;124;1406;52;45;124;1406;176;1406;176;1451;124;1451;25,;NNS;SHA;SHIPPING_ADDRESS;Shipping Address
invoice-2130.tiff;1;1;2480;3508;262014;187;1406;55;45;187;1406;242;1406;242;1451;187;1451;rue;AAA;SHA;SHIPPING_ADDRESS;Shipping Address
invoice-2130.tiff;1;1;2480;3508;262015;253;1406;32;45;253;1406;285;1406;285;1451;253;1451;la;AA;SHA;SHIPPING_ADDRESS;Shipping Address
invoice-2130.tiff;1;1;2480;3508;262016;296;1406;171;45;296;1406;467;1406;467;1451;296;1451;campagne;AAAAAAAA;SHA;SHIPPING_ADDRESS;Shipping Address
invoice-2130.tiff;1;1;2480;3508;262017;124;1452;104;45;124;1452;228;1452;228;1497;124;1497;61000;NNNNN;SHA;SHIPPING_ADDRESS;Shipping Address
invoice-2130.tiff;1;1;2480;3508;262018;270;1452;449;45;270;1452;719;1452;719;1497;270;1497;Saint-Germain-du-Corbéis;AAAAASAAAAAAASAASAAAAAAA;SHA;SHIPPING_ADDRESS;Shipping Address
invoice-2130.tiff;1;1;2480;3508;262019;124;1498;120;45;124;1498;244;1498;244;1543;124;1543;France;AAAAAA;SHA;SHIPPING_ADDRESS;Shipping Address
invoice-2130.tiff;1;1;2480;3508;262036;449;1821;226;52;449;1821;675;1821;675;1873;449;1873;Description;AAAAAAAAAAA;undefined;OTHER;OTHER
invoice-2130.tiff;1;1;2480;3508;262037;1038;1821;173;52;1038;1821;1211;1821;1211;1873;1038;1873;Quantité;AAAAAAAA;undefined;OTHER;OTHER
invoice-2130.tiff;1;1;2480;3508;262038;1287;1821;84;52;1287;1821;1371;1821;1371;1873;1287;1873;Prix;AAAA;undefined;OTHER;OTHER
invoice-2130.tiff;1;1;2480;3508;262039;1382;1821;162;52;1382;1821;1544;1821;1544;1873;1382;1873;Unitaire;AAAAAAAA;undefined;OTHER;OTHER
invoice-2130.tiff;1;1;2480;3508;262040;1616;1821;101;52;1616;1821;1717;1821;1717;1873;1616;1873;Taux;AAAA;undefined;OTHER;OTHER
invoice-2130.tiff;1;1;2480;3508;262041;1729;1821;45;52;1729;1821;1774;1821;1774;1873;1729;1873;de;AA;undefined;OTHER;OTHER
invoice-2130.tiff;1;1;2480;3508;262042;1786;1821;96;52;1786;1821;1882;1821;1882;1873;1786;1873;TVA;AAA;undefined;OTHER;OTHER
invoice-2130.tiff;1;1;2480;3508;262043;1959;1821;170;52;1959;1821;2129;1821;2129;1873;1959;1873;Montant;AAAAAAA;undefined;OTHER;OTHER
invoice-2130.tiff;1;1;2480;3508;262044;2141;1821;66;52;2141;1821;2207;1821;2207;1873;2141;1873;HT;AA;undefined;OTHER;OTHER
invoice-2130.tiff;1;1;2480;3508;262045;124;1895;101;48;124;1895;225;1895;225;1943;124;1943;Carte;AAAAA;undefined;OTHER;OTHER
invoice-2130.tiff;1;1;2480;3508;262046;237;1895;53;48;237;1895;290;1895;290;1943;237;1943;SD;AA;undefined;OTHER;OTHER
invoice-2130.tiff;1;1;2480;3508;262047;300;1895;141;48;300;1895;441;1895;441;1943;300;1943;Sandisk;AAAAAAA;undefined;OTHER;OTHER
invoice-2130.tiff;1;1;2480;3508;262048;452;1895;94;48;452;1895;546;1895;546;1943;452;1943;Ultra;AAAAA;undefined;OTHER;OTHER
invoice-2130.tiff;1;1;2480;3508;262049;557;1895;113;48;557;1895;670;1895;670;1943;557;1943;SDXC;AAAA;undefined;OTHER;OTHER
invoice-2130.tiff;1;1;2480;3508;262050;681;1895;94;48;681;1895;775;1895;775;1943;681;1943;64Go;NNAA;undefined;OTHER;OTHER
invoice-2130.tiff;1;1;2480;3508;262051;787;1895;136;48;787;1895;923;1895;923;1943;787;1943;40MB/s;NNAASA;undefined;OTHER;OTHER
invoice-2130.tiff;1;1;2480;3508;262054;1114;1895;20;48;1114;1895;1134;1895;1134;1943;1114;1943;4;N;undefined;OTHER;OTHER
invoice-2130.tiff;1;1;2480;3508;262055;1354;1895;93;48;1354;1895;1447;1895;1447;1943;1354;1943;31,66;NNSNN;undefined;OTHER;OTHER
invoice-2130.tiff;1;1;2480;3508;262056;1458;1895;20;48;1458;1895;1478;1895;1478;1943;1458;1943;$;S;undefined;OTHER;OTHER
invoice-2130.tiff;1;1;2480;3508;262057;1692;1895;114;48;1692;1895;1806;1895;1806;1943;1692;1943;20.0%;NNSNS;undefined;OTHER;OTHER
invoice-2130.tiff;1;1;2480;3508;262058;2010;1895;114;48;2010;1895;2124;1895;2124;1943;2010;1943;126,63;NNNSNN;undefined;OTHER;OTHER
invoice-2130.tiff;1;1;2480;3508;262059;2135;1895;20;48;2135;1895;2155;1895;2155;1943;2135;1943;$;S;undefined;OTHER;OTHER
invoice-2130.tiff;1;1;2480;3508;262052;124;1943;94;48;124;1943;218;1943;218;1991;124;1991;Class;AAAAA;undefined;OTHER;OTHER
invoice-2130.tiff;1;1;2480;3508;262053;230;1943;41;48;230;1943;271;1943;271;1991;230;1991;10;NN;undefined;OTHER;OTHER
invoice-2130.tiff;1;1;2480;3508;262060;124;2033;57;48;124;2033;181;2033;181;2081;124;2081;TV;AA;undefined;OTHER;OTHER
invoice-2130.tiff;1;1;2480;3508;262061;193;2033;118;48;193;2033;311;2033;311;2081;193;2081;OLED;AAAA;undefined;OTHER;OTHER
invoice-2130.tiff;1;1;2480;3508;262062;321;2033;88;48;321;2033;409;2033;409;2081;321;2081;Sony;AAAA;undefined;OTHER;OTHER
invoice-2130.tiff;1;1;2480;3508;262063;420;2033;155;48;420;2033;575;2033;575;2081;420;2081;KD77A1;AANNAN;undefined;OTHER;OTHER
invoice-2130.tiff;1;1;2480;3508;262064;1114;2033;20;48;1114;2033;1134;2033;1134;2081;1114;2081;3;N;undefined;OTHER;OTHER
invoice-2130.tiff;1;1;2480;3508;262065;1322;2033;156;48;1322;2033;1478;2033;1478;2081;1322;2081;16658,33;NNNNNSNN;undefined;OTHER;OTHER
invoice-2130.tiff;1;1;2480;3508;262066;1489;2033;20;48;1489;2033;1509;2033;1509;2081;1489;2081;$;S;undefined;OTHER;OTHER
invoice-2130.tiff;1;1;2480;3508;262067;1692;2033;114;48;1692;2033;1806;2033;1806;2081;1692;2081;20.0%;NNSNS;undefined;OTHER;OTHER
invoice-2130.tiff;1;1;2480;3508;262068;1989;2033;156;48;1989;2033;2145;2033;2145;2081;1989;2081;49975,00;NNNNNSNN;undefined;OTHER;OTHER
invoice-2130.tiff;1;1;2480;3508;262069;2156;2033;20;48;2156;2033;2176;2033;2176;2081;2156;2081;$;S;undefined;OTHER;OTHER
invoice-2130.tiff;1;1;2480;3508;262070;1751;2164;155;51;1751;2164;1906;2164;1906;2215;1751;2215;Montant;AAAAAAA;undefined;OTHER;OTHER
invoice-2130.tiff;1;1;2480;3508;262071;1918;2164;61;51;1918;2164;1979;2164;1979;2215;1918;2215;HT;AA;undefined;OTHER;OTHER
invoice-2130.tiff;1;1;2480;3508;262072;2020;2164;156;46;2020;2164;2176;2164;2176;2210;2020;2210;50101,63;NNNNNSNN;TWTX;TOTAL_WITHOUT_TAX;TWTXS
invoice-2130.tiff;1;1;2480;3508;262073;2187;2164;20;46;2187;2164;2207;2164;2207;2210;2187;2210;$;S;TWTX;TOTAL_WITHOUT_TAX;TWTXS
invoice-2130.tiff;1;1;2480;3508;262074;1884;2215;94;51;1884;2215;1978;2215;1978;2266;1884;2266;TVA;AAA;undefined;OTHER;OTHER
invoice-2130.tiff;1;1;2480;3508;262075;2020;2215;156;46;2020;2215;2176;2215;2176;2261;2020;2261;10020,33;NNNNNSNN;TTX;TOTAL_TAX;Total Tax
invoice-2130.tiff;1;1;2480;3508;262076;2187;2215;20;46;2187;2215;2207;2215;2207;2261;2187;2261;$;S;TTX;TOTAL_TAX;Total Tax
invoice-2130.tiff;1;1;2480;3508;262077;1784;2267;96;51;1784;2267;1880;2267;1880;2318;1784;2318;Total;AAAAA;undefined;OTHER;OTHER
invoice-2130.tiff;1;1;2480;3508;262078;1892;2267;86;51;1892;2267;1978;2267;1978;2318;1892;2318;TTC;AAA;undefined;OTHER;OTHER
invoice-2130.tiff;1;1;2480;3508;262079;2020;2267;156;46;2020;2267;2176;2267;2176;2313;2020;2313;60121,96;NNNNNSNN;TA;TOTAL_AMOUNT;Total with TAX
invoice-2130.tiff;1;1;2480;3508;262080;2187;2267;20;46;2187;2267;2207;2267;2207;2313;2187;2313;$;S;TA;TOTAL_AMOUNT;Total with TAX
invoice-2130.tiff;1;1;2480;3508;262081;1541;2646;134;52;1541;2646;1675;2646;1675;2698;1541;2698;Moyen;AAAAA;undefined;OTHER;OTHER
invoice-2130.tiff;1;1;2480;3508;262082;1688;2646;45;52;1688;2646;1733;2646;1733;2698;1688;2698;de;AA;undefined;OTHER;OTHER
invoice-2130.tiff;1;1;2480;3508;262083;1745;2646;180;52;1745;2646;1925;2646;1925;2698;1745;2698;paiement;AAAAAAAA;undefined;OTHER;OTHER
invoice-2130.tiff;1;1;2480;3508;262084;2166;2646;157;46;2166;2646;2323;2646;2323;2692;2166;2692;Virement;AAAAAAAA;PMODE;PAYMENT_MODE;Payment Mode
invoice-2130.tiff;1;1;2480;3508;262085;124;3154;180;48;124;3154;304;3154;304;3202;124;3202;KALEHA;AAAAAA;SN;SUPPLIER_NAME;Seller/Company) name
invoice-2130.tiff;1;1;2480;3508;262086;124;3202;20;45;124;3202;144;3202;144;3247;124;3247;5;N;SA;SUPPLIER_ADDRESS;Seller Address
invoice-2130.tiff;1;1;2480;3508;262087;156;3202;127;45;156;3202;283;3202;283;3247;156;3247;PLACE;AAAAA;SA;SUPPLIER_ADDRESS;Seller Address
invoice-2130.tiff;1;1;2480;3508;262088;293;3202;111;45;293;3202;404;3202;404;3247;293;3247;SAINT;AAAAA;SA;SUPPLIER_ADDRESS;Seller Address
invoice-2130.tiff;1;1;2480;3508;262089;415;3202;187;45;415;3202;602;3202;602;3247;415;3247;GEORGES;AAAAAAA;SA;SUPPLIER_ADDRESS;Seller Address
invoice-2130.tiff;1;1;2480;3508;262090;611;3202;13;45;611;3202;624;3202;624;3247;611;3247;-;S;SA;SUPPLIER_ADDRESS;Seller Address
invoice-2130.tiff;1;1;2480;3508;262091;635;3202;104;45;635;3202;739;3202;739;3247;635;3247;91600;NNNNN;SA;SUPPLIER_ADDRESS;Seller Address
invoice-2130.tiff;1;1;2480;3508;262092;758;3202;166;45;758;3202;924;3202;924;3247;758;3247;SAVIGNY;AAAAAAA;SA;SUPPLIER_ADDRESS;Seller Address
invoice-2130.tiff;1;1;2480;3508;262093;935;3202;76;45;935;3202;1011;3202;1011;3247;935;3247;SUR;AAA;SA;SUPPLIER_ADDRESS;Seller Address
invoice-2130.tiff;1;1;2480;3508;262094;1022;3202;111;45;1022;3202;1133;3202;1133;3247;1022;3247;ORGE;AAAA;SA;SUPPLIER_ADDRESS;Seller Address
invoice-2130.tiff;1;1;2480;3508;262095;1141;3202;13;45;1141;3202;1154;3202;1154;3247;1141;3247;-;S;SA;SUPPLIER_ADDRESS;Seller Address
invoice-2130.tiff;1;1;2480;3508;262096;1166;3202;157;45;1166;3202;1323;3202;1323;3247;1166;3247;FRANCE;AAAAAA;SA;SUPPLIER_ADDRESS;Seller Address
