src;num_pages;page_id;page_width;page_height;id;col;row;width;height;x1;y1;x2;y2;x3;y3;x4;y4;contents;contents_masked;correctclass;tag;description
invoice-2543.tiff;1;1;2480;3508;313092;124;62;196;175;124;62;320;62;320;237;124;237;common/logo;AAAAAASAAAA;img;IMAGE;Image
invoice-2543.tiff;1;1;2480;3508;313093;833;237;368;48;833;237;1201;237;1201;285;833;285;ASSAINISSEMENT;AAAAAAAAAAAAAA;SN;SUPPLIER_NAME;Seller/Company) name
invoice-2543.tiff;1;1;2480;3508;313101;1541;237;67;45;1541;237;1608;237;1608;282;1541;282;Tel:;AAAS;undefined;OTHER;OTHER
invoice-2543.tiff;1;1;2480;3508;313102;1671;237;249;45;1671;237;1920;237;1920;282;1671;282;02.30.32.79.46;NNSNNSNNSNNSNN;SCN;SUPPLIER_CONTACT_NUMBER;Seller Contact Number
invoice-2543.tiff;1;1;2480;3508;313103;1541;283;78;45;1541;283;1619;283;1619;328;1541;328;Fax:;AAAS;undefined;OTHER;OTHER
invoice-2543.tiff;1;1;2480;3508;313104;1682;283;249;45;1682;283;1931;283;1931;328;1682;328;02.30.32.63.94;NNSNNSNNSNNSNN;SFAX;SUPPLIER_FAX_NUMBER;Seller Fax Number
invoice-2543.tiff;1;1;2480;3508;313094;833;285;127;45;833;285;960;285;960;330;833;330;PLACE;AAAAA;SA;SUPPLIER_ADDRESS;Seller Address
invoice-2543.tiff;1;1;2480;3508;313095;971;285;212;45;971;285;1183;285;1183;330;971;330;GAMBETTA;AAAAAAAA;SA;SUPPLIER_ADDRESS;Seller Address
invoice-2543.tiff;1;1;2480;3508;313096;833;331;104;45;833;331;937;331;937;376;833;376;31290;NNNNN;SA;SUPPLIER_ADDRESS;Seller Address
invoice-2543.tiff;1;1;2480;3508;313097;979;331;298;45;979;331;1277;331;1277;376;979;376;VILLEFRANCHE;AAAAAAAAAAAA;SA;SUPPLIER_ADDRESS;Seller Address
invoice-2543.tiff;1;1;2480;3508;313098;1288;331;55;45;1288;331;1343;331;1343;376;1288;376;DE;AA;SA;SUPPLIER_ADDRESS;Seller Address
invoice-2543.tiff;1;1;2480;3508;313099;1354;331;219;45;1354;331;1573;331;1573;376;1354;376;LAURAGAIS;AAAAAAAAA;SA;SUPPLIER_ADDRESS;Seller Address
invoice-2543.tiff;1;1;2480;3508;313100;833;377;157;45;833;377;990;377;990;422;833;422;FRANCE;AAAAAA;SA;SUPPLIER_ADDRESS;Seller Address
invoice-2543.tiff;1;1;2480;3508;313105;124;607;169;57;124;607;293;607;293;664;124;664;Adresse;AAAAAAA;undefined;OTHER;OTHER
invoice-2543.tiff;1;1;2480;3508;313106;306;607;205;57;306;607;511;607;511;664;306;664;Livraison;AAAAAAAAA;undefined;OTHER;OTHER
invoice-2543.tiff;1;1;2480;3508;313107;124;664;145;48;124;664;269;664;269;712;124;712;Richard;AAAAAAA;SHN;SHIPPING_NAME;Shipping Name
invoice-2543.tiff;1;1;2480;3508;313108;281;664;90;48;281;664;371;664;371;712;281;712;Alice;AAAAA;SHN;SHIPPING_NAME;Shipping Name
invoice-2543.tiff;1;1;2480;3508;313116;1541;664;145;48;1541;664;1686;664;1686;712;1541;712;Richard;AAAAAAA;BN;BILLING_NAME;Billing Name
invoice-2543.tiff;1;1;2480;3508;313117;1697;664;90;48;1697;664;1787;664;1787;712;1697;712;Alice;AAAAA;BN;BILLING_NAME;Billing Name
invoice-2543.tiff;1;1;2480;3508;313109;124;712;31;45;124;712;155;712;155;757;124;757;8,;NS;SHA;SHIPPING_ADDRESS;Shipping Address
invoice-2543.tiff;1;1;2480;3508;313110;166;712;55;45;166;712;221;712;221;757;166;757;rue;AAA;SHA;SHIPPING_ADDRESS;Shipping Address
invoice-2543.tiff;1;1;2480;3508;313111;232;712;55;45;232;712;287;712;287;757;232;757;des;AAA;SHA;SHIPPING_ADDRESS;Shipping Address
invoice-2543.tiff;1;1;2480;3508;313112;298;712;168;45;298;712;466;712;466;757;298;757;cordeliers;AAAAAAAAAA;SHA;SHIPPING_ADDRESS;Shipping Address
invoice-2543.tiff;1;1;2480;3508;313118;1541;712;31;45;1541;712;1572;712;1572;757;1541;757;8,;NS;BA;BILLING_ADDRESS;Billing Address
invoice-2543.tiff;1;1;2480;3508;313119;1583;712;55;45;1583;712;1638;712;1638;757;1583;757;rue;AAA;BA;BILLING_ADDRESS;Billing Address
invoice-2543.tiff;1;1;2480;3508;313120;1649;712;55;45;1649;712;1704;712;1704;757;1649;757;des;AAA;BA;BILLING_ADDRESS;Billing Address
invoice-2543.tiff;1;1;2480;3508;313121;1715;712;168;45;1715;712;1883;712;1883;757;1715;757;cordeliers;AAAAAAAAAA;BA;BILLING_ADDRESS;Billing Address
invoice-2543.tiff;1;1;2480;3508;313113;124;758;104;45;124;758;228;758;228;803;124;803;02310;NNNNN;SHA;SHIPPING_ADDRESS;Shipping Address
invoice-2543.tiff;1;1;2480;3508;313114;270;758;307;45;270;758;577;758;577;803;270;803;Charly-sur-Marne;AAAAAASAAASAAAAA;SHA;SHIPPING_ADDRESS;Shipping Address
invoice-2543.tiff;1;1;2480;3508;313122;1541;758;104;45;1541;758;1645;758;1645;803;1541;803;02310;NNNNN;BA;BILLING_ADDRESS;Billing Address
invoice-2543.tiff;1;1;2480;3508;313123;1687;758;307;45;1687;758;1994;758;1994;803;1687;803;Charly-sur-Marne;AAAAAASAAASAAAAA;BA;BILLING_ADDRESS;Billing Address
invoice-2543.tiff;1;1;2480;3508;313115;124;804;120;45;124;804;244;804;244;849;124;849;France;AAAAAA;SHA;SHIPPING_ADDRESS;Shipping Address
invoice-2543.tiff;1;1;2480;3508;313124;1541;804;120;45;1541;804;1661;804;1661;849;1541;849;France;AAAAAA;BA;BILLING_ADDRESS;Billing Address
invoice-2543.tiff;1;1;2480;3508;313127;1541;1010;211;52;1541;1010;1752;1010;1752;1062;1541;1062;Facture-n°;AAAAAAASAS;undefined;OTHER;OTHER
invoice-2543.tiff;1;1;2480;3508;313128;2166;1010;145;46;2166;1010;2311;1010;2311;1056;2166;1056;1803497;NNNNNNN;IN;INVOICE_NUMBER;Invoice Number
invoice-2543.tiff;1;1;2480;3508;313125;124;1047;285;52;124;1047;409;1047;409;1099;124;1099;Commande-n°;AAAAAAAASAS;undefined;OTHER;OTHER
invoice-2543.tiff;1;1;2480;3508;313126;750;1047;83;46;750;1047;833;1047;833;1093;750;1093;2359;NNNN;ONUM;ORDER_NUMBER;Order Number
invoice-2543.tiff;1;1;2480;3508;313129;1541;1084;91;52;1541;1084;1632;1084;1632;1136;1541;1136;Date;AAAA;undefined;OTHER;OTHER
invoice-2543.tiff;1;1;2480;3508;313130;1644;1084;45;52;1644;1084;1689;1084;1689;1136;1644;1136;de;AA;undefined;OTHER;OTHER
invoice-2543.tiff;1;1;2480;3508;313131;1702;1084;35;52;1702;1084;1737;1084;1737;1136;1702;1136;la;AA;undefined;OTHER;OTHER
invoice-2543.tiff;1;1;2480;3508;313132;1749;1084;139;52;1749;1084;1888;1084;1888;1136;1749;1136;facture;AAAAAAA;undefined;OTHER;OTHER
invoice-2543.tiff;1;1;2480;3508;313133;2166;1084;41;46;2166;1084;2207;1084;2207;1130;2166;1130;11;NN;IDATE;INVOICE_DATE;Invoice Date
invoice-2543.tiff;1;1;2480;3508;313134;2218;1084;53;46;2218;1084;2271;1084;2271;1130;2218;1130;jun;AAA;IDATE;INVOICE_DATE;Invoice Date
invoice-2543.tiff;1;1;2480;3508;313135;2282;1084;83;46;2282;1084;2365;1084;2365;1130;2282;1130;2001;NNNN;IDATE;INVOICE_DATE;Invoice Date
invoice-2543.tiff;1;1;2480;3508;313136;163;1626;173;52;163;1626;336;1626;336;1678;163;1678;Quantité;AAAAAAAA;undefined;OTHER;OTHER
invoice-2543.tiff;1;1;2480;3508;313137;699;1626;226;52;699;1626;925;1626;925;1678;699;1678;Description;AAAAAAAAAAA;undefined;OTHER;OTHER
invoice-2543.tiff;1;1;2480;3508;313138;1287;1626;84;52;1287;1626;1371;1626;1371;1678;1287;1678;Prix;AAAA;undefined;OTHER;OTHER
invoice-2543.tiff;1;1;2480;3508;313139;1382;1626;162;52;1382;1626;1544;1626;1544;1678;1382;1678;Unitaire;AAAAAAAA;undefined;OTHER;OTHER
invoice-2543.tiff;1;1;2480;3508;313140;1616;1626;101;52;1616;1626;1717;1626;1717;1678;1616;1678;Taux;AAAA;undefined;OTHER;OTHER
invoice-2543.tiff;1;1;2480;3508;313141;1729;1626;45;52;1729;1626;1774;1626;1774;1678;1729;1678;de;AA;undefined;OTHER;OTHER
invoice-2543.tiff;1;1;2480;3508;313142;1786;1626;96;52;1786;1626;1882;1626;1882;1678;1786;1678;TVA;AAA;undefined;OTHER;OTHER
invoice-2543.tiff;1;1;2480;3508;313143;1959;1626;170;52;1959;1626;2129;1626;2129;1678;1959;1678;Montant;AAAAAAA;undefined;OTHER;OTHER
invoice-2543.tiff;1;1;2480;3508;313144;2141;1626;66;52;2141;1626;2207;1626;2207;1678;2141;1678;HT;AA;undefined;OTHER;OTHER
invoice-2543.tiff;1;1;2480;3508;313145;239;1699;20;48;239;1699;259;1699;259;1747;239;1747;3;N;undefined;OTHER;OTHER
invoice-2543.tiff;1;1;2480;3508;313146;375;1699;101;48;375;1699;476;1699;476;1747;375;1747;Table;AAAAA;undefined;OTHER;OTHER
invoice-2543.tiff;1;1;2480;3508;313147;487;1699;60;48;487;1699;547;1699;547;1747;487;1747;gaz;AAA;undefined;OTHER;OTHER
invoice-2543.tiff;1;1;2480;3508;313148;557;1699;150;48;557;1699;707;1699;707;1747;557;1747;Rosieres;AAAAAAAA;undefined;OTHER;OTHER
invoice-2543.tiff;1;1;2480;3508;313149;718;1699;185;48;718;1699;903;1699;903;1747;718;1747;RTG64FB;AAANNAA;undefined;OTHER;OTHER
invoice-2543.tiff;1;1;2480;3508;313150;914;1699;46;48;914;1699;960;1699;960;1747;914;1747;IN;AA;undefined;OTHER;OTHER
invoice-2543.tiff;1;1;2480;3508;313151;1343;1699;114;48;1343;1699;1457;1699;1457;1747;1343;1747;207,50;NNNSNN;undefined;OTHER;OTHER
invoice-2543.tiff;1;1;2480;3508;313152;1468;1699;20;48;1468;1699;1488;1699;1488;1747;1468;1747;$;S;undefined;OTHER;OTHER
invoice-2543.tiff;1;1;2480;3508;313153;1692;1699;114;48;1692;1699;1806;1699;1806;1747;1692;1747;20.0%;NNSNS;undefined;OTHER;OTHER
invoice-2543.tiff;1;1;2480;3508;313154;2010;1699;114;48;2010;1699;2124;1699;2124;1747;2010;1747;622,50;NNNSNN;undefined;OTHER;OTHER
invoice-2543.tiff;1;1;2480;3508;313155;2135;1699;20;48;2135;1699;2155;1699;2155;1747;2135;1747;$;S;undefined;OTHER;OTHER
invoice-2543.tiff;1;1;2480;3508;313156;239;1789;20;48;239;1789;259;1789;259;1837;239;1837;4;N;undefined;OTHER;OTHER
invoice-2543.tiff;1;1;2480;3508;313157;375;1789;245;48;375;1789;620;1789;620;1837;375;1837;Réfrigérateur;AAAAAAAAAAAAA;undefined;OTHER;OTHER
invoice-2543.tiff;1;1;2480;3508;313158;630;1789;94;48;630;1789;724;1789;724;1837;630;1837;multi;AAAAA;undefined;OTHER;OTHER
invoice-2543.tiff;1;1;2480;3508;313159;735;1789;111;48;735;1789;846;1789;846;1837;735;1837;portes;AAAAAA;undefined;OTHER;OTHER
invoice-2543.tiff;1;1;2480;3508;313160;857;1789;162;48;857;1789;1019;1789;1019;1837;857;1837;Samsung;AAAAAAA;undefined;OTHER;OTHER
invoice-2543.tiff;1;1;2480;3508;313164;1333;1789;135;48;1333;1789;1468;1789;1468;1837;1333;1837;3749,17;NNNNSNN;undefined;OTHER;OTHER
invoice-2543.tiff;1;1;2480;3508;313165;1479;1789;20;48;1479;1789;1499;1789;1499;1837;1479;1837;$;S;undefined;OTHER;OTHER
invoice-2543.tiff;1;1;2480;3508;313166;1692;1789;114;48;1692;1789;1806;1789;1806;1837;1692;1837;20.0%;NNSNS;undefined;OTHER;OTHER
invoice-2543.tiff;1;1;2480;3508;313167;1989;1789;156;48;1989;1789;2145;1789;2145;1837;1989;1837;14996,67;NNNNNSNN;undefined;OTHER;OTHER
invoice-2543.tiff;1;1;2480;3508;313168;2156;1789;20;48;2156;1789;2176;1789;2176;1837;2156;1837;$;S;undefined;OTHER;OTHER
invoice-2543.tiff;1;1;2480;3508;313161;375;1837;273;48;375;1837;648;1837;648;1885;375;1885;RF56M9540SR;AANNANNNNAA;undefined;OTHER;OTHER
invoice-2543.tiff;1;1;2480;3508;313162;658;1837;124;48;658;1837;782;1837;782;1885;658;1885;Family;AAAAAA;undefined;OTHER;OTHER
invoice-2543.tiff;1;1;2480;3508;313163;793;1837;78;48;793;1837;871;1837;871;1885;793;1885;Hub;AAA;undefined;OTHER;OTHER
invoice-2543.tiff;1;1;2480;3508;313169;1751;1968;155;51;1751;1968;1906;1968;1906;2019;1751;2019;Montant;AAAAAAA;undefined;OTHER;OTHER
invoice-2543.tiff;1;1;2480;3508;313170;1918;1968;61;51;1918;1968;1979;1968;1979;2019;1918;2019;HT;AA;undefined;OTHER;OTHER
invoice-2543.tiff;1;1;2480;3508;313171;2020;1968;156;46;2020;1968;2176;1968;2176;2014;2020;2014;15619,17;NNNNNSNN;TWTX;TOTAL_WITHOUT_TAX;TWTXS
invoice-2543.tiff;1;1;2480;3508;313172;2187;1968;20;46;2187;1968;2207;1968;2207;2014;2187;2014;$;S;TWTX;TOTAL_WITHOUT_TAX;TWTXS
invoice-2543.tiff;1;1;2480;3508;313173;1804;2020;94;51;1804;2020;1898;2020;1898;2071;1804;2071;Taux;AAAA;undefined;OTHER;OTHER
invoice-2543.tiff;1;1;2480;3508;313174;1910;2020;43;51;1910;2020;1953;2020;1953;2071;1910;2071;de;AA;undefined;OTHER;OTHER
invoice-2543.tiff;1;1;2480;3508;313175;1964;2020;94;51;1964;2020;2058;2020;2058;2071;1964;2071;TVA;AAA;undefined;OTHER;OTHER
invoice-2543.tiff;1;1;2480;3508;313176;2100;2020;107;46;2100;2020;2207;2020;2207;2066;2100;2066;20.0%;NNSNS;TXR;TAX_RATE;Tax Rate
invoice-2543.tiff;1;1;2480;3508;313177;1905;2071;94;51;1905;2071;1999;2071;1999;2122;1905;2122;TVA;AAA;undefined;OTHER;OTHER
invoice-2543.tiff;1;1;2480;3508;313178;2041;2071;135;46;2041;2071;2176;2071;2176;2117;2041;2117;3123,83;NNNNSNN;TTX;TOTAL_TAX;Total Tax
invoice-2543.tiff;1;1;2480;3508;313179;2187;2071;20;46;2187;2071;2207;2071;2207;2117;2187;2117;$;S;TTX;TOTAL_TAX;Total Tax
invoice-2543.tiff;1;1;2480;3508;313180;1784;2122;96;51;1784;2122;1880;2122;1880;2173;1784;2173;Total;AAAAA;undefined;OTHER;OTHER
invoice-2543.tiff;1;1;2480;3508;313181;1892;2122;86;51;1892;2122;1978;2122;1978;2173;1892;2173;TTC;AAA;undefined;OTHER;OTHER
invoice-2543.tiff;1;1;2480;3508;313182;2020;2122;156;46;2020;2122;2176;2122;2176;2168;2020;2168;18743,00;NNNNNSNN;TA;TOTAL_AMOUNT;Total with TAX
invoice-2543.tiff;1;1;2480;3508;313183;2187;2122;20;46;2187;2122;2207;2122;2207;2168;2187;2168;$;S;TA;TOTAL_AMOUNT;Total with TAX
invoice-2543.tiff;1;1;2480;3508;313184;124;3175;368;48;124;3175;492;3175;492;3223;124;3223;ASSAINISSEMENT;AAAAAAAAAAAAAA;SN;SUPPLIER_NAME;Seller/Company) name
invoice-2543.tiff;1;1;2480;3508;313185;124;3223;127;45;124;3223;251;3223;251;3268;124;3268;PLACE;AAAAA;SA;SUPPLIER_ADDRESS;Seller Address
invoice-2543.tiff;1;1;2480;3508;313186;262;3223;212;45;262;3223;474;3223;474;3268;262;3268;GAMBETTA;AAAAAAAA;SA;SUPPLIER_ADDRESS;Seller Address
invoice-2543.tiff;1;1;2480;3508;313187;124;3268;104;45;124;3268;228;3268;228;3313;124;3313;31290;NNNNN;SA;SUPPLIER_ADDRESS;Seller Address
invoice-2543.tiff;1;1;2480;3508;313188;270;3268;298;45;270;3268;568;3268;568;3313;270;3313;VILLEFRANCHE;AAAAAAAAAAAA;SA;SUPPLIER_ADDRESS;Seller Address
invoice-2543.tiff;1;1;2480;3508;313189;579;3268;55;45;579;3268;634;3268;634;3313;579;3313;DE;AA;SA;SUPPLIER_ADDRESS;Seller Address
invoice-2543.tiff;1;1;2480;3508;313190;645;3268;219;45;645;3268;864;3268;864;3313;645;3313;LAURAGAIS;AAAAAAAAA;SA;SUPPLIER_ADDRESS;Seller Address
invoice-2543.tiff;1;1;2480;3508;313191;124;3314;157;45;124;3314;281;3314;281;3359;124;3359;FRANCE;AAAAAA;SA;SUPPLIER_ADDRESS;Seller Address
