src;num_pages;page_id;page_width;page_height;id;col;row;width;height;x1;y1;x2;y2;x3;y3;x4;y4;contents;contents_masked;correctclass;tag;description
invoice-374.tiff;1;1;2480;3508;46202;1541;62;483;175;1541;62;2024;62;2024;237;1541;237;common/logo;AAAAAASAAAA;img;IMAGE;Image
invoice-374.tiff;1;1;2480;3508;46188;124;237;245;48;124;237;369;237;369;285;124;285;ARTISANAL;AAAAAAAAA;SN;SUPPLIER_NAME;Seller/Company) name
invoice-374.tiff;1;1;2480;3508;46189;380;237;127;48;380;237;507;237;507;285;380;285;PIZZA;AAAAA;SN;SUPPLIER_NAME;Seller/Company) name
invoice-374.tiff;1;1;2480;3508;46190;518;237;152;48;518;237;670;237;670;285;518;285;ROLL'S;AAAASA;SN;SUPPLIER_NAME;Seller/Company) name
invoice-374.tiff;1;1;2480;3508;46198;833;237;106;45;833;237;939;237;939;282;833;282;Phone;AAAAA;undefined;OTHER;OTHER
invoice-374.tiff;1;1;2480;3508;46199;1002;237;249;45;1002;237;1251;237;1251;282;1002;282;09.71.59.89.88;NNSNNSNNSNNSNN;SCN;SUPPLIER_CONTACT_NUMBER;Seller Contact Number
invoice-374.tiff;1;1;2480;3508;46200;833;283;64;45;833;283;897;283;897;328;833;328;Fax;AAA;undefined;OTHER;OTHER
invoice-374.tiff;1;1;2480;3508;46201;960;283;249;45;960;283;1209;283;1209;328;960;328;09.71.59.58.64;NNSNNSNNSNNSNN;SFAX;SUPPLIER_FAX_NUMBER;Seller Fax Number
invoice-374.tiff;1;1;2480;3508;46191;124;285;41;45;124;285;165;285;165;330;124;330;53;NN;SA;SUPPLIER_ADDRESS;Seller Address
invoice-374.tiff;1;1;2480;3508;46192;177;285;81;45;177;285;258;285;258;330;177;330;RUE;AAA;SA;SUPPLIER_ADDRESS;Seller Address
invoice-374.tiff;1;1;2480;3508;46193;268;285;55;45;268;285;323;285;323;330;268;330;DE;AA;SA;SUPPLIER_ADDRESS;Seller Address
invoice-374.tiff;1;1;2480;3508;46194;334;285;266;45;334;285;600;285;600;330;334;330;REMIREMONT;AAAAAAAAAA;SA;SUPPLIER_ADDRESS;Seller Address
invoice-374.tiff;1;1;2480;3508;46195;124;331;104;45;124;331;228;331;228;376;124;376;88000;NNNNN;SA;SUPPLIER_ADDRESS;Seller Address
invoice-374.tiff;1;1;2480;3508;46196;270;331;141;45;270;331;411;331;411;376;270;376;EPINAL;AAAAAA;SA;SUPPLIER_ADDRESS;Seller Address
invoice-374.tiff;1;1;2480;3508;46197;124;377;157;45;124;377;281;377;281;422;124;422;FRANCE;AAAAAA;SA;SUPPLIER_ADDRESS;Seller Address
invoice-374.tiff;1;1;2480;3508;46203;124;749;125;57;124;749;249;749;249;806;124;806;Billed;AAAAAA;undefined;OTHER;OTHER
invoice-374.tiff;1;1;2480;3508;46204;262;749;58;57;262;749;320;749;320;806;262;806;To;AA;undefined;OTHER;OTHER
invoice-374.tiff;1;1;2480;3508;46205;124;807;97;48;124;807;221;807;221;855;124;855;Piper;AAAAA;BN;BILLING_NAME;Billing Name
invoice-374.tiff;1;1;2480;3508;46206;232;807;182;48;232;807;414;807;414;855;232;855;Schroeder;AAAAAAAAA;BN;BILLING_NAME;Billing Name
invoice-374.tiff;1;1;2480;3508;46207;124;855;52;45;124;855;176;855;176;900;124;900;32,;NNS;BA;BILLING_ADDRESS;Billing Address
invoice-374.tiff;1;1;2480;3508;46208;187;855;168;45;187;855;355;855;355;900;187;900;boulevard;AAAAAAAAA;BA;BILLING_ADDRESS;Billing Address
invoice-374.tiff;1;1;2480;3508;46209;366;855;99;45;366;855;465;855;465;900;366;900;velten;AAAAAA;BA;BILLING_ADDRESS;Billing Address
invoice-374.tiff;1;1;2480;3508;46227;1541;866;142;52;1541;866;1683;866;1683;918;1541;918;Invoice;AAAAAAA;undefined;OTHER;OTHER
invoice-374.tiff;1;1;2480;3508;46228;1695;866;50;52;1695;866;1745;866;1745;918;1695;918;ID;AA;undefined;OTHER;OTHER
invoice-374.tiff;1;1;2480;3508;46229;2166;866;175;46;2166;866;2341;866;2341;912;2166;912;FC500583;AANNNNNN;IN;INVOICE_NUMBER;Invoice Number
invoice-374.tiff;1;1;2480;3508;46210;124;901;104;45;124;901;228;901;228;946;124;946;13004;NNNNN;BA;BILLING_ADDRESS;Billing Address
invoice-374.tiff;1;1;2480;3508;46211;270;901;159;45;270;901;429;901;429;946;270;946;Marseille;AAAAAAAAA;BA;BILLING_ADDRESS;Billing Address
invoice-374.tiff;1;1;2480;3508;46212;440;901;39;45;440;901;479;901;479;946;440;946;4e;NA;BA;BILLING_ADDRESS;Billing Address
invoice-374.tiff;1;1;2480;3508;46213;490;901;263;45;490;901;753;901;753;946;490;946;Arrondissement;AAAAAAAAAAAAAA;BA;BILLING_ADDRESS;Billing Address
invoice-374.tiff;1;1;2480;3508;46230;1541;939;91;52;1541;939;1632;939;1632;991;1541;991;Date;AAAA;undefined;OTHER;OTHER
invoice-374.tiff;1;1;2480;3508;46231;2166;939;41;46;2166;939;2207;939;2207;985;2166;985;22;NN;IDATE;INVOICE_DATE;Invoice Date
invoice-374.tiff;1;1;2480;3508;46232;2218;939;63;46;2218;939;2281;939;2281;985;2218;985;feb,;AAAS;IDATE;INVOICE_DATE;Invoice Date
invoice-374.tiff;1;1;2480;3508;46233;2292;939;83;46;2292;939;2375;939;2375;985;2292;985;2013;NNNN;IDATE;INVOICE_DATE;Invoice Date
invoice-374.tiff;1;1;2480;3508;46214;124;946;120;45;124;946;244;946;244;991;124;991;France;AAAAAA;BA;BILLING_ADDRESS;Billing Address
invoice-374.tiff;1;1;2480;3508;46234;1541;1013;119;52;1541;1013;1660;1013;1660;1065;1541;1065;Client;AAAAAA;undefined;OTHER;OTHER
invoice-374.tiff;1;1;2480;3508;46235;1672;1013;50;52;1672;1013;1722;1013;1722;1065;1672;1065;ID;AA;undefined;OTHER;OTHER
invoice-374.tiff;1;1;2480;3508;46236;2166;1013;157;46;2166;1013;2323;1013;2323;1059;2166;1059;CL55530;AANNNNN;CNUM;CLIENT_NUMBER;Client Number
invoice-374.tiff;1;1;2480;3508;46215;124;1034;175;57;124;1034;299;1034;299;1091;124;1091;Shipped;AAAAAAA;undefined;OTHER;OTHER
invoice-374.tiff;1;1;2480;3508;46216;312;1034;58;57;312;1034;370;1034;370;1091;312;1091;To;AA;undefined;OTHER;OTHER
invoice-374.tiff;1;1;2480;3508;46237;1541;1087;173;52;1541;1087;1714;1087;1714;1139;1541;1139;Payment;AAAAAAA;undefined;OTHER;OTHER
invoice-374.tiff;1;1;2480;3508;46238;1726;1087;84;52;1726;1087;1810;1087;1810;1139;1726;1139;type;AAAA;undefined;OTHER;OTHER
invoice-374.tiff;1;1;2480;3508;46239;2166;1087;104;46;2166;1087;2270;1087;2270;1133;2166;1133;Credit;AAAAAA;PMODE;PAYMENT_MODE;Payment Mode
invoice-374.tiff;1;1;2480;3508;46240;2281;1087;71;46;2281;1087;2352;1087;2352;1133;2281;1133;card;AAAA;PMODE;PAYMENT_MODE;Payment Mode
invoice-374.tiff;1;1;2480;3508;46217;124;1092;97;48;124;1092;221;1092;221;1140;124;1140;Piper;AAAAA;SHN;SHIPPING_NAME;Shipping Name
invoice-374.tiff;1;1;2480;3508;46218;232;1092;182;48;232;1092;414;1092;414;1140;232;1140;Schroeder;AAAAAAAAA;SHN;SHIPPING_NAME;Shipping Name
invoice-374.tiff;1;1;2480;3508;46219;124;1140;52;45;124;1140;176;1140;176;1185;124;1185;32,;NNS;SHA;SHIPPING_ADDRESS;Shipping Address
invoice-374.tiff;1;1;2480;3508;46220;187;1140;168;45;187;1140;355;1140;355;1185;187;1185;boulevard;AAAAAAAAA;SHA;SHIPPING_ADDRESS;Shipping Address
invoice-374.tiff;1;1;2480;3508;46221;366;1140;99;45;366;1140;465;1140;465;1185;366;1185;velten;AAAAAA;SHA;SHIPPING_ADDRESS;Shipping Address
invoice-374.tiff;1;1;2480;3508;46222;124;1185;104;45;124;1185;228;1185;228;1230;124;1230;13004;NNNNN;SHA;SHIPPING_ADDRESS;Shipping Address
invoice-374.tiff;1;1;2480;3508;46223;270;1185;159;45;270;1185;429;1185;429;1230;270;1230;Marseille;AAAAAAAAA;SHA;SHIPPING_ADDRESS;Shipping Address
invoice-374.tiff;1;1;2480;3508;46224;440;1185;39;45;440;1185;479;1185;479;1230;440;1230;4e;NA;SHA;SHIPPING_ADDRESS;Shipping Address
invoice-374.tiff;1;1;2480;3508;46225;490;1185;263;45;490;1185;753;1185;753;1230;490;1230;Arrondissement;AAAAAAAAAAAAAA;SHA;SHIPPING_ADDRESS;Shipping Address
invoice-374.tiff;1;1;2480;3508;46226;124;1231;120;45;124;1231;244;1231;244;1276;124;1276;France;AAAAAA;SHA;SHIPPING_ADDRESS;Shipping Address
invoice-374.tiff;1;1;2480;3508;46241;156;1555;104;52;156;1555;260;1555;260;1607;156;1607;S.No.;ASAAS;undefined;OTHER;OTHER
invoice-374.tiff;1;1;2480;3508;46242;489;1555;157;52;489;1555;646;1555;646;1607;489;1607;Product;AAAAAAA;undefined;OTHER;OTHER
invoice-374.tiff;1;1;2480;3508;46243;658;1555;226;52;658;1555;884;1555;884;1607;658;1607;Description;AAAAAAAAAAA;undefined;OTHER;OTHER
invoice-374.tiff;1;1;2480;3508;46244;1141;1555;175;52;1141;1555;1316;1555;1316;1607;1141;1607;Quantity;AAAAAAAA;undefined;OTHER;OTHER
invoice-374.tiff;1;1;2480;3508;46245;1420;1555;86;52;1420;1555;1506;1555;1506;1607;1420;1607;Unit;AAAA;undefined;OTHER;OTHER
invoice-374.tiff;1;1;2480;3508;46246;1518;1555;101;52;1518;1555;1619;1555;1619;1607;1518;1607;Price;AAAAA;undefined;OTHER;OTHER
invoice-374.tiff;1;1;2480;3508;46247;1712;1555;96;52;1712;1555;1808;1555;1808;1607;1712;1607;TVA;AAA;undefined;OTHER;OTHER
invoice-374.tiff;1;1;2480;3508;46248;1820;1555;91;52;1820;1555;1911;1555;1911;1607;1820;1607;Rate;AAAA;undefined;OTHER;OTHER
invoice-374.tiff;1;1;2480;3508;46249;2051;1555;104;52;2051;1555;2155;1555;2155;1607;2051;1607;Total;AAAAA;undefined;OTHER;OTHER
invoice-374.tiff;1;1;2480;3508;46250;197;1628;20;48;197;1628;217;1628;217;1676;197;1676;1;N;undefined;OTHER;OTHER
invoice-374.tiff;1;1;2480;3508;46251;291;1628;145;48;291;1628;436;1628;436;1676;291;1676;Friteuse;AAAAAAAA;undefined;OTHER;OTHER
invoice-374.tiff;1;1;2480;3508;46252;447;1628;169;48;447;1628;616;1628;616;1676;447;1676;Moulinex;AAAAAAAA;undefined;OTHER;OTHER
invoice-374.tiff;1;1;2480;3508;46253;627;1628;215;48;627;1628;842;1628;842;1676;627;1676;COMPACT;AAAAAAA;undefined;OTHER;OTHER
invoice-374.tiff;1;1;2480;3508;46254;852;1628;87;48;852;1628;939;1628;939;1676;852;1676;PRO;AAA;undefined;OTHER;OTHER
invoice-374.tiff;1;1;2480;3508;46255;951;1628;48;48;951;1628;999;1628;999;1676;951;1676;2L;NA;undefined;OTHER;OTHER
invoice-374.tiff;1;1;2480;3508;46257;1218;1628;20;48;1218;1628;1238;1628;1238;1676;1218;1676;1;N;undefined;OTHER;OTHER
invoice-374.tiff;1;1;2480;3508;46258;1424;1628;93;48;1424;1628;1517;1628;1517;1676;1424;1676;41,58;NNSNN;undefined;OTHER;OTHER
invoice-374.tiff;1;1;2480;3508;46259;1528;1628;87;48;1528;1628;1615;1628;1615;1676;1528;1676;EUR;AAA;undefined;OTHER;OTHER
invoice-374.tiff;1;1;2480;3508;46260;1755;1628;114;48;1755;1628;1869;1628;1869;1676;1755;1676;20.0%;NNSNS;undefined;OTHER;OTHER
invoice-374.tiff;1;1;2480;3508;46261;2008;1628;93;48;2008;1628;2101;1628;2101;1676;2008;1676;41,58;NNSNN;undefined;OTHER;OTHER
invoice-374.tiff;1;1;2480;3508;46262;2112;1628;87;48;2112;1628;2199;1628;2199;1676;2112;1676;EUR;AAA;undefined;OTHER;OTHER
invoice-374.tiff;1;1;2480;3508;46256;291;1676;194;48;291;1676;485;1676;485;1724;291;1724;AM322070;AANNNNNN;undefined;OTHER;OTHER
invoice-374.tiff;1;1;2480;3508;46263;1916;1808;104;51;1916;1808;2020;1808;2020;1859;1916;1859;DISC;AAAA;undefined;OTHER;OTHER
invoice-374.tiff;1;1;2480;3508;46264;2041;1808;72;46;2041;1808;2113;1808;2113;1854;2041;1854;0,00;NSNN;undefined;OTHER;OTHER
invoice-374.tiff;1;1;2480;3508;46265;2125;1808;83;46;2125;1808;2208;1808;2208;1854;2125;1854;EUR;AAA;undefined;OTHER;OTHER
invoice-374.tiff;1;1;2480;3508;46266;1882;1859;96;51;1882;1859;1978;1859;1978;1910;1882;1910;Total;AAAAA;undefined;OTHER;OTHER
invoice-374.tiff;1;1;2480;3508;46267;2020;1859;93;46;2020;1859;2113;1859;2113;1905;2020;1905;41,58;NNSNN;TWTX;TOTAL_WITHOUT_TAX;TWTXS
invoice-374.tiff;1;1;2480;3508;46268;2125;1859;83;46;2125;1859;2208;1859;2208;1905;2125;1905;EUR;AAA;TWTX;TOTAL_WITHOUT_TAX;TWTXS
invoice-374.tiff;1;1;2480;3508;46269;1767;1910;71;51;1767;1910;1838;1910;1838;1961;1767;1961;Tax;AAA;undefined;OTHER;OTHER
invoice-374.tiff;1;1;2480;3508;46270;1849;1910;150;51;1849;1910;1999;1910;1999;1961;1849;1961;Amount;AAAAAA;undefined;OTHER;OTHER
invoice-374.tiff;1;1;2480;3508;46271;2041;1910;72;46;2041;1910;2113;1910;2113;1956;2041;1956;8,32;NSNN;TTX;TOTAL_TAX;Total Tax
invoice-374.tiff;1;1;2480;3508;46272;2125;1910;83;46;2125;1910;2208;1910;2208;1956;2125;1956;EUR;AAA;TTX;TOTAL_TAX;Total Tax
invoice-374.tiff;1;1;2480;3508;46273;1704;1961;150;51;1704;1961;1854;1961;1854;2012;1704;2012;Amount;AAAAAA;undefined;OTHER;OTHER
invoice-374.tiff;1;1;2480;3508;46274;1865;1961;35;51;1865;1961;1900;1961;1900;2012;1865;2012;to;AA;undefined;OTHER;OTHER
invoice-374.tiff;1;1;2480;3508;46275;1912;1961;66;51;1912;1961;1978;1961;1978;2012;1912;2012;pay;AAA;undefined;OTHER;OTHER
invoice-374.tiff;1;1;2480;3508;46276;2020;1961;93;46;2020;1961;2113;1961;2113;2007;2020;2007;49,90;NNSNN;TA;TOTAL_AMOUNT;Total with TAX
invoice-374.tiff;1;1;2480;3508;46277;2125;1961;83;46;2125;1961;2208;1961;2208;2007;2125;2007;EUR;AAA;TA;TOTAL_AMOUNT;Total with TAX
invoice-374.tiff;1;1;2480;3508;46278;1187;3175;245;48;1187;3175;1432;3175;1432;3223;1187;3223;ARTISANAL;AAAAAAAAA;SN;SUPPLIER_NAME;Seller/Company) name
invoice-374.tiff;1;1;2480;3508;46279;1443;3175;127;48;1443;3175;1570;3175;1570;3223;1443;3223;PIZZA;AAAAA;SN;SUPPLIER_NAME;Seller/Company) name
invoice-374.tiff;1;1;2480;3508;46280;1581;3175;152;48;1581;3175;1733;3175;1733;3223;1581;3223;ROLL'S;AAAASA;SN;SUPPLIER_NAME;Seller/Company) name
invoice-374.tiff;1;1;2480;3508;46281;1187;3223;41;45;1187;3223;1228;3223;1228;3268;1187;3268;53;NN;SA;SUPPLIER_ADDRESS;Seller Address
invoice-374.tiff;1;1;2480;3508;46282;1239;3223;81;45;1239;3223;1320;3223;1320;3268;1239;3268;RUE;AAA;SA;SUPPLIER_ADDRESS;Seller Address
invoice-374.tiff;1;1;2480;3508;46283;1331;3223;55;45;1331;3223;1386;3223;1386;3268;1331;3268;DE;AA;SA;SUPPLIER_ADDRESS;Seller Address
invoice-374.tiff;1;1;2480;3508;46284;1396;3223;266;45;1396;3223;1662;3223;1662;3268;1396;3268;REMIREMONT;AAAAAAAAAA;SA;SUPPLIER_ADDRESS;Seller Address
invoice-374.tiff;1;1;2480;3508;46285;1187;3268;104;45;1187;3268;1291;3268;1291;3313;1187;3313;88000;NNNNN;SA;SUPPLIER_ADDRESS;Seller Address
invoice-374.tiff;1;1;2480;3508;46286;1333;3268;141;45;1333;3268;1474;3268;1474;3313;1333;3313;EPINAL;AAAAAA;SA;SUPPLIER_ADDRESS;Seller Address
invoice-374.tiff;1;1;2480;3508;46287;1187;3314;157;45;1187;3314;1344;3314;1344;3359;1187;3359;FRANCE;AAAAAA;SA;SUPPLIER_ADDRESS;Seller Address
