src;num_pages;page_id;page_width;page_height;id;col;row;width;height;x1;y1;x2;y2;x3;y3;x4;y4;contents;contents_masked;correctclass;tag;description
invoice-1706.tiff;1;1;2480;3508;208837;124;62;350;175;124;62;474;62;474;237;124;237;common/logo;AAAAAASAAAA;img;IMAGE;Image
invoice-1706.tiff;1;1;2480;3508;208838;124;412;266;48;124;412;390;412;390;460;124;460;CARREFOUR;AAAAAAAAA;SN;SUPPLIER_NAME;Seller/Company) name
invoice-1706.tiff;1;1;2480;3508;208839;401;412;208;48;401;412;609;412;609;460;401;460;CONTACT;AAAAAAA;SN;SUPPLIER_NAME;Seller/Company) name
invoice-1706.tiff;1;1;2480;3508;208840;124;460;48;45;124;460;172;460;172;505;124;505;LE;AA;SA;SUPPLIER_ADDRESS;Seller Address
invoice-1706.tiff;1;1;2480;3508;208841;184;460;141;45;184;460;325;460;325;505;184;505;BOURG;AAAAA;SA;SUPPLIER_ADDRESS;Seller Address
invoice-1706.tiff;1;1;2480;3508;208842;124;506;104;45;124;506;228;506;228;551;124;551;69460;NNNNN;SA;SUPPLIER_ADDRESS;Seller Address
invoice-1706.tiff;1;1;2480;3508;208843;270;506;48;45;270;506;318;506;318;551;270;551;LE;AA;SA;SUPPLIER_ADDRESS;Seller Address
invoice-1706.tiff;1;1;2480;3508;208844;329;506;185;45;329;506;514;506;514;551;329;551;PERREON;AAAAAAA;SA;SUPPLIER_ADDRESS;Seller Address
invoice-1706.tiff;1;1;2480;3508;208845;124;552;157;45;124;552;281;552;281;597;124;597;FRANCE;AAAAAA;SA;SUPPLIER_ADDRESS;Seller Address
invoice-1706.tiff;1;1;2480;3508;208846;124;598;106;45;124;598;230;598;230;643;124;643;Phone;AAAAA;undefined;OTHER;OTHER
invoice-1706.tiff;1;1;2480;3508;208847;293;598;249;45;293;598;542;598;542;643;293;643;05.57.06.91.67;NNSNNSNNSNNSNN;SCN;SUPPLIER_CONTACT_NUMBER;Seller Contact Number
invoice-1706.tiff;1;1;2480;3508;208848;124;643;64;45;124;643;188;643;188;688;124;688;Fax;AAA;undefined;OTHER;OTHER
invoice-1706.tiff;1;1;2480;3508;208849;252;643;249;45;252;643;501;643;501;688;252;688;05.57.06.39.38;NNSNNSNNSNNSNN;SFAX;SUPPLIER_FAX_NUMBER;Seller Fax Number
invoice-1706.tiff;1;1;2480;3508;208850;124;873;191;57;124;873;315;873;315;930;124;930;Shipping;AAAAAAAA;undefined;OTHER;OTHER
invoice-1706.tiff;1;1;2480;3508;208851;329;873;175;57;329;873;504;873;504;930;329;930;Address;AAAAAAA;undefined;OTHER;OTHER
invoice-1706.tiff;1;1;2480;3508;208852;124;931;155;48;124;931;279;931;279;979;124;979;Mariano;AAAAAAA;SHN;SHIPPING_NAME;Shipping Name
invoice-1706.tiff;1;1;2480;3508;208853;290;931;90;48;290;931;380;931;380;979;290;979;Kihn;AAAA;SHN;SHIPPING_NAME;Shipping Name
invoice-1706.tiff;1;1;2480;3508;208863;1541;931;155;48;1541;931;1696;931;1696;979;1541;979;Mariano;AAAAAAA;BN;BILLING_NAME;Billing Name
invoice-1706.tiff;1;1;2480;3508;208864;1707;931;90;48;1707;931;1797;931;1797;979;1707;979;Kihn;AAAA;BN;BILLING_NAME;Billing Name
invoice-1706.tiff;1;1;2480;3508;208854;124;979;52;45;124;979;176;979;176;1024;124;1024;32,;NNS;SHA;SHIPPING_ADDRESS;Shipping Address
invoice-1706.tiff;1;1;2480;3508;208855;187;979;55;45;187;979;242;979;242;1024;187;1024;rue;AAA;SHA;SHIPPING_ADDRESS;Shipping Address
invoice-1706.tiff;1;1;2480;3508;208856;253;979;41;45;253;979;294;979;294;1024;253;1024;du;AA;SHA;SHIPPING_ADDRESS;Shipping Address
invoice-1706.tiff;1;1;2480;3508;208857;305;979;64;45;305;979;369;979;369;1024;305;1024;huit;AAAA;SHA;SHIPPING_ADDRESS;Shipping Address
invoice-1706.tiff;1;1;2480;3508;208858;380;979;62;45;380;979;442;979;442;1024;380;1024;mai;AAA;SHA;SHIPPING_ADDRESS;Shipping Address
invoice-1706.tiff;1;1;2480;3508;208859;453;979;83;45;453;979;536;979;536;1024;453;1024;1945;NNNN;SHA;SHIPPING_ADDRESS;Shipping Address
invoice-1706.tiff;1;1;2480;3508;208865;1541;979;52;45;1541;979;1593;979;1593;1024;1541;1024;32,;NNS;BA;BILLING_ADDRESS;Billing Address
invoice-1706.tiff;1;1;2480;3508;208866;1604;979;55;45;1604;979;1659;979;1659;1024;1604;1024;rue;AAA;BA;BILLING_ADDRESS;Billing Address
invoice-1706.tiff;1;1;2480;3508;208867;1670;979;41;45;1670;979;1711;979;1711;1024;1670;1024;du;AA;BA;BILLING_ADDRESS;Billing Address
invoice-1706.tiff;1;1;2480;3508;208868;1722;979;64;45;1722;979;1786;979;1786;1024;1722;1024;huit;AAAA;BA;BILLING_ADDRESS;Billing Address
invoice-1706.tiff;1;1;2480;3508;208869;1797;979;62;45;1797;979;1859;979;1859;1024;1797;1024;mai;AAA;BA;BILLING_ADDRESS;Billing Address
invoice-1706.tiff;1;1;2480;3508;208870;1870;979;83;45;1870;979;1953;979;1953;1024;1870;1024;1945;NNNN;BA;BILLING_ADDRESS;Billing Address
invoice-1706.tiff;1;1;2480;3508;208860;124;1025;104;45;124;1025;228;1025;228;1070;124;1070;33290;NNNNN;SHA;SHIPPING_ADDRESS;Shipping Address
invoice-1706.tiff;1;1;2480;3508;208861;270;1025;233;45;270;1025;503;1025;503;1070;270;1070;Ludon-Médoc;AAAAASAAAAA;SHA;SHIPPING_ADDRESS;Shipping Address
invoice-1706.tiff;1;1;2480;3508;208871;1541;1025;104;45;1541;1025;1645;1025;1645;1070;1541;1070;33290;NNNNN;BA;BILLING_ADDRESS;Billing Address
invoice-1706.tiff;1;1;2480;3508;208872;1687;1025;233;45;1687;1025;1920;1025;1920;1070;1687;1070;Ludon-Médoc;AAAAASAAAAA;BA;BILLING_ADDRESS;Billing Address
invoice-1706.tiff;1;1;2480;3508;208862;124;1071;120;45;124;1071;244;1071;244;1116;124;1116;France;AAAAAA;SHA;SHIPPING_ADDRESS;Shipping Address
invoice-1706.tiff;1;1;2480;3508;208873;1541;1071;120;45;1541;1071;1661;1071;1661;1116;1541;1116;France;AAAAAA;BA;BILLING_ADDRESS;Billing Address
invoice-1706.tiff;1;1;2480;3508;208874;1541;1314;142;52;1541;1314;1683;1314;1683;1366;1541;1366;Invoice;AAAAAAA;undefined;OTHER;OTHER
invoice-1706.tiff;1;1;2480;3508;208875;1695;1314;67;52;1695;1314;1762;1314;1762;1366;1695;1366;No.;AAS;undefined;OTHER;OTHER
invoice-1706.tiff;1;1;2480;3508;208876;2166;1314;145;46;2166;1314;2311;1314;2311;1360;2166;1360;0052667;NNNNNNN;IN;INVOICE_NUMBER;Invoice Number
invoice-1706.tiff;1;1;2480;3508;208877;1541;1387;142;52;1541;1387;1683;1387;1683;1439;1541;1439;Invoice;AAAAAAA;undefined;OTHER;OTHER
invoice-1706.tiff;1;1;2480;3508;208878;1695;1387;91;52;1695;1387;1786;1387;1786;1439;1695;1439;Date;AAAA;undefined;OTHER;OTHER
invoice-1706.tiff;1;1;2480;3508;208879;2166;1387;41;46;2166;1387;2207;1387;2207;1433;2166;1433;11;NN;IDATE;INVOICE_DATE;Invoice Date
invoice-1706.tiff;1;1;2480;3508;208880;2218;1387;63;46;2218;1387;2281;1387;2281;1433;2218;1433;feb,;AAAS;IDATE;INVOICE_DATE;Invoice Date
invoice-1706.tiff;1;1;2480;3508;208881;2292;1387;83;46;2292;1387;2375;1387;2375;1433;2292;1433;2010;NNNN;IDATE;INVOICE_DATE;Invoice Date
invoice-1706.tiff;1;1;2480;3508;208882;1541;1461;119;52;1541;1461;1660;1461;1660;1513;1541;1513;Client;AAAAAA;undefined;OTHER;OTHER
invoice-1706.tiff;1;1;2480;3508;208883;1672;1461;67;52;1672;1461;1739;1461;1739;1513;1672;1513;No.;AAS;undefined;OTHER;OTHER
invoice-1706.tiff;1;1;2480;3508;208884;2166;1461;124;46;2166;1461;2290;1461;2290;1507;2166;1507;009571;NNNNNN;CNUM;CLIENT_NUMBER;Client Number
invoice-1706.tiff;1;1;2480;3508;208885;156;1966;104;52;156;1966;260;1966;260;2018;156;2018;S.No.;ASAAS;undefined;OTHER;OTHER
invoice-1706.tiff;1;1;2480;3508;208886;489;1966;157;52;489;1966;646;1966;646;2018;489;2018;Product;AAAAAAA;undefined;OTHER;OTHER
invoice-1706.tiff;1;1;2480;3508;208887;658;1966;226;52;658;1966;884;1966;884;2018;658;2018;Description;AAAAAAAAAAA;undefined;OTHER;OTHER
invoice-1706.tiff;1;1;2480;3508;208888;1141;1966;175;52;1141;1966;1316;1966;1316;2018;1141;2018;Quantity;AAAAAAAA;undefined;OTHER;OTHER
invoice-1706.tiff;1;1;2480;3508;208889;1420;1966;86;52;1420;1966;1506;1966;1506;2018;1420;2018;Unit;AAAA;undefined;OTHER;OTHER
invoice-1706.tiff;1;1;2480;3508;208890;1518;1966;101;52;1518;1966;1619;1966;1619;2018;1518;2018;Price;AAAAA;undefined;OTHER;OTHER
invoice-1706.tiff;1;1;2480;3508;208891;1712;1966;96;52;1712;1966;1808;1966;1808;2018;1712;2018;TVA;AAA;undefined;OTHER;OTHER
invoice-1706.tiff;1;1;2480;3508;208892;1820;1966;91;52;1820;1966;1911;1966;1911;2018;1820;2018;Rate;AAAA;undefined;OTHER;OTHER
invoice-1706.tiff;1;1;2480;3508;208893;2051;1966;104;52;2051;1966;2155;1966;2155;2018;2051;2018;Total;AAAAA;undefined;OTHER;OTHER
invoice-1706.tiff;1;1;2480;3508;208894;197;2040;20;48;197;2040;217;2040;217;2088;197;2088;1;N;undefined;OTHER;OTHER
invoice-1706.tiff;1;1;2480;3508;208895;291;2040;108;48;291;2040;399;2040;399;2088;291;2088;Robot;AAAAA;undefined;OTHER;OTHER
invoice-1706.tiff;1;1;2480;3508;208896;410;2040;240;48;410;2040;650;2040;650;2088;410;2088;multifonction;AAAAAAAAAAAAA;undefined;OTHER;OTHER
invoice-1706.tiff;1;1;2480;3508;208897;662;2040;113;48;662;2040;775;2040;775;2088;662;2088;Braun;AAAAA;undefined;OTHER;OTHER
invoice-1706.tiff;1;1;2480;3508;208898;785;2040;194;48;785;2040;979;2040;979;2088;785;2088;FP5160BK;AANNNNAA;undefined;OTHER;OTHER
invoice-1706.tiff;1;1;2480;3508;208900;1218;2040;20;48;1218;2040;1238;2040;1238;2088;1218;2088;4;N;undefined;OTHER;OTHER
invoice-1706.tiff;1;1;2480;3508;208901;1447;2040;114;48;1447;2040;1561;2040;1561;2088;1447;2088;102,51;NNNSNN;undefined;OTHER;OTHER
invoice-1706.tiff;1;1;2480;3508;208902;1572;2040;20;48;1572;2040;1592;2040;1592;2088;1572;2088;$;S;undefined;OTHER;OTHER
invoice-1706.tiff;1;1;2480;3508;208903;1755;2040;114;48;1755;2040;1869;2040;1869;2088;1755;2088;20.0%;NNSNS;undefined;OTHER;OTHER
invoice-1706.tiff;1;1;2480;3508;208904;2031;2040;114;48;2031;2040;2145;2040;2145;2088;2031;2088;410,03;NNNSNN;undefined;OTHER;OTHER
invoice-1706.tiff;1;1;2480;3508;208905;2156;2040;20;48;2156;2040;2176;2040;2176;2088;2156;2088;$;S;undefined;OTHER;OTHER
invoice-1706.tiff;1;1;2480;3508;208899;291;2088;208;48;291;2088;499;2088;499;2136;291;2136;PREMIUM;AAAAAAA;undefined;OTHER;OTHER
invoice-1706.tiff;1;1;2480;3508;208906;197;2177;20;48;197;2177;217;2177;217;2225;197;2225;2;N;undefined;OTHER;OTHER
invoice-1706.tiff;1;1;2480;3508;208907;291;2177;111;48;291;2177;402;2177;402;2225;291;2225;Bottes;AAAAAA;undefined;OTHER;OTHER
invoice-1706.tiff;1;1;2480;3508;208908;413;2177;41;48;413;2177;454;2177;454;2225;413;2225;de;AA;undefined;OTHER;OTHER
invoice-1706.tiff;1;1;2480;3508;208909;465;2177;261;48;465;2177;726;2177;726;2225;465;2225;pressothérapie;AAAAAAAAAAAAAA;undefined;OTHER;OTHER
invoice-1706.tiff;1;1;2480;3508;208910;737;2177;236;48;737;2177;973;2177;973;2225;737;2225;Venenwalker;AAAAAAAAAAA;undefined;OTHER;OTHER
invoice-1706.tiff;1;1;2480;3508;208915;1218;2177;20;48;1218;2177;1238;2177;1238;2225;1218;2225;3;N;undefined;OTHER;OTHER
invoice-1706.tiff;1;1;2480;3508;208916;1447;2177;114;48;1447;2177;1561;2177;1561;2225;1447;2225;249,99;NNNSNN;undefined;OTHER;OTHER
invoice-1706.tiff;1;1;2480;3508;208917;1572;2177;20;48;1572;2177;1592;2177;1592;2225;1572;2225;$;S;undefined;OTHER;OTHER
invoice-1706.tiff;1;1;2480;3508;208918;1755;2177;114;48;1755;2177;1869;2177;1869;2225;1755;2225;20.0%;NNSNS;undefined;OTHER;OTHER
invoice-1706.tiff;1;1;2480;3508;208919;2031;2177;114;48;2031;2177;2145;2177;2145;2225;2031;2225;749,98;NNNSNN;undefined;OTHER;OTHER
invoice-1706.tiff;1;1;2480;3508;208920;2156;2177;20;48;2156;2177;2176;2177;2176;2225;2156;2225;$;S;undefined;OTHER;OTHER
invoice-1706.tiff;1;1;2480;3508;208911;291;2225;111;48;291;2225;402;2225;402;2273;291;2273;Bottes;AAAAAA;undefined;OTHER;OTHER
invoice-1706.tiff;1;1;2480;3508;208912;413;2225;41;48;413;2225;454;2225;454;2273;413;2273;de;AA;undefined;OTHER;OTHER
invoice-1706.tiff;1;1;2480;3508;208913;465;2225;261;48;465;2225;726;2225;726;2273;465;2273;pressothérapie;AAAAAAAAAAAAAA;undefined;OTHER;OTHER
invoice-1706.tiff;1;1;2480;3508;208914;737;2225;64;48;737;2225;801;2225;801;2273;737;2273;Pro;AAA;undefined;OTHER;OTHER
invoice-1706.tiff;1;1;2480;3508;208921;1895;2357;104;52;1895;2357;1999;2357;1999;2409;1895;2409;Total;AAAAA;undefined;OTHER;OTHER
invoice-1706.tiff;1;1;2480;3508;208922;2041;2357;135;48;2041;2357;2176;2357;2176;2405;2041;2405;1160,01;NNNNSNN;TWTX;TOTAL_WITHOUT_TAX;TWTXS
invoice-1706.tiff;1;1;2480;3508;208923;2187;2357;20;48;2187;2357;2207;2357;2207;2405;2187;2405;$;S;TWTX;TOTAL_WITHOUT_TAX;TWTXS
invoice-1706.tiff;1;1;2480;3508;208924;1852;2410;96;52;1852;2410;1948;2410;1948;2462;1852;2462;TVA;AAA;undefined;OTHER;OTHER
invoice-1706.tiff;1;1;2480;3508;208925;1960;2410;91;52;1960;2410;2051;2410;2051;2462;1960;2462;Rate;AAAA;undefined;OTHER;OTHER
invoice-1706.tiff;1;1;2480;3508;208926;2093;2410;114;48;2093;2410;2207;2410;2207;2458;2093;2458;20.0%;NNSNS;TXR;TAX_RATE;Tax Rate
invoice-1706.tiff;1;1;2480;3508;208927;1772;2462;76;52;1772;2462;1848;2462;1848;2514;1772;2514;Tax;AAA;undefined;OTHER;OTHER
invoice-1706.tiff;1;1;2480;3508;208928;1860;2462;160;52;1860;2462;2020;2462;2020;2514;1860;2514;Amount;AAAAAA;undefined;OTHER;OTHER
invoice-1706.tiff;1;1;2480;3508;208929;2062;2462;114;48;2062;2462;2176;2462;2176;2510;2062;2510;232,00;NNNSNN;TTX;TOTAL_TAX;Total Tax
invoice-1706.tiff;1;1;2480;3508;208930;2187;2462;20;48;2187;2462;2207;2462;2207;2510;2187;2510;$;S;TTX;TOTAL_TAX;Total Tax
invoice-1706.tiff;1;1;2480;3508;208931;1707;2515;160;52;1707;2515;1867;2515;1867;2567;1707;2567;Amount;AAAAAA;undefined;OTHER;OTHER
invoice-1706.tiff;1;1;2480;3508;208932;1879;2515;38;52;1879;2515;1917;2515;1917;2567;1879;2567;to;AA;undefined;OTHER;OTHER
invoice-1706.tiff;1;1;2480;3508;208933;1928;2515;71;52;1928;2515;1999;2515;1999;2567;1928;2567;pay;AAA;undefined;OTHER;OTHER
invoice-1706.tiff;1;1;2480;3508;208934;2041;2515;135;48;2041;2515;2176;2515;2176;2563;2041;2563;1392,01;NNNNSNN;TA;TOTAL_AMOUNT;Total with TAX
invoice-1706.tiff;1;1;2480;3508;208935;2187;2515;20;48;2187;2515;2207;2515;2207;2563;2187;2563;$;S;TA;TOTAL_AMOUNT;Total with TAX
invoice-1706.tiff;1;1;2480;3508;208936;124;2897;119;52;124;2897;243;2897;243;2949;124;2949;Payed;AAAAA;undefined;OTHER;OTHER
invoice-1706.tiff;1;1;2480;3508;208937;256;2897;157;52;256;2897;413;2897;413;2949;256;2949;through;AAAAAAA;undefined;OTHER;OTHER
invoice-1706.tiff;1;1;2480;3508;208938;750;2897;104;46;750;2897;854;2897;854;2943;750;2943;Credit;AAAAAA;PMODE;PAYMENT_MODE;Payment Mode
invoice-1706.tiff;1;1;2480;3508;208939;864;2897;71;46;864;2897;935;2897;935;2943;864;2943;card;AAAA;PMODE;PAYMENT_MODE;Payment Mode
invoice-1706.tiff;1;1;2480;3508;208940;124;3154;266;48;124;3154;390;3154;390;3202;124;3202;CARREFOUR;AAAAAAAAA;SN;SUPPLIER_NAME;Seller/Company) name
invoice-1706.tiff;1;1;2480;3508;208941;401;3154;208;48;401;3154;609;3154;609;3202;401;3202;CONTACT;AAAAAAA;SN;SUPPLIER_NAME;Seller/Company) name
invoice-1706.tiff;1;1;2480;3508;208942;124;3202;48;45;124;3202;172;3202;172;3247;124;3247;LE;AA;SA;SUPPLIER_ADDRESS;Seller Address
invoice-1706.tiff;1;1;2480;3508;208943;184;3202;141;45;184;3202;325;3202;325;3247;184;3247;BOURG;AAAAA;SA;SUPPLIER_ADDRESS;Seller Address
invoice-1706.tiff;1;1;2480;3508;208944;333;3202;13;45;333;3202;346;3202;346;3247;333;3247;-;S;SA;SUPPLIER_ADDRESS;Seller Address
invoice-1706.tiff;1;1;2480;3508;208945;357;3202;104;45;357;3202;461;3202;461;3247;357;3247;69460;NNNNN;SA;SUPPLIER_ADDRESS;Seller Address
invoice-1706.tiff;1;1;2480;3508;208946;480;3202;48;45;480;3202;528;3202;528;3247;480;3247;LE;AA;SA;SUPPLIER_ADDRESS;Seller Address
invoice-1706.tiff;1;1;2480;3508;208947;539;3202;185;45;539;3202;724;3202;724;3247;539;3247;PERREON;AAAAAAA;SA;SUPPLIER_ADDRESS;Seller Address
invoice-1706.tiff;1;1;2480;3508;208948;733;3202;13;45;733;3202;746;3202;746;3247;733;3247;-;S;SA;SUPPLIER_ADDRESS;Seller Address
invoice-1706.tiff;1;1;2480;3508;208949;757;3202;157;45;757;3202;914;3202;914;3247;757;3247;FRANCE;AAAAAA;SA;SUPPLIER_ADDRESS;Seller Address
