src;num_pages;page_id;page_width;page_height;id;col;row;width;height;x1;y1;x2;y2;x3;y3;x4;y4;contents;contents_masked;correctclass;tag;description
invoice-2991.tiff;1;1;2480;3508;368041;124;62;365;175;124;62;489;62;489;237;124;237;common/logo;AAAAAASAAAA;img;IMAGE;Image
invoice-2991.tiff;1;1;2480;3508;368056;1541;258;66;59;1541;258;1607;258;1607;317;1541;317;Du;AA;undefined;OTHER;OTHER
invoice-2991.tiff;1;1;2480;3508;368057;1670;258;25;52;1670;258;1695;258;1695;310;1670;310;9;N;IDATE;INVOICE_DATE;Invoice Date
invoice-2991.tiff;1;1;2480;3508;368058;1709;258;45;52;1709;258;1754;258;1754;310;1709;310;jul;AAA;IDATE;INVOICE_DATE;Invoice Date
invoice-2991.tiff;1;1;2480;3508;368059;1767;258;101;52;1767;258;1868;258;1868;310;1767;310;2014;NNNN;IDATE;INVOICE_DATE;Invoice Date
invoice-2991.tiff;1;1;2480;3508;368042;124;412;92;49;124;412;216;412;216;461;124;461;MPB;AAA;SN;SUPPLIER_NAME;Seller/Company) name
invoice-2991.tiff;1;1;2480;3508;368043;229;412;249;49;229;412;478;412;478;461;229;461;IMMOBILIER;AAAAAAAAAA;SN;SUPPLIER_NAME;Seller/Company) name
invoice-2991.tiff;1;1;2480;3508;368044;124;462;46;48;124;462;170;462;170;510;124;510;17;NN;SA;SUPPLIER_ADDRESS;Seller Address
invoice-2991.tiff;1;1;2480;3508;368045;182;462;257;48;182;462;439;462;439;510;182;510;BOULEVARD;AAAAAAAAA;SA;SUPPLIER_ADDRESS;Seller Address
invoice-2991.tiff;1;1;2480;3508;368046;451;462;206;48;451;462;657;462;657;510;451;510;VOLTAIRE;AAAAAAAA;SA;SUPPLIER_ADDRESS;Seller Address
invoice-2991.tiff;1;1;2480;3508;368047;124;510;115;48;124;510;239;510;239;558;124;558;01000;NNNNN;SA;SUPPLIER_ADDRESS;Seller Address
invoice-2991.tiff;1;1;2480;3508;368048;282;510;152;48;282;510;434;510;434;558;282;558;BOURG;AAAAA;SA;SUPPLIER_ADDRESS;Seller Address
invoice-2991.tiff;1;1;2480;3508;368049;446;510;57;48;446;510;503;510;503;558;446;558;EN;AA;SA;SUPPLIER_ADDRESS;Seller Address
invoice-2991.tiff;1;1;2480;3508;368050;516;510;169;48;516;510;685;510;685;558;516;558;BRESSE;AAAAAA;SA;SUPPLIER_ADDRESS;Seller Address
invoice-2991.tiff;1;1;2480;3508;368051;124;558;171;48;124;558;295;558;295;606;124;606;FRANCE;AAAAAA;SA;SUPPLIER_ADDRESS;Seller Address
invoice-2991.tiff;1;1;2480;3508;368052;124;606;196;48;124;606;320;606;320;654;124;654;Téléphone;AAAAAAAAA;undefined;OTHER;OTHER
invoice-2991.tiff;1;1;2480;3508;368053;384;606;287;48;384;606;671;606;671;654;384;654;01-26-82-69-17;NNSNNSNNSNNSNN;SCN;SUPPLIER_CONTACT_NUMBER;Seller Contact Number
invoice-2991.tiff;1;1;2480;3508;368054;124;654;180;48;124;654;304;654;304;702;124;702;Télécopie;AAAAAAAAA;undefined;OTHER;OTHER
invoice-2991.tiff;1;1;2480;3508;368055;368;654;287;48;368;654;655;654;655;702;368;702;01-26-82-98-62;NNSNNSNNSNNSNN;SFAX;SUPPLIER_FAX_NUMBER;Seller Fax Number
invoice-2991.tiff;1;1;2480;3508;368073;1541;1099;81;49;1541;1099;1622;1099;1622;1148;1541;1148;Mlle;AAAA;BN;BILLING_NAME;Billing Name
invoice-2991.tiff;1;1;2480;3508;368074;1634;1099;145;49;1634;1099;1779;1099;1779;1148;1634;1148;Justine;AAAAAAA;BN;BILLING_NAME;Billing Name
invoice-2991.tiff;1;1;2480;3508;368075;1791;1099;108;49;1791;1099;1899;1099;1899;1148;1791;1148;Laine;AAAAA;BN;BILLING_NAME;Billing Name
invoice-2991.tiff;1;1;2480;3508;368076;1541;1148;34;48;1541;1148;1575;1148;1575;1196;1541;1196;2,;NS;BA;BILLING_ADDRESS;Billing Address
invoice-2991.tiff;1;1;2480;3508;368077;1587;1148;60;48;1587;1148;1647;1148;1647;1196;1587;1196;rue;AAA;BA;BILLING_ADDRESS;Billing Address
invoice-2991.tiff;1;1;2480;3508;368078;1659;1148;148;48;1659;1148;1807;1148;1807;1196;1659;1196;auguste;AAAAAAA;BA;BILLING_ADDRESS;Billing Address
invoice-2991.tiff;1;1;2480;3508;368079;1819;1148;134;48;1819;1148;1953;1148;1953;1196;1819;1196;blanqui;AAAAAAA;BA;BILLING_ADDRESS;Billing Address
invoice-2991.tiff;1;1;2480;3508;368060;124;1163;51;54;124;1163;175;1163;175;1217;124;1217;N°;AS;undefined;OTHER;OTHER
invoice-2991.tiff;1;1;2480;3508;368061;189;1163;152;54;189;1163;341;1163;341;1217;189;1217;facture;AAAAAAA;undefined;OTHER;OTHER
invoice-2991.tiff;1;1;2480;3508;368062;750;1163;162;48;750;1163;912;1163;912;1211;750;1211;0098579;NNNNNNN;IN;INVOICE_NUMBER;Invoice Number
invoice-2991.tiff;1;1;2480;3508;368080;1541;1197;115;48;1541;1197;1656;1197;1656;1245;1541;1245;22000;NNNNN;BA;BILLING_ADDRESS;Billing Address
invoice-2991.tiff;1;1;2480;3508;368081;1699;1197;226;48;1699;1197;1925;1197;1925;1245;1699;1245;Saint-Brieuc;AAAAASAAAAAA;BA;BILLING_ADDRESS;Billing Address
invoice-2991.tiff;1;1;2480;3508;368063;124;1238;51;54;124;1238;175;1238;175;1292;124;1292;N°;AS;undefined;OTHER;OTHER
invoice-2991.tiff;1;1;2480;3508;368064;189;1238;119;54;189;1238;308;1238;308;1292;189;1292;client;AAAAAA;undefined;OTHER;OTHER
invoice-2991.tiff;1;1;2480;3508;368065;750;1238;139;48;750;1238;889;1238;889;1286;750;1286;004923;NNNNNN;CNUM;CLIENT_NUMBER;Client Number
invoice-2991.tiff;1;1;2480;3508;368082;1541;1245;129;48;1541;1245;1670;1245;1670;1293;1541;1293;France;AAAAAA;BA;BILLING_ADDRESS;Billing Address
invoice-2991.tiff;1;1;2480;3508;368066;124;1314;51;54;124;1314;175;1314;175;1368;124;1368;N°;AS;undefined;OTHER;OTHER
invoice-2991.tiff;1;1;2480;3508;368067;189;1314;241;54;189;1314;430;1314;430;1368;189;1368;commande;AAAAAAAA;undefined;OTHER;OTHER
invoice-2991.tiff;1;1;2480;3508;368068;750;1314;115;48;750;1314;865;1314;865;1362;750;1362;99688;NNNNN;ONUM;ORDER_NUMBER;Order Number
invoice-2991.tiff;1;1;2480;3508;368083;1541;1335;197;59;1541;1335;1738;1335;1738;1394;1541;1394;Adresse;AAAAAAA;undefined;OTHER;OTHER
invoice-2991.tiff;1;1;2480;3508;368084;1752;1335;58;59;1752;1335;1810;1335;1810;1394;1752;1394;de;AA;undefined;OTHER;OTHER
invoice-2991.tiff;1;1;2480;3508;368085;1825;1335;222;59;1825;1335;2047;1335;2047;1394;1825;1394;Livraison;AAAAAAAAA;undefined;OTHER;OTHER
invoice-2991.tiff;1;1;2480;3508;368069;124;1389;106;54;124;1389;230;1389;230;1443;124;1443;Type;AAAA;undefined;OTHER;OTHER
invoice-2991.tiff;1;1;2480;3508;368070;244;1389;53;54;244;1389;297;1389;297;1443;244;1443;de;AA;undefined;OTHER;OTHER
invoice-2991.tiff;1;1;2480;3508;368071;310;1389;201;54;310;1389;511;1389;511;1443;310;1443;paiement;AAAAAAAA;undefined;OTHER;OTHER
invoice-2991.tiff;1;1;2480;3508;368072;750;1389;127;48;750;1389;877;1389;877;1437;750;1437;Paypal;AAAAAA;PMODE;PAYMENT_MODE;Payment Mode
invoice-2991.tiff;1;1;2480;3508;368086;1541;1394;81;49;1541;1394;1622;1394;1622;1443;1541;1443;Mlle;AAAA;SHN;SHIPPING_NAME;Shipping Name
invoice-2991.tiff;1;1;2480;3508;368087;1634;1394;145;49;1634;1394;1779;1394;1779;1443;1634;1443;Justine;AAAAAAA;SHN;SHIPPING_NAME;Shipping Name
invoice-2991.tiff;1;1;2480;3508;368088;1791;1394;108;49;1791;1394;1899;1394;1899;1443;1791;1443;Laine;AAAAA;SHN;SHIPPING_NAME;Shipping Name
invoice-2991.tiff;1;1;2480;3508;368089;1541;1444;34;48;1541;1444;1575;1444;1575;1492;1541;1492;2,;NS;SHA;SHIPPING_ADDRESS;Shipping Address
invoice-2991.tiff;1;1;2480;3508;368090;1587;1444;60;48;1587;1444;1647;1444;1647;1492;1587;1492;rue;AAA;SHA;SHIPPING_ADDRESS;Shipping Address
invoice-2991.tiff;1;1;2480;3508;368091;1659;1444;67;48;1659;1444;1726;1444;1726;1492;1659;1492;des;AAA;SHA;SHIPPING_ADDRESS;Shipping Address
invoice-2991.tiff;1;1;2480;3508;368092;1738;1444;132;48;1738;1444;1870;1444;1870;1492;1738;1492;basses;AAAAAA;SHA;SHIPPING_ADDRESS;Shipping Address
invoice-2991.tiff;1;1;2480;3508;368093;1882;1444;243;48;1882;1444;2125;1444;2125;1492;1882;1492;chauffeterres;AAAAAAAAAAAAA;SHA;SHIPPING_ADDRESS;Shipping Address
invoice-2991.tiff;1;1;2480;3508;368094;1541;1492;115;48;1541;1492;1656;1492;1656;1540;1541;1540;14190;NNNNN;SHA;SHIPPING_ADDRESS;Shipping Address
invoice-2991.tiff;1;1;2480;3508;368095;1699;1492;467;48;1699;1492;2166;1492;2166;1540;1699;1540;Saint-Germain-le-Vasson;AAAAASAAAAAAASAASAAAAAA;SHA;SHIPPING_ADDRESS;Shipping Address
invoice-2991.tiff;1;1;2480;3508;368096;1541;1540;129;48;1541;1540;1670;1540;1670;1588;1541;1588;France;AAAAAA;SHA;SHIPPING_ADDRESS;Shipping Address
invoice-2991.tiff;1;1;2480;3508;368097;211;1855;76;54;211;1855;287;1855;287;1909;211;1909;Qté;AAA;undefined;OTHER;OTHER
invoice-2991.tiff;1;1;2480;3508;368098;681;1855;262;54;681;1855;943;1855;943;1909;681;1909;Désignation;AAAAAAAAAAA;undefined;OTHER;OTHER
invoice-2991.tiff;1;1;2480;3508;368099;1384;1855;63;54;1384;1855;1447;1855;1447;1909;1384;1909;UP;AA;undefined;OTHER;OTHER
invoice-2991.tiff;1;1;2480;3508;368100;1704;1855;91;54;1704;1855;1795;1855;1795;1909;1704;1909;TVA;AAA;undefined;OTHER;OTHER
invoice-2991.tiff;1;1;2480;3508;368101;1944;1855;178;54;1944;1855;2122;1855;2122;1909;1944;1909;Montant;AAAAAAA;undefined;OTHER;OTHER
invoice-2991.tiff;1;1;2480;3508;368102;2135;1855;86;54;2135;1855;2221;1855;2221;1909;2135;1909;H.T.;ASAS;undefined;OTHER;OTHER
invoice-2991.tiff;1;1;2480;3508;368103;238;1931;23;49;238;1931;261;1931;261;1980;238;1980;2;N;undefined;OTHER;OTHER
invoice-2991.tiff;1;1;2480;3508;368104;375;1931;155;49;375;1931;530;1931;530;1980;375;1980;Batterie;AAAAAAAA;undefined;OTHER;OTHER
invoice-2991.tiff;1;1;2480;3508;368105;541;1931;148;49;541;1931;689;1931;689;1980;541;1980;externe;AAAAAAA;undefined;OTHER;OTHER
invoice-2991.tiff;1;1;2480;3508;368106;701;1931;208;49;701;1931;909;1931;909;1980;701;1980;Essentielb;AAAAAAAAAA;undefined;OTHER;OTHER
invoice-2991.tiff;1;1;2480;3508;368107;921;1931;92;49;921;1931;1013;1931;1013;1980;921;1980;2500;NNNN;undefined;OTHER;OTHER
invoice-2991.tiff;1;1;2480;3508;368108;1025;1931;92;49;1025;1931;1117;1931;1117;1980;1025;1980;mAh;AAA;undefined;OTHER;OTHER
invoice-2991.tiff;1;1;2480;3508;368111;1358;1931;81;49;1358;1931;1439;1931;1439;1980;1358;1980;8,32;NSNN;undefined;OTHER;OTHER
invoice-2991.tiff;1;1;2480;3508;368112;1451;1931;23;49;1451;1931;1474;1931;1474;1980;1451;1980;$;S;undefined;OTHER;OTHER
invoice-2991.tiff;1;1;2480;3508;368113;1690;1931;118;49;1690;1931;1808;1931;1808;1980;1690;1980;20.0%;NNSNS;undefined;OTHER;OTHER
invoice-2991.tiff;1;1;2480;3508;368114;2013;1931;104;49;2013;1931;2117;1931;2117;1980;2013;1980;16,65;NNSNN;undefined;OTHER;OTHER
invoice-2991.tiff;1;1;2480;3508;368115;2129;1931;23;49;2129;1931;2152;1931;2152;1980;2129;1980;$;S;undefined;OTHER;OTHER
invoice-2991.tiff;1;1;2480;3508;368109;375;1980;162;49;375;1980;537;1980;537;2029;375;2029;Journée;AAAAAAA;undefined;OTHER;OTHER
invoice-2991.tiff;1;1;2480;3508;368110;548;1980;97;49;548;1980;645;1980;645;2029;548;2029;-Noir;SAAAA;undefined;OTHER;OTHER
invoice-2991.tiff;1;1;2480;3508;368116;1468;2113;147;52;1468;2113;1615;2113;1615;2165;1468;2165;TOTAL;AAAAA;undefined;OTHER;OTHER
invoice-2991.tiff;1;1;2480;3508;368117;1628;2113;175;52;1628;2113;1803;2113;1803;2165;1628;2165;REMISE;AAAAAA;undefined;OTHER;OTHER
invoice-2991.tiff;1;1;2480;3508;368118;1817;2113;254;52;1817;2113;2071;2113;2071;2165;1817;2165;IMMEDIATE;AAAAAAAAA;undefined;OTHER;OTHER
invoice-2991.tiff;1;1;2480;3508;368119;2092;2113;81;48;2092;2113;2173;2113;2173;2161;2092;2161;0,00;NSNN;undefined;OTHER;OTHER
invoice-2991.tiff;1;1;2480;3508;368120;2185;2113;23;48;2185;2113;2208;2113;2208;2161;2185;2161;$;S;undefined;OTHER;OTHER
invoice-2991.tiff;1;1;2480;3508;368121;1762;2166;165;52;1762;2166;1927;2166;1927;2218;1762;2218;Montant;AAAAAAA;undefined;OTHER;OTHER
invoice-2991.tiff;1;1;2480;3508;368122;1941;2166;86;52;1941;2166;2027;2166;2027;2218;1941;2218;H.T.;ASAS;undefined;OTHER;OTHER
invoice-2991.tiff;1;1;2480;3508;368123;2069;2166;104;48;2069;2166;2173;2166;2173;2214;2069;2214;16,65;NNSNN;TWTX;TOTAL_WITHOUT_TAX;TWTXS
invoice-2991.tiff;1;1;2480;3508;368124;2185;2166;23;48;2185;2166;2208;2166;2208;2214;2185;2214;$;S;TWTX;TOTAL_WITHOUT_TAX;TWTXS
invoice-2991.tiff;1;1;2480;3508;368125;1783;2219;165;52;1783;2219;1948;2219;1948;2271;1783;2271;Montant;AAAAAAA;undefined;OTHER;OTHER
invoice-2991.tiff;1;1;2480;3508;368126;1961;2219;89;52;1961;2219;2050;2219;2050;2271;1961;2271;TVA;AAA;undefined;OTHER;OTHER
invoice-2991.tiff;1;1;2480;3508;368127;2092;2219;81;48;2092;2219;2173;2219;2173;2267;2092;2267;3,33;NSNN;TTX;TOTAL_TAX;Total Tax
invoice-2991.tiff;1;1;2480;3508;368128;2185;2219;23;48;2185;2219;2208;2219;2208;2267;2185;2267;$;S;TTX;TOTAL_TAX;Total Tax
invoice-2991.tiff;1;1;2480;3508;368129;1760;2272;165;52;1760;2272;1925;2272;1925;2324;1760;2324;Montant;AAAAAAA;undefined;OTHER;OTHER
invoice-2991.tiff;1;1;2480;3508;368130;1938;2272;89;52;1938;2272;2027;2272;2027;2324;1938;2324;TTC;AAA;undefined;OTHER;OTHER
invoice-2991.tiff;1;1;2480;3508;368131;2069;2272;104;48;2069;2272;2173;2272;2173;2320;2069;2320;19,98;NNSNN;TA;TOTAL_AMOUNT;Total with TAX
invoice-2991.tiff;1;1;2480;3508;368132;2185;2272;23;48;2185;2272;2208;2272;2208;2320;2185;2320;$;S;TA;TOTAL_AMOUNT;Total with TAX
invoice-2991.tiff;1;1;2480;3508;368133;1895;3154;92;49;1895;3154;1987;3154;1987;3203;1895;3203;MPB;AAA;SN;SUPPLIER_NAME;Seller/Company) name
invoice-2991.tiff;1;1;2480;3508;368134;1999;3154;249;49;1999;3154;2248;3154;2248;3203;1999;3203;IMMOBILIER;AAAAAAAAAA;SN;SUPPLIER_NAME;Seller/Company) name
invoice-2991.tiff;1;1;2480;3508;368135;947;3203;46;48;947;3203;993;3203;993;3251;947;3251;17;NN;SA;SUPPLIER_ADDRESS;Seller Address
invoice-2991.tiff;1;1;2480;3508;368136;1005;3203;257;48;1005;3203;1262;3203;1262;3251;1005;3251;BOULEVARD;AAAAAAAAA;SA;SUPPLIER_ADDRESS;Seller Address
invoice-2991.tiff;1;1;2480;3508;368137;1274;3203;206;48;1274;3203;1480;3203;1480;3251;1274;3251;VOLTAIRE;AAAAAAAA;SA;SUPPLIER_ADDRESS;Seller Address
invoice-2991.tiff;1;1;2480;3508;368138;1488;3203;11;48;1488;3203;1499;3203;1499;3251;1488;3251;,;S;SA;SUPPLIER_ADDRESS;Seller Address
invoice-2991.tiff;1;1;2480;3508;368139;1511;3203;115;48;1511;3203;1626;3203;1626;3251;1511;3251;01000;NNNNN;SA;SUPPLIER_ADDRESS;Seller Address
invoice-2991.tiff;1;1;2480;3508;368140;1636;3203;152;48;1636;3203;1788;3203;1788;3251;1636;3251;BOURG;AAAAA;SA;SUPPLIER_ADDRESS;Seller Address
invoice-2991.tiff;1;1;2480;3508;368141;1800;3203;57;48;1800;3203;1857;3203;1857;3251;1800;3251;EN;AA;SA;SUPPLIER_ADDRESS;Seller Address
invoice-2991.tiff;1;1;2480;3508;368142;1869;3203;169;48;1869;3203;2038;3203;2038;3251;1869;3251;BRESSE;AAAAAA;SA;SUPPLIER_ADDRESS;Seller Address
invoice-2991.tiff;1;1;2480;3508;368143;2047;3203;11;48;2047;3203;2058;3203;2058;3251;2047;3251;,;S;SA;SUPPLIER_ADDRESS;Seller Address
invoice-2991.tiff;1;1;2480;3508;368144;2070;3203;171;48;2070;3203;2241;3203;2241;3251;2070;3251;FRANCE;AAAAAA;SA;SUPPLIER_ADDRESS;Seller Address
