src;num_pages;page_id;page_width;page_height;id;col;row;width;height;x1;y1;x2;y2;x3;y3;x4;y4;contents;contents_masked;correctclass;tag;description
invoice-1813.tiff;1;1;2480;3508;222273;1541;62;165;175;1541;62;1706;62;1706;237;1541;237;common/logo;AAAAAASAAAA;img;IMAGE;Image
invoice-1813.tiff;1;1;2480;3508;222270;124;270;166;57;124;270;290;270;290;327;124;327;Facture;AAAAAAA;undefined;OTHER;OTHER
invoice-1813.tiff;1;1;2480;3508;222271;304;270;47;57;304;270;351;270;351;327;304;327;n°;AS;undefined;OTHER;OTHER
invoice-1813.tiff;1;1;2480;3508;222272;414;270;285;50;414;270;699;270;699;320;414;320;FV2011009591;AANNNNNNNNNN;IN;INVOICE_NUMBER;Invoice Number
invoice-1813.tiff;1;1;2480;3508;222274;1541;412;194;48;1541;412;1735;412;1735;460;1541;460;MAISONS;AAAAAAA;SN;SUPPLIER_NAME;Seller/Company) name
invoice-1813.tiff;1;1;2480;3508;222275;1746;412;120;48;1746;412;1866;412;1866;460;1746;460;MTLF;AAAA;SN;SUPPLIER_NAME;Seller/Company) name
invoice-1813.tiff;1;1;2480;3508;222276;1541;460;41;45;1541;460;1582;460;1582;505;1541;505;28;NN;SA;SUPPLIER_ADDRESS;Seller Address
invoice-1813.tiff;1;1;2480;3508;222277;1593;460;81;45;1593;460;1674;460;1674;505;1593;505;RUE;AAA;SA;SUPPLIER_ADDRESS;Seller Address
invoice-1813.tiff;1;1;2480;3508;222278;1685;460;233;45;1685;460;1918;460;1918;505;1685;505;ALEXANDRE;AAAAAAAAA;SA;SUPPLIER_ADDRESS;Seller Address
invoice-1813.tiff;1;1;2480;3508;222279;1929;460;194;45;1929;460;2123;460;2123;505;1929;505;BOUCHER;AAAAAAA;SA;SUPPLIER_ADDRESS;Seller Address
invoice-1813.tiff;1;1;2480;3508;222280;1541;506;104;45;1541;506;1645;506;1645;551;1541;551;93410;NNNNN;SA;SUPPLIER_ADDRESS;Seller Address
invoice-1813.tiff;1;1;2480;3508;222281;1687;506;205;45;1687;506;1892;506;1892;551;1687;551;VAUJOURS;AAAAAAAA;SA;SUPPLIER_ADDRESS;Seller Address
invoice-1813.tiff;1;1;2480;3508;222282;1541;552;157;45;1541;552;1698;552;1698;597;1541;597;FRANCE;AAAAAA;SA;SUPPLIER_ADDRESS;Seller Address
invoice-1813.tiff;1;1;2480;3508;222283;1541;598;134;45;1541;598;1675;598;1675;643;1541;643;Numéro;AAAAAA;undefined;OTHER;OTHER
invoice-1813.tiff;1;1;2480;3508;222284;1686;598;39;45;1686;598;1725;598;1725;643;1686;643;de;AA;undefined;OTHER;OTHER
invoice-1813.tiff;1;1;2480;3508;222285;1736;598;53;45;1736;598;1789;598;1789;643;1736;643;Tel;AAA;undefined;OTHER;OTHER
invoice-1813.tiff;1;1;2480;3508;222286;1851;598;263;45;1851;598;2114;598;2114;643;1851;643;03-13-31-79-43;NNSNNSNNSNNSNN;SCN;SUPPLIER_CONTACT_NUMBER;Seller Contact Number
invoice-1813.tiff;1;1;2480;3508;222287;1541;643;134;45;1541;643;1675;643;1675;688;1541;688;Numéro;AAAAAA;undefined;OTHER;OTHER
invoice-1813.tiff;1;1;2480;3508;222288;1686;643;39;45;1686;643;1725;643;1725;688;1686;688;de;AA;undefined;OTHER;OTHER
invoice-1813.tiff;1;1;2480;3508;222289;1736;643;64;45;1736;643;1800;643;1800;688;1736;688;Fax;AAA;undefined;OTHER;OTHER
invoice-1813.tiff;1;1;2480;3508;222290;1863;643;263;45;1863;643;2126;643;2126;688;1863;688;03-13-31-17-31;NNSNNSNNSNNSNN;SFAX;SUPPLIER_FAX_NUMBER;Seller Fax Number
invoice-1813.tiff;1;1;2480;3508;222291;124;1073;83;48;124;1073;207;1073;207;1121;124;1121;Lina;AAAA;BN;BILLING_NAME;Billing Name
invoice-1813.tiff;1;1;2480;3508;222292;218;1073;138;48;218;1073;356;1073;356;1121;218;1121;Barbier;AAAAAAA;BN;BILLING_NAME;Billing Name
invoice-1813.tiff;1;1;2480;3508;222293;124;1121;93;45;124;1121;217;1121;217;1166;124;1166;1284,;NNNNS;BA;BILLING_ADDRESS;Billing Address
invoice-1813.tiff;1;1;2480;3508;222294;229;1121;120;45;229;1121;349;1121;349;1166;229;1166;chemin;AAAAAA;BA;BILLING_ADDRESS;Billing Address
invoice-1813.tiff;1;1;2480;3508;222295;359;1121;55;45;359;1121;414;1121;414;1166;359;1166;des;AAA;BA;BILLING_ADDRESS;Billing Address
invoice-1813.tiff;1;1;2480;3508;222296;425;1121;143;45;425;1121;568;1121;568;1166;425;1166;plateaux;AAAAAAAA;BA;BILLING_ADDRESS;Billing Address
invoice-1813.tiff;1;1;2480;3508;222297;579;1121;106;45;579;1121;685;1121;685;1166;579;1166;fleuris;AAAAAAA;BA;BILLING_ADDRESS;Billing Address
invoice-1813.tiff;1;1;2480;3508;222298;124;1167;104;45;124;1167;228;1167;228;1212;124;1212;06700;NNNNN;BA;BILLING_ADDRESS;Billing Address
invoice-1813.tiff;1;1;2480;3508;222299;270;1167;363;45;270;1167;633;1167;633;1212;270;1212;Saint-Laurent-du-Var;AAAAASAAAAAAASAASAAA;BA;BILLING_ADDRESS;Billing Address
invoice-1813.tiff;1;1;2480;3508;222313;1541;1169;58;52;1541;1169;1599;1169;1599;1221;1541;1221;Du;AA;undefined;OTHER;OTHER
invoice-1813.tiff;1;1;2480;3508;222314;2166;1169;148;46;2166;1169;2314;1169;2314;1215;2166;1215;25/08/87;NNSNNSNN;IDATE;INVOICE_DATE;Invoice Date
invoice-1813.tiff;1;1;2480;3508;222300;124;1213;120;45;124;1213;244;1213;244;1258;124;1258;France;AAAAAA;BA;BILLING_ADDRESS;Billing Address
invoice-1813.tiff;1;1;2480;3508;222315;1541;1243;119;52;1541;1243;1660;1243;1660;1295;1541;1295;Client;AAAAAA;undefined;OTHER;OTHER
invoice-1813.tiff;1;1;2480;3508;222316;1672;1243;43;52;1672;1243;1715;1243;1715;1295;1672;1295;n°;AS;undefined;OTHER;OTHER
invoice-1813.tiff;1;1;2480;3508;222317;2166;1243;199;46;2166;1243;2365;1243;2365;1289;2166;1289;CL1070002;AANNNNNNN;CNUM;CLIENT_NUMBER;Client Number
invoice-1813.tiff;1;1;2480;3508;222301;124;1301;169;57;124;1301;293;1301;293;1358;124;1358;Adresse;AAAAAAA;undefined;OTHER;OTHER
invoice-1813.tiff;1;1;2480;3508;222302;306;1301;205;57;306;1301;511;1301;511;1358;306;1358;Livraison;AAAAAAAAA;undefined;OTHER;OTHER
invoice-1813.tiff;1;1;2480;3508;222318;1541;1317;99;52;1541;1317;1640;1317;1640;1369;1541;1369;Type;AAAA;undefined;OTHER;OTHER
invoice-1813.tiff;1;1;2480;3508;222319;1652;1317;45;52;1652;1317;1697;1317;1697;1369;1652;1369;de;AA;undefined;OTHER;OTHER
invoice-1813.tiff;1;1;2480;3508;222320;1709;1317;180;52;1709;1317;1889;1317;1889;1369;1709;1369;paiement;AAAAAAAA;undefined;OTHER;OTHER
invoice-1813.tiff;1;1;2480;3508;222321;2166;1317;55;46;2166;1317;2221;1317;2221;1363;2166;1363;CB;AA;PMODE;PAYMENT_MODE;Payment Mode
invoice-1813.tiff;1;1;2480;3508;222303;124;1358;83;48;124;1358;207;1358;207;1406;124;1406;Lina;AAAA;SHN;SHIPPING_NAME;Shipping Name
invoice-1813.tiff;1;1;2480;3508;222304;218;1358;138;48;218;1358;356;1358;356;1406;218;1406;Barbier;AAAAAAA;SHN;SHIPPING_NAME;Shipping Name
invoice-1813.tiff;1;1;2480;3508;222305;124;1406;93;45;124;1406;217;1406;217;1451;124;1451;1284,;NNNNS;SHA;SHIPPING_ADDRESS;Shipping Address
invoice-1813.tiff;1;1;2480;3508;222306;229;1406;120;45;229;1406;349;1406;349;1451;229;1451;chemin;AAAAAA;SHA;SHIPPING_ADDRESS;Shipping Address
invoice-1813.tiff;1;1;2480;3508;222307;359;1406;55;45;359;1406;414;1406;414;1451;359;1451;des;AAA;SHA;SHIPPING_ADDRESS;Shipping Address
invoice-1813.tiff;1;1;2480;3508;222308;425;1406;143;45;425;1406;568;1406;568;1451;425;1451;plateaux;AAAAAAAA;SHA;SHIPPING_ADDRESS;Shipping Address
invoice-1813.tiff;1;1;2480;3508;222309;579;1406;106;45;579;1406;685;1406;685;1451;579;1451;fleuris;AAAAAAA;SHA;SHIPPING_ADDRESS;Shipping Address
invoice-1813.tiff;1;1;2480;3508;222310;124;1452;104;45;124;1452;228;1452;228;1497;124;1497;06700;NNNNN;SHA;SHIPPING_ADDRESS;Shipping Address
invoice-1813.tiff;1;1;2480;3508;222311;270;1452;363;45;270;1452;633;1452;633;1497;270;1497;Saint-Laurent-du-Var;AAAAASAAAAAAASAASAAA;SHA;SHIPPING_ADDRESS;Shipping Address
invoice-1813.tiff;1;1;2480;3508;222312;124;1498;120;45;124;1498;244;1498;244;1543;124;1543;France;AAAAAA;SHA;SHIPPING_ADDRESS;Shipping Address
invoice-1813.tiff;1;1;2480;3508;222322;163;1821;173;52;163;1821;336;1821;336;1873;163;1873;Quantité;AAAAAAAA;undefined;OTHER;OTHER
invoice-1813.tiff;1;1;2480;3508;222323;699;1821;226;52;699;1821;925;1821;925;1873;699;1873;Description;AAAAAAAAAAA;undefined;OTHER;OTHER
invoice-1813.tiff;1;1;2480;3508;222324;1287;1821;84;52;1287;1821;1371;1821;1371;1873;1287;1873;Prix;AAAA;undefined;OTHER;OTHER
invoice-1813.tiff;1;1;2480;3508;222325;1382;1821;162;52;1382;1821;1544;1821;1544;1873;1382;1873;Unitaire;AAAAAAAA;undefined;OTHER;OTHER
invoice-1813.tiff;1;1;2480;3508;222326;1616;1821;101;52;1616;1821;1717;1821;1717;1873;1616;1873;Taux;AAAA;undefined;OTHER;OTHER
invoice-1813.tiff;1;1;2480;3508;222327;1729;1821;45;52;1729;1821;1774;1821;1774;1873;1729;1873;de;AA;undefined;OTHER;OTHER
invoice-1813.tiff;1;1;2480;3508;222328;1786;1821;96;52;1786;1821;1882;1821;1882;1873;1786;1873;TVA;AAA;undefined;OTHER;OTHER
invoice-1813.tiff;1;1;2480;3508;222329;1959;1821;170;52;1959;1821;2129;1821;2129;1873;1959;1873;Montant;AAAAAAA;undefined;OTHER;OTHER
invoice-1813.tiff;1;1;2480;3508;222330;2141;1821;66;52;2141;1821;2207;1821;2207;1873;2141;1873;HT;AA;undefined;OTHER;OTHER
invoice-1813.tiff;1;1;2480;3508;222331;239;1895;20;48;239;1895;259;1895;259;1943;239;1943;1;N;undefined;OTHER;OTHER
invoice-1813.tiff;1;1;2480;3508;222332;375;1895;279;48;375;1895;654;1895;654;1943;375;1943;Presse-agrumes;AAAAAASAAAAAAA;undefined;OTHER;OTHER
invoice-1813.tiff;1;1;2480;3508;222333;665;1895;90;48;665;1895;755;1895;755;1943;665;1943;Listo;AAAAA;undefined;OTHER;OTHER
invoice-1813.tiff;1;1;2480;3508;222334;766;1895;55;48;766;1895;821;1895;821;1943;766;1943;PA;AA;undefined;OTHER;OTHER
invoice-1813.tiff;1;1;2480;3508;222335;832;1895;71;48;832;1895;903;1895;903;1943;832;1943;L2b;ANA;undefined;OTHER;OTHER
invoice-1813.tiff;1;1;2480;3508;222336;1364;1895;72;48;1364;1895;1436;1895;1436;1943;1364;1943;8,32;NSNN;undefined;OTHER;OTHER
invoice-1813.tiff;1;1;2480;3508;222337;1447;1895;20;48;1447;1895;1467;1895;1467;1943;1447;1943;$;S;undefined;OTHER;OTHER
invoice-1813.tiff;1;1;2480;3508;222338;1692;1895;114;48;1692;1895;1806;1895;1806;1943;1692;1943;20.0%;NNSNS;undefined;OTHER;OTHER
invoice-1813.tiff;1;1;2480;3508;222339;2031;1895;72;48;2031;1895;2103;1895;2103;1943;2031;1943;8,32;NSNN;undefined;OTHER;OTHER
invoice-1813.tiff;1;1;2480;3508;222340;2114;1895;20;48;2114;1895;2134;1895;2134;1943;2114;1943;$;S;undefined;OTHER;OTHER
invoice-1813.tiff;1;1;2480;3508;222341;239;1985;20;48;239;1985;259;1985;259;2033;239;2033;1;N;undefined;OTHER;OTHER
invoice-1813.tiff;1;1;2480;3508;222342;375;1985;108;48;375;1985;483;1985;483;2033;375;2033;Sonde;AAAAA;undefined;OTHER;OTHER
invoice-1813.tiff;1;1;2480;3508;222343;494;1985;120;48;494;1985;614;1985;614;2033;494;2033;Weber;AAAAA;undefined;OTHER;OTHER
invoice-1813.tiff;1;1;2480;3508;222344;625;1985;20;48;625;1985;645;1985;645;2033;625;2033;à;A;undefined;OTHER;OTHER
invoice-1813.tiff;1;1;2480;3508;222345;656;1985;222;48;656;1985;878;1985;878;2033;656;2033;température;AAAAAAAAAAA;undefined;OTHER;OTHER
invoice-1813.tiff;1;1;2480;3508;222346;888;1985;90;48;888;1985;978;1985;978;2033;888;2033;Igrill;AAAAAA;undefined;OTHER;OTHER
invoice-1813.tiff;1;1;2480;3508;222347;989;1985;64;48;989;1985;1053;1985;1053;2033;989;2033;Pro;AAA;undefined;OTHER;OTHER
invoice-1813.tiff;1;1;2480;3508;222348;1354;1985;93;48;1354;1985;1447;1985;1447;2033;1354;2033;13,32;NNSNN;undefined;OTHER;OTHER
invoice-1813.tiff;1;1;2480;3508;222349;1458;1985;20;48;1458;1985;1478;1985;1478;2033;1458;2033;$;S;undefined;OTHER;OTHER
invoice-1813.tiff;1;1;2480;3508;222350;1692;1985;114;48;1692;1985;1806;1985;1806;2033;1692;2033;20.0%;NNSNS;undefined;OTHER;OTHER
invoice-1813.tiff;1;1;2480;3508;222351;2020;1985;93;48;2020;1985;2113;1985;2113;2033;2020;2033;13,32;NNSNN;undefined;OTHER;OTHER
invoice-1813.tiff;1;1;2480;3508;222352;2125;1985;20;48;2125;1985;2145;1985;2145;2033;2125;2033;$;S;undefined;OTHER;OTHER
invoice-1813.tiff;1;1;2480;3508;222353;239;2075;20;48;239;2075;259;2075;259;2123;239;2123;3;N;undefined;OTHER;OTHER
invoice-1813.tiff;1;1;2480;3508;222354;375;2075;162;48;375;2075;537;2075;537;2123;375;2123;Expresso;AAAAAAAA;undefined;OTHER;OTHER
invoice-1813.tiff;1;1;2480;3508;222355;547;2075;143;48;547;2075;690;2075;690;2123;547;2123;broyeur;AAAAAAA;undefined;OTHER;OTHER
invoice-1813.tiff;1;1;2480;3508;222356;701;2075;83;48;701;2075;784;2075;784;2123;701;2123;Jura;AAAA;undefined;OTHER;OTHER
invoice-1813.tiff;1;1;2480;3508;222357;795;2075;90;48;795;2075;885;2075;885;2123;795;2123;WE8;AAN;undefined;OTHER;OTHER
invoice-1813.tiff;1;1;2480;3508;222358;895;2075;145;48;895;2075;1040;2075;1040;2123;895;2123;Chrome;AAAAAA;undefined;OTHER;OTHER
invoice-1813.tiff;1;1;2480;3508;222359;1333;2075;135;48;1333;2075;1468;2075;1468;2123;1333;2123;1582,50;NNNNSNN;undefined;OTHER;OTHER
invoice-1813.tiff;1;1;2480;3508;222360;1479;2075;20;48;1479;2075;1499;2075;1499;2123;1479;2123;$;S;undefined;OTHER;OTHER
invoice-1813.tiff;1;1;2480;3508;222361;1692;2075;114;48;1692;2075;1806;2075;1806;2123;1692;2123;20.0%;NNSNS;undefined;OTHER;OTHER
invoice-1813.tiff;1;1;2480;3508;222362;1999;2075;135;48;1999;2075;2134;2075;2134;2123;1999;2123;4747,50;NNNNSNN;undefined;OTHER;OTHER
invoice-1813.tiff;1;1;2480;3508;222363;2145;2075;20;48;2145;2075;2165;2075;2165;2123;2145;2123;$;S;undefined;OTHER;OTHER
invoice-1813.tiff;1;1;2480;3508;222364;239;2164;20;48;239;2164;259;2164;259;2212;239;2212;4;N;undefined;OTHER;OTHER
invoice-1813.tiff;1;1;2480;3508;222365;375;2164;76;48;375;2164;451;2164;451;2212;375;2212;Etui;AAAA;undefined;OTHER;OTHER
invoice-1813.tiff;1;1;2480;3508;222366;461;2164;88;48;461;2164;549;2164;549;2212;461;2212;Sony;AAAA;undefined;OTHER;OTHER
invoice-1813.tiff;1;1;2480;3508;222367;560;2164;87;48;560;2164;647;2164;647;2212;560;2212;Style;AAAAA;undefined;OTHER;OTHER
invoice-1813.tiff;1;1;2480;3508;222368;658;2164;108;48;658;2164;766;2164;766;2212;658;2212;Cover;AAAAA;undefined;OTHER;OTHER
invoice-1813.tiff;1;1;2480;3508;222369;777;2164;122;48;777;2164;899;2164;899;2212;777;2212;Xperia;AAAAAA;undefined;OTHER;OTHER
invoice-1813.tiff;1;1;2480;3508;222370;910;2164;81;48;910;2164;991;2164;991;2212;910;2212;XA1;AAN;undefined;OTHER;OTHER
invoice-1813.tiff;1;1;2480;3508;222371;1002;2164;74;48;1002;2164;1076;2164;1076;2212;1002;2212;noir;AAAA;undefined;OTHER;OTHER
invoice-1813.tiff;1;1;2480;3508;222372;1354;2164;93;48;1354;2164;1447;2164;1447;2212;1354;2212;33,33;NNSNN;undefined;OTHER;OTHER
invoice-1813.tiff;1;1;2480;3508;222373;1458;2164;20;48;1458;2164;1478;2164;1478;2212;1458;2212;$;S;undefined;OTHER;OTHER
invoice-1813.tiff;1;1;2480;3508;222374;1692;2164;114;48;1692;2164;1806;2164;1806;2212;1692;2212;20.0%;NNSNS;undefined;OTHER;OTHER
invoice-1813.tiff;1;1;2480;3508;222375;2010;2164;114;48;2010;2164;2124;2164;2124;2212;2010;2212;133,30;NNNSNN;undefined;OTHER;OTHER
invoice-1813.tiff;1;1;2480;3508;222376;2135;2164;20;48;2135;2164;2155;2164;2155;2212;2135;2212;$;S;undefined;OTHER;OTHER
invoice-1813.tiff;1;1;2480;3508;222377;239;2254;20;48;239;2254;259;2254;259;2302;239;2302;3;N;undefined;OTHER;OTHER
invoice-1813.tiff;1;1;2480;3508;222378;375;2254;62;48;375;2254;437;2254;437;2302;375;2302;Fer;AAA;undefined;OTHER;OTHER
invoice-1813.tiff;1;1;2480;3508;222379;447;2254;20;48;447;2254;467;2254;467;2302;447;2302;à;A;undefined;OTHER;OTHER
invoice-1813.tiff;1;1;2480;3508;222380;479;2254;134;48;479;2254;613;2254;613;2302;479;2302;boucler;AAAAAAA;undefined;OTHER;OTHER
invoice-1813.tiff;1;1;2480;3508;222381;623;2254;122;48;623;2254;745;2254;745;2302;623;2302;Philips;AAAAAAA;undefined;OTHER;OTHER
invoice-1813.tiff;1;1;2480;3508;222382;756;2254;203;48;756;2254;959;2254;959;2302;756;2302;BHB871/00;AAANNNSNN;undefined;OTHER;OTHER
invoice-1813.tiff;1;1;2480;3508;222383;1354;2254;93;48;1354;2254;1447;2254;1447;2302;1354;2302;41,66;NNSNN;undefined;OTHER;OTHER
invoice-1813.tiff;1;1;2480;3508;222384;1458;2254;20;48;1458;2254;1478;2254;1478;2302;1458;2302;$;S;undefined;OTHER;OTHER
invoice-1813.tiff;1;1;2480;3508;222385;1692;2254;114;48;1692;2254;1806;2254;1806;2302;1692;2302;20.0%;NNSNS;undefined;OTHER;OTHER
invoice-1813.tiff;1;1;2480;3508;222386;2010;2254;114;48;2010;2254;2124;2254;2124;2302;2010;2302;124,97;NNNSNN;undefined;OTHER;OTHER
invoice-1813.tiff;1;1;2480;3508;222387;2135;2254;20;48;2135;2254;2155;2254;2155;2302;2135;2302;$;S;undefined;OTHER;OTHER
invoice-1813.tiff;1;1;2480;3508;222388;1439;2385;160;52;1439;2385;1599;2385;1599;2437;1439;2437;TOTAL;AAAAA;undefined;OTHER;OTHER
invoice-1813.tiff;1;1;2480;3508;222389;1610;2385;180;52;1610;2385;1790;2385;1790;2437;1610;2437;REMISE;AAAAAA;undefined;OTHER;OTHER
invoice-1813.tiff;1;1;2480;3508;222390;1803;2385;280;52;1803;2385;2083;2385;2083;2437;1803;2437;IMMEDIATE;AAAAAAAAA;undefined;OTHER;OTHER
invoice-1813.tiff;1;1;2480;3508;222391;2104;2385;72;48;2104;2385;2176;2385;2176;2433;2104;2433;0,00;NSNN;undefined;OTHER;OTHER
invoice-1813.tiff;1;1;2480;3508;222392;2187;2385;20;48;2187;2385;2207;2385;2207;2433;2187;2433;$;S;undefined;OTHER;OTHER
invoice-1813.tiff;1;1;2480;3508;222393;1751;2438;170;52;1751;2438;1921;2438;1921;2490;1751;2490;Montant;AAAAAAA;undefined;OTHER;OTHER
invoice-1813.tiff;1;1;2480;3508;222394;1933;2438;66;52;1933;2438;1999;2438;1999;2490;1933;2490;HT;AA;undefined;OTHER;OTHER
invoice-1813.tiff;1;1;2480;3508;222395;2041;2438;135;48;2041;2438;2176;2438;2176;2486;2041;2486;5027,42;NNNNSNN;TWTX;TOTAL_WITHOUT_TAX;TWTXS
invoice-1813.tiff;1;1;2480;3508;222396;2187;2438;20;48;2187;2438;2207;2438;2207;2486;2187;2486;$;S;TWTX;TOTAL_WITHOUT_TAX;TWTXS
invoice-1813.tiff;1;1;2480;3508;222397;1784;2491;101;52;1784;2491;1885;2491;1885;2543;1784;2543;Taux;AAAA;undefined;OTHER;OTHER
invoice-1813.tiff;1;1;2480;3508;222398;1898;2491;45;52;1898;2491;1943;2491;1943;2543;1898;2543;de;AA;undefined;OTHER;OTHER
invoice-1813.tiff;1;1;2480;3508;222399;1955;2491;96;52;1955;2491;2051;2491;2051;2543;1955;2543;TVA;AAA;undefined;OTHER;OTHER
invoice-1813.tiff;1;1;2480;3508;222400;2093;2491;114;48;2093;2491;2207;2491;2207;2539;2093;2539;20.0%;NNSNS;TXR;TAX_RATE;Tax Rate
invoice-1813.tiff;1;1;2480;3508;222401;1903;2544;96;52;1903;2544;1999;2544;1999;2596;1903;2596;TVA;AAA;undefined;OTHER;OTHER
invoice-1813.tiff;1;1;2480;3508;222402;2041;2544;135;48;2041;2544;2176;2544;2176;2592;2041;2592;1005,49;NNNNSNN;TTX;TOTAL_TAX;Total Tax
invoice-1813.tiff;1;1;2480;3508;222403;2187;2544;20;48;2187;2544;2207;2544;2207;2592;2187;2592;$;S;TTX;TOTAL_TAX;Total Tax
invoice-1813.tiff;1;1;2480;3508;222404;1789;2597;104;52;1789;2597;1893;2597;1893;2649;1789;2649;Total;AAAAA;undefined;OTHER;OTHER
invoice-1813.tiff;1;1;2480;3508;222405;1905;2597;94;52;1905;2597;1999;2597;1999;2649;1905;2649;TTC;AAA;undefined;OTHER;OTHER
invoice-1813.tiff;1;1;2480;3508;222406;2041;2597;135;48;2041;2597;2176;2597;2176;2645;2041;2645;6032,91;NNNNSNN;TA;TOTAL_AMOUNT;Total with TAX
invoice-1813.tiff;1;1;2480;3508;222407;2187;2597;20;48;2187;2597;2207;2597;2207;2645;2187;2645;$;S;TA;TOTAL_AMOUNT;Total with TAX
invoice-1813.tiff;1;1;2480;3508;222408;1024;3175;194;48;1024;3175;1218;3175;1218;3223;1024;3223;MAISONS;AAAAAAA;SN;SUPPLIER_NAME;Seller/Company) name
invoice-1813.tiff;1;1;2480;3508;222409;1229;3175;120;48;1229;3175;1349;3175;1349;3223;1229;3223;MTLF;AAAA;SN;SUPPLIER_NAME;Seller/Company) name
invoice-1813.tiff;1;1;2480;3508;222410;625;3223;41;45;625;3223;666;3223;666;3268;625;3268;28;NN;SA;SUPPLIER_ADDRESS;Seller Address
invoice-1813.tiff;1;1;2480;3508;222411;677;3223;81;45;677;3223;758;3223;758;3268;677;3268;RUE;AAA;SA;SUPPLIER_ADDRESS;Seller Address
invoice-1813.tiff;1;1;2480;3508;222412;768;3223;233;45;768;3223;1001;3223;1001;3268;768;3268;ALEXANDRE;AAAAAAAAA;SA;SUPPLIER_ADDRESS;Seller Address
invoice-1813.tiff;1;1;2480;3508;222413;1012;3223;194;45;1012;3223;1206;3223;1206;3268;1012;3268;BOUCHER;AAAAAAA;SA;SUPPLIER_ADDRESS;Seller Address
invoice-1813.tiff;1;1;2480;3508;222414;1215;3223;10;45;1215;3223;1225;3223;1225;3268;1215;3268;,;S;SA;SUPPLIER_ADDRESS;Seller Address
invoice-1813.tiff;1;1;2480;3508;222415;1236;3223;104;45;1236;3223;1340;3223;1340;3268;1236;3268;93410;NNNNN;SA;SUPPLIER_ADDRESS;Seller Address
invoice-1813.tiff;1;1;2480;3508;222416;1348;3223;205;45;1348;3223;1553;3223;1553;3268;1348;3268;VAUJOURS;AAAAAAAA;SA;SUPPLIER_ADDRESS;Seller Address
invoice-1813.tiff;1;1;2480;3508;222417;1563;3223;10;45;1563;3223;1573;3223;1573;3268;1563;3268;,;S;SA;SUPPLIER_ADDRESS;Seller Address
invoice-1813.tiff;1;1;2480;3508;222418;1584;3223;157;45;1584;3223;1741;3223;1741;3268;1584;3268;FRANCE;AAAAAA;SA;SUPPLIER_ADDRESS;Seller Address
