src;num_pages;page_id;page_width;page_height;id;col;row;width;height;x1;y1;x2;y2;x3;y3;x4;y4;contents;contents_masked;correctclass;tag;description
invoice-1416.tiff;1;1;2480;3508;173610;124;62;240;175;124;62;364;62;364;237;124;237;common/logo;AAAAAASAAAA;img;IMAGE;Image
invoice-1416.tiff;1;1;2480;3508;173623;1541;270;172;59;1541;270;1713;270;1713;329;1541;329;Invoice;AAAAAAA;undefined;OTHER;OTHER
invoice-1416.tiff;1;1;2480;3508;173624;1727;270;241;59;1727;270;1968;270;1968;329;1727;329;Reference;AAAAAAAAA;undefined;OTHER;OTHER
invoice-1416.tiff;1;1;2480;3508;173625;2032;270;361;52;2032;270;2393;270;2393;322;2032;322;379-90193-12754;NNNSNNNNNSNNNNN;IN;INVOICE_NUMBER;Invoice Number
invoice-1416.tiff;1;1;2480;3508;173626;1541;351;138;59;1541;351;1679;351;1679;410;1541;410;Dated;AAAAA;undefined;OTHER;OTHER
invoice-1416.tiff;1;1;2480;3508;173627;1743;351;50;52;1743;351;1793;351;1793;403;1743;403;16;NN;IDATE;INVOICE_DATE;Invoice Date
invoice-1416.tiff;1;1;2480;3508;173628;1806;351;73;52;1806;351;1879;351;1879;403;1806;403;oct,;AAAS;IDATE;INVOICE_DATE;Invoice Date
invoice-1416.tiff;1;1;2480;3508;173629;1893;351;101;52;1893;351;1994;351;1994;403;1893;403;1995;NNNN;IDATE;INVOICE_DATE;Invoice Date
invoice-1416.tiff;1;1;2480;3508;173611;124;412;224;49;124;412;348;412;348;461;124;461;MARIANDE;AAAAAAAA;SN;SUPPLIER_NAME;Seller/Company) name
invoice-1416.tiff;1;1;2480;3508;173612;124;462;46;48;124;462;170;462;170;510;124;510;18;NN;SA;SUPPLIER_ADDRESS;Seller Address
invoice-1416.tiff;1;1;2480;3508;173613;182;462;25;48;182;462;207;462;207;510;182;510;T;A;SA;SUPPLIER_ADDRESS;Seller Address
invoice-1416.tiff;1;1;2480;3508;173614;219;462;87;48;219;462;306;462;306;510;219;510;RUE;AAA;SA;SUPPLIER_ADDRESS;Seller Address
invoice-1416.tiff;1;1;2480;3508;173615;319;462;143;48;319;462;462;462;462;510;319;510;NEUVE;AAAAA;SA;SUPPLIER_ADDRESS;Seller Address
invoice-1416.tiff;1;1;2480;3508;173616;124;510;115;48;124;510;239;510;239;558;124;558;25310;NNNNN;SA;SUPPLIER_ADDRESS;Seller Address
invoice-1416.tiff;1;1;2480;3508;173617;282;510;201;48;282;510;483;510;483;558;282;558;BLAMONT;AAAAAAA;SA;SUPPLIER_ADDRESS;Seller Address
invoice-1416.tiff;1;1;2480;3508;173618;124;558;171;48;124;558;295;558;295;606;124;606;FRANCE;AAAAAA;SA;SUPPLIER_ADDRESS;Seller Address
invoice-1416.tiff;1;1;2480;3508;173619;124;606;120;48;124;606;244;606;244;654;124;654;Phone;AAAAA;undefined;OTHER;OTHER
invoice-1416.tiff;1;1;2480;3508;173620;307;606;278;48;307;606;585;606;585;654;307;654;08.01.41.94.70;NNSNNSNNSNNSNN;SCN;SUPPLIER_CONTACT_NUMBER;Seller Contact Number
invoice-1416.tiff;1;1;2480;3508;173621;124;654;69;48;124;654;193;654;193;702;124;702;Fax;AAA;undefined;OTHER;OTHER
invoice-1416.tiff;1;1;2480;3508;173622;256;654;278;48;256;654;534;654;534;702;256;702;08.01.41.22.96;NNSNNSNNSNNSNN;SFAX;SUPPLIER_FAX_NUMBER;Seller Fax Number
invoice-1416.tiff;1;1;2480;3508;173630;124;1039;172;59;124;1039;296;1039;296;1098;124;1098;Invoice;AAAAAAA;undefined;OTHER;OTHER
invoice-1416.tiff;1;1;2480;3508;173631;311;1039;61;59;311;1039;372;1039;372;1098;311;1098;To;AA;undefined;OTHER;OTHER
invoice-1416.tiff;1;1;2480;3508;173632;124;1099;111;49;124;1099;235;1099;235;1148;124;1148;Vince;AAAAA;BN;BILLING_NAME;Billing Name
invoice-1416.tiff;1;1;2480;3508;173633;247;1099;132;49;247;1099;379;1099;379;1148;247;1148;Jacobi;AAAAAA;BN;BILLING_NAME;Billing Name
invoice-1416.tiff;1;1;2480;3508;173634;124;1148;57;48;124;1148;181;1148;181;1196;124;1196;30,;NNS;BA;BILLING_ADDRESS;Billing Address
invoice-1416.tiff;1;1;2480;3508;173635;194;1148;60;48;194;1148;254;1148;254;1196;194;1196;rue;AAA;BA;BILLING_ADDRESS;Billing Address
invoice-1416.tiff;1;1;2480;3508;173636;266;1148;46;48;266;1148;312;1148;312;1196;266;1196;de;AA;BA;BILLING_ADDRESS;Billing Address
invoice-1416.tiff;1;1;2480;3508;173637;324;1148;32;48;324;1148;356;1148;356;1196;324;1196;la;AA;BA;BILLING_ADDRESS;Billing Address
invoice-1416.tiff;1;1;2480;3508;173638;368;1148;159;48;368;1148;527;1148;527;1196;368;1196;douiterie;AAAAAAAAA;BA;BILLING_ADDRESS;Billing Address
invoice-1416.tiff;1;1;2480;3508;173639;124;1197;115;48;124;1197;239;1197;239;1245;124;1245;14210;NNNNN;BA;BILLING_ADDRESS;Billing Address
invoice-1416.tiff;1;1;2480;3508;173640;282;1197;118;48;282;1197;400;1197;400;1245;282;1245;Bougy;AAAAA;BA;BILLING_ADDRESS;Billing Address
invoice-1416.tiff;1;1;2480;3508;173654;1541;1201;127;54;1541;1201;1668;1201;1668;1255;1541;1255;Client;AAAAAA;undefined;OTHER;OTHER
invoice-1416.tiff;1;1;2480;3508;173655;1681;1201;221;54;1681;1201;1902;1201;1902;1255;1681;1255;Reference;AAAAAAAAA;undefined;OTHER;OTHER
invoice-1416.tiff;1;1;2480;3508;173656;2166;1201;236;48;2166;1201;2402;1201;2402;1249;2166;1249;377-835-118;NNNSNNNSNNN;CNUM;CLIENT_NUMBER;Client Number
invoice-1416.tiff;1;1;2480;3508;173641;124;1245;129;48;124;1245;253;1245;253;1293;124;1293;France;AAAAAA;BA;BILLING_ADDRESS;Billing Address
invoice-1416.tiff;1;1;2480;3508;173657;1541;1276;124;54;1541;1276;1665;1276;1665;1330;1541;1330;Order;AAAAA;undefined;OTHER;OTHER
invoice-1416.tiff;1;1;2480;3508;173658;1679;1276;221;54;1679;1276;1900;1276;1900;1330;1679;1330;Reference;AAAAAAAAA;undefined;OTHER;OTHER
invoice-1416.tiff;1;1;2480;3508;173659;2166;1276;152;48;2166;1276;2318;1276;2318;1324;2166;1324;486-310;NNNSNNN;ONUM;ORDER_NUMBER;Order Number
invoice-1416.tiff;1;1;2480;3508;173642;124;1335;194;59;124;1335;318;1335;318;1394;124;1394;Delivery;AAAAAAAA;undefined;OTHER;OTHER
invoice-1416.tiff;1;1;2480;3508;173643;333;1335;61;59;333;1335;394;1335;394;1394;333;1394;To;AA;undefined;OTHER;OTHER
invoice-1416.tiff;1;1;2480;3508;173660;1541;1351;191;54;1541;1351;1732;1351;1732;1405;1541;1405;Payment;AAAAAAA;undefined;OTHER;OTHER
invoice-1416.tiff;1;1;2480;3508;173661;1745;1351;145;54;1745;1351;1890;1351;1890;1405;1745;1405;means;AAAAA;undefined;OTHER;OTHER
invoice-1416.tiff;1;1;2480;3508;173662;2166;1351;145;48;2166;1351;2311;1351;2311;1399;2166;1399;Cheque;AAAAAA;PMODE;PAYMENT_MODE;Payment Mode
invoice-1416.tiff;1;1;2480;3508;173644;124;1394;111;49;124;1394;235;1394;235;1443;124;1443;Vince;AAAAA;SHN;SHIPPING_NAME;Shipping Name
invoice-1416.tiff;1;1;2480;3508;173645;247;1394;132;49;247;1394;379;1394;379;1443;247;1443;Jacobi;AAAAAA;SHN;SHIPPING_NAME;Shipping Name
invoice-1416.tiff;1;1;2480;3508;173646;124;1444;57;48;124;1444;181;1444;181;1492;124;1492;30,;NNS;SHA;SHIPPING_ADDRESS;Shipping Address
invoice-1416.tiff;1;1;2480;3508;173647;194;1444;60;48;194;1444;254;1444;254;1492;194;1492;rue;AAA;SHA;SHIPPING_ADDRESS;Shipping Address
invoice-1416.tiff;1;1;2480;3508;173648;266;1444;46;48;266;1444;312;1444;312;1492;266;1492;de;AA;SHA;SHIPPING_ADDRESS;Shipping Address
invoice-1416.tiff;1;1;2480;3508;173649;324;1444;32;48;324;1444;356;1444;356;1492;324;1492;la;AA;SHA;SHIPPING_ADDRESS;Shipping Address
invoice-1416.tiff;1;1;2480;3508;173650;368;1444;159;48;368;1444;527;1444;527;1492;368;1492;douiterie;AAAAAAAAA;SHA;SHIPPING_ADDRESS;Shipping Address
invoice-1416.tiff;1;1;2480;3508;173651;124;1492;115;48;124;1492;239;1492;239;1540;124;1540;14210;NNNNN;SHA;SHIPPING_ADDRESS;Shipping Address
invoice-1416.tiff;1;1;2480;3508;173652;282;1492;118;48;282;1492;400;1492;400;1540;282;1540;Bougy;AAAAA;SHA;SHIPPING_ADDRESS;Shipping Address
invoice-1416.tiff;1;1;2480;3508;173653;124;1540;129;48;124;1540;253;1540;253;1588;124;1588;France;AAAAAA;SHA;SHIPPING_ADDRESS;Shipping Address
invoice-1416.tiff;1;1;2480;3508;173663;211;1855;76;54;211;1855;287;1855;287;1909;211;1909;Qty;AAA;undefined;OTHER;OTHER
invoice-1416.tiff;1;1;2480;3508;173664;673;1855;277;54;673;1855;950;1855;950;1909;673;1909;Descriptions;AAAAAAAAAAAA;undefined;OTHER;OTHER
invoice-1416.tiff;1;1;2480;3508;173665;1372;1855;89;54;1372;1855;1461;1855;1461;1909;1372;1909;U.P.;ASAS;undefined;OTHER;OTHER
invoice-1416.tiff;1;1;2480;3508;173666;1651;1855;196;54;1651;1855;1847;1855;1847;1909;1651;1909;VAT/TVA;AAASAAA;undefined;OTHER;OTHER
invoice-1416.tiff;1;1;2480;3508;173667;1996;1855;173;54;1996;1855;2169;1855;2169;1909;1996;1909;Amount;AAAAAA;undefined;OTHER;OTHER
invoice-1416.tiff;1;1;2480;3508;173668;238;1931;23;49;238;1931;261;1931;261;1980;238;1980;2;N;undefined;OTHER;OTHER
invoice-1416.tiff;1;1;2480;3508;173669;375;1931;208;49;375;1931;583;1931;583;1980;375;1980;Aspirateur;AAAAAAAAAA;undefined;OTHER;OTHER
invoice-1416.tiff;1;1;2480;3508;173670;594;1931;94;49;594;1931;688;1931;688;1980;594;1980;sans;AAAA;undefined;OTHER;OTHER
invoice-1416.tiff;1;1;2480;3508;173671;701;1931;69;49;701;1931;770;1931;770;1980;701;1980;sac;AAA;undefined;OTHER;OTHER
invoice-1416.tiff;1;1;2480;3508;173672;782;1931;136;49;782;1931;918;1931;918;1980;782;1980;Philips;AAAAAAA;undefined;OTHER;OTHER
invoice-1416.tiff;1;1;2480;3508;173673;930;1931;208;49;930;1931;1138;1931;1138;1980;930;1980;Aspirateur;AAAAAAAAAA;undefined;OTHER;OTHER
invoice-1416.tiff;1;1;2480;3508;173678;1303;1931;127;49;1303;1931;1430;1931;1430;1980;1303;1980;169,47;NNNSNN;undefined;OTHER;OTHER
invoice-1416.tiff;1;1;2480;3508;173679;1442;1931;87;49;1442;1931;1529;1931;1529;1980;1442;1980;USD;AAA;undefined;OTHER;OTHER
invoice-1416.tiff;1;1;2480;3508;173680;1690;1931;118;49;1690;1931;1808;1931;1808;1980;1690;1980;20.0%;NNSNS;undefined;OTHER;OTHER
invoice-1416.tiff;1;1;2480;3508;173681;1969;1931;127;49;1969;1931;2096;1931;2096;1980;1969;1980;338,93;NNNSNN;undefined;OTHER;OTHER
invoice-1416.tiff;1;1;2480;3508;173682;2108;1931;87;49;2108;1931;2195;1931;2195;1980;2108;1980;USD;AAA;undefined;OTHER;OTHER
invoice-1416.tiff;1;1;2480;3508;173674;375;1980;99;49;375;1980;474;1980;474;2029;375;2029;Sans;AAAA;undefined;OTHER;OTHER
invoice-1416.tiff;1;1;2480;3508;173675;486;1980;74;49;486;1980;560;1980;560;2029;486;2029;Sac;AAA;undefined;OTHER;OTHER
invoice-1416.tiff;1;1;2480;3508;173676;571;1980;13;49;571;1980;584;1980;584;2029;571;2029;-;S;undefined;OTHER;OTHER
invoice-1416.tiff;1;1;2480;3508;173677;597;1980;187;49;597;1980;784;1980;784;2029;597;2029;fc9744/09;AANNNNSNN;undefined;OTHER;OTHER
invoice-1416.tiff;1;1;2480;3508;173683;238;2072;23;49;238;2072;261;2072;261;2121;238;2121;4;N;undefined;OTHER;OTHER
invoice-1416.tiff;1;1;2480;3508;173684;375;2072;150;49;375;2072;525;2072;525;2121;375;2121;Casque;AAAAAA;undefined;OTHER;OTHER
invoice-1416.tiff;1;1;2480;3508;173685;537;2072;53;49;537;2072;590;2072;590;2121;537;2121;TV;AA;undefined;OTHER;OTHER
invoice-1416.tiff;1;1;2480;3508;173686;601;2072;208;49;601;2072;809;2072;809;2121;601;2121;Essentielb;AAAAAAAAAA;undefined;OTHER;OTHER
invoice-1416.tiff;1;1;2480;3508;173687;821;2072;53;49;821;2072;874;2072;874;2121;821;2121;TV;AA;undefined;OTHER;OTHER
invoice-1416.tiff;1;1;2480;3508;173688;886;2072;92;49;886;2072;978;2072;978;2121;886;2121;Hi-Fi;AASAA;undefined;OTHER;OTHER
invoice-1416.tiff;1;1;2480;3508;173689;1314;2072;104;49;1314;2072;1418;2072;1418;2121;1314;2121;16,66;NNSNN;undefined;OTHER;OTHER
invoice-1416.tiff;1;1;2480;3508;173690;1430;2072;87;49;1430;2072;1517;2072;1517;2121;1430;2121;USD;AAA;undefined;OTHER;OTHER
invoice-1416.tiff;1;1;2480;3508;173691;1690;2072;118;49;1690;2072;1808;2072;1808;2121;1690;2121;20.0%;NNSNS;undefined;OTHER;OTHER
invoice-1416.tiff;1;1;2480;3508;173692;1981;2072;104;49;1981;2072;2085;2072;2085;2121;1981;2121;66,63;NNSNN;undefined;OTHER;OTHER
invoice-1416.tiff;1;1;2480;3508;173693;2097;2072;87;49;2097;2072;2184;2072;2184;2121;2097;2121;USD;AAA;undefined;OTHER;OTHER
invoice-1416.tiff;1;1;2480;3508;173694;238;2163;23;49;238;2163;261;2163;261;2212;238;2212;1;N;undefined;OTHER;OTHER
invoice-1416.tiff;1;1;2480;3508;173695;375;2163;122;49;375;2163;497;2163;497;2212;375;2212;Réveil;AAAAAA;undefined;OTHER;OTHER
invoice-1416.tiff;1;1;2480;3508;173696;509;2163;124;49;509;2163;633;2163;633;2212;509;2212;enfant;AAAAAA;undefined;OTHER;OTHER
invoice-1416.tiff;1;1;2480;3508;173697;645;2163;99;49;645;2163;744;2163;744;2212;645;2212;Lego;AAAA;undefined;OTHER;OTHER
invoice-1416.tiff;1;1;2480;3508;173698;757;2163;127;49;757;2163;884;2163;884;2212;757;2212;Soldat;AAAAAA;undefined;OTHER;OTHER
invoice-1416.tiff;1;1;2480;3508;173699;895;2163;48;49;895;2163;943;2163;943;2212;895;2212;de;AA;undefined;OTHER;OTHER
invoice-1416.tiff;1;1;2480;3508;173700;956;2163;158;49;956;2163;1114;2163;1114;2212;956;2212;l'empire;ASAAAAAA;undefined;OTHER;OTHER
invoice-1416.tiff;1;1;2480;3508;173701;1314;2163;104;49;1314;2163;1418;2163;1418;2212;1314;2212;37,49;NNSNN;undefined;OTHER;OTHER
invoice-1416.tiff;1;1;2480;3508;173702;1430;2163;87;49;1430;2163;1517;2163;1517;2212;1430;2212;USD;AAA;undefined;OTHER;OTHER
invoice-1416.tiff;1;1;2480;3508;173703;1690;2163;118;49;1690;2163;1808;2163;1808;2212;1690;2212;20.0%;NNSNS;undefined;OTHER;OTHER
invoice-1416.tiff;1;1;2480;3508;173704;1981;2163;104;49;1981;2163;2085;2163;2085;2212;1981;2212;37,49;NNSNN;undefined;OTHER;OTHER
invoice-1416.tiff;1;1;2480;3508;173705;2097;2163;87;49;2097;2163;2184;2163;2184;2212;2097;2212;USD;AAA;undefined;OTHER;OTHER
invoice-1416.tiff;1;1;2480;3508;173706;238;2254;23;49;238;2254;261;2254;261;2303;238;2303;1;N;undefined;OTHER;OTHER
invoice-1416.tiff;1;1;2480;3508;173707;375;2254;120;49;375;2254;495;2254;495;2303;375;2303;Drone;AAAAA;undefined;OTHER;OTHER
invoice-1416.tiff;1;1;2480;3508;173708;506;2254;122;49;506;2254;628;2254;628;2303;506;2303;Parrot;AAAAAA;undefined;OTHER;OTHER
invoice-1416.tiff;1;1;2480;3508;173709;641;2254;129;49;641;2254;770;2254;770;2303;641;2303;Bebop;AAAAA;undefined;OTHER;OTHER
invoice-1416.tiff;1;1;2480;3508;173710;782;2254;23;49;782;2254;805;2254;805;2303;782;2303;2;N;undefined;OTHER;OTHER
invoice-1416.tiff;1;1;2480;3508;173711;817;2254;113;49;817;2254;930;2254;930;2303;817;2303;Blanc;AAAAA;undefined;OTHER;OTHER
invoice-1416.tiff;1;1;2480;3508;173712;1303;2254;127;49;1303;2254;1430;2254;1430;2303;1303;2303;332,50;NNNSNN;undefined;OTHER;OTHER
invoice-1416.tiff;1;1;2480;3508;173713;1442;2254;87;49;1442;2254;1529;2254;1529;2303;1442;2303;USD;AAA;undefined;OTHER;OTHER
invoice-1416.tiff;1;1;2480;3508;173714;1690;2254;118;49;1690;2254;1808;2254;1808;2303;1690;2303;20.0%;NNSNS;undefined;OTHER;OTHER
invoice-1416.tiff;1;1;2480;3508;173715;1969;2254;127;49;1969;2254;2096;2254;2096;2303;1969;2303;332,50;NNNSNN;undefined;OTHER;OTHER
invoice-1416.tiff;1;1;2480;3508;173716;2108;2254;87;49;2108;2254;2195;2254;2195;2303;2108;2303;USD;AAA;undefined;OTHER;OTHER
invoice-1416.tiff;1;1;2480;3508;173717;1897;2387;109;54;1897;2387;2006;2387;2006;2441;1897;2441;DISC;AAAA;undefined;OTHER;OTHER
invoice-1416.tiff;1;1;2480;3508;173718;2027;2387;81;49;2027;2387;2108;2387;2108;2436;2027;2436;0,00;NSNN;undefined;OTHER;OTHER
invoice-1416.tiff;1;1;2480;3508;173719;2120;2387;87;49;2120;2387;2207;2387;2207;2436;2120;2436;USD;AAA;undefined;OTHER;OTHER
invoice-1416.tiff;1;1;2480;3508;173720;1766;2442;173;54;1766;2442;1939;2442;1939;2496;1766;2496;Amount;AAAAAA;undefined;OTHER;OTHER
invoice-1416.tiff;1;1;2480;3508;173721;1981;2442;127;49;1981;2442;2108;2442;2108;2491;1981;2491;775,56;NNNSNN;TWTX;TOTAL_WITHOUT_TAX;TWTXS
invoice-1416.tiff;1;1;2480;3508;173722;2120;2442;87;49;2120;2442;2207;2442;2207;2491;2120;2491;USD;AAA;TWTX;TOTAL_WITHOUT_TAX;TWTXS
invoice-1416.tiff;1;1;2480;3508;173723;1852;2496;196;54;1852;2496;2048;2496;2048;2550;1852;2550;VAT/TVA;AAASAAA;undefined;OTHER;OTHER
invoice-1416.tiff;1;1;2480;3508;173724;2090;2496;118;49;2090;2496;2208;2496;2208;2545;2090;2545;20.0%;NNSNS;TXR;TAX_RATE;Tax Rate
invoice-1416.tiff;1;1;2480;3508;173725;1662;2551;91;54;1662;2551;1753;2551;1753;2605;1662;2605;TVA;AAA;undefined;OTHER;OTHER
invoice-1416.tiff;1;1;2480;3508;173726;1766;2551;173;54;1766;2551;1939;2551;1939;2605;1766;2605;Amount;AAAAAA;undefined;OTHER;OTHER
invoice-1416.tiff;1;1;2480;3508;173727;1981;2551;127;49;1981;2551;2108;2551;2108;2600;1981;2600;155,11;NNNSNN;TTX;TOTAL_TAX;Total Tax
invoice-1416.tiff;1;1;2480;3508;173728;2120;2551;87;49;2120;2551;2207;2551;2207;2600;2120;2600;USD;AAA;TTX;TOTAL_TAX;Total Tax
invoice-1416.tiff;1;1;2480;3508;173729;1644;2605;109;54;1644;2605;1753;2605;1753;2659;1644;2659;Total;AAAAA;undefined;OTHER;OTHER
invoice-1416.tiff;1;1;2480;3508;173730;1766;2605;173;54;1766;2605;1939;2605;1939;2659;1766;2659;Amount;AAAAAA;undefined;OTHER;OTHER
invoice-1416.tiff;1;1;2480;3508;173731;1981;2605;127;49;1981;2605;2108;2605;2108;2654;1981;2654;930,67;NNNSNN;TA;TOTAL_AMOUNT;Total with TAX
invoice-1416.tiff;1;1;2480;3508;173732;2120;2605;87;49;2120;2605;2207;2605;2207;2654;2120;2654;USD;AAA;TA;TOTAL_AMOUNT;Total with TAX
invoice-1416.tiff;1;1;2480;3508;173733;2025;3175;224;49;2025;3175;2249;3175;2249;3224;2025;3224;MARIANDE;AAAAAAAA;SN;SUPPLIER_NAME;Seller/Company) name
invoice-1416.tiff;1;1;2480;3508;173734;1390;3224;46;48;1390;3224;1436;3224;1436;3272;1390;3272;18;NN;SA;SUPPLIER_ADDRESS;Seller Address
invoice-1416.tiff;1;1;2480;3508;173735;1447;3224;25;48;1447;3224;1472;3224;1472;3272;1447;3272;T;A;SA;SUPPLIER_ADDRESS;Seller Address
invoice-1416.tiff;1;1;2480;3508;173736;1485;3224;87;48;1485;3224;1572;3224;1572;3272;1485;3272;RUE;AAA;SA;SUPPLIER_ADDRESS;Seller Address
invoice-1416.tiff;1;1;2480;3508;173737;1584;3224;143;48;1584;3224;1727;3224;1727;3272;1584;3272;NEUVE;AAAAA;SA;SUPPLIER_ADDRESS;Seller Address
invoice-1416.tiff;1;1;2480;3508;173738;1736;3224;115;48;1736;3224;1851;3224;1851;3272;1736;3272;25310;NNNNN;SA;SUPPLIER_ADDRESS;Seller Address
invoice-1416.tiff;1;1;2480;3508;173739;1860;3224;201;48;1860;3224;2061;3224;2061;3272;1860;3272;BLAMONT;AAAAAAA;SA;SUPPLIER_ADDRESS;Seller Address
invoice-1416.tiff;1;1;2480;3508;173740;2070;3224;171;48;2070;3224;2241;3224;2241;3272;2070;3272;FRANCE;AAAAAA;SA;SUPPLIER_ADDRESS;Seller Address
