src;num_pages;page_id;page_width;page_height;id;col;row;width;height;x1;y1;x2;y2;x3;y3;x4;y4;contents;contents_masked;correctclass;tag;description
invoice-500.tiff;1;1;2480;3508;61659;124;62;834;175;124;62;958;62;958;237;124;237;common/logo;AAAAAASAAAA;img;IMAGE;Image
invoice-500.tiff;1;1;2480;3508;61676;1541;258;127;57;1541;258;1668;258;1668;315;1541;315;Dated;AAAAA;undefined;OTHER;OTHER
invoice-500.tiff;1;1;2480;3508;61677;1731;258;76;50;1731;258;1807;258;1807;308;1731;308;may;AAA;IDATE;INVOICE_DATE;Invoice Date
invoice-500.tiff;1;1;2480;3508;61678;1819;258;57;50;1819;258;1876;258;1876;308;1819;308;30,;NNS;IDATE;INVOICE_DATE;Invoice Date
invoice-500.tiff;1;1;2480;3508;61679;1888;258;91;50;1888;258;1979;258;1979;308;1888;308;2021;NNNN;IDATE;INVOICE_DATE;Invoice Date
invoice-500.tiff;1;1;2480;3508;61660;124;412;347;48;124;412;471;412;471;460;124;460;LEPERMISLIBRE;AAAAAAAAAAAAA;SN;SUPPLIER_NAME;Seller/Company) name
invoice-500.tiff;1;1;2480;3508;61661;124;460;41;45;124;460;165;460;165;505;124;505;49;NN;SA;SUPPLIER_ADDRESS;Seller Address
invoice-500.tiff;1;1;2480;3508;61662;177;460;81;45;177;460;258;460;258;505;177;505;RUE;AAA;SA;SUPPLIER_ADDRESS;Seller Address
invoice-500.tiff;1;1;2480;3508;61663;268;460;55;45;268;460;323;460;323;505;268;505;DE;AA;SA;SUPPLIER_ADDRESS;Seller Address
invoice-500.tiff;1;1;2480;3508;61664;334;460;48;45;334;460;382;460;382;505;334;505;LA;AA;SA;SUPPLIER_ADDRESS;Seller Address
invoice-500.tiff;1;1;2480;3508;61665;393;460;141;45;393;460;534;460;534;505;393;505;CLAIRE;AAAAAA;SA;SUPPLIER_ADDRESS;Seller Address
invoice-500.tiff;1;1;2480;3508;61666;543;460;13;45;543;460;556;460;556;505;543;505;-;S;SA;SUPPLIER_ADDRESS;Seller Address
invoice-500.tiff;1;1;2480;3508;61667;567;460;104;45;567;460;671;460;671;505;567;505;69009;NNNNN;SA;SUPPLIER_ADDRESS;Seller Address
invoice-500.tiff;1;1;2480;3508;61668;690;460;104;45;690;460;794;460;794;505;690;505;LYON;AAAA;SA;SUPPLIER_ADDRESS;Seller Address
invoice-500.tiff;1;1;2480;3508;61669;804;460;106;45;804;460;910;460;910;505;804;505;9EME;NAAA;SA;SUPPLIER_ADDRESS;Seller Address
invoice-500.tiff;1;1;2480;3508;61670;919;460;13;45;919;460;932;460;932;505;919;505;-;S;SA;SUPPLIER_ADDRESS;Seller Address
invoice-500.tiff;1;1;2480;3508;61671;943;460;157;45;943;460;1100;460;1100;505;943;505;FRANCE;AAAAAA;SA;SUPPLIER_ADDRESS;Seller Address
invoice-500.tiff;1;1;2480;3508;61672;124;506;106;45;124;506;230;506;230;551;124;551;Phone;AAAAA;undefined;OTHER;OTHER
invoice-500.tiff;1;1;2480;3508;61673;256;506;263;45;256;506;519;506;519;551;256;551;09-98-42-69-98;NNSNNSNNSNNSNN;SCN;SUPPLIER_CONTACT_NUMBER;Seller Contact Number
invoice-500.tiff;1;1;2480;3508;61674;561;506;64;45;561;506;625;506;625;551;561;551;Fax;AAA;undefined;OTHER;OTHER
invoice-500.tiff;1;1;2480;3508;61675;651;506;263;45;651;506;914;506;914;551;651;551;09-98-42-06-05;NNSNNSNNSNNSNN;SFAX;SUPPLIER_FAX_NUMBER;Seller Fax Number
invoice-500.tiff;1;1;2480;3508;61680;124;878;94;57;124;878;218;878;218;935;124;935;Sold;AAAA;undefined;OTHER;OTHER
invoice-500.tiff;1;1;2480;3508;61681;232;878;58;57;232;878;290;878;290;935;232;935;To;AA;undefined;OTHER;OTHER
invoice-500.tiff;1;1;2480;3508;61682;124;936;138;48;124;936;262;936;262;984;124;984;Abagail;AAAAAAA;BN;BILLING_NAME;Billing Name
invoice-500.tiff;1;1;2480;3508;61683;274;936;208;48;274;936;482;936;482;984;274;984;Vandervort;AAAAAAAAAA;BN;BILLING_NAME;Billing Name
invoice-500.tiff;1;1;2480;3508;61684;124;984;72;45;124;984;196;984;196;1029;124;1029;163,;NNNS;BA;BILLING_ADDRESS;Billing Address
invoice-500.tiff;1;1;2480;3508;61685;208;984;81;45;208;984;289;984;289;1029;208;1029;allée;AAAAA;BA;BILLING_ADDRESS;Billing Address
invoice-500.tiff;1;1;2480;3508;61686;299;984;39;45;299;984;338;984;338;1029;299;1029;de;AA;BA;BILLING_ADDRESS;Billing Address
invoice-500.tiff;1;1;2480;3508;61687;349;984;138;45;349;984;487;984;487;1029;349;1029;tauziede;AAAAAAAA;BA;BILLING_ADDRESS;Billing Address
invoice-500.tiff;1;1;2480;3508;61688;124;1030;104;45;124;1030;228;1030;228;1075;124;1075;40500;NNNNN;BA;BILLING_ADDRESS;Billing Address
invoice-500.tiff;1;1;2480;3508;61689;270;1030;141;45;270;1030;411;1030;411;1075;270;1075;Montaut;AAAAAAA;BA;BILLING_ADDRESS;Billing Address
invoice-500.tiff;1;1;2480;3508;61702;1541;1069;142;52;1541;1069;1683;1069;1683;1121;1541;1121;Invoice;AAAAAAA;undefined;OTHER;OTHER
invoice-500.tiff;1;1;2480;3508;61703;1695;1069;67;52;1695;1069;1762;1069;1762;1121;1695;1121;No.;AAS;undefined;OTHER;OTHER
invoice-500.tiff;1;1;2480;3508;61704;2166;1069;321;46;2166;1069;2487;1069;2487;1115;2166;1115;CL-QQ-612903-05;AASAASNNNNNNSNN;IN;INVOICE_NUMBER;Invoice Number
invoice-500.tiff;1;1;2480;3508;61690;124;1076;120;45;124;1076;244;1076;244;1121;124;1121;France;AAAAAA;BA;BILLING_ADDRESS;Billing Address
invoice-500.tiff;1;1;2480;3508;61705;1541;1142;119;52;1541;1142;1660;1142;1660;1194;1541;1194;Payed;AAAAA;undefined;OTHER;OTHER
invoice-500.tiff;1;1;2480;3508;61706;1672;1142;157;52;1672;1142;1829;1142;1829;1194;1672;1194;through;AAAAAAA;undefined;OTHER;OTHER
invoice-500.tiff;1;1;2480;3508;61707;2166;1142;87;46;2166;1142;2253;1142;2253;1188;2166;1188;Bank;AAAA;PMODE;PAYMENT_MODE;Payment Mode
invoice-500.tiff;1;1;2480;3508;61708;2265;1142;141;46;2265;1142;2406;1142;2406;1188;2265;1188;Transfer;AAAAAAAA;PMODE;PAYMENT_MODE;Payment Mode
invoice-500.tiff;1;1;2480;3508;61691;124;1163;105;57;124;1163;229;1163;229;1220;124;1220;Send;AAAA;undefined;OTHER;OTHER
invoice-500.tiff;1;1;2480;3508;61692;243;1163;58;57;243;1163;301;1163;301;1220;243;1220;To;AA;undefined;OTHER;OTHER
invoice-500.tiff;1;1;2480;3508;61693;124;1221;138;48;124;1221;262;1221;262;1269;124;1269;Abagail;AAAAAAA;SHN;SHIPPING_NAME;Shipping Name
invoice-500.tiff;1;1;2480;3508;61694;274;1221;208;48;274;1221;482;1221;482;1269;274;1269;Vandervort;AAAAAAAAAA;SHN;SHIPPING_NAME;Shipping Name
invoice-500.tiff;1;1;2480;3508;61695;124;1269;72;45;124;1269;196;1269;196;1314;124;1314;163,;NNNS;SHA;SHIPPING_ADDRESS;Shipping Address
invoice-500.tiff;1;1;2480;3508;61696;208;1269;81;45;208;1269;289;1269;289;1314;208;1314;allée;AAAAA;SHA;SHIPPING_ADDRESS;Shipping Address
invoice-500.tiff;1;1;2480;3508;61697;299;1269;39;45;299;1269;338;1269;338;1314;299;1314;de;AA;SHA;SHIPPING_ADDRESS;Shipping Address
invoice-500.tiff;1;1;2480;3508;61698;349;1269;138;45;349;1269;487;1269;487;1314;349;1314;tauziede;AAAAAAAA;SHA;SHIPPING_ADDRESS;Shipping Address
invoice-500.tiff;1;1;2480;3508;61699;124;1315;104;45;124;1315;228;1315;228;1360;124;1360;40500;NNNNN;SHA;SHIPPING_ADDRESS;Shipping Address
invoice-500.tiff;1;1;2480;3508;61700;270;1315;141;45;270;1315;411;1315;411;1360;270;1360;Montaut;AAAAAAA;SHA;SHIPPING_ADDRESS;Shipping Address
invoice-500.tiff;1;1;2480;3508;61701;124;1360;120;45;124;1360;244;1360;244;1405;124;1405;France;AAAAAA;SHA;SHIPPING_ADDRESS;Shipping Address
invoice-500.tiff;1;1;2480;3508;61709;156;1684;104;52;156;1684;260;1684;260;1736;156;1736;S.No.;ASAAS;undefined;OTHER;OTHER
invoice-500.tiff;1;1;2480;3508;61710;349;1684;175;52;349;1684;524;1684;524;1736;349;1736;Quantity;AAAAAAAA;undefined;OTHER;OTHER
invoice-500.tiff;1;1;2480;3508;61711;781;1684;157;52;781;1684;938;1684;938;1736;781;1736;Product;AAAAAAA;undefined;OTHER;OTHER
invoice-500.tiff;1;1;2480;3508;61712;950;1684;226;52;950;1684;1176;1684;1176;1736;950;1736;Description;AAAAAAAAAAA;undefined;OTHER;OTHER
invoice-500.tiff;1;1;2480;3508;61713;1420;1684;86;52;1420;1684;1506;1684;1506;1736;1420;1736;Unit;AAAA;undefined;OTHER;OTHER
invoice-500.tiff;1;1;2480;3508;61714;1518;1684;101;52;1518;1684;1619;1684;1619;1736;1518;1736;Price;AAAAA;undefined;OTHER;OTHER
invoice-500.tiff;1;1;2480;3508;61715;1712;1684;96;52;1712;1684;1808;1684;1808;1736;1712;1736;TVA;AAA;undefined;OTHER;OTHER
invoice-500.tiff;1;1;2480;3508;61716;1820;1684;91;52;1820;1684;1911;1684;1911;1736;1820;1736;Rate;AAAA;undefined;OTHER;OTHER
invoice-500.tiff;1;1;2480;3508;61717;2051;1684;104;52;2051;1684;2155;1684;2155;1736;2051;1736;Total;AAAAA;undefined;OTHER;OTHER
invoice-500.tiff;1;1;2480;3508;61718;197;1758;20;48;197;1758;217;1758;217;1806;197;1806;1;N;undefined;OTHER;OTHER
invoice-500.tiff;1;1;2480;3508;61719;427;1758;20;48;427;1758;447;1758;447;1806;427;1806;1;N;undefined;OTHER;OTHER
invoice-500.tiff;1;1;2480;3508;61720;583;1758;108;48;583;1758;691;1758;691;1806;583;1806;Robot;AAAAA;undefined;OTHER;OTHER
invoice-500.tiff;1;1;2480;3508;61721;702;1758;240;48;702;1758;942;1758;942;1806;702;1806;multifonction;AAAAAAAAAAAAA;undefined;OTHER;OTHER
invoice-500.tiff;1;1;2480;3508;61722;953;1758;159;48;953;1758;1112;1758;1112;1806;953;1806;Magimix;AAAAAAA;undefined;OTHER;OTHER
invoice-500.tiff;1;1;2480;3508;61723;1123;1758;129;48;1123;1758;1252;1758;1252;1806;1123;1806;18255F;NNNNNA;undefined;OTHER;OTHER
invoice-500.tiff;1;1;2480;3508;61724;1263;1758;101;48;1263;1758;1364;1758;1364;1806;1263;1806;MINI;AAAA;undefined;OTHER;OTHER
invoice-500.tiff;1;1;2480;3508;61728;1416;1758;114;48;1416;1758;1530;1758;1530;1806;1416;1806;166,66;NNNSNN;undefined;OTHER;OTHER
invoice-500.tiff;1;1;2480;3508;61729;1541;1758;83;48;1541;1758;1624;1758;1624;1806;1541;1806;USD;AAA;undefined;OTHER;OTHER
invoice-500.tiff;1;1;2480;3508;61730;1755;1758;114;48;1755;1758;1869;1758;1869;1806;1755;1806;20.0%;NNSNS;undefined;OTHER;OTHER
invoice-500.tiff;1;1;2480;3508;61731;1999;1758;114;48;1999;1758;2113;1758;2113;1806;1999;1806;166,66;NNNSNN;undefined;OTHER;OTHER
invoice-500.tiff;1;1;2480;3508;61732;2125;1758;83;48;2125;1758;2208;1758;2208;1806;2125;1806;USD;AAA;undefined;OTHER;OTHER
invoice-500.tiff;1;1;2480;3508;61725;583;1806;106;48;583;1806;689;1806;689;1854;583;1854;PLUS;AAAA;undefined;OTHER;OTHER
invoice-500.tiff;1;1;2480;3508;61726;700;1806;138;48;700;1806;838;1806;838;1854;700;1854;JAUNE;AAAAA;undefined;OTHER;OTHER
invoice-500.tiff;1;1;2480;3508;61727;849;1806;166;48;849;1806;1015;1806;1015;1854;849;1854;CITRON;AAAAAA;undefined;OTHER;OTHER
invoice-500.tiff;1;1;2480;3508;61733;197;1895;20;48;197;1895;217;1895;217;1943;197;1943;2;N;undefined;OTHER;OTHER
invoice-500.tiff;1;1;2480;3508;61734;427;1895;20;48;427;1895;447;1895;447;1943;427;1943;3;N;undefined;OTHER;OTHER
invoice-500.tiff;1;1;2480;3508;61735;583;1895;101;48;583;1895;684;1895;684;1943;583;1943;Table;AAAAA;undefined;OTHER;OTHER
invoice-500.tiff;1;1;2480;3508;61736;695;1895;169;48;695;1895;864;1895;864;1943;695;1943;induction;AAAAAAAAA;undefined;OTHER;OTHER
invoice-500.tiff;1;1;2480;3508;61737;875;1895;185;48;875;1895;1060;1895;1060;1943;875;1943;Electrolux;AAAAAAAAAA;undefined;OTHER;OTHER
invoice-500.tiff;1;1;2480;3508;61738;1070;1895;199;48;1070;1895;1269;1895;1269;1943;1070;1943;E6353FVK;ANNNNAAA;undefined;OTHER;OTHER
invoice-500.tiff;1;1;2480;3508;61739;1416;1895;114;48;1416;1895;1530;1895;1530;1943;1416;1943;374,17;NNNSNN;undefined;OTHER;OTHER
invoice-500.tiff;1;1;2480;3508;61740;1541;1895;83;48;1541;1895;1624;1895;1624;1943;1541;1943;USD;AAA;undefined;OTHER;OTHER
invoice-500.tiff;1;1;2480;3508;61741;1755;1895;114;48;1755;1895;1869;1895;1869;1943;1755;1943;20.0%;NNSNS;undefined;OTHER;OTHER
invoice-500.tiff;1;1;2480;3508;61742;1989;1895;135;48;1989;1895;2124;1895;2124;1943;1989;1943;1122,50;NNNNSNN;undefined;OTHER;OTHER
invoice-500.tiff;1;1;2480;3508;61743;2135;1895;83;48;2135;1895;2218;1895;2218;1943;2135;1943;USD;AAA;undefined;OTHER;OTHER
invoice-500.tiff;1;1;2480;3508;61744;197;1985;20;48;197;1985;217;1985;217;2033;197;2033;3;N;undefined;OTHER;OTHER
invoice-500.tiff;1;1;2480;3508;61745;427;1985;20;48;427;1985;447;1985;447;2033;427;2033;3;N;undefined;OTHER;OTHER
invoice-500.tiff;1;1;2480;3508;61746;583;1985;97;48;583;1985;680;1985;680;2033;583;2033;Unité;AAAAA;undefined;OTHER;OTHER
invoice-500.tiff;1;1;2480;3508;61747;690;1985;143;48;690;1985;833;1985;833;2033;690;2033;centrale;AAAAAAAA;undefined;OTHER;OTHER
invoice-500.tiff;1;1;2480;3508;61748;844;1985;71;48;844;1985;915;1985;915;2033;844;2033;Dell;AAAA;undefined;OTHER;OTHER
invoice-500.tiff;1;1;2480;3508;61749;927;1985;155;48;927;1985;1082;1985;1082;2033;927;2033;Optiplex;AAAAAAAA;undefined;OTHER;OTHER
invoice-500.tiff;1;1;2480;3508;61750;1092;1985;62;48;1092;1985;1154;1985;1154;2033;1092;2033;390;NNN;undefined;OTHER;OTHER
invoice-500.tiff;1;1;2480;3508;61751;1165;1985;145;48;1165;1985;1310;1985;1310;2033;1165;2033;Desktop;AAAAAAA;undefined;OTHER;OTHER
invoice-500.tiff;1;1;2480;3508;61752;1321;1985;13;48;1321;1985;1334;1985;1334;2033;1321;2033;-;S;undefined;OTHER;OTHER
invoice-500.tiff;1;1;2480;3508;61755;1416;1985;114;48;1416;1985;1530;1985;1530;2033;1416;2033;358,25;NNNSNN;undefined;OTHER;OTHER
invoice-500.tiff;1;1;2480;3508;61756;1541;1985;83;48;1541;1985;1624;1985;1624;2033;1541;2033;USD;AAA;undefined;OTHER;OTHER
invoice-500.tiff;1;1;2480;3508;61757;1755;1985;114;48;1755;1985;1869;1985;1869;2033;1755;2033;20.0%;NNSNS;undefined;OTHER;OTHER
invoice-500.tiff;1;1;2480;3508;61758;1989;1985;135;48;1989;1985;2124;1985;2124;2033;1989;2033;1074,75;NNNNSNN;undefined;OTHER;OTHER
invoice-500.tiff;1;1;2480;3508;61759;2135;1985;83;48;2135;1985;2218;1985;2218;2033;2135;2033;USD;AAA;undefined;OTHER;OTHER
invoice-500.tiff;1;1;2480;3508;61753;583;2033;166;48;583;2033;749;2033;749;2081;583;2081;Windows;AAAAAAA;undefined;OTHER;OTHER
invoice-500.tiff;1;1;2480;3508;61754;760;2033;41;48;760;2033;801;2033;801;2081;760;2081;10;NN;undefined;OTHER;OTHER
invoice-500.tiff;1;1;2480;3508;61760;197;2123;20;48;197;2123;217;2123;217;2171;197;2171;4;N;undefined;OTHER;OTHER
invoice-500.tiff;1;1;2480;3508;61761;427;2123;20;48;427;2123;447;2123;447;2171;427;2171;4;N;undefined;OTHER;OTHER
invoice-500.tiff;1;1;2480;3508;61762;583;2123;99;48;583;2123;682;2123;682;2171;583;2171;Tapis;AAAAA;undefined;OTHER;OTHER
invoice-500.tiff;1;1;2480;3508;61763;693;2123;41;48;693;2123;734;2123;734;2171;693;2171;de;AA;undefined;OTHER;OTHER
invoice-500.tiff;1;1;2480;3508;61764;745;2123;106;48;745;2123;851;2123;851;2171;745;2171;souris;AAAAAA;undefined;OTHER;OTHER
invoice-500.tiff;1;1;2480;3508;61765;862;2123;106;48;862;2123;968;2123;968;2171;862;2171;Razer;AAAAA;undefined;OTHER;OTHER
invoice-500.tiff;1;1;2480;3508;61766;979;2123;252;48;979;2123;1231;2123;1231;2171;979;2171;GOLIATHUS;AAAAAAAAA;undefined;OTHER;OTHER
invoice-500.tiff;1;1;2480;3508;61770;1427;2123;93;48;1427;2123;1520;2123;1520;2171;1427;2171;20,83;NNSNN;undefined;OTHER;OTHER
invoice-500.tiff;1;1;2480;3508;61771;1531;2123;83;48;1531;2123;1614;2123;1614;2171;1531;2171;USD;AAA;undefined;OTHER;OTHER
invoice-500.tiff;1;1;2480;3508;61772;1755;2123;114;48;1755;2123;1869;2123;1869;2171;1755;2171;20.0%;NNSNS;undefined;OTHER;OTHER
invoice-500.tiff;1;1;2480;3508;61773;2010;2123;93;48;2010;2123;2103;2123;2103;2171;2010;2171;83,30;NNSNN;undefined;OTHER;OTHER
invoice-500.tiff;1;1;2480;3508;61774;2114;2123;83;48;2114;2123;2197;2123;2197;2171;2114;2171;USD;AAA;undefined;OTHER;OTHER
invoice-500.tiff;1;1;2480;3508;61767;583;2171;134;48;583;2171;717;2171;717;2219;583;2219;SPEED;AAAAA;undefined;OTHER;OTHER
invoice-500.tiff;1;1;2480;3508;61768;728;2171;171;48;728;2171;899;2171;899;2219;728;2219;COSMIC;AAAAAA;undefined;OTHER;OTHER
invoice-500.tiff;1;1;2480;3508;61769;909;2171;148;48;909;2171;1057;2171;1057;2219;909;2219;LARGE;AAAAA;undefined;OTHER;OTHER
invoice-500.tiff;1;1;2480;3508;61775;197;2261;20;48;197;2261;217;2261;217;2309;197;2309;5;N;undefined;OTHER;OTHER
invoice-500.tiff;1;1;2480;3508;61776;427;2261;20;48;427;2261;447;2261;447;2309;427;2309;3;N;undefined;OTHER;OTHER
invoice-500.tiff;1;1;2480;3508;61777;583;2261;217;48;583;2261;800;2261;800;2309;583;2309;Purificateur;AAAAAAAAAAAA;undefined;OTHER;OTHER
invoice-500.tiff;1;1;2480;3508;61778;811;2261;85;48;811;2261;896;2261;896;2309;811;2309;d'air;ASAAA;undefined;OTHER;OTHER
invoice-500.tiff;1;1;2480;3508;61779;907;2261;131;48;907;2261;1038;2261;1038;2309;907;2309;Blueair;AAAAAAA;undefined;OTHER;OTHER
invoice-500.tiff;1;1;2480;3508;61780;1049;2261;217;48;1049;2261;1266;2261;1266;2309;1049;2309;Purificateur;AAAAAAAAAAAA;undefined;OTHER;OTHER
invoice-500.tiff;1;1;2480;3508;61781;1277;2261;85;48;1277;2261;1362;2261;1362;2309;1277;2309;d'air;ASAAA;undefined;OTHER;OTHER
invoice-500.tiff;1;1;2480;3508;61786;1416;2261;114;48;1416;2261;1530;2261;1530;2309;1416;2309;521,58;NNNSNN;undefined;OTHER;OTHER
invoice-500.tiff;1;1;2480;3508;61787;1541;2261;83;48;1541;2261;1624;2261;1624;2309;1541;2309;USD;AAA;undefined;OTHER;OTHER
invoice-500.tiff;1;1;2480;3508;61788;1755;2261;114;48;1755;2261;1869;2261;1869;2309;1755;2309;20.0%;NNSNS;undefined;OTHER;OTHER
invoice-500.tiff;1;1;2480;3508;61789;1989;2261;135;48;1989;2261;2124;2261;2124;2309;1989;2309;1564,75;NNNNSNN;undefined;OTHER;OTHER
invoice-500.tiff;1;1;2480;3508;61790;2135;2261;83;48;2135;2261;2218;2261;2218;2309;2135;2309;USD;AAA;undefined;OTHER;OTHER
invoice-500.tiff;1;1;2480;3508;61782;583;2309;131;48;583;2309;714;2309;714;2357;583;2357;Blueair;AAAAAAA;undefined;OTHER;OTHER
invoice-500.tiff;1;1;2480;3508;61783;725;2309;62;48;725;2309;787;2309;787;2357;725;2357;403;NNN;undefined;OTHER;OTHER
invoice-500.tiff;1;1;2480;3508;61784;798;2309;78;48;798;2309;876;2309;876;2357;798;2357;avec;AAAA;undefined;OTHER;OTHER
invoice-500.tiff;1;1;2480;3508;61785;887;2309;50;48;887;2309;937;2309;937;2357;887;2357;filt;AAAA;undefined;OTHER;OTHER
invoice-500.tiff;1;1;2480;3508;61791;1833;2440;104;52;1833;2440;1937;2440;1937;2492;1833;2492;Total;AAAAA;undefined;OTHER;OTHER
invoice-500.tiff;1;1;2480;3508;61792;1979;2440;135;48;1979;2440;2114;2440;2114;2488;1979;2488;4011,96;NNNNSNN;TWTX;TOTAL_WITHOUT_TAX;TWTXS
invoice-500.tiff;1;1;2480;3508;61793;2125;2440;83;48;2125;2440;2208;2440;2208;2488;2125;2488;USD;AAA;TWTX;TOTAL_WITHOUT_TAX;TWTXS
invoice-500.tiff;1;1;2480;3508;61794;1852;2493;96;52;1852;2493;1948;2493;1948;2545;1852;2545;TVA;AAA;undefined;OTHER;OTHER
invoice-500.tiff;1;1;2480;3508;61795;1960;2493;91;52;1960;2493;2051;2493;2051;2545;1960;2545;Rate;AAAA;undefined;OTHER;OTHER
invoice-500.tiff;1;1;2480;3508;61796;2093;2493;114;48;2093;2493;2207;2493;2207;2541;2093;2541;20.0%;NNSNS;TXR;TAX_RATE;Tax Rate
invoice-500.tiff;1;1;2480;3508;61797;1710;2546;76;52;1710;2546;1786;2546;1786;2598;1710;2598;Tax;AAA;undefined;OTHER;OTHER
invoice-500.tiff;1;1;2480;3508;61798;1797;2546;160;52;1797;2546;1957;2546;1957;2598;1797;2598;Amount;AAAAAA;undefined;OTHER;OTHER
invoice-500.tiff;1;1;2480;3508;61799;1999;2546;114;48;1999;2546;2113;2546;2113;2594;1999;2594;802,39;NNNSNN;TTX;TOTAL_TAX;Total Tax
invoice-500.tiff;1;1;2480;3508;61800;2125;2546;83;48;2125;2546;2208;2546;2208;2594;2125;2594;USD;AAA;TTX;TOTAL_TAX;Total Tax
invoice-500.tiff;1;1;2480;3508;61801;1644;2599;160;52;1644;2599;1804;2599;1804;2651;1644;2651;Amount;AAAAAA;undefined;OTHER;OTHER
invoice-500.tiff;1;1;2480;3508;61802;1816;2599;38;52;1816;2599;1854;2599;1854;2651;1816;2651;to;AA;undefined;OTHER;OTHER
invoice-500.tiff;1;1;2480;3508;61803;1866;2599;71;52;1866;2599;1937;2599;1937;2651;1866;2651;pay;AAA;undefined;OTHER;OTHER
invoice-500.tiff;1;1;2480;3508;61804;1979;2599;135;48;1979;2599;2114;2599;2114;2647;1979;2647;4814,35;NNNNSNN;TA;TOTAL_AMOUNT;Total with TAX
invoice-500.tiff;1;1;2480;3508;61805;2125;2599;83;48;2125;2599;2208;2599;2208;2647;2125;2647;USD;AAA;TA;TOTAL_AMOUNT;Total with TAX
invoice-500.tiff;1;1;2480;3508;61806;124;3175;347;48;124;3175;471;3175;471;3223;124;3223;LEPERMISLIBRE;AAAAAAAAAAAAA;SN;SUPPLIER_NAME;Seller/Company) name
invoice-500.tiff;1;1;2480;3508;61807;124;3223;41;45;124;3223;165;3223;165;3268;124;3268;49;NN;SA;SUPPLIER_ADDRESS;Seller Address
invoice-500.tiff;1;1;2480;3508;61808;177;3223;81;45;177;3223;258;3223;258;3268;177;3268;RUE;AAA;SA;SUPPLIER_ADDRESS;Seller Address
invoice-500.tiff;1;1;2480;3508;61809;268;3223;55;45;268;3223;323;3223;323;3268;268;3268;DE;AA;SA;SUPPLIER_ADDRESS;Seller Address
invoice-500.tiff;1;1;2480;3508;61810;334;3223;48;45;334;3223;382;3223;382;3268;334;3268;LA;AA;SA;SUPPLIER_ADDRESS;Seller Address
invoice-500.tiff;1;1;2480;3508;61811;393;3223;141;45;393;3223;534;3223;534;3268;393;3268;CLAIRE;AAAAAA;SA;SUPPLIER_ADDRESS;Seller Address
invoice-500.tiff;1;1;2480;3508;61812;124;3268;104;45;124;3268;228;3268;228;3313;124;3313;69009;NNNNN;SA;SUPPLIER_ADDRESS;Seller Address
invoice-500.tiff;1;1;2480;3508;61813;270;3268;104;45;270;3268;374;3268;374;3313;270;3313;LYON;AAAA;SA;SUPPLIER_ADDRESS;Seller Address
invoice-500.tiff;1;1;2480;3508;61814;385;3268;106;45;385;3268;491;3268;491;3313;385;3313;9EME;NAAA;SA;SUPPLIER_ADDRESS;Seller Address
invoice-500.tiff;1;1;2480;3508;61815;124;3314;157;45;124;3314;281;3314;281;3359;124;3359;FRANCE;AAAAAA;SA;SUPPLIER_ADDRESS;Seller Address
