src;num_pages;page_id;page_width;page_height;id;col;row;width;height;x1;y1;x2;y2;x3;y3;x4;y4;contents;contents_masked;correctclass;tag;description
invoice-2022.tiff;1;1;2480;3508;248578;1541;62;599;175;1541;62;2140;62;2140;237;1541;237;common/logo;AAAAAASAAAA;img;IMAGE;Image
invoice-2022.tiff;1;1;2480;3508;248574;124;258;138;59;124;258;262;258;262;317;124;317;Dated;AAAAA;undefined;OTHER;OTHER
invoice-2022.tiff;1;1;2480;3508;248575;326;258;78;52;326;258;404;258;404;310;326;310;mar;AAA;IDATE;INVOICE_DATE;Invoice Date
invoice-2022.tiff;1;1;2480;3508;248576;418;258;63;52;418;258;481;258;481;310;418;310;24,;NNS;IDATE;INVOICE_DATE;Invoice Date
invoice-2022.tiff;1;1;2480;3508;248577;494;258;101;52;494;258;595;258;595;310;494;310;2018;NNNN;IDATE;INVOICE_DATE;Invoice Date
invoice-2022.tiff;1;1;2480;3508;248579;1541;412;81;49;1541;412;1622;412;1622;461;1541;461;LES;AAA;SN;SUPPLIER_NAME;Seller/Company) name
invoice-2022.tiff;1;1;2480;3508;248580;1634;412;155;49;1634;412;1789;412;1789;461;1634;461;P'TITES;ASAAAAA;SN;SUPPLIER_NAME;Seller/Company) name
invoice-2022.tiff;1;1;2480;3508;248581;1801;412;268;49;1801;412;2069;412;2069;461;1801;461;MARMOTTES;AAAAAAAAA;SN;SUPPLIER_NAME;Seller/Company) name
invoice-2022.tiff;1;1;2480;3508;248582;1541;462;87;48;1541;462;1628;462;1628;510;1541;510;RUE;AAA;SA;SUPPLIER_ADDRESS;Seller Address
invoice-2022.tiff;1;1;2480;3508;248583;1641;462;85;48;1641;462;1726;462;1726;510;1641;510;DES;AAA;SA;SUPPLIER_ADDRESS;Seller Address
invoice-2022.tiff;1;1;2480;3508;248584;1738;462;206;48;1738;462;1944;462;1944;510;1738;510;GRANDES;AAAAAAA;SA;SUPPLIER_ADDRESS;Seller Address
invoice-2022.tiff;1;1;2480;3508;248585;1956;462;134;48;1956;462;2090;462;2090;510;1956;510;ALPES;AAAAA;SA;SUPPLIER_ADDRESS;Seller Address
invoice-2022.tiff;1;1;2480;3508;248586;1541;510;115;48;1541;510;1656;510;1656;558;1541;558;73450;NNNNN;SA;SUPPLIER_ADDRESS;Seller Address
invoice-2022.tiff;1;1;2480;3508;248587;1699;510;203;48;1699;510;1902;510;1902;558;1699;558;VALLOIRE;AAAAAAAA;SA;SUPPLIER_ADDRESS;Seller Address
invoice-2022.tiff;1;1;2480;3508;248588;1541;558;171;48;1541;558;1712;558;1712;606;1541;606;FRANCE;AAAAAA;SA;SUPPLIER_ADDRESS;Seller Address
invoice-2022.tiff;1;1;2480;3508;248589;1541;606;120;48;1541;606;1661;606;1661;654;1541;654;Phone;AAAAA;undefined;OTHER;OTHER
invoice-2022.tiff;1;1;2480;3508;248590;1724;606;278;48;1724;606;2002;606;2002;654;1724;654;00.30.56.75.32;NNSNNSNNSNNSNN;SCN;SUPPLIER_CONTACT_NUMBER;Seller Contact Number
invoice-2022.tiff;1;1;2480;3508;248591;1541;654;69;48;1541;654;1610;654;1610;702;1541;702;Fax;AAA;undefined;OTHER;OTHER
invoice-2022.tiff;1;1;2480;3508;248592;1673;654;278;48;1673;654;1951;654;1951;702;1673;702;00.30.56.30.41;NNSNNSNNSNNSNN;SFAX;SUPPLIER_FAX_NUMBER;Seller Fax Number
invoice-2022.tiff;1;1;2480;3508;248593;124;1039;152;59;124;1039;276;1039;276;1098;124;1098;Billing;AAAAAAA;undefined;OTHER;OTHER
invoice-2022.tiff;1;1;2480;3508;248594;291;1039;200;59;291;1039;491;1039;491;1098;291;1098;Address;AAAAAAA;undefined;OTHER;OTHER
invoice-2022.tiff;1;1;2480;3508;248595;124;1099;125;49;124;1099;249;1099;249;1148;124;1148;Clovis;AAAAAA;BN;BILLING_NAME;Billing Name
invoice-2022.tiff;1;1;2480;3508;248596;261;1099;148;49;261;1099;409;1099;409;1148;261;1148;Friesen;AAAAAAA;BN;BILLING_NAME;Billing Name
invoice-2022.tiff;1;1;2480;3508;248597;124;1148;57;48;124;1148;181;1148;181;1196;124;1196;66,;NNS;BA;BILLING_ADDRESS;Billing Address
invoice-2022.tiff;1;1;2480;3508;248598;194;1148;136;48;194;1148;330;1148;330;1196;194;1196;avenue;AAAAAA;BA;BILLING_ADDRESS;Billing Address
invoice-2022.tiff;1;1;2480;3508;248599;342;1148;99;48;342;1148;441;1148;441;1196;342;1196;milon;AAAAA;BA;BILLING_ADDRESS;Billing Address
invoice-2022.tiff;1;1;2480;3508;248600;453;1148;46;48;453;1148;499;1148;499;1196;453;1196;de;AA;BA;BILLING_ADDRESS;Billing Address
invoice-2022.tiff;1;1;2480;3508;248601;511;1148;155;48;511;1148;666;1148;666;1196;511;1196;veraillon;AAAAAAAAA;BA;BILLING_ADDRESS;Billing Address
invoice-2022.tiff;1;1;2480;3508;248602;124;1197;115;48;124;1197;239;1197;239;1245;124;1245;06300;NNNNN;BA;BILLING_ADDRESS;Billing Address
invoice-2022.tiff;1;1;2480;3508;248603;282;1197;83;48;282;1197;365;1197;365;1245;282;1245;Nice;AAAA;BA;BILLING_ADDRESS;Billing Address
invoice-2022.tiff;1;1;2480;3508;248617;1541;1201;157;54;1541;1201;1698;1201;1698;1255;1541;1255;Invoice;AAAAAAA;undefined;OTHER;OTHER
invoice-2022.tiff;1;1;2480;3508;248618;1712;1201;173;54;1712;1201;1885;1201;1885;1255;1712;1255;Number;AAAAAA;undefined;OTHER;OTHER
invoice-2022.tiff;1;1;2480;3508;248619;2166;1201;176;48;2166;1201;2342;1201;2342;1249;2166;1249;INV-5007;AAASNNNN;IN;INVOICE_NUMBER;Invoice Number
invoice-2022.tiff;1;1;2480;3508;248604;124;1245;129;48;124;1245;253;1245;253;1293;124;1293;France;AAAAAA;BA;BILLING_ADDRESS;Billing Address
invoice-2022.tiff;1;1;2480;3508;248620;1541;1276;127;54;1541;1276;1668;1276;1668;1330;1541;1330;Client;AAAAAA;undefined;OTHER;OTHER
invoice-2022.tiff;1;1;2480;3508;248621;1681;1276;173;54;1681;1276;1854;1276;1854;1330;1681;1330;Number;AAAAAA;undefined;OTHER;OTHER
invoice-2022.tiff;1;1;2480;3508;248622;2166;1276;159;48;2166;1276;2325;1276;2325;1324;2166;1324;CL-9995;AASNNNN;CNUM;CLIENT_NUMBER;Client Number
invoice-2022.tiff;1;1;2480;3508;248605;124;1335;213;59;124;1335;337;1335;337;1394;124;1394;Shipping;AAAAAAAA;undefined;OTHER;OTHER
invoice-2022.tiff;1;1;2480;3508;248606;352;1335;200;59;352;1335;552;1335;552;1394;352;1394;Address;AAAAAAA;undefined;OTHER;OTHER
invoice-2022.tiff;1;1;2480;3508;248623;1541;1351;191;54;1541;1351;1732;1351;1732;1405;1541;1405;Payment;AAAAAAA;undefined;OTHER;OTHER
invoice-2022.tiff;1;1;2480;3508;248624;1745;1351;145;54;1745;1351;1890;1351;1890;1405;1745;1405;means;AAAAA;undefined;OTHER;OTHER
invoice-2022.tiff;1;1;2480;3508;248625;2166;1351;111;48;2166;1351;2277;1351;2277;1399;2166;1399;Credit;AAAAAA;PMODE;PAYMENT_MODE;Payment Mode
invoice-2022.tiff;1;1;2480;3508;248626;2289;1351;81;48;2289;1351;2370;1351;2370;1399;2289;1399;card;AAAA;PMODE;PAYMENT_MODE;Payment Mode
invoice-2022.tiff;1;1;2480;3508;248607;124;1394;125;49;124;1394;249;1394;249;1443;124;1443;Clovis;AAAAAA;SHN;SHIPPING_NAME;Shipping Name
invoice-2022.tiff;1;1;2480;3508;248608;261;1394;148;49;261;1394;409;1394;409;1443;261;1443;Friesen;AAAAAAA;SHN;SHIPPING_NAME;Shipping Name
invoice-2022.tiff;1;1;2480;3508;248609;124;1444;57;48;124;1444;181;1444;181;1492;124;1492;66,;NNS;SHA;SHIPPING_ADDRESS;Shipping Address
invoice-2022.tiff;1;1;2480;3508;248610;194;1444;136;48;194;1444;330;1444;330;1492;194;1492;avenue;AAAAAA;SHA;SHIPPING_ADDRESS;Shipping Address
invoice-2022.tiff;1;1;2480;3508;248611;342;1444;99;48;342;1444;441;1444;441;1492;342;1492;milon;AAAAA;SHA;SHIPPING_ADDRESS;Shipping Address
invoice-2022.tiff;1;1;2480;3508;248612;453;1444;46;48;453;1444;499;1444;499;1492;453;1492;de;AA;SHA;SHIPPING_ADDRESS;Shipping Address
invoice-2022.tiff;1;1;2480;3508;248613;511;1444;155;48;511;1444;666;1444;666;1492;511;1492;veraillon;AAAAAAAAA;SHA;SHIPPING_ADDRESS;Shipping Address
invoice-2022.tiff;1;1;2480;3508;248614;124;1492;115;48;124;1492;239;1492;239;1540;124;1540;06300;NNNNN;SHA;SHIPPING_ADDRESS;Shipping Address
invoice-2022.tiff;1;1;2480;3508;248615;282;1492;83;48;282;1492;365;1492;365;1540;282;1540;Nice;AAAA;SHA;SHIPPING_ADDRESS;Shipping Address
invoice-2022.tiff;1;1;2480;3508;248616;124;1540;129;48;124;1540;253;1540;253;1588;124;1588;France;AAAAAA;SHA;SHIPPING_ADDRESS;Shipping Address
invoice-2022.tiff;1;1;2480;3508;248627;211;1855;76;54;211;1855;287;1855;287;1909;211;1909;Qty;AAA;undefined;OTHER;OTHER
invoice-2022.tiff;1;1;2480;3508;248628;673;1855;277;54;673;1855;950;1855;950;1909;673;1909;Descriptions;AAAAAAAAAAAA;undefined;OTHER;OTHER
invoice-2022.tiff;1;1;2480;3508;248629;1372;1855;89;54;1372;1855;1461;1855;1461;1909;1372;1909;U.P.;ASAS;undefined;OTHER;OTHER
invoice-2022.tiff;1;1;2480;3508;248630;1651;1855;196;54;1651;1855;1847;1855;1847;1909;1651;1909;VAT/TVA;AAASAAA;undefined;OTHER;OTHER
invoice-2022.tiff;1;1;2480;3508;248631;1996;1855;173;54;1996;1855;2169;1855;2169;1909;1996;1909;Amount;AAAAAA;undefined;OTHER;OTHER
invoice-2022.tiff;1;1;2480;3508;248632;238;1931;23;49;238;1931;261;1931;261;1980;238;1980;3;N;undefined;OTHER;OTHER
invoice-2022.tiff;1;1;2480;3508;248633;375;1931;203;49;375;1931;578;1931;578;1980;375;1980;Chauffage;AAAAAAAAA;undefined;OTHER;OTHER
invoice-2022.tiff;1;1;2480;3508;248634;590;1931;176;49;590;1931;766;1931;766;1980;590;1980;ext√©rieur;AAAAAAAAA;undefined;OTHER;OTHER
invoice-2022.tiff;1;1;2480;3508;248635;777;1931;120;49;777;1931;897;1931;897;1980;777;1980;Burda;AAAAA;undefined;OTHER;OTHER
invoice-2022.tiff;1;1;2480;3508;248636;909;1931;118;49;909;1931;1027;1931;1027;1980;909;1980;TERM;AAAA;undefined;OTHER;OTHER
invoice-2022.tiff;1;1;2480;3508;248637;1039;1931;92;49;1039;1931;1131;1931;1131;1980;1039;1980;2000;NNNN;undefined;OTHER;OTHER
invoice-2022.tiff;1;1;2480;3508;248643;1303;1931;127;49;1303;1931;1430;1931;1430;1980;1303;1980;499,17;NNNSNN;undefined;OTHER;OTHER
invoice-2022.tiff;1;1;2480;3508;248644;1442;1931;87;49;1442;1931;1529;1931;1529;1980;1442;1980;EUR;AAA;undefined;OTHER;OTHER
invoice-2022.tiff;1;1;2480;3508;248645;1690;1931;118;49;1690;1931;1808;1931;1808;1980;1690;1980;20.0%;NNSNS;undefined;OTHER;OTHER
invoice-2022.tiff;1;1;2480;3508;248646;1958;1931;150;49;1958;1931;2108;1931;2108;1980;1958;1980;1497,50;NNNNSNN;undefined;OTHER;OTHER
invoice-2022.tiff;1;1;2480;3508;248647;2120;1931;87;49;2120;1931;2207;1931;2207;1980;2120;1980;EUR;AAA;undefined;OTHER;OTHER
invoice-2022.tiff;1;1;2480;3508;248638;375;1980;259;49;375;1980;634;1980;634;2029;375;2029;BLUETOOTH;AAAAAAAAA;undefined;OTHER;OTHER
invoice-2022.tiff;1;1;2480;3508;248639;645;1980;85;49;645;1980;730;1980;730;2029;645;2029;IP67;AANN;undefined;OTHER;OTHER
invoice-2022.tiff;1;1;2480;3508;248640;743;1980;145;49;743;1980;888;1980;888;2029;743;2029;BLANC;AAAAA;undefined;OTHER;OTHER
invoice-2022.tiff;1;1;2480;3508;248641;900;1980;23;49;900;1980;923;1980;923;2029;900;2029;2;N;undefined;OTHER;OTHER
invoice-2022.tiff;1;1;2480;3508;248642;935;1980;69;49;935;1980;1004;1980;1004;2029;935;2029;KW;AA;undefined;OTHER;OTHER
invoice-2022.tiff;1;1;2480;3508;248648;238;2072;23;49;238;2072;261;2072;261;2121;238;2121;2;N;undefined;OTHER;OTHER
invoice-2022.tiff;1;1;2480;3508;248649;375;2072;208;49;375;2072;583;2072;583;2121;375;2121;Aspirateur;AAAAAAAAAA;undefined;OTHER;OTHER
invoice-2022.tiff;1;1;2480;3508;248650;594;2072;94;49;594;2072;688;2072;688;2121;594;2121;balai;AAAAA;undefined;OTHER;OTHER
invoice-2022.tiff;1;1;2480;3508;248651;701;2072;143;49;701;2072;844;2072;844;2121;701;2121;Hoover;AAAAAA;undefined;OTHER;OTHER
invoice-2022.tiff;1;1;2480;3508;248652;856;2072;175;49;856;2072;1031;2072;1031;2121;856;2121;Freedom;AAAAAAA;undefined;OTHER;OTHER
invoice-2022.tiff;1;1;2480;3508;248653;1044;2072;162;49;1044;2072;1206;2072;1206;2121;1044;2121;FD22BC;AANNAA;undefined;OTHER;OTHER
invoice-2022.tiff;1;1;2480;3508;248655;1303;2072;127;49;1303;2072;1430;2072;1430;2121;1303;2121;158,32;NNNSNN;undefined;OTHER;OTHER
invoice-2022.tiff;1;1;2480;3508;248656;1442;2072;87;49;1442;2072;1529;2072;1529;2121;1442;2121;EUR;AAA;undefined;OTHER;OTHER
invoice-2022.tiff;1;1;2480;3508;248657;1690;2072;118;49;1690;2072;1808;2072;1808;2121;1690;2121;20.0%;NNSNS;undefined;OTHER;OTHER
invoice-2022.tiff;1;1;2480;3508;248658;1969;2072;127;49;1969;2072;2096;2072;2096;2121;1969;2121;316,65;NNNSNN;undefined;OTHER;OTHER
invoice-2022.tiff;1;1;2480;3508;248659;2108;2072;87;49;2108;2072;2195;2072;2195;2121;2108;2121;EUR;AAA;undefined;OTHER;OTHER
invoice-2022.tiff;1;1;2480;3508;248654;375;2121;284;49;375;2121;659;2121;659;2170;375;2170;Multifonctions;AAAAAAAAAAAAAA;undefined;OTHER;OTHER
invoice-2022.tiff;1;1;2480;3508;248660;238;2212;23;49;238;2212;261;2212;261;2261;238;2261;3;N;undefined;OTHER;OTHER
invoice-2022.tiff;1;1;2480;3508;248661;375;2212;125;49;375;2212;500;2212;500;2261;375;2261;Savon;AAAAA;undefined;OTHER;OTHER
invoice-2022.tiff;1;1;2480;3508;248662;511;2212;211;49;511;2212;722;2212;722;2261;511;2261;d'entretien;ASAAAAAAAAA;undefined;OTHER;OTHER
invoice-2022.tiff;1;1;2480;3508;248663;734;2212;159;49;734;2212;893;2212;893;2261;734;2261;Starwax;AAAAAAA;undefined;OTHER;OTHER
invoice-2022.tiff;1;1;2480;3508;248664;905;2212;74;49;905;2212;979;2212;979;2261;905;2261;The;AAA;undefined;OTHER;OTHER
invoice-2022.tiff;1;1;2480;3508;248665;991;2212;185;49;991;2212;1176;2212;1176;2261;991;2261;Fabulous;AAAAAAAA;undefined;OTHER;OTHER
invoice-2022.tiff;1;1;2480;3508;248672;1326;2212;81;49;1326;2212;1407;2212;1407;2261;1326;2261;7,46;NSNN;undefined;OTHER;OTHER
invoice-2022.tiff;1;1;2480;3508;248673;1419;2212;87;49;1419;2212;1506;2212;1506;2261;1419;2261;EUR;AAA;undefined;OTHER;OTHER
invoice-2022.tiff;1;1;2480;3508;248674;1690;2212;118;49;1690;2212;1808;2212;1808;2261;1690;2261;20.0%;NNSNS;undefined;OTHER;OTHER
invoice-2022.tiff;1;1;2480;3508;248675;1981;2212;104;49;1981;2212;2085;2212;2085;2261;1981;2261;22,37;NNSNN;undefined;OTHER;OTHER
invoice-2022.tiff;1;1;2480;3508;248676;2097;2212;87;49;2097;2212;2184;2212;2184;2261;2097;2261;EUR;AAA;undefined;OTHER;OTHER
invoice-2022.tiff;1;1;2480;3508;248666;375;2262;148;49;375;2262;523;2262;523;2311;375;2311;SAVON;AAAAA;undefined;OTHER;OTHER
invoice-2022.tiff;1;1;2480;3508;248667;534;2262;104;49;534;2262;638;2262;638;2311;534;2311;NOIR;AAAA;undefined;OTHER;OTHER
invoice-2022.tiff;1;1;2480;3508;248668;650;2262;30;49;650;2262;680;2262;680;2311;650;2311;A;A;undefined;OTHER;OTHER
invoice-2022.tiff;1;1;2480;3508;248669;692;2262;160;49;692;2262;852;2262;852;2311;692;2311;L'HUILE;ASAAAAA;undefined;OTHER;OTHER
invoice-2022.tiff;1;1;2480;3508;248670;864;2262;165;49;864;2262;1029;2262;1029;2311;864;2311;D'OLIVE;ASAAAAA;undefined;OTHER;OTHER
invoice-2022.tiff;1;1;2480;3508;248671;375;2312;263;49;375;2312;638;2312;638;2361;375;2361;CONCENTRE;AAAAAAAAA;undefined;OTHER;OTHER
invoice-2022.tiff;1;1;2480;3508;248677;238;2403;23;49;238;2403;261;2403;261;2452;238;2452;3;N;undefined;OTHER;OTHER
invoice-2022.tiff;1;1;2480;3508;248678;375;2403;150;49;375;2403;525;2403;525;2452;375;2452;Housse;AAAAAA;undefined;OTHER;OTHER
invoice-2022.tiff;1;1;2480;3508;248679;537;2403;185;49;537;2403;722;2403;722;2452;537;2452;barbecue;AAAAAAAA;undefined;OTHER;OTHER
invoice-2022.tiff;1;1;2480;3508;248680;733;2403;127;49;733;2403;860;2403;860;2452;733;2452;Weber;AAAAA;undefined;OTHER;OTHER
invoice-2022.tiff;1;1;2480;3508;248681;872;2403;178;49;872;2403;1050;2403;1050;2452;872;2452;Premium;AAAAAAA;undefined;OTHER;OTHER
invoice-2022.tiff;1;1;2480;3508;248682;1062;2403;162;49;1062;2403;1224;2403;1224;2452;1062;2452;Genesis;AAAAAAA;undefined;OTHER;OTHER
invoice-2022.tiff;1;1;2480;3508;248686;1303;2403;127;49;1303;2403;1430;2403;1430;2452;1303;2452;149,99;NNNSNN;undefined;OTHER;OTHER
invoice-2022.tiff;1;1;2480;3508;248687;1442;2403;87;49;1442;2403;1529;2403;1529;2452;1442;2452;EUR;AAA;undefined;OTHER;OTHER
invoice-2022.tiff;1;1;2480;3508;248688;1690;2403;118;49;1690;2403;1808;2403;1808;2452;1690;2452;20.0%;NNSNS;undefined;OTHER;OTHER
invoice-2022.tiff;1;1;2480;3508;248689;1969;2403;127;49;1969;2403;2096;2403;2096;2452;1969;2452;449,98;NNNSNN;undefined;OTHER;OTHER
invoice-2022.tiff;1;1;2480;3508;248690;2108;2403;87;49;2108;2403;2195;2403;2195;2452;2108;2452;EUR;AAA;undefined;OTHER;OTHER
invoice-2022.tiff;1;1;2480;3508;248683;375;2452;23;49;375;2452;398;2452;398;2501;375;2501;II;AA;undefined;OTHER;OTHER
invoice-2022.tiff;1;1;2480;3508;248684;409;2452;23;49;409;2452;432;2452;432;2501;409;2501;6;N;undefined;OTHER;OTHER
invoice-2022.tiff;1;1;2480;3508;248685;444;2452;166;49;444;2452;610;2452;610;2501;444;2501;br√ªleurs;AAAAAAAA;undefined;OTHER;OTHER
invoice-2022.tiff;1;1;2480;3508;248691;1758;2585;157;52;1758;2585;1915;2585;1915;2637;1758;2637;Amount;AAAAAA;undefined;OTHER;OTHER
invoice-2022.tiff;1;1;2480;3508;248692;1958;2585;150;48;1958;2585;2108;2585;2108;2633;1958;2633;2286,50;NNNNSNN;TWTX;TOTAL_WITHOUT_TAX;TWTXS
invoice-2022.tiff;1;1;2480;3508;248693;2120;2585;87;48;2120;2585;2207;2585;2207;2633;2120;2633;EUR;AAA;TWTX;TOTAL_WITHOUT_TAX;TWTXS
invoice-2022.tiff;1;1;2480;3508;248694;1857;2638;191;52;1857;2638;2048;2638;2048;2690;1857;2690;VAT/TVA;AAASAAA;undefined;OTHER;OTHER
invoice-2022.tiff;1;1;2480;3508;248695;2090;2638;118;48;2090;2638;2208;2638;2208;2686;2090;2686;20.0%;NNSNS;TXR;TAX_RATE;Tax Rate
invoice-2022.tiff;1;1;2480;3508;248696;1679;2691;89;52;1679;2691;1768;2691;1768;2743;1679;2743;TVA;AAA;undefined;OTHER;OTHER
invoice-2022.tiff;1;1;2480;3508;248697;1781;2691;157;52;1781;2691;1938;2691;1938;2743;1781;2743;Amount;AAAAAA;undefined;OTHER;OTHER
invoice-2022.tiff;1;1;2480;3508;248698;1981;2691;127;48;1981;2691;2108;2691;2108;2739;1981;2739;457,30;NNNSNN;TTX;TOTAL_TAX;Total Tax
invoice-2022.tiff;1;1;2480;3508;248699;2120;2691;87;48;2120;2691;2207;2691;2207;2739;2120;2739;EUR;AAA;TTX;TOTAL_TAX;Total Tax
invoice-2022.tiff;1;1;2480;3508;248700;1643;2744;101;52;1643;2744;1744;2744;1744;2796;1643;2796;Total;AAAAA;undefined;OTHER;OTHER
invoice-2022.tiff;1;1;2480;3508;248701;1758;2744;157;52;1758;2744;1915;2744;1915;2796;1758;2796;Amount;AAAAAA;undefined;OTHER;OTHER
invoice-2022.tiff;1;1;2480;3508;248702;1958;2744;150;48;1958;2744;2108;2744;2108;2792;1958;2792;2743,80;NNNNSNN;TA;TOTAL_AMOUNT;Total with TAX
invoice-2022.tiff;1;1;2480;3508;248703;2120;2744;87;48;2120;2744;2207;2744;2207;2792;2120;2792;EUR;AAA;TA;TOTAL_AMOUNT;Total with TAX
invoice-2022.tiff;1;1;2480;3508;248704;1187;3154;81;49;1187;3154;1268;3154;1268;3203;1187;3203;LES;AAA;SN;SUPPLIER_NAME;Seller/Company) name
invoice-2022.tiff;1;1;2480;3508;248705;1280;3154;155;49;1280;3154;1435;3154;1435;3203;1280;3203;P'TITES;ASAAAAA;SN;SUPPLIER_NAME;Seller/Company) name
invoice-2022.tiff;1;1;2480;3508;248706;1447;3154;268;49;1447;3154;1715;3154;1715;3203;1447;3203;MARMOTTES;AAAAAAAAA;SN;SUPPLIER_NAME;Seller/Company) name
invoice-2022.tiff;1;1;2480;3508;248707;1187;3203;87;48;1187;3203;1274;3203;1274;3251;1187;3251;RUE;AAA;SA;SUPPLIER_ADDRESS;Seller Address
invoice-2022.tiff;1;1;2480;3508;248708;1287;3203;85;48;1287;3203;1372;3203;1372;3251;1287;3251;DES;AAA;SA;SUPPLIER_ADDRESS;Seller Address
invoice-2022.tiff;1;1;2480;3508;248709;1384;3203;206;48;1384;3203;1590;3203;1590;3251;1384;3251;GRANDES;AAAAAAA;SA;SUPPLIER_ADDRESS;Seller Address
invoice-2022.tiff;1;1;2480;3508;248710;1601;3203;134;48;1601;3203;1735;3203;1735;3251;1601;3251;ALPES;AAAAA;SA;SUPPLIER_ADDRESS;Seller Address
invoice-2022.tiff;1;1;2480;3508;248711;1187;3251;115;48;1187;3251;1302;3251;1302;3299;1187;3299;73450;NNNNN;SA;SUPPLIER_ADDRESS;Seller Address
invoice-2022.tiff;1;1;2480;3508;248712;1344;3251;203;48;1344;3251;1547;3251;1547;3299;1344;3299;VALLOIRE;AAAAAAAA;SA;SUPPLIER_ADDRESS;Seller Address
invoice-2022.tiff;1;1;2480;3508;248713;1187;3300;171;48;1187;3300;1358;3300;1358;3348;1187;3348;FRANCE;AAAAAA;SA;SUPPLIER_ADDRESS;Seller Address
