src;num_pages;page_id;page_width;page_height;id;col;row;width;height;x1;y1;x2;y2;x3;y3;x4;y4;contents;contents_masked;correctclass;tag;description
invoice-1361.tiff;1;1;2480;3508;167047;124;62;633;175;124;62;757;62;757;237;124;237;common/logo;AAAAAASAAAA;img;IMAGE;Image
invoice-1361.tiff;1;1;2480;3508;167065;1541;258;99;57;1541;258;1640;258;1640;315;1541;315;Date;AAAA;undefined;OTHER;OTHER
invoice-1361.tiff;1;1;2480;3508;167066;1704;258;45;50;1704;258;1749;258;1749;308;1704;308;24;NN;IDATE;INVOICE_DATE;Invoice Date
invoice-1361.tiff;1;1;2480;3508;167067;1761;258;67;50;1761;258;1828;258;1828;308;1761;308;dic,;AAAS;IDATE;INVOICE_DATE;Invoice Date
invoice-1361.tiff;1;1;2480;3508;167068;1840;258;91;50;1840;258;1931;258;1931;308;1840;308;2005;NNNN;IDATE;INVOICE_DATE;Invoice Date
invoice-1361.tiff;1;1;2480;3508;167048;124;412;222;48;124;412;346;412;346;460;124;460;BRUSSEAU;AAAAAAAA;SN;SUPPLIER_NAME;Seller/Company) name
invoice-1361.tiff;1;1;2480;3508;167049;124;506;104;45;124;506;228;506;228;551;124;551;17520;NNNNN;SA;SUPPLIER_ADDRESS;Seller Address
invoice-1361.tiff;1;1;2480;3508;167050;270;506;150;45;270;506;420;506;420;551;270;551;JARNAC;AAAAAA;SA;SUPPLIER_ADDRESS;Seller Address
invoice-1361.tiff;1;1;2480;3508;167051;431;506;252;45;431;506;683;506;683;551;431;551;CHAMPAGNE;AAAAAAAAA;SA;SUPPLIER_ADDRESS;Seller Address
invoice-1361.tiff;1;1;2480;3508;167052;124;552;157;45;124;552;281;552;281;597;124;597;FRANCE;AAAAAA;SA;SUPPLIER_ADDRESS;Seller Address
invoice-1361.tiff;1;1;2480;3508;167053;124;598;106;45;124;598;230;598;230;643;124;643;Phone;AAAAA;undefined;OTHER;OTHER
invoice-1361.tiff;1;1;2480;3508;167054;293;598;69;45;293;598;362;598;362;643;293;643;+33;SNN;SCN;SUPPLIER_CONTACT_NUMBER;Seller Contact Number
invoice-1361.tiff;1;1;2480;3508;167055;374;598;20;45;374;598;394;598;394;643;374;643;0;N;SCN;SUPPLIER_CONTACT_NUMBER;Seller Contact Number
invoice-1361.tiff;1;1;2480;3508;167056;405;598;62;45;405;598;467;598;467;643;405;643;430;NNN;SCN;SUPPLIER_CONTACT_NUMBER;Seller Contact Number
invoice-1361.tiff;1;1;2480;3508;167057;478;598;62;45;478;598;540;598;540;643;478;643;630;NNN;SCN;SUPPLIER_CONTACT_NUMBER;Seller Contact Number
invoice-1361.tiff;1;1;2480;3508;167058;551;598;62;45;551;598;613;598;613;643;551;643;804;NNN;SCN;SUPPLIER_CONTACT_NUMBER;Seller Contact Number
invoice-1361.tiff;1;1;2480;3508;167059;124;643;64;45;124;643;188;643;188;688;124;688;Fax;AAA;undefined;OTHER;OTHER
invoice-1361.tiff;1;1;2480;3508;167060;252;643;69;45;252;643;321;643;321;688;252;688;+33;SNN;SFAX;SUPPLIER_FAX_NUMBER;Seller Fax Number
invoice-1361.tiff;1;1;2480;3508;167061;332;643;20;45;332;643;352;643;352;688;332;688;0;N;SFAX;SUPPLIER_FAX_NUMBER;Seller Fax Number
invoice-1361.tiff;1;1;2480;3508;167062;363;643;62;45;363;643;425;643;425;688;363;688;430;NNN;SFAX;SUPPLIER_FAX_NUMBER;Seller Fax Number
invoice-1361.tiff;1;1;2480;3508;167063;436;643;62;45;436;643;498;643;498;688;436;688;630;NNN;SFAX;SUPPLIER_FAX_NUMBER;Seller Fax Number
invoice-1361.tiff;1;1;2480;3508;167064;509;643;62;45;509;643;571;643;571;688;509;688;649;NNN;SFAX;SUPPLIER_FAX_NUMBER;Seller Fax Number
invoice-1361.tiff;1;1;2480;3508;167069;124;1016;155;57;124;1016;279;1016;279;1073;124;1073;Invoice;AAAAAAA;undefined;OTHER;OTHER
invoice-1361.tiff;1;1;2480;3508;167070;293;1016;175;57;293;1016;468;1016;468;1073;293;1073;Address;AAAAAAA;undefined;OTHER;OTHER
invoice-1361.tiff;1;1;2480;3508;167071;124;1073;83;48;124;1073;207;1073;207;1121;124;1121;Miss;AAAA;BN;BILLING_NAME;Billing Name
invoice-1361.tiff;1;1;2480;3508;167072;218;1073;157;48;218;1073;375;1073;375;1121;218;1121;Abigayle;AAAAAAAA;BN;BILLING_NAME;Billing Name
invoice-1361.tiff;1;1;2480;3508;167073;386;1073;101;48;386;1073;487;1073;487;1121;386;1121;Block;AAAAA;BN;BILLING_NAME;Billing Name
invoice-1361.tiff;1;1;2480;3508;167074;124;1121;31;45;124;1121;155;1121;155;1166;124;1166;7,;NS;BA;BILLING_ADDRESS;Billing Address
invoice-1361.tiff;1;1;2480;3508;167075;166;1121;55;45;166;1121;221;1121;221;1166;166;1166;rue;AAA;BA;BILLING_ADDRESS;Billing Address
invoice-1361.tiff;1;1;2480;3508;167076;232;1121;39;45;232;1121;271;1121;271;1166;232;1166;de;AA;BA;BILLING_ADDRESS;Billing Address
invoice-1361.tiff;1;1;2480;3508;167077;282;1121;101;45;282;1121;383;1121;383;1166;282;1166;nicole;AAAAAA;BA;BILLING_ADDRESS;Billing Address
invoice-1361.tiff;1;1;2480;3508;167078;124;1167;104;45;124;1167;228;1167;228;1212;124;1212;33230;NNNNN;BA;BILLING_ADDRESS;Billing Address
invoice-1361.tiff;1;1;2480;3508;167079;270;1167;124;45;270;1167;394;1167;394;1212;270;1212;Guîtres;AAAAAAA;BA;BILLING_ADDRESS;Billing Address
invoice-1361.tiff;1;1;2480;3508;167093;1541;1169;142;52;1541;1169;1683;1169;1683;1221;1541;1221;Invoice;AAAAAAA;undefined;OTHER;OTHER
invoice-1361.tiff;1;1;2480;3508;167094;1695;1169;67;52;1695;1169;1762;1169;1762;1221;1695;1221;No.;AAS;undefined;OTHER;OTHER
invoice-1361.tiff;1;1;2480;3508;167095;2166;1169;145;46;2166;1169;2311;1169;2311;1215;2166;1215;1676932;NNNNNNN;IN;INVOICE_NUMBER;Invoice Number
invoice-1361.tiff;1;1;2480;3508;167080;124;1213;120;45;124;1213;244;1213;244;1258;124;1258;France;AAAAAA;BA;BILLING_ADDRESS;Billing Address
invoice-1361.tiff;1;1;2480;3508;167096;1541;1243;119;52;1541;1243;1660;1243;1660;1295;1541;1295;Client;AAAAAA;undefined;OTHER;OTHER
invoice-1361.tiff;1;1;2480;3508;167097;1672;1243;67;52;1672;1243;1739;1243;1739;1295;1672;1295;No.;AAS;undefined;OTHER;OTHER
invoice-1361.tiff;1;1;2480;3508;167098;2166;1243;104;46;2166;1243;2270;1243;2270;1289;2166;1289;75375;NNNNN;CNUM;CLIENT_NUMBER;Client Number
invoice-1361.tiff;1;1;2480;3508;167081;124;1301;180;57;124;1301;304;1301;304;1358;124;1358;Delivery;AAAAAAAA;undefined;OTHER;OTHER
invoice-1361.tiff;1;1;2480;3508;167082;318;1301;175;57;318;1301;493;1301;493;1358;318;1358;Address;AAAAAAA;undefined;OTHER;OTHER
invoice-1361.tiff;1;1;2480;3508;167099;1541;1317;119;52;1541;1317;1660;1317;1660;1369;1541;1369;Payed;AAAAA;undefined;OTHER;OTHER
invoice-1361.tiff;1;1;2480;3508;167100;1672;1317;157;52;1672;1317;1829;1317;1829;1369;1672;1369;through;AAAAAAA;undefined;OTHER;OTHER
invoice-1361.tiff;1;1;2480;3508;167101;2166;1317;87;46;2166;1317;2253;1317;2253;1363;2166;1363;Bank;AAAA;PMODE;PAYMENT_MODE;Payment Mode
invoice-1361.tiff;1;1;2480;3508;167102;2265;1317;141;46;2265;1317;2406;1317;2406;1363;2265;1363;Transfer;AAAAAAAA;PMODE;PAYMENT_MODE;Payment Mode
invoice-1361.tiff;1;1;2480;3508;167083;124;1358;83;48;124;1358;207;1358;207;1406;124;1406;Miss;AAAA;SHN;SHIPPING_NAME;Shipping Name
invoice-1361.tiff;1;1;2480;3508;167084;218;1358;157;48;218;1358;375;1358;375;1406;218;1406;Abigayle;AAAAAAAA;SHN;SHIPPING_NAME;Shipping Name
invoice-1361.tiff;1;1;2480;3508;167085;386;1358;101;48;386;1358;487;1358;487;1406;386;1406;Block;AAAAA;SHN;SHIPPING_NAME;Shipping Name
invoice-1361.tiff;1;1;2480;3508;167086;124;1406;31;45;124;1406;155;1406;155;1451;124;1451;7,;NS;SHA;SHIPPING_ADDRESS;Shipping Address
invoice-1361.tiff;1;1;2480;3508;167087;166;1406;55;45;166;1406;221;1406;221;1451;166;1451;rue;AAA;SHA;SHIPPING_ADDRESS;Shipping Address
invoice-1361.tiff;1;1;2480;3508;167088;232;1406;39;45;232;1406;271;1406;271;1451;232;1451;de;AA;SHA;SHIPPING_ADDRESS;Shipping Address
invoice-1361.tiff;1;1;2480;3508;167089;282;1406;101;45;282;1406;383;1406;383;1451;282;1451;nicole;AAAAAA;SHA;SHIPPING_ADDRESS;Shipping Address
invoice-1361.tiff;1;1;2480;3508;167090;124;1452;104;45;124;1452;228;1452;228;1497;124;1497;33230;NNNNN;SHA;SHIPPING_ADDRESS;Shipping Address
invoice-1361.tiff;1;1;2480;3508;167091;270;1452;124;45;270;1452;394;1452;394;1497;270;1497;Guîtres;AAAAAAA;SHA;SHIPPING_ADDRESS;Shipping Address
invoice-1361.tiff;1;1;2480;3508;167092;124;1498;120;45;124;1498;244;1498;244;1543;124;1543;France;AAAAAA;SHA;SHIPPING_ADDRESS;Shipping Address
invoice-1361.tiff;1;1;2480;3508;167103;156;1821;104;52;156;1821;260;1821;260;1873;156;1873;S.No.;ASAAS;undefined;OTHER;OTHER
invoice-1361.tiff;1;1;2480;3508;167104;489;1821;157;52;489;1821;646;1821;646;1873;489;1873;Product;AAAAAAA;undefined;OTHER;OTHER
invoice-1361.tiff;1;1;2480;3508;167105;658;1821;226;52;658;1821;884;1821;884;1873;658;1873;Description;AAAAAAAAAAA;undefined;OTHER;OTHER
invoice-1361.tiff;1;1;2480;3508;167106;1141;1821;175;52;1141;1821;1316;1821;1316;1873;1141;1873;Quantity;AAAAAAAA;undefined;OTHER;OTHER
invoice-1361.tiff;1;1;2480;3508;167107;1420;1821;86;52;1420;1821;1506;1821;1506;1873;1420;1873;Unit;AAAA;undefined;OTHER;OTHER
invoice-1361.tiff;1;1;2480;3508;167108;1518;1821;101;52;1518;1821;1619;1821;1619;1873;1518;1873;Price;AAAAA;undefined;OTHER;OTHER
invoice-1361.tiff;1;1;2480;3508;167109;1712;1821;96;52;1712;1821;1808;1821;1808;1873;1712;1873;TVA;AAA;undefined;OTHER;OTHER
invoice-1361.tiff;1;1;2480;3508;167110;1820;1821;91;52;1820;1821;1911;1821;1911;1873;1820;1873;Rate;AAAA;undefined;OTHER;OTHER
invoice-1361.tiff;1;1;2480;3508;167111;2051;1821;104;52;2051;1821;2155;1821;2155;1873;2051;1873;Total;AAAAA;undefined;OTHER;OTHER
invoice-1361.tiff;1;1;2480;3508;167112;197;1895;20;48;197;1895;217;1895;217;1943;197;1943;1;N;undefined;OTHER;OTHER
invoice-1361.tiff;1;1;2480;3508;167113;291;1895;136;48;291;1895;427;1895;427;1943;291;1943;Protège;AAAAAAA;undefined;OTHER;OTHER
invoice-1361.tiff;1;1;2480;3508;167114;438;1895;99;48;438;1895;537;1895;537;1943;438;1943;écran;AAAAA;undefined;OTHER;OTHER
invoice-1361.tiff;1;1;2480;3508;167115;548;1895;180;48;548;1895;728;1895;728;1943;548;1943;Essentielb;AAAAAAAAAA;undefined;OTHER;OTHER
invoice-1361.tiff;1;1;2480;3508;167116;739;1895;120;48;739;1895;859;1895;859;1943;739;1943;Wooze;AAAAA;undefined;OTHER;OTHER
invoice-1361.tiff;1;1;2480;3508;167117;870;1895;11;48;870;1895;881;1895;881;1943;870;1943;i;A;undefined;OTHER;OTHER
invoice-1361.tiff;1;1;2480;3508;167118;892;1895;75;48;892;1895;967;1895;967;1943;892;1943;4.5'';NSNSS;undefined;OTHER;OTHER
invoice-1361.tiff;1;1;2480;3508;167119;977;1895;104;48;977;1895;1081;1895;1081;1943;977;1943;Verre;AAAAA;undefined;OTHER;OTHER
invoice-1361.tiff;1;1;2480;3508;167122;1218;1895;20;48;1218;1895;1238;1895;1238;1943;1218;1943;2;N;undefined;OTHER;OTHER
invoice-1361.tiff;1;1;2480;3508;167123;1484;1895;72;48;1484;1895;1556;1895;1556;1943;1484;1943;8,74;NSNN;undefined;OTHER;OTHER
invoice-1361.tiff;1;1;2480;3508;167124;1755;1895;114;48;1755;1895;1869;1895;1869;1943;1755;1943;20.0%;NNSNS;undefined;OTHER;OTHER
invoice-1361.tiff;1;1;2480;3508;167125;2057;1895;93;48;2057;1895;2150;1895;2150;1943;2057;1943;17,48;NNSNN;undefined;OTHER;OTHER
invoice-1361.tiff;1;1;2480;3508;167120;291;1943;141;48;291;1943;432;1943;432;1991;291;1991;Trempé;AAAAAA;undefined;OTHER;OTHER
invoice-1361.tiff;1;1;2480;3508;167121;443;1943;82;48;443;1943;525;1943;525;1991;443;1991;2.5D;NSNA;undefined;OTHER;OTHER
invoice-1361.tiff;1;1;2480;3508;167126;197;2033;20;48;197;2033;217;2033;217;2081;197;2081;2;N;undefined;OTHER;OTHER
invoice-1361.tiff;1;1;2480;3508;167127;291;2033;194;48;291;2033;485;2033;485;2081;291;2081;Aspirateur;AAAAAAAAAA;undefined;OTHER;OTHER
invoice-1361.tiff;1;1;2480;3508;167128;496;2033;97;48;496;2033;593;2033;593;2081;496;2081;robot;AAAAA;undefined;OTHER;OTHER
invoice-1361.tiff;1;1;2480;3508;167129;604;2033;162;48;604;2033;766;2033;766;2081;604;2081;Samsung;AAAAAAA;undefined;OTHER;OTHER
invoice-1361.tiff;1;1;2480;3508;167130;776;2033;273;48;776;2033;1049;2033;1049;2081;776;2081;SR10M701PU5;AANNANNNAAN;undefined;OTHER;OTHER
invoice-1361.tiff;1;1;2480;3508;167134;1218;2033;20;48;1218;2033;1238;2033;1238;2081;1218;2081;1;N;undefined;OTHER;OTHER
invoice-1361.tiff;1;1;2480;3508;167135;1463;2033;114;48;1463;2033;1577;2033;1577;2081;1463;2081;583,33;NNNSNN;undefined;OTHER;OTHER
invoice-1361.tiff;1;1;2480;3508;167136;1755;2033;114;48;1755;2033;1869;2033;1869;2081;1755;2081;20.0%;NNSNS;undefined;OTHER;OTHER
invoice-1361.tiff;1;1;2480;3508;167137;2046;2033;114;48;2046;2033;2160;2033;2160;2081;2046;2081;583,33;NNNSNN;undefined;OTHER;OTHER
invoice-1361.tiff;1;1;2480;3508;167131;291;2081;168;48;291;2081;459;2081;459;2129;291;2129;powerbot;AAAAAAAA;undefined;OTHER;OTHER
invoice-1361.tiff;1;1;2480;3508;167132;471;2081;76;48;471;2081;547;2081;547;2129;471;2129;Star;AAAA;undefined;OTHER;OTHER
invoice-1361.tiff;1;1;2480;3508;167133;557;2081;97;48;557;2081;654;2081;654;2129;557;2129;Wars;AAAA;undefined;OTHER;OTHER
invoice-1361.tiff;1;1;2480;3508;167138;197;2171;20;48;197;2171;217;2171;217;2219;197;2219;3;N;undefined;OTHER;OTHER
invoice-1361.tiff;1;1;2480;3508;167139;291;2171;62;48;291;2171;353;2171;353;2219;291;2219;Jeu;AAA;undefined;OTHER;OTHER
invoice-1361.tiff;1;1;2480;3508;167140;364;2171;94;48;364;2171;458;2171;458;2219;364;2219;Xbox;AAAA;undefined;OTHER;OTHER
invoice-1361.tiff;1;1;2480;3508;167141;469;2171;74;48;469;2171;543;2171;543;2219;469;2219;One;AAA;undefined;OTHER;OTHER
invoice-1361.tiff;1;1;2480;3508;167142;554;2171;141;48;554;2171;695;2171;695;2219;554;2219;Warner;AAAAAA;undefined;OTHER;OTHER
invoice-1361.tiff;1;1;2480;3508;167143;706;2171;155;48;706;2171;861;2171;861;2219;706;2219;Injustice;AAAAAAAAA;undefined;OTHER;OTHER
invoice-1361.tiff;1;1;2480;3508;167144;871;2171;20;48;871;2171;891;2171;891;2219;871;2219;2;N;undefined;OTHER;OTHER
invoice-1361.tiff;1;1;2480;3508;167145;1218;2171;20;48;1218;2171;1238;2171;1238;2219;1218;2219;4;N;undefined;OTHER;OTHER
invoice-1361.tiff;1;1;2480;3508;167146;1473;2171;93;48;1473;2171;1566;2171;1566;2219;1473;2219;24,99;NNSNN;undefined;OTHER;OTHER
invoice-1361.tiff;1;1;2480;3508;167147;1755;2171;114;48;1755;2171;1869;2171;1869;2219;1755;2219;20.0%;NNSNS;undefined;OTHER;OTHER
invoice-1361.tiff;1;1;2480;3508;167148;2057;2171;93;48;2057;2171;2150;2171;2150;2219;2057;2219;99,97;NNSNN;undefined;OTHER;OTHER
invoice-1361.tiff;1;1;2480;3508;167149;197;2260;20;48;197;2260;217;2260;217;2308;197;2308;4;N;undefined;OTHER;OTHER
invoice-1361.tiff;1;1;2480;3508;167150;291;2260;127;48;291;2260;418;2260;418;2308;291;2308;Station;AAAAAAA;undefined;OTHER;OTHER
invoice-1361.tiff;1;1;2480;3508;167151;429;2260;106;48;429;2260;535;2260;535;2308;429;2308;météo;AAAAA;undefined;OTHER;OTHER
invoice-1361.tiff;1;1;2480;3508;167152;546;2260;48;48;546;2260;594;2260;594;2308;546;2308;La;AA;undefined;OTHER;OTHER
invoice-1361.tiff;1;1;2480;3508;167153;605;2260;120;48;605;2260;725;2260;725;2308;605;2308;Crosse;AAAAAA;undefined;OTHER;OTHER
invoice-1361.tiff;1;1;2480;3508;167154;736;2260;305;48;736;2260;1041;2260;1041;2308;736;2308;WD4025IT-S-BL;AANNNNAASASAA;undefined;OTHER;OTHER
invoice-1361.tiff;1;1;2480;3508;167155;1218;2260;20;48;1218;2260;1238;2260;1238;2308;1218;2308;4;N;undefined;OTHER;OTHER
invoice-1361.tiff;1;1;2480;3508;167156;1473;2260;93;48;1473;2260;1566;2260;1566;2308;1473;2308;41,66;NNSNN;undefined;OTHER;OTHER
invoice-1361.tiff;1;1;2480;3508;167157;1755;2260;114;48;1755;2260;1869;2260;1869;2308;1755;2308;20.0%;NNSNS;undefined;OTHER;OTHER
invoice-1361.tiff;1;1;2480;3508;167158;2046;2260;114;48;2046;2260;2160;2260;2160;2308;2046;2308;166,63;NNNSNN;undefined;OTHER;OTHER
invoice-1361.tiff;1;1;2480;3508;167159;1944;2392;96;51;1944;2392;2040;2392;2040;2443;1944;2443;Total;AAAAA;undefined;OTHER;OTHER
invoice-1361.tiff;1;1;2480;3508;167160;2083;2392;114;46;2083;2392;2197;2392;2197;2438;2083;2438;867,41;NNNSNN;TWTX;TOTAL_WITHOUT_TAX;TWTXS
invoice-1361.tiff;1;1;2480;3508;167161;1869;2443;94;51;1869;2443;1963;2443;1963;2494;1869;2494;TVA;AAA;undefined;OTHER;OTHER
invoice-1361.tiff;1;1;2480;3508;167162;1975;2443;84;51;1975;2443;2059;2443;2059;2494;1975;2494;Rate;AAAA;undefined;OTHER;OTHER
invoice-1361.tiff;1;1;2480;3508;167163;2100;2443;107;46;2100;2443;2207;2443;2207;2489;2100;2489;20.0%;NNSNS;TXR;TAX_RATE;Tax Rate
invoice-1361.tiff;1;1;2480;3508;167164;1808;2494;71;51;1808;2494;1879;2494;1879;2545;1808;2545;Tax;AAA;undefined;OTHER;OTHER
invoice-1361.tiff;1;1;2480;3508;167165;1891;2494;150;51;1891;2494;2041;2494;2041;2545;1891;2545;Amount;AAAAAA;undefined;OTHER;OTHER
invoice-1361.tiff;1;1;2480;3508;167166;2083;2494;114;46;2083;2494;2197;2494;2197;2540;2083;2540;173,48;NNNSNN;TTX;TOTAL_TAX;Total Tax
invoice-1361.tiff;1;1;2480;3508;167167;1745;2545;150;51;1745;2545;1895;2545;1895;2596;1745;2596;Amount;AAAAAA;undefined;OTHER;OTHER
invoice-1361.tiff;1;1;2480;3508;167168;1907;2545;35;51;1907;2545;1942;2545;1942;2596;1907;2596;to;AA;undefined;OTHER;OTHER
invoice-1361.tiff;1;1;2480;3508;167169;1954;2545;66;51;1954;2545;2020;2545;2020;2596;1954;2596;pay;AAA;undefined;OTHER;OTHER
invoice-1361.tiff;1;1;2480;3508;167170;2062;2545;135;46;2062;2545;2197;2545;2197;2591;2062;2591;1040,89;NNNNSNN;TA;TOTAL_AMOUNT;Total with TAX
invoice-1361.tiff;1;1;2480;3508;167171;124;3175;222;48;124;3175;346;3175;346;3223;124;3223;BRUSSEAU;AAAAAAAA;SN;SUPPLIER_NAME;Seller/Company) name
invoice-1361.tiff;1;1;2480;3508;167172;124;3268;104;45;124;3268;228;3268;228;3313;124;3313;17520;NNNNN;SA;SUPPLIER_ADDRESS;Seller Address
invoice-1361.tiff;1;1;2480;3508;167173;270;3268;150;45;270;3268;420;3268;420;3313;270;3313;JARNAC;AAAAAA;SA;SUPPLIER_ADDRESS;Seller Address
invoice-1361.tiff;1;1;2480;3508;167174;431;3268;252;45;431;3268;683;3268;683;3313;431;3313;CHAMPAGNE;AAAAAAAAA;SA;SUPPLIER_ADDRESS;Seller Address
invoice-1361.tiff;1;1;2480;3508;167175;124;3314;157;45;124;3314;281;3314;281;3359;124;3359;FRANCE;AAAAAA;SA;SUPPLIER_ADDRESS;Seller Address
