src;num_pages;page_id;page_width;page_height;id;col;row;width;height;x1;y1;x2;y2;x3;y3;x4;y4;contents;contents_masked;correctclass;tag;description
invoice-1066.tiff;1;1;2480;3508;130848;1541;62;419;175;1541;62;1960;62;1960;237;1541;237;common/logo;AAAAAASAAAA;img;IMAGE;Image
invoice-1066.tiff;1;1;2480;3508;130841;124;270;172;59;124;270;296;270;296;329;124;329;Invoice;AAAAAAA;undefined;OTHER;OTHER
invoice-1066.tiff;1;1;2480;3508;130842;311;270;50;59;311;270;361;270;361;329;311;329;ID;AA;undefined;OTHER;OTHER
invoice-1066.tiff;1;1;2480;3508;130843;423;270;361;52;423;270;784;270;784;322;423;322;509-18719-14995;NNNSNNNNNSNNNNN;IN;INVOICE_NUMBER;Invoice Number
invoice-1066.tiff;1;1;2480;3508;130844;124;351;108;59;124;351;232;351;232;410;124;410;Date;AAAA;undefined;OTHER;OTHER
invoice-1066.tiff;1;1;2480;3508;130845;295;351;25;52;295;351;320;351;320;403;295;403;1;N;IDATE;INVOICE_DATE;Invoice Date
invoice-1066.tiff;1;1;2480;3508;130846;334;351;73;52;334;351;407;351;407;403;334;403;oct,;AAAS;IDATE;INVOICE_DATE;Invoice Date
invoice-1066.tiff;1;1;2480;3508;130847;420;351;101;52;420;351;521;351;521;403;420;403;2000;NNNN;IDATE;INVOICE_DATE;Invoice Date
invoice-1066.tiff;1;1;2480;3508;130849;1541;412;194;49;1541;412;1735;412;1735;461;1541;461;NIAGARA;AAAAAAA;SN;SUPPLIER_NAME;Seller/Company) name
invoice-1066.tiff;1;1;2480;3508;130850;1747;412;215;49;1747;412;1962;412;1962;461;1747;461;PRESSING;AAAAAAAA;SN;SUPPLIER_NAME;Seller/Company) name
invoice-1066.tiff;1;1;2480;3508;130851;1541;462;23;48;1541;462;1564;462;1564;510;1541;510;7;N;SA;SUPPLIER_ADDRESS;Seller Address
invoice-1066.tiff;1;1;2480;3508;130852;1576;462;87;48;1576;462;1663;462;1663;510;1576;510;RUE;AAA;SA;SUPPLIER_ADDRESS;Seller Address
invoice-1066.tiff;1;1;2480;3508;130853;1675;462;106;48;1675;462;1781;462;1781;510;1675;510;JEAN;AAAA;SA;SUPPLIER_ADDRESS;Seller Address
invoice-1066.tiff;1;1;2480;3508;130854;1794;462;164;48;1794;462;1958;462;1958;510;1794;510;JAURES;AAAAAA;SA;SUPPLIER_ADDRESS;Seller Address
invoice-1066.tiff;1;1;2480;3508;130855;1541;510;115;48;1541;510;1656;510;1656;558;1541;558;87000;NNNNN;SA;SUPPLIER_ADDRESS;Seller Address
invoice-1066.tiff;1;1;2480;3508;130856;1699;510;189;48;1699;510;1888;510;1888;558;1699;558;LIMOGES;AAAAAAA;SA;SUPPLIER_ADDRESS;Seller Address
invoice-1066.tiff;1;1;2480;3508;130857;1541;558;171;48;1541;558;1712;558;1712;606;1541;606;FRANCE;AAAAAA;SA;SUPPLIER_ADDRESS;Seller Address
invoice-1066.tiff;1;1;2480;3508;130858;1541;606;120;48;1541;606;1661;606;1661;654;1541;654;Phone;AAAAA;undefined;OTHER;OTHER
invoice-1066.tiff;1;1;2480;3508;130859;1724;606;70;48;1724;606;1794;606;1794;654;1724;654;+33;SNN;SCN;SUPPLIER_CONTACT_NUMBER;Seller Contact Number
invoice-1066.tiff;1;1;2480;3508;130860;1806;606;23;48;1806;606;1829;606;1829;654;1806;654;0;N;SCN;SUPPLIER_CONTACT_NUMBER;Seller Contact Number
invoice-1066.tiff;1;1;2480;3508;130861;1841;606;69;48;1841;606;1910;606;1910;654;1841;654;283;NNN;SCN;SUPPLIER_CONTACT_NUMBER;Seller Contact Number
invoice-1066.tiff;1;1;2480;3508;130862;1922;606;69;48;1922;606;1991;606;1991;654;1922;654;904;NNN;SCN;SUPPLIER_CONTACT_NUMBER;Seller Contact Number
invoice-1066.tiff;1;1;2480;3508;130863;2003;606;69;48;2003;606;2072;606;2072;654;2003;654;509;NNN;SCN;SUPPLIER_CONTACT_NUMBER;Seller Contact Number
invoice-1066.tiff;1;1;2480;3508;130864;1541;654;69;48;1541;654;1610;654;1610;702;1541;702;Fax;AAA;undefined;OTHER;OTHER
invoice-1066.tiff;1;1;2480;3508;130865;1673;654;70;48;1673;654;1743;654;1743;702;1673;702;+33;SNN;SFAX;SUPPLIER_FAX_NUMBER;Seller Fax Number
invoice-1066.tiff;1;1;2480;3508;130866;1755;654;23;48;1755;654;1778;654;1778;702;1755;702;0;N;SFAX;SUPPLIER_FAX_NUMBER;Seller Fax Number
invoice-1066.tiff;1;1;2480;3508;130867;1790;654;69;48;1790;654;1859;654;1859;702;1790;702;283;NNN;SFAX;SUPPLIER_FAX_NUMBER;Seller Fax Number
invoice-1066.tiff;1;1;2480;3508;130868;1871;654;69;48;1871;654;1940;654;1940;702;1871;702;904;NNN;SFAX;SUPPLIER_FAX_NUMBER;Seller Fax Number
invoice-1066.tiff;1;1;2480;3508;130869;1952;654;69;48;1952;654;2021;654;2021;702;1952;702;741;NNN;SFAX;SUPPLIER_FAX_NUMBER;Seller Fax Number
invoice-1066.tiff;1;1;2480;3508;130870;124;892;136;59;124;892;260;892;260;951;124;951;Billed;AAAAAA;undefined;OTHER;OTHER
invoice-1066.tiff;1;1;2480;3508;130871;275;892;61;59;275;892;336;892;336;951;275;951;To;AA;undefined;OTHER;OTHER
invoice-1066.tiff;1;1;2480;3508;130882;1541;943;127;54;1541;943;1668;943;1668;997;1541;997;Client;AAAAAA;undefined;OTHER;OTHER
invoice-1066.tiff;1;1;2480;3508;130883;1681;943;45;54;1681;943;1726;943;1726;997;1681;997;ID;AA;undefined;OTHER;OTHER
invoice-1066.tiff;1;1;2480;3508;130884;2166;943;236;48;2166;943;2402;943;2402;991;2166;991;456-999-118;NNNSNNNSNNN;CNUM;CLIENT_NUMBER;Client Number
invoice-1066.tiff;1;1;2480;3508;130872;124;951;115;49;124;951;239;951;239;1000;124;1000;Retha;AAAAA;BN;BILLING_NAME;Billing Name
invoice-1066.tiff;1;1;2480;3508;130873;252;951;196;49;252;951;448;951;448;1000;252;1000;Bahringer;AAAAAAAAA;BN;BILLING_NAME;Billing Name
invoice-1066.tiff;1;1;2480;3508;130874;460;951;50;49;460;951;510;951;510;1000;460;1000;Jr.;AAS;BN;BILLING_NAME;Billing Name
invoice-1066.tiff;1;1;2480;3508;130875;124;1001;57;48;124;1001;181;1001;181;1049;124;1049;10,;NNS;BA;BILLING_ADDRESS;Billing Address
invoice-1066.tiff;1;1;2480;3508;130876;194;1001;60;48;194;1001;254;1001;254;1049;194;1049;rue;AAA;BA;BILLING_ADDRESS;Billing Address
invoice-1066.tiff;1;1;2480;3508;130877;266;1001;104;48;266;1001;370;1001;370;1049;266;1049;albert;AAAAAA;BA;BILLING_ADDRESS;Billing Address
invoice-1066.tiff;1;1;2480;3508;130878;382;1001;136;48;382;1001;518;1001;518;1049;382;1049;thomas;AAAAAA;BA;BILLING_ADDRESS;Billing Address
invoice-1066.tiff;1;1;2480;3508;130887;2166;1018;152;48;2166;1018;2318;1018;2318;1066;2166;1066;773-907;NNNSNNN;ONUM;ORDER_NUMBER;Order Number
invoice-1066.tiff;1;1;2480;3508;130885;1541;1019;124;54;1541;1019;1665;1019;1665;1073;1541;1073;Order;AAAAA;undefined;OTHER;OTHER
invoice-1066.tiff;1;1;2480;3508;130886;1679;1019;45;54;1679;1019;1724;1019;1724;1073;1679;1073;ID;AA;undefined;OTHER;OTHER
invoice-1066.tiff;1;1;2480;3508;130879;124;1049;115;48;124;1049;239;1049;239;1097;124;1097;59210;NNNNN;BA;BILLING_ADDRESS;Billing Address
invoice-1066.tiff;1;1;2480;3508;130880;282;1049;419;48;282;1049;701;1049;701;1097;282;1097;Coudekerque-Branche;AAAAAAAAAAASAAAAAAA;BA;BILLING_ADDRESS;Billing Address
invoice-1066.tiff;1;1;2480;3508;130881;124;1097;129;48;124;1097;253;1097;253;1145;124;1145;France;AAAAAA;BA;BILLING_ADDRESS;Billing Address
invoice-1066.tiff;1;1;2480;3508;130888;423;1560;277;54;423;1560;700;1560;700;1614;423;1614;Descriptions;AAAAAAAAAAAA;undefined;OTHER;OTHER
invoice-1066.tiff;1;1;2480;3508;130889;1086;1560;76;54;1086;1560;1162;1560;1162;1614;1086;1614;Qty;AAA;undefined;OTHER;OTHER
invoice-1066.tiff;1;1;2480;3508;130890;1372;1560;89;54;1372;1560;1461;1560;1461;1614;1372;1614;U.P.;ASAS;undefined;OTHER;OTHER
invoice-1066.tiff;1;1;2480;3508;130891;1651;1560;196;54;1651;1560;1847;1560;1847;1614;1651;1614;VAT/TVA;AAASAAA;undefined;OTHER;OTHER
invoice-1066.tiff;1;1;2480;3508;130892;1996;1560;173;54;1996;1560;2169;1560;2169;1614;1996;1614;Amount;AAAAAA;undefined;OTHER;OTHER
invoice-1066.tiff;1;1;2480;3508;130893;124;1636;150;49;124;1636;274;1636;274;1685;124;1685;Housse;AAAAAA;undefined;OTHER;OTHER
invoice-1066.tiff;1;1;2480;3508;130894;287;1636;196;49;287;1636;483;1636;483;1685;287;1685;Caselogic;AAAAAAAAA;undefined;OTHER;OTHER
invoice-1066.tiff;1;1;2480;3508;130895;495;1636;126;49;495;1636;621;1636;621;1685;495;1685;10-11'';NNSNNSS;undefined;OTHER;OTHER
invoice-1066.tiff;1;1;2480;3508;130896;633;1636;85;49;633;1636;718;1636;718;1685;633;1685;bleu;AAAA;undefined;OTHER;OTHER
invoice-1066.tiff;1;1;2480;3508;130897;1113;1636;23;49;1113;1636;1136;1636;1136;1685;1113;1685;3;N;undefined;OTHER;OTHER
invoice-1066.tiff;1;1;2480;3508;130898;1314;1636;104;49;1314;1636;1418;1636;1418;1685;1314;1685;16,66;NNSNN;undefined;OTHER;OTHER
invoice-1066.tiff;1;1;2480;3508;130899;1430;1636;87;49;1430;1636;1517;1636;1517;1685;1430;1685;USD;AAA;undefined;OTHER;OTHER
invoice-1066.tiff;1;1;2480;3508;130900;1690;1636;118;49;1690;1636;1808;1636;1808;1685;1690;1685;20.0%;NNSNS;undefined;OTHER;OTHER
invoice-1066.tiff;1;1;2480;3508;130901;1981;1636;104;49;1981;1636;2085;1636;2085;1685;1981;1685;49,97;NNSNN;undefined;OTHER;OTHER
invoice-1066.tiff;1;1;2480;3508;130902;2097;1636;87;49;2097;1636;2184;1636;2184;1685;2097;1685;USD;AAA;undefined;OTHER;OTHER
invoice-1066.tiff;1;1;2480;3508;130903;124;1727;94;49;124;1727;218;1727;218;1776;124;1776;Lave;AAAA;undefined;OTHER;OTHER
invoice-1066.tiff;1;1;2480;3508;130904;231;1727;97;49;231;1727;328;1727;328;1776;231;1776;linge;AAAAA;undefined;OTHER;OTHER
invoice-1066.tiff;1;1;2480;3508;130905;340;1727;127;49;340;1727;467;1727;467;1776;340;1776;hublot;AAAAAA;undefined;OTHER;OTHER
invoice-1066.tiff;1;1;2480;3508;130906;479;1727;201;49;479;1727;680;1727;680;1776;479;1776;Electrolux;AAAAAAAAAA;undefined;OTHER;OTHER
invoice-1066.tiff;1;1;2480;3508;130907;692;1727;268;49;692;1727;960;1727;960;1776;692;1776;EW6F3112RA;AANANNNNAA;undefined;OTHER;OTHER
invoice-1066.tiff;1;1;2480;3508;130910;1113;1727;23;49;1113;1727;1136;1727;1136;1776;1113;1776;1;N;undefined;OTHER;OTHER
invoice-1066.tiff;1;1;2480;3508;130911;1303;1727;127;49;1303;1727;1430;1727;1430;1776;1303;1776;632,50;NNNSNN;undefined;OTHER;OTHER
invoice-1066.tiff;1;1;2480;3508;130912;1442;1727;87;49;1442;1727;1529;1727;1529;1776;1442;1776;USD;AAA;undefined;OTHER;OTHER
invoice-1066.tiff;1;1;2480;3508;130913;1690;1727;118;49;1690;1727;1808;1727;1808;1776;1690;1776;20.0%;NNSNS;undefined;OTHER;OTHER
invoice-1066.tiff;1;1;2480;3508;130914;1969;1727;127;49;1969;1727;2096;1727;2096;1776;1969;1776;632,50;NNNSNN;undefined;OTHER;OTHER
invoice-1066.tiff;1;1;2480;3508;130915;2108;1727;87;49;2108;1727;2195;1727;2195;1776;2108;1776;USD;AAA;undefined;OTHER;OTHER
invoice-1066.tiff;1;1;2480;3508;130908;124;1776;141;49;124;1776;265;1776;265;1825;124;1825;Perfect;AAAAAAA;undefined;OTHER;OTHER
invoice-1066.tiff;1;1;2480;3508;130909;277;1776;92;49;277;1776;369;1776;369;1825;277;1825;Care;AAAA;undefined;OTHER;OTHER
invoice-1066.tiff;1;1;2480;3508;130916;1781;1909;157;52;1781;1909;1938;1909;1938;1961;1781;1961;Amount;AAAAAA;undefined;OTHER;OTHER
invoice-1066.tiff;1;1;2480;3508;130917;1981;1909;127;48;1981;1909;2108;1909;2108;1957;1981;1957;682,47;NNNSNN;TWTX;TOTAL_WITHOUT_TAX;TWTXS
invoice-1066.tiff;1;1;2480;3508;130918;2120;1909;87;48;2120;1909;2207;1909;2207;1957;2120;1957;USD;AAA;TWTX;TOTAL_WITHOUT_TAX;TWTXS
invoice-1066.tiff;1;1;2480;3508;130919;1857;1962;191;52;1857;1962;2048;1962;2048;2014;1857;2014;VAT/TVA;AAASAAA;undefined;OTHER;OTHER
invoice-1066.tiff;1;1;2480;3508;130920;2090;1962;118;48;2090;1962;2208;1962;2208;2010;2090;2010;20.0%;NNSNS;TXR;TAX_RATE;Tax Rate
invoice-1066.tiff;1;1;2480;3508;130921;1679;2015;89;52;1679;2015;1768;2015;1768;2067;1679;2067;TVA;AAA;undefined;OTHER;OTHER
invoice-1066.tiff;1;1;2480;3508;130922;1781;2015;157;52;1781;2015;1938;2015;1938;2067;1781;2067;Amount;AAAAAA;undefined;OTHER;OTHER
invoice-1066.tiff;1;1;2480;3508;130923;1981;2015;127;48;1981;2015;2108;2015;2108;2063;1981;2063;136,50;NNNSNN;TTX;TOTAL_TAX;Total Tax
invoice-1066.tiff;1;1;2480;3508;130924;2120;2015;87;48;2120;2015;2207;2015;2207;2063;2120;2063;USD;AAA;TTX;TOTAL_TAX;Total Tax
invoice-1066.tiff;1;1;2480;3508;130925;1667;2068;101;52;1667;2068;1768;2068;1768;2120;1667;2120;Total;AAAAA;undefined;OTHER;OTHER
invoice-1066.tiff;1;1;2480;3508;130926;1781;2068;157;52;1781;2068;1938;2068;1938;2120;1781;2120;Amount;AAAAAA;undefined;OTHER;OTHER
invoice-1066.tiff;1;1;2480;3508;130927;1981;2068;127;48;1981;2068;2108;2068;2108;2116;1981;2116;818,97;NNNSNN;TA;TOTAL_AMOUNT;Total with TAX
invoice-1066.tiff;1;1;2480;3508;130928;2120;2068;87;48;2120;2068;2207;2068;2207;2116;2120;2116;USD;AAA;TA;TOTAL_AMOUNT;Total with TAX
invoice-1066.tiff;1;1;2480;3508;130929;976;3175;194;49;976;3175;1170;3175;1170;3224;976;3224;NIAGARA;AAAAAAA;SN;SUPPLIER_NAME;Seller/Company) name
invoice-1066.tiff;1;1;2480;3508;130930;1182;3175;215;49;1182;3175;1397;3175;1397;3224;1182;3224;PRESSING;AAAAAAAA;SN;SUPPLIER_NAME;Seller/Company) name
invoice-1066.tiff;1;1;2480;3508;130931;700;3224;23;48;700;3224;723;3224;723;3272;700;3272;7;N;SA;SUPPLIER_ADDRESS;Seller Address
invoice-1066.tiff;1;1;2480;3508;130932;735;3224;87;48;735;3224;822;3224;822;3272;735;3272;RUE;AAA;SA;SUPPLIER_ADDRESS;Seller Address
invoice-1066.tiff;1;1;2480;3508;130933;835;3224;106;48;835;3224;941;3224;941;3272;835;3272;JEAN;AAAA;SA;SUPPLIER_ADDRESS;Seller Address
invoice-1066.tiff;1;1;2480;3508;130934;953;3224;164;48;953;3224;1117;3224;1117;3272;953;3272;JAURES;AAAAAA;SA;SUPPLIER_ADDRESS;Seller Address
invoice-1066.tiff;1;1;2480;3508;130935;1125;3224;11;48;1125;3224;1136;3224;1136;3272;1125;3272;,;S;SA;SUPPLIER_ADDRESS;Seller Address
invoice-1066.tiff;1;1;2480;3508;130936;1149;3224;115;48;1149;3224;1264;3224;1264;3272;1149;3272;87000;NNNNN;SA;SUPPLIER_ADDRESS;Seller Address
invoice-1066.tiff;1;1;2480;3508;130937;1273;3224;189;48;1273;3224;1462;3224;1462;3272;1273;3272;LIMOGES;AAAAAAA;SA;SUPPLIER_ADDRESS;Seller Address
invoice-1066.tiff;1;1;2480;3508;130938;1471;3224;11;48;1471;3224;1482;3224;1482;3272;1471;3272;,;S;SA;SUPPLIER_ADDRESS;Seller Address
invoice-1066.tiff;1;1;2480;3508;130939;1494;3224;171;48;1494;3224;1665;3224;1665;3272;1494;3272;FRANCE;AAAAAA;SA;SUPPLIER_ADDRESS;Seller Address
