src;num_pages;page_id;page_width;page_height;id;col;row;width;height;x1;y1;x2;y2;x3;y3;x4;y4;contents;contents_masked;correctclass;tag;description
invoice-137.tiff;1;1;2480;3508;17193;124;62;123;175;124;62;247;62;247;237;124;237;common/logo;AAAAAASAAAA;img;IMAGE;Image
invoice-137.tiff;1;1;2480;3508;17211;1541;270;241;59;1541;270;1782;270;1782;329;1541;329;Référence;AAAAAAAAA;undefined;OTHER;OTHER
invoice-137.tiff;1;1;2480;3508;17212;1797;270;58;59;1797;270;1855;270;1855;329;1797;329;de;AA;undefined;OTHER;OTHER
invoice-137.tiff;1;1;2480;3508;17213;1869;270;41;59;1869;270;1910;270;1910;329;1869;329;la;AA;undefined;OTHER;OTHER
invoice-137.tiff;1;1;2480;3508;17214;1925;270;166;59;1925;270;2091;270;2091;329;1925;329;facture;AAAAAAA;undefined;OTHER;OTHER
invoice-137.tiff;1;1;2480;3508;17215;2154;270;270;52;2154;270;2424;270;2424;322;2154;322;4016-784255;NNNNSNNNNNN;IN;INVOICE_NUMBER;Invoice Number
invoice-137.tiff;1;1;2480;3508;17216;1541;351;66;59;1541;351;1607;351;1607;410;1541;410;Du;AA;undefined;OTHER;OTHER
invoice-137.tiff;1;1;2480;3508;17217;1670;351;50;52;1670;351;1720;351;1720;403;1670;403;25;NN;IDATE;INVOICE_DATE;Invoice Date
invoice-137.tiff;1;1;2480;3508;17218;1734;351;66;52;1734;351;1800;351;1800;403;1734;403;abr;AAA;IDATE;INVOICE_DATE;Invoice Date
invoice-137.tiff;1;1;2480;3508;17219;1813;351;101;52;1813;351;1914;351;1914;403;1813;403;1981;NNNN;IDATE;INVOICE_DATE;Invoice Date
invoice-137.tiff;1;1;2480;3508;17194;124;412;60;49;124;412;184;412;184;461;124;461;UN;AA;SN;SUPPLIER_NAME;Seller/Company) name
invoice-137.tiff;1;1;2480;3508;17195;196;412;115;49;196;412;311;412;311;461;196;461;JOUR;AAAA;SN;SUPPLIER_NAME;Seller/Company) name
invoice-137.tiff;1;1;2480;3508;17196;324;412;208;49;324;412;532;412;532;461;324;461;AILLEURS;AAAAAAAA;SN;SUPPLIER_NAME;Seller/Company) name
invoice-137.tiff;1;1;2480;3508;17197;124;462;46;48;124;462;170;462;170;510;124;510;90;NN;SA;SUPPLIER_ADDRESS;Seller Address
invoice-137.tiff;1;1;2480;3508;17198;182;462;87;48;182;462;269;462;269;510;182;510;RUE;AAA;SA;SUPPLIER_ADDRESS;Seller Address
invoice-137.tiff;1;1;2480;3508;17199;282;462;236;48;282;462;518;462;518;510;282;510;NATIONALE;AAAAAAAAA;SA;SUPPLIER_ADDRESS;Seller Address
invoice-137.tiff;1;1;2480;3508;17200;124;510;115;48;124;510;239;510;239;558;124;558;37000;NNNNN;SA;SUPPLIER_ADDRESS;Seller Address
invoice-137.tiff;1;1;2480;3508;17201;282;510;145;48;282;510;427;510;427;558;282;558;TOURS;AAAAA;SA;SUPPLIER_ADDRESS;Seller Address
invoice-137.tiff;1;1;2480;3508;17202;124;558;171;48;124;558;295;558;295;606;124;606;FRANCE;AAAAAA;SA;SUPPLIER_ADDRESS;Seller Address
invoice-137.tiff;1;1;2480;3508;17203;124;606;148;48;124;606;272;606;272;654;124;654;Numéro;AAAAAA;undefined;OTHER;OTHER
invoice-137.tiff;1;1;2480;3508;17204;284;606;46;48;284;606;330;606;330;654;284;654;de;AA;undefined;OTHER;OTHER
invoice-137.tiff;1;1;2480;3508;17205;342;606;57;48;342;606;399;606;399;654;342;654;Tel;AAA;undefined;OTHER;OTHER
invoice-137.tiff;1;1;2480;3508;17206;463;606;287;48;463;606;750;606;750;654;463;654;05-89-93-35-13;NNSNNSNNSNNSNN;SCN;SUPPLIER_CONTACT_NUMBER;Seller Contact Number
invoice-137.tiff;1;1;2480;3508;17207;124;654;148;48;124;654;272;654;272;702;124;702;Numéro;AAAAAA;undefined;OTHER;OTHER
invoice-137.tiff;1;1;2480;3508;17208;284;654;46;48;284;654;330;654;330;702;284;702;de;AA;undefined;OTHER;OTHER
invoice-137.tiff;1;1;2480;3508;17209;342;654;69;48;342;654;411;654;411;702;342;702;Fax;AAA;undefined;OTHER;OTHER
invoice-137.tiff;1;1;2480;3508;17210;474;654;287;48;474;654;761;654;761;702;474;702;05-89-93-18-90;NNSNNSNNSNNSNN;SFAX;SUPPLIER_FAX_NUMBER;Seller Fax Number
invoice-137.tiff;1;1;2480;3508;17229;1541;1099;173;49;1541;1099;1714;1099;1714;1148;1541;1148;Francois;AAAAAAAA;BN;BILLING_NAME;Billing Name
invoice-137.tiff;1;1;2480;3508;17230;1726;1099;85;49;1726;1099;1811;1099;1811;1148;1726;1148;Lina;AAAA;BN;BILLING_NAME;Billing Name
invoice-137.tiff;1;1;2480;3508;17231;1541;1148;34;48;1541;1148;1575;1148;1575;1196;1541;1196;7,;NS;BA;BILLING_ADDRESS;Billing Address
invoice-137.tiff;1;1;2480;3508;17232;1587;1148;94;48;1587;1148;1681;1148;1681;1196;1587;1196;route;AAAAA;BA;BILLING_ADDRESS;Billing Address
invoice-137.tiff;1;1;2480;3508;17233;1694;1148;46;48;1694;1148;1740;1148;1740;1196;1694;1196;de;AA;BA;BILLING_ADDRESS;Billing Address
invoice-137.tiff;1;1;2480;3508;17234;1752;1148;296;48;1752;1148;2048;1148;2048;1196;1752;1196;sainte-catherine;AAAAAASAAAAAAAAA;BA;BILLING_ADDRESS;Billing Address
invoice-137.tiff;1;1;2480;3508;17235;1541;1197;115;48;1541;1197;1656;1197;1656;1245;1541;1245;63580;NNNNN;BA;BILLING_ADDRESS;Billing Address
invoice-137.tiff;1;1;2480;3508;17236;1699;1197;340;48;1699;1197;2039;1197;2039;1245;1699;1245;Vernet-la-Varenne;AAAAAASAASAAAAAAA;BA;BILLING_ADDRESS;Billing Address
invoice-137.tiff;1;1;2480;3508;17220;124;1238;221;54;124;1238;345;1238;345;1292;124;1292;Référence;AAAAAAAAA;undefined;OTHER;OTHER
invoice-137.tiff;1;1;2480;3508;17221;359;1238;53;54;359;1238;412;1238;412;1292;359;1292;de;AA;undefined;OTHER;OTHER
invoice-137.tiff;1;1;2480;3508;17222;425;1238;38;54;425;1238;463;1238;463;1292;425;1292;la;AA;undefined;OTHER;OTHER
invoice-137.tiff;1;1;2480;3508;17223;476;1238;241;54;476;1238;717;1238;717;1292;476;1292;commande;AAAAAAAA;undefined;OTHER;OTHER
invoice-137.tiff;1;1;2480;3508;17224;750;1238;152;48;750;1238;902;1238;902;1286;750;1286;140-923;NNNSNNN;ONUM;ORDER_NUMBER;Order Number
invoice-137.tiff;1;1;2480;3508;17237;1541;1245;129;48;1541;1245;1670;1245;1670;1293;1541;1293;France;AAAAAA;BA;BILLING_ADDRESS;Billing Address
invoice-137.tiff;1;1;2480;3508;17225;124;1314;145;54;124;1314;269;1314;269;1368;124;1368;Moyen;AAAAA;undefined;OTHER;OTHER
invoice-137.tiff;1;1;2480;3508;17226;282;1314;53;54;282;1314;335;1314;335;1368;282;1368;de;AA;undefined;OTHER;OTHER
invoice-137.tiff;1;1;2480;3508;17227;349;1314;201;54;349;1314;550;1314;550;1368;349;1368;paiement;AAAAAAAA;undefined;OTHER;OTHER
invoice-137.tiff;1;1;2480;3508;17228;750;1314;166;48;750;1314;916;1314;916;1362;750;1362;Virement;AAAAAAAA;PMODE;PAYMENT_MODE;Payment Mode
invoice-137.tiff;1;1;2480;3508;17238;1541;1335;197;59;1541;1335;1738;1335;1738;1394;1541;1394;Adresse;AAAAAAA;undefined;OTHER;OTHER
invoice-137.tiff;1;1;2480;3508;17239;1752;1335;58;59;1752;1335;1810;1335;1810;1394;1752;1394;de;AA;undefined;OTHER;OTHER
invoice-137.tiff;1;1;2480;3508;17240;1825;1335;222;59;1825;1335;2047;1335;2047;1394;1825;1394;Livraison;AAAAAAAAA;undefined;OTHER;OTHER
invoice-137.tiff;1;1;2480;3508;17241;1541;1394;173;49;1541;1394;1714;1394;1714;1443;1541;1443;Francois;AAAAAAAA;SHN;SHIPPING_NAME;Shipping Name
invoice-137.tiff;1;1;2480;3508;17242;1726;1394;85;49;1726;1394;1811;1394;1811;1443;1726;1443;Lina;AAAA;SHN;SHIPPING_NAME;Shipping Name
invoice-137.tiff;1;1;2480;3508;17243;1541;1444;34;48;1541;1444;1575;1444;1575;1492;1541;1492;7,;NS;SHA;SHIPPING_ADDRESS;Shipping Address
invoice-137.tiff;1;1;2480;3508;17244;1587;1444;94;48;1587;1444;1681;1444;1681;1492;1587;1492;route;AAAAA;SHA;SHIPPING_ADDRESS;Shipping Address
invoice-137.tiff;1;1;2480;3508;17245;1694;1444;46;48;1694;1444;1740;1444;1740;1492;1694;1492;de;AA;SHA;SHIPPING_ADDRESS;Shipping Address
invoice-137.tiff;1;1;2480;3508;17246;1752;1444;296;48;1752;1444;2048;1444;2048;1492;1752;1492;sainte-catherine;AAAAAASAAAAAAAAA;SHA;SHIPPING_ADDRESS;Shipping Address
invoice-137.tiff;1;1;2480;3508;17247;1541;1492;115;48;1541;1492;1656;1492;1656;1540;1541;1540;63580;NNNNN;SHA;SHIPPING_ADDRESS;Shipping Address
invoice-137.tiff;1;1;2480;3508;17248;1699;1492;340;48;1699;1492;2039;1492;2039;1540;1699;1540;Vernet-la-Varenne;AAAAAASAASAAAAAAA;SHA;SHIPPING_ADDRESS;Shipping Address
invoice-137.tiff;1;1;2480;3508;17249;1541;1540;129;48;1541;1540;1670;1540;1670;1588;1541;1588;France;AAAAAA;SHA;SHIPPING_ADDRESS;Shipping Address
invoice-137.tiff;1;1;2480;3508;17250;135;1855;145;54;135;1855;280;1855;280;1909;135;1909;S.Non.;ASAAAS;undefined;OTHER;OTHER
invoice-137.tiff;1;1;2480;3508;17251;344;1855;185;54;344;1855;529;1855;529;1909;344;1909;Quantité;AAAAAAAA;undefined;OTHER;OTHER
invoice-137.tiff;1;1;2480;3508;17252;853;1855;252;54;853;1855;1105;1855;1105;1909;853;1909;Description;AAAAAAAAAAA;undefined;OTHER;OTHER
invoice-137.tiff;1;1;2480;3508;17253;1385;1855;86;54;1385;1855;1471;1855;1471;1909;1385;1909;Prix;AAAA;undefined;OTHER;OTHER
invoice-137.tiff;1;1;2480;3508;17254;1485;1855;170;54;1485;1855;1655;1855;1655;1909;1485;1909;Unitaire;AAAAAAAA;undefined;OTHER;OTHER
invoice-137.tiff;1;1;2480;3508;17255;1673;1855;106;54;1673;1855;1779;1855;1779;1909;1673;1909;Taux;AAAA;undefined;OTHER;OTHER
invoice-137.tiff;1;1;2480;3508;17256;1793;1855;53;54;1793;1855;1846;1855;1846;1909;1793;1909;de;AA;undefined;OTHER;OTHER
invoice-137.tiff;1;1;2480;3508;17257;1859;1855;91;54;1859;1855;1950;1855;1950;1909;1859;1909;TVA;AAA;undefined;OTHER;OTHER
invoice-137.tiff;1;1;2480;3508;17258;1978;1855;178;54;1978;1855;2156;1855;2156;1909;1978;1909;Montant;AAAAAAA;undefined;OTHER;OTHER
invoice-137.tiff;1;1;2480;3508;17259;2169;1855;61;54;2169;1855;2230;1855;2230;1909;2169;1909;HT;AA;undefined;OTHER;OTHER
invoice-137.tiff;1;1;2480;3508;17260;196;1931;23;49;196;1931;219;1931;219;1980;196;1980;1;N;undefined;OTHER;OTHER
invoice-137.tiff;1;1;2480;3508;17261;425;1931;23;49;425;1931;448;1931;448;1980;425;1980;1;N;undefined;OTHER;OTHER
invoice-137.tiff;1;1;2480;3508;17262;583;1931;166;49;583;1931;749;1931;749;1980;583;1980;Appareil;AAAAAAAA;undefined;OTHER;OTHER
invoice-137.tiff;1;1;2480;3508;17263;761;1931;115;49;761;1931;876;1931;876;1980;761;1980;photo;AAAAA;undefined;OTHER;OTHER
invoice-137.tiff;1;1;2480;3508;17264;888;1931;155;49;888;1931;1043;1931;1043;1980;888;1980;Hybride;AAAAAAA;undefined;OTHER;OTHER
invoice-137.tiff;1;1;2480;3508;17265;1055;1931;178;49;1055;1931;1233;1931;1233;1980;1055;1980;Olympus;AAAAAAA;undefined;OTHER;OTHER
invoice-137.tiff;1;1;2480;3508;17266;1245;1931;124;49;1245;1931;1369;1931;1369;1980;1245;1980;PEN-F;AAASA;undefined;OTHER;OTHER
invoice-137.tiff;1;1;2480;3508;17271;1428;1931;150;49;1428;1931;1578;1931;1578;1980;1428;1980;1140,83;NNNNSNN;undefined;OTHER;OTHER
invoice-137.tiff;1;1;2480;3508;17272;1590;1931;23;49;1590;1931;1613;1931;1613;1980;1590;1980;$;S;undefined;OTHER;OTHER
invoice-137.tiff;1;1;2480;3508;17273;1753;1931;118;49;1753;1931;1871;1931;1871;1980;1753;1980;20.0%;NNSNS;undefined;OTHER;OTHER
invoice-137.tiff;1;1;2480;3508;17274;2011;1931;150;49;2011;1931;2161;1931;2161;1980;2011;1980;1140,83;NNNNSNN;undefined;OTHER;OTHER
invoice-137.tiff;1;1;2480;3508;17275;2173;1931;23;49;2173;1931;2196;1931;2196;1980;2173;1980;$;S;undefined;OTHER;OTHER
invoice-137.tiff;1;1;2480;3508;17267;583;1980;78;49;583;1980;661;1980;661;2029;583;2029;noir;AAAA;undefined;OTHER;OTHER
invoice-137.tiff;1;1;2480;3508;17268;673;1980;24;49;673;1980;697;1980;697;2029;673;2029;+;S;undefined;OTHER;OTHER
invoice-137.tiff;1;1;2480;3508;17269;709;1980;180;49;709;1980;889;1980;889;2029;709;2029;14-42mm;NNSNNAA;undefined;OTHER;OTHER
invoice-137.tiff;1;1;2480;3508;17270;901;1980;53;49;901;1980;954;1980;954;2029;901;2029;EZ;AA;undefined;OTHER;OTHER
invoice-137.tiff;1;1;2480;3508;17276;196;2072;23;49;196;2072;219;2072;219;2121;196;2121;2;N;undefined;OTHER;OTHER
invoice-137.tiff;1;1;2480;3508;17277;425;2072;23;49;425;2072;448;2072;448;2121;425;2121;2;N;undefined;OTHER;OTHER
invoice-137.tiff;1;1;2480;3508;17278;583;2072;115;49;583;2072;698;2072;698;2121;583;2121;Ecran;AAAAA;undefined;OTHER;OTHER
invoice-137.tiff;1;1;2480;3508;17279;710;2072;48;49;710;2072;758;2072;758;2121;710;2121;de;AA;undefined;OTHER;OTHER
invoice-137.tiff;1;1;2480;3508;17280;770;2072;201;49;770;2072;971;2072;971;2121;770;2121;projection;AAAAAAAAAA;undefined;OTHER;OTHER
invoice-137.tiff;1;1;2480;3508;17281;983;2072;125;49;983;2072;1108;2072;1108;2121;983;2121;Kimex;AAAAA;undefined;OTHER;OTHER
invoice-137.tiff;1;1;2480;3508;17282;1120;2072;138;49;1120;2072;1258;2072;1258;2121;1120;2121;trépied;AAAAAAA;undefined;OTHER;OTHER
invoice-137.tiff;1;1;2480;3508;17283;1271;2072;81;49;1271;2072;1352;2072;1352;2121;1271;2121;2,44;NSNN;undefined;OTHER;OTHER
invoice-137.tiff;1;1;2480;3508;17289;1439;2072;127;49;1439;2072;1566;2072;1566;2121;1439;2121;129,92;NNNSNN;undefined;OTHER;OTHER
invoice-137.tiff;1;1;2480;3508;17290;1578;2072;23;49;1578;2072;1601;2072;1601;2121;1578;2121;$;S;undefined;OTHER;OTHER
invoice-137.tiff;1;1;2480;3508;17291;1753;2072;118;49;1753;2072;1871;2072;1871;2121;1753;2121;20.0%;NNSNS;undefined;OTHER;OTHER
invoice-137.tiff;1;1;2480;3508;17292;2023;2072;127;49;2023;2072;2150;2072;2150;2121;2023;2121;259,83;NNNSNN;undefined;OTHER;OTHER
invoice-137.tiff;1;1;2480;3508;17293;2162;2072;23;49;2162;2072;2185;2072;2185;2121;2162;2121;$;S;undefined;OTHER;OTHER
invoice-137.tiff;1;1;2480;3508;17284;583;2121;23;49;583;2121;606;2121;606;2170;583;2170;x;A;undefined;OTHER;OTHER
invoice-137.tiff;1;1;2480;3508;17285;618;2121;81;49;618;2121;699;2121;699;2170;618;2170;2,44;NSNN;undefined;OTHER;OTHER
invoice-137.tiff;1;1;2480;3508;17286;710;2121;50;49;710;2121;760;2121;760;2170;710;2170;m-;AS;undefined;OTHER;OTHER
invoice-137.tiff;1;1;2480;3508;17287;773;2121;141;49;773;2121;914;2121;914;2170;773;2170;Format;AAAAAA;undefined;OTHER;OTHER
invoice-137.tiff;1;1;2480;3508;17288;926;2121;60;49;926;2121;986;2121;986;2170;926;2170;1:1;NSN;undefined;OTHER;OTHER
invoice-137.tiff;1;1;2480;3508;17294;196;2212;23;49;196;2212;219;2212;219;2261;196;2261;3;N;undefined;OTHER;OTHER
invoice-137.tiff;1;1;2480;3508;17295;425;2212;23;49;425;2212;448;2212;448;2261;425;2261;1;N;undefined;OTHER;OTHER
invoice-137.tiff;1;1;2480;3508;17296;583;2212;162;49;583;2212;745;2212;745;2261;583;2261;Friteuse;AAAAAAAA;undefined;OTHER;OTHER
invoice-137.tiff;1;1;2480;3508;17297;756;2212;208;49;756;2212;964;2212;964;2261;756;2261;Essentielb;AAAAAAAAAA;undefined;OTHER;OTHER
invoice-137.tiff;1;1;2480;3508;17298;976;2212;81;49;976;2212;1057;2212;1057;2261;976;2261;EFP;AAA;undefined;OTHER;OTHER
invoice-137.tiff;1;1;2480;3508;17299;1069;2212;23;49;1069;2212;1092;2212;1092;2261;1069;2261;5;N;undefined;OTHER;OTHER
invoice-137.tiff;1;1;2480;3508;17300;1104;2212;212;49;1104;2212;1316;2212;1316;2261;1104;2261;DORAPRO;AAAAAAA;undefined;OTHER;OTHER
invoice-137.tiff;1;1;2480;3508;17301;1451;2212;104;49;1451;2212;1555;2212;1555;2261;1451;2261;66,66;NNSNN;undefined;OTHER;OTHER
invoice-137.tiff;1;1;2480;3508;17302;1567;2212;23;49;1567;2212;1590;2212;1590;2261;1567;2261;$;S;undefined;OTHER;OTHER
invoice-137.tiff;1;1;2480;3508;17303;1753;2212;118;49;1753;2212;1871;2212;1871;2261;1753;2261;20.0%;NNSNS;undefined;OTHER;OTHER
invoice-137.tiff;1;1;2480;3508;17304;2034;2212;104;49;2034;2212;2138;2212;2138;2261;2034;2261;66,66;NNSNN;undefined;OTHER;OTHER
invoice-137.tiff;1;1;2480;3508;17305;2150;2212;23;49;2150;2212;2173;2212;2173;2261;2150;2261;$;S;undefined;OTHER;OTHER
invoice-137.tiff;1;1;2480;3508;17306;1468;2345;147;52;1468;2345;1615;2345;1615;2397;1468;2397;TOTAL;AAAAA;undefined;OTHER;OTHER
invoice-137.tiff;1;1;2480;3508;17307;1628;2345;175;52;1628;2345;1803;2345;1803;2397;1628;2397;REMISE;AAAAAA;undefined;OTHER;OTHER
invoice-137.tiff;1;1;2480;3508;17308;1817;2345;254;52;1817;2345;2071;2345;2071;2397;1817;2397;IMMEDIATE;AAAAAAAAA;undefined;OTHER;OTHER
invoice-137.tiff;1;1;2480;3508;17309;2092;2345;81;48;2092;2345;2173;2345;2173;2393;2092;2393;0,00;NSNN;undefined;OTHER;OTHER
invoice-137.tiff;1;1;2480;3508;17310;2185;2345;23;48;2185;2345;2208;2345;2208;2393;2185;2393;$;S;undefined;OTHER;OTHER
invoice-137.tiff;1;1;2480;3508;17311;1741;2398;165;52;1741;2398;1906;2398;1906;2450;1741;2450;Montant;AAAAAAA;undefined;OTHER;OTHER
invoice-137.tiff;1;1;2480;3508;17312;1920;2398;61;52;1920;2398;1981;2398;1981;2450;1920;2450;HT;AA;undefined;OTHER;OTHER
invoice-137.tiff;1;1;2480;3508;17313;2023;2398;150;48;2023;2398;2173;2398;2173;2446;2023;2446;1467,32;NNNNSNN;TWTX;TOTAL_WITHOUT_TAX;TWTXS
invoice-137.tiff;1;1;2480;3508;17314;2185;2398;23;48;2185;2398;2208;2398;2208;2446;2185;2446;$;S;TWTX;TOTAL_WITHOUT_TAX;TWTXS
invoice-137.tiff;1;1;2480;3508;17315;1781;2451;101;52;1781;2451;1882;2451;1882;2503;1781;2503;Taux;AAAA;undefined;OTHER;OTHER
invoice-137.tiff;1;1;2480;3508;17316;1895;2451;50;52;1895;2451;1945;2451;1945;2503;1895;2503;de;AA;undefined;OTHER;OTHER
invoice-137.tiff;1;1;2480;3508;17317;1959;2451;89;52;1959;2451;2048;2451;2048;2503;1959;2503;TVA;AAA;undefined;OTHER;OTHER
invoice-137.tiff;1;1;2480;3508;17318;2090;2451;118;48;2090;2451;2208;2451;2208;2499;2090;2499;20.0%;NNSNS;TXR;TAX_RATE;Tax Rate
invoice-137.tiff;1;1;2480;3508;17319;1915;2504;89;52;1915;2504;2004;2504;2004;2556;1915;2556;TVA;AAA;undefined;OTHER;OTHER
invoice-137.tiff;1;1;2480;3508;17320;2046;2504;127;48;2046;2504;2173;2504;2173;2552;2046;2552;293,47;NNNSNN;TTX;TOTAL_TAX;Total Tax
invoice-137.tiff;1;1;2480;3508;17321;2185;2504;23;48;2185;2504;2208;2504;2208;2552;2185;2552;$;S;TTX;TOTAL_TAX;Total Tax
invoice-137.tiff;1;1;2480;3508;17322;1777;2557;101;52;1777;2557;1878;2557;1878;2609;1777;2609;Total;AAAAA;undefined;OTHER;OTHER
invoice-137.tiff;1;1;2480;3508;17323;1892;2557;89;52;1892;2557;1981;2557;1981;2609;1892;2609;TTC;AAA;undefined;OTHER;OTHER
invoice-137.tiff;1;1;2480;3508;17324;2022;2557;150;48;2022;2557;2172;2557;2172;2605;2022;2605;1760,79;NNNNSNN;TA;TOTAL_AMOUNT;Total with TAX
invoice-137.tiff;1;1;2480;3508;17325;2185;2557;23;48;2185;2557;2208;2557;2208;2605;2185;2605;$;S;TA;TOTAL_AMOUNT;Total with TAX
invoice-137.tiff;1;1;2480;3508;17326;1842;3154;60;49;1842;3154;1902;3154;1902;3203;1842;3203;UN;AA;SN;SUPPLIER_NAME;Seller/Company) name
invoice-137.tiff;1;1;2480;3508;17327;1914;3154;115;49;1914;3154;2029;3154;2029;3203;1914;3203;JOUR;AAAA;SN;SUPPLIER_NAME;Seller/Company) name
invoice-137.tiff;1;1;2480;3508;17328;2041;3154;208;49;2041;3154;2249;3154;2249;3203;2041;3203;AILLEURS;AAAAAAAA;SN;SUPPLIER_NAME;Seller/Company) name
invoice-137.tiff;1;1;2480;3508;17329;1315;3203;46;48;1315;3203;1361;3203;1361;3251;1315;3251;90;NN;SA;SUPPLIER_ADDRESS;Seller Address
invoice-137.tiff;1;1;2480;3508;17330;1373;3203;87;48;1373;3203;1460;3203;1460;3251;1373;3251;RUE;AAA;SA;SUPPLIER_ADDRESS;Seller Address
invoice-137.tiff;1;1;2480;3508;17331;1473;3203;236;48;1473;3203;1709;3203;1709;3251;1473;3251;NATIONALE;AAAAAAAAA;SA;SUPPLIER_ADDRESS;Seller Address
invoice-137.tiff;1;1;2480;3508;17332;1717;3203;13;48;1717;3203;1730;3203;1730;3251;1717;3251;-;S;SA;SUPPLIER_ADDRESS;Seller Address
invoice-137.tiff;1;1;2480;3508;17333;1743;3203;115;48;1743;3203;1858;3203;1858;3251;1743;3251;37000;NNNNN;SA;SUPPLIER_ADDRESS;Seller Address
invoice-137.tiff;1;1;2480;3508;17334;1879;3203;145;48;1879;3203;2024;3203;2024;3251;1879;3251;TOURS;AAAAA;SA;SUPPLIER_ADDRESS;Seller Address
invoice-137.tiff;1;1;2480;3508;17335;2033;3203;13;48;2033;3203;2046;3203;2046;3251;2033;3251;-;S;SA;SUPPLIER_ADDRESS;Seller Address
invoice-137.tiff;1;1;2480;3508;17336;2058;3203;171;48;2058;3203;2229;3203;2229;3251;2058;3251;FRANCE;AAAAAA;SA;SUPPLIER_ADDRESS;Seller Address
