src;num_pages;page_id;page_width;page_height;id;col;row;width;height;x1;y1;x2;y2;x3;y3;x4;y4;contents;contents_masked;correctclass;tag;description
invoice-2385.tiff;1;1;2480;3508;293506;124;62;463;175;124;62;587;62;587;237;124;237;common/logo;AAAAAASAAAA;img;IMAGE;Image
invoice-2385.tiff;1;1;2480;3508;293521;1541;270;155;57;1541;270;1696;270;1696;327;1541;327;Invoice;AAAAAAA;undefined;OTHER;OTHER
invoice-2385.tiff;1;1;2480;3508;293522;1709;270;213;57;1709;270;1922;270;1922;327;1709;327;Reference;AAAAAAAAA;undefined;OTHER;OTHER
invoice-2385.tiff;1;1;2480;3508;293523;1985;270;196;50;1985;270;2181;270;2181;320;1985;320;FC500000;AANNNNNN;IN;INVOICE_NUMBER;Invoice Number
invoice-2385.tiff;1;1;2480;3508;293524;1541;349;155;57;1541;349;1696;349;1696;406;1541;406;Invoice;AAAAAAA;undefined;OTHER;OTHER
invoice-2385.tiff;1;1;2480;3508;293525;1709;349;99;57;1709;349;1808;349;1808;406;1709;406;Date;AAAA;undefined;OTHER;OTHER
invoice-2385.tiff;1;1;2480;3508;293526;1872;349;45;50;1872;349;1917;349;1917;399;1872;399;15;NN;IDATE;INVOICE_DATE;Invoice Date
invoice-2385.tiff;1;1;2480;3508;293527;1929;349;59;50;1929;349;1988;349;1988;399;1929;399;jul,;AAAS;IDATE;INVOICE_DATE;Invoice Date
invoice-2385.tiff;1;1;2480;3508;293528;2000;349;91;50;2000;349;2091;349;2091;399;2000;399;2011;NNNN;IDATE;INVOICE_DATE;Invoice Date
invoice-2385.tiff;1;1;2480;3508;293507;124;412;55;48;124;412;179;412;179;460;124;460;LE;AA;SN;SUPPLIER_NAME;Seller/Company) name
invoice-2385.tiff;1;1;2480;3508;293508;191;412;148;48;191;412;339;412;339;460;191;460;CARRE;AAAAA;SN;SUPPLIER_NAME;Seller/Company) name
invoice-2385.tiff;1;1;2480;3508;293509;124;460;20;45;124;460;144;460;144;505;124;505;1;N;SA;SUPPLIER_ADDRESS;Seller Address
invoice-2385.tiff;1;1;2480;3508;293510;156;460;127;45;156;460;283;460;283;505;156;505;PLACE;AAAAA;SA;SUPPLIER_ADDRESS;Seller Address
invoice-2385.tiff;1;1;2480;3508;293511;293;460;187;45;293;460;480;460;480;505;293;505;COURBET;AAAAAAA;SA;SUPPLIER_ADDRESS;Seller Address
invoice-2385.tiff;1;1;2480;3508;293512;124;506;104;45;124;506;228;506;228;551;124;551;80410;NNNNN;SA;SUPPLIER_ADDRESS;Seller Address
invoice-2385.tiff;1;1;2480;3508;293513;270;506;157;45;270;506;427;506;427;551;270;551;CAYEUX;AAAAAA;SA;SUPPLIER_ADDRESS;Seller Address
invoice-2385.tiff;1;1;2480;3508;293514;438;506;76;45;438;506;514;506;514;551;438;551;SUR;AAA;SA;SUPPLIER_ADDRESS;Seller Address
invoice-2385.tiff;1;1;2480;3508;293515;525;506;85;45;525;506;610;506;610;551;525;551;MER;AAA;SA;SUPPLIER_ADDRESS;Seller Address
invoice-2385.tiff;1;1;2480;3508;293516;124;552;157;45;124;552;281;552;281;597;124;597;FRANCE;AAAAAA;SA;SUPPLIER_ADDRESS;Seller Address
invoice-2385.tiff;1;1;2480;3508;293517;124;598;106;45;124;598;230;598;230;643;124;643;Phone;AAAAA;undefined;OTHER;OTHER
invoice-2385.tiff;1;1;2480;3508;293518;293;598;263;45;293;598;556;598;556;643;293;643;07-73-08-62-39;NNSNNSNNSNNSNN;SCN;SUPPLIER_CONTACT_NUMBER;Seller Contact Number
invoice-2385.tiff;1;1;2480;3508;293519;124;643;64;45;124;643;188;643;188;688;124;688;Fax;AAA;undefined;OTHER;OTHER
invoice-2385.tiff;1;1;2480;3508;293520;252;643;263;45;252;643;515;643;515;688;252;688;07-73-08-09-00;NNSNNSNNSNNSNN;SFAX;SUPPLIER_FAX_NUMBER;Seller Fax Number
invoice-2385.tiff;1;1;2480;3508;293529;124;1016;125;57;124;1016;249;1016;249;1073;124;1073;Billed;AAAAAA;undefined;OTHER;OTHER
invoice-2385.tiff;1;1;2480;3508;293530;262;1016;58;57;262;1016;320;1016;320;1073;262;1073;To;AA;undefined;OTHER;OTHER
invoice-2385.tiff;1;1;2480;3508;293531;124;1073;74;48;124;1073;198;1073;198;1121;124;1121;Bud;AAA;BN;BILLING_NAME;Billing Name
invoice-2385.tiff;1;1;2480;3508;293532;209;1073;134;48;209;1073;343;1073;343;1121;209;1121;Wisoky;AAAAAA;BN;BILLING_NAME;Billing Name
invoice-2385.tiff;1;1;2480;3508;293533;124;1121;93;45;124;1121;217;1121;217;1166;124;1166;9015,;NNNNS;BA;BILLING_ADDRESS;Billing Address
invoice-2385.tiff;1;1;2480;3508;293534;229;1121;55;45;229;1121;284;1121;284;1166;229;1166;rue;AAA;BA;BILLING_ADDRESS;Billing Address
invoice-2385.tiff;1;1;2480;3508;293535;295;1121;134;45;295;1121;429;1121;429;1166;295;1166;adolphe;AAAAAAA;BA;BILLING_ADDRESS;Billing Address
invoice-2385.tiff;1;1;2480;3508;293536;439;1121;143;45;439;1121;582;1121;582;1166;439;1166;boissaye;AAAAAAAA;BA;BILLING_ADDRESS;Billing Address
invoice-2385.tiff;1;1;2480;3508;293537;124;1167;104;45;124;1167;228;1167;228;1212;124;1212;76790;NNNNN;BA;BILLING_ADDRESS;Billing Address
invoice-2385.tiff;1;1;2480;3508;293538;270;1167;115;45;270;1167;385;1167;385;1212;270;1212;Ã‰tretat;AAAAAAA;BA;BILLING_ADDRESS;Billing Address
invoice-2385.tiff;1;1;2480;3508;293550;1541;1206;119;52;1541;1206;1660;1206;1660;1258;1541;1258;Client;AAAAAA;undefined;OTHER;OTHER
invoice-2385.tiff;1;1;2480;3508;293551;1672;1206;195;52;1672;1206;1867;1206;1867;1258;1672;1258;Reference;AAAAAAAAA;undefined;OTHER;OTHER
invoice-2385.tiff;1;1;2480;3508;293552;2166;1206;157;46;2166;1206;2323;1206;2323;1252;2166;1252;CL55142;AANNNNN;CNUM;CLIENT_NUMBER;Client Number
invoice-2385.tiff;1;1;2480;3508;293539;124;1213;120;45;124;1213;244;1213;244;1258;124;1258;France;AAAAAA;BA;BILLING_ADDRESS;Billing Address
invoice-2385.tiff;1;1;2480;3508;293553;1541;1280;122;52;1541;1280;1663;1280;1663;1332;1541;1332;Order;AAAAA;undefined;OTHER;OTHER
invoice-2385.tiff;1;1;2480;3508;293554;1675;1280;195;52;1675;1280;1870;1280;1870;1332;1675;1332;Reference;AAAAAAAAA;undefined;OTHER;OTHER
invoice-2385.tiff;1;1;2480;3508;293555;2166;1280;148;46;2166;1280;2314;1280;2314;1326;2166;1326;CM5941;AANNNN;ONUM;ORDER_NUMBER;Order Number
invoice-2385.tiff;1;1;2480;3508;293540;124;1301;175;57;124;1301;299;1301;299;1358;124;1358;Shipped;AAAAAAA;undefined;OTHER;OTHER
invoice-2385.tiff;1;1;2480;3508;293541;312;1301;58;57;312;1301;370;1301;370;1358;312;1358;To;AA;undefined;OTHER;OTHER
invoice-2385.tiff;1;1;2480;3508;293542;124;1358;74;48;124;1358;198;1358;198;1406;124;1406;Bud;AAA;SHN;SHIPPING_NAME;Shipping Name
invoice-2385.tiff;1;1;2480;3508;293543;209;1358;134;48;209;1358;343;1358;343;1406;209;1406;Wisoky;AAAAAA;SHN;SHIPPING_NAME;Shipping Name
invoice-2385.tiff;1;1;2480;3508;293544;124;1406;93;45;124;1406;217;1406;217;1451;124;1451;5161,;NNNNS;SHA;SHIPPING_ADDRESS;Shipping Address
invoice-2385.tiff;1;1;2480;3508;293545;229;1406;30;45;229;1406;259;1406;259;1451;229;1451;le;AA;SHA;SHIPPING_ADDRESS;Shipping Address
invoice-2385.tiff;1;1;2480;3508;293546;269;1406;118;45;269;1406;387;1406;387;1451;269;1451;mazieu;AAAAAA;SHA;SHIPPING_ADDRESS;Shipping Address
invoice-2385.tiff;1;1;2480;3508;293547;124;1452;104;45;124;1452;228;1452;228;1497;124;1497;12380;NNNNN;SHA;SHIPPING_ADDRESS;Shipping Address
invoice-2385.tiff;1;1;2480;3508;293548;270;1452;185;45;270;1452;455;1452;455;1497;270;1497;Pousthomy;AAAAAAAAA;SHA;SHIPPING_ADDRESS;Shipping Address
invoice-2385.tiff;1;1;2480;3508;293549;124;1498;120;45;124;1498;244;1498;244;1543;124;1543;France;AAAAAA;SHA;SHIPPING_ADDRESS;Shipping Address
invoice-2385.tiff;1;1;2480;3508;293556;213;1821;73;52;213;1821;286;1821;286;1873;213;1873;Qty;AAA;undefined;OTHER;OTHER
invoice-2385.tiff;1;1;2480;3508;293557;690;1821;244;52;690;1821;934;1821;934;1873;690;1873;Descriptions;AAAAAAAAAAAA;undefined;OTHER;OTHER
invoice-2385.tiff;1;1;2480;3508;293558;1374;1821;84;52;1374;1821;1458;1821;1458;1873;1374;1873;U.P.;ASAS;undefined;OTHER;OTHER
invoice-2385.tiff;1;1;2480;3508;293559;1646;1821;206;52;1646;1821;1852;1821;1852;1873;1646;1873;VAT/TVA;AAASAAA;undefined;OTHER;OTHER
invoice-2385.tiff;1;1;2480;3508;293560;2003;1821;160;52;2003;1821;2163;1821;2163;1873;2003;1873;Amount;AAAAAA;undefined;OTHER;OTHER
invoice-2385.tiff;1;1;2480;3508;293561;239;1895;20;48;239;1895;259;1895;259;1943;239;1943;2;N;undefined;OTHER;OTHER
invoice-2385.tiff;1;1;2480;3508;293562;375;1895;155;48;375;1895;530;1895;530;1943;375;1943;Enceinte;AAAAAAAA;undefined;OTHER;OTHER
invoice-2385.tiff;1;1;2480;3508;293563;540;1895;55;48;540;1895;595;1895;595;1943;540;1943;PC;AA;undefined;OTHER;OTHER
invoice-2385.tiff;1;1;2480;3508;293564;606;1895;157;48;606;1895;763;1895;763;1943;606;1943;Hercules;AAAAAAAA;undefined;OTHER;OTHER
invoice-2385.tiff;1;1;2480;3508;293565;774;1895;52;48;774;1895;826;1895;826;1943;774;1943;2.0;NSN;undefined;OTHER;OTHER
invoice-2385.tiff;1;1;2480;3508;293566;836;1895;106;48;836;1895;942;1895;942;1943;836;1943;SLIM;AAAA;undefined;OTHER;OTHER
invoice-2385.tiff;1;1;2480;3508;293567;953;1895;81;48;953;1895;1034;1895;1034;1943;953;1943;USB;AAA;undefined;OTHER;OTHER
invoice-2385.tiff;1;1;2480;3508;293568;1322;1895;93;48;1322;1895;1415;1895;1415;1943;1322;1943;20,00;NNSNN;undefined;OTHER;OTHER
invoice-2385.tiff;1;1;2480;3508;293569;1427;1895;83;48;1427;1895;1510;1895;1510;1943;1427;1943;USD;AAA;undefined;OTHER;OTHER
invoice-2385.tiff;1;1;2480;3508;293570;1692;1895;114;48;1692;1895;1806;1895;1806;1943;1692;1943;20.0%;NNSNS;undefined;OTHER;OTHER
invoice-2385.tiff;1;1;2480;3508;293571;1989;1895;93;48;1989;1895;2082;1895;2082;1943;1989;1943;40,00;NNSNN;undefined;OTHER;OTHER
invoice-2385.tiff;1;1;2480;3508;293572;2093;1895;83;48;2093;1895;2176;1895;2176;1943;2093;1943;USD;AAA;undefined;OTHER;OTHER
invoice-2385.tiff;1;1;2480;3508;293573;239;1985;20;48;239;1985;259;1985;259;2033;239;2033;3;N;undefined;OTHER;OTHER
invoice-2385.tiff;1;1;2480;3508;293574;375;1985;148;48;375;1985;523;1985;523;2033;375;2033;Bracelet;AAAAAAAA;undefined;OTHER;OTHER
invoice-2385.tiff;1;1;2480;3508;293575;533;1985;162;48;533;1985;695;1985;695;2033;533;2033;Samsung;AAAAAAA;undefined;OTHER;OTHER
invoice-2385.tiff;1;1;2480;3508;293576;706;1985;90;48;706;1985;796;1985;796;2033;706;2033;Gear;AAAA;undefined;OTHER;OTHER
invoice-2385.tiff;1;1;2480;3508;293577;806;1985;44;48;806;1985;850;1985;850;2033;806;2033;S3;AN;undefined;OTHER;OTHER
invoice-2385.tiff;1;1;2480;3508;293578;861;1985;159;48;861;1985;1020;1985;1020;2033;861;2033;Alligator;AAAAAAAAA;undefined;OTHER;OTHER
invoice-2385.tiff;1;1;2480;3508;293579;1031;1985;71;48;1031;1985;1102;1985;1102;2033;1031;2033;cuir;AAAA;undefined;OTHER;OTHER
invoice-2385.tiff;1;1;2480;3508;293580;1113;1985;74;48;1113;1985;1187;1985;1187;2033;1113;2033;noir;AAAA;undefined;OTHER;OTHER
invoice-2385.tiff;1;1;2480;3508;293581;1322;1985;93;48;1322;1985;1415;1985;1415;2033;1322;2033;33,33;NNSNN;undefined;OTHER;OTHER
invoice-2385.tiff;1;1;2480;3508;293582;1427;1985;83;48;1427;1985;1510;1985;1510;2033;1427;2033;USD;AAA;undefined;OTHER;OTHER
invoice-2385.tiff;1;1;2480;3508;293583;1692;1985;114;48;1692;1985;1806;1985;1806;2033;1692;2033;20.0%;NNSNS;undefined;OTHER;OTHER
invoice-2385.tiff;1;1;2480;3508;293584;1989;1985;93;48;1989;1985;2082;1985;2082;2033;1989;2033;99,98;NNSNN;undefined;OTHER;OTHER
invoice-2385.tiff;1;1;2480;3508;293585;2093;1985;83;48;2093;1985;2176;1985;2176;2033;2093;2033;USD;AAA;undefined;OTHER;OTHER
invoice-2385.tiff;1;1;2480;3508;293586;1868;2116;152;52;1868;2116;2020;2116;2020;2168;1868;2168;@DISC;SAAAA;undefined;OTHER;OTHER
invoice-2385.tiff;1;1;2480;3508;293587;2041;2116;72;48;2041;2116;2113;2116;2113;2164;2041;2164;0,00;NSNN;undefined;OTHER;OTHER
invoice-2385.tiff;1;1;2480;3508;293588;2125;2116;83;48;2125;2116;2208;2116;2208;2164;2125;2164;USD;AAA;undefined;OTHER;OTHER
invoice-2385.tiff;1;1;2480;3508;293589;1797;2169;160;52;1797;2169;1957;2169;1957;2221;1797;2221;Amount;AAAAAA;undefined;OTHER;OTHER
invoice-2385.tiff;1;1;2480;3508;293590;1999;2169;114;48;1999;2169;2113;2169;2113;2217;1999;2217;139,98;NNNSNN;TWTX;TOTAL_WITHOUT_TAX;TWTXS
invoice-2385.tiff;1;1;2480;3508;293591;2125;2169;83;48;2125;2169;2208;2169;2208;2217;2125;2217;USD;AAA;TWTX;TOTAL_WITHOUT_TAX;TWTXS
invoice-2385.tiff;1;1;2480;3508;293592;1845;2222;206;52;1845;2222;2051;2222;2051;2274;1845;2274;VAT/TVA;AAASAAA;undefined;OTHER;OTHER
invoice-2385.tiff;1;1;2480;3508;293593;2093;2222;114;48;2093;2222;2207;2222;2207;2270;2093;2270;20.0%;NNSNS;TXR;TAX_RATE;Tax Rate
invoice-2385.tiff;1;1;2480;3508;293594;1710;2275;96;52;1710;2275;1806;2275;1806;2327;1710;2327;TVA;AAA;undefined;OTHER;OTHER
invoice-2385.tiff;1;1;2480;3508;293595;1818;2275;160;52;1818;2275;1978;2275;1978;2327;1818;2327;Amount;AAAAAA;undefined;OTHER;OTHER
invoice-2385.tiff;1;1;2480;3508;293596;2020;2275;93;48;2020;2275;2113;2275;2113;2323;2020;2323;27,99;NNSNN;TTX;TOTAL_TAX;Total Tax
invoice-2385.tiff;1;1;2480;3508;293597;2125;2275;83;48;2125;2275;2208;2275;2208;2323;2125;2323;USD;AAA;TTX;TOTAL_TAX;Total Tax
invoice-2385.tiff;1;1;2480;3508;293598;1682;2328;104;52;1682;2328;1786;2328;1786;2380;1682;2380;Total;AAAAA;undefined;OTHER;OTHER
invoice-2385.tiff;1;1;2480;3508;293599;1797;2328;160;52;1797;2328;1957;2328;1957;2380;1797;2380;Amount;AAAAAA;undefined;OTHER;OTHER
invoice-2385.tiff;1;1;2480;3508;293600;1999;2328;114;48;1999;2328;2113;2328;2113;2376;1999;2376;167,97;NNNSNN;TA;TOTAL_AMOUNT;Total with TAX
invoice-2385.tiff;1;1;2480;3508;293601;2125;2328;83;48;2125;2328;2208;2328;2208;2376;2125;2376;USD;AAA;TA;TOTAL_AMOUNT;Total with TAX
invoice-2385.tiff;1;1;2480;3508;293602;124;2709;173;52;124;2709;297;2709;297;2761;124;2761;Payment;AAAAAAA;undefined;OTHER;OTHER
invoice-2385.tiff;1;1;2480;3508;293603;309;2709;84;52;309;2709;393;2709;393;2761;309;2761;type;AAAA;undefined;OTHER;OTHER
invoice-2385.tiff;1;1;2480;3508;293604;750;2709;127;46;750;2709;877;2709;877;2755;750;2755;Cheque;AAAAAA;PMODE;PAYMENT_MODE;Payment Mode
invoice-2385.tiff;1;1;2480;3508;293605;1080;3154;55;48;1080;3154;1135;3154;1135;3202;1080;3202;LE;AA;SN;SUPPLIER_NAME;Seller/Company) name
invoice-2385.tiff;1;1;2480;3508;293606;1146;3154;148;48;1146;3154;1294;3154;1294;3202;1146;3202;CARRE;AAAAA;SN;SUPPLIER_NAME;Seller/Company) name
invoice-2385.tiff;1;1;2480;3508;293607;691;3202;20;45;691;3202;711;3202;711;3247;691;3247;1;N;SA;SUPPLIER_ADDRESS;Seller Address
invoice-2385.tiff;1;1;2480;3508;293608;722;3202;127;45;722;3202;849;3202;849;3247;722;3247;PLACE;AAAAA;SA;SUPPLIER_ADDRESS;Seller Address
invoice-2385.tiff;1;1;2480;3508;293609;860;3202;187;45;860;3202;1047;3202;1047;3247;860;3247;COURBET;AAAAAAA;SA;SUPPLIER_ADDRESS;Seller Address
invoice-2385.tiff;1;1;2480;3508;293610;1056;3202;104;45;1056;3202;1160;3202;1160;3247;1056;3247;80410;NNNNN;SA;SUPPLIER_ADDRESS;Seller Address
invoice-2385.tiff;1;1;2480;3508;293611;1169;3202;157;45;1169;3202;1326;3202;1326;3247;1169;3247;CAYEUX;AAAAAA;SA;SUPPLIER_ADDRESS;Seller Address
invoice-2385.tiff;1;1;2480;3508;293612;1336;3202;76;45;1336;3202;1412;3202;1412;3247;1336;3247;SUR;AAA;SA;SUPPLIER_ADDRESS;Seller Address
invoice-2385.tiff;1;1;2480;3508;293613;1423;3202;85;45;1423;3202;1508;3202;1508;3247;1423;3247;MER;AAA;SA;SUPPLIER_ADDRESS;Seller Address
invoice-2385.tiff;1;1;2480;3508;293614;1517;3202;157;45;1517;3202;1674;3202;1674;3247;1517;3247;FRANCE;AAAAAA;SA;SUPPLIER_ADDRESS;Seller Address
