src;num_pages;page_id;page_width;page_height;id;col;row;width;height;x1;y1;x2;y2;x3;y3;x4;y4;contents;contents_masked;correctclass;tag;description
invoice-846.tiff;1;1;2480;3508;104266;1541;62;640;175;1541;62;2181;62;2181;237;1541;237;common/logo;AAAAAASAAAA;img;IMAGE;Image
invoice-846.tiff;1;1;2480;3508;104241;124;237;106;45;124;237;230;237;230;282;124;282;Phone;AAAAA;undefined;OTHER;OTHER
invoice-846.tiff;1;1;2480;3508;104242;293;237;69;45;293;237;362;237;362;282;293;282;+33;SNN;SCN;SUPPLIER_CONTACT_NUMBER;Seller Contact Number
invoice-846.tiff;1;1;2480;3508;104243;374;237;48;45;374;237;422;237;422;282;374;282;(0);SNS;SCN;SUPPLIER_CONTACT_NUMBER;Seller Contact Number
invoice-846.tiff;1;1;2480;3508;104244;433;237;20;45;433;237;453;237;453;282;433;282;3;N;SCN;SUPPLIER_CONTACT_NUMBER;Seller Contact Number
invoice-846.tiff;1;1;2480;3508;104245;464;237;41;45;464;237;505;237;505;282;464;282;89;NN;SCN;SUPPLIER_CONTACT_NUMBER;Seller Contact Number
invoice-846.tiff;1;1;2480;3508;104246;516;237;41;45;516;237;557;237;557;282;516;282;75;NN;SCN;SUPPLIER_CONTACT_NUMBER;Seller Contact Number
invoice-846.tiff;1;1;2480;3508;104247;568;237;41;45;568;237;609;237;609;282;568;282;43;NN;SCN;SUPPLIER_CONTACT_NUMBER;Seller Contact Number
invoice-846.tiff;1;1;2480;3508;104248;620;237;41;45;620;237;661;237;661;282;620;282;57;NN;SCN;SUPPLIER_CONTACT_NUMBER;Seller Contact Number
invoice-846.tiff;1;1;2480;3508;104257;833;237;118;48;833;237;951;237;951;285;833;285;POUR;AAAA;SN;SUPPLIER_NAME;Seller/Company) name
invoice-846.tiff;1;1;2480;3508;104258;961;237;76;48;961;237;1037;237;1037;285;961;285;TOI;AAA;SN;SUPPLIER_NAME;Seller/Company) name
invoice-846.tiff;1;1;2480;3508;104249;124;283;64;45;124;283;188;283;188;328;124;328;Fax;AAA;undefined;OTHER;OTHER
invoice-846.tiff;1;1;2480;3508;104250;252;283;69;45;252;283;321;283;321;328;252;328;+33;SNN;SFAX;SUPPLIER_FAX_NUMBER;Seller Fax Number
invoice-846.tiff;1;1;2480;3508;104251;332;283;48;45;332;283;380;283;380;328;332;328;(0);SNS;SFAX;SUPPLIER_FAX_NUMBER;Seller Fax Number
invoice-846.tiff;1;1;2480;3508;104252;391;283;20;45;391;283;411;283;411;328;391;328;3;N;SFAX;SUPPLIER_FAX_NUMBER;Seller Fax Number
invoice-846.tiff;1;1;2480;3508;104253;422;283;41;45;422;283;463;283;463;328;422;328;89;NN;SFAX;SUPPLIER_FAX_NUMBER;Seller Fax Number
invoice-846.tiff;1;1;2480;3508;104254;474;283;41;45;474;283;515;283;515;328;474;328;75;NN;SFAX;SUPPLIER_FAX_NUMBER;Seller Fax Number
invoice-846.tiff;1;1;2480;3508;104255;526;283;41;45;526;283;567;283;567;328;526;328;49;NN;SFAX;SUPPLIER_FAX_NUMBER;Seller Fax Number
invoice-846.tiff;1;1;2480;3508;104256;579;283;41;45;579;283;620;283;620;328;579;328;38;NN;SFAX;SUPPLIER_FAX_NUMBER;Seller Fax Number
invoice-846.tiff;1;1;2480;3508;104259;833;285;41;45;833;285;874;285;874;330;833;330;23;NN;SA;SUPPLIER_ADDRESS;Seller Address
invoice-846.tiff;1;1;2480;3508;104260;885;285;134;45;885;285;1019;285;1019;330;885;330;COURS;AAAAA;SA;SUPPLIER_ADDRESS;Seller Address
invoice-846.tiff;1;1;2480;3508;104261;1030;285;136;45;1030;285;1166;285;1166;330;1030;330;SAINTE;AAAAAA;SA;SUPPLIER_ADDRESS;Seller Address
invoice-846.tiff;1;1;2480;3508;104262;1177;285;106;45;1177;285;1283;285;1283;330;1177;330;ANNE;AAAA;SA;SUPPLIER_ADDRESS;Seller Address
invoice-846.tiff;1;1;2480;3508;104263;833;331;104;45;833;331;937;331;937;376;833;376;68000;NNNNN;SA;SUPPLIER_ADDRESS;Seller Address
invoice-846.tiff;1;1;2480;3508;104264;979;331;166;45;979;331;1145;331;1145;376;979;376;COLMAR;AAAAAA;SA;SUPPLIER_ADDRESS;Seller Address
invoice-846.tiff;1;1;2480;3508;104265;833;377;157;45;833;377;990;377;990;422;833;422;FRANCE;AAAAAA;SA;SUPPLIER_ADDRESS;Seller Address
invoice-846.tiff;1;1;2480;3508;104281;1541;749;141;57;1541;749;1682;749;1682;806;1541;806;Billing;AAAAAAA;undefined;OTHER;OTHER
invoice-846.tiff;1;1;2480;3508;104282;1695;749;175;57;1695;749;1870;749;1870;806;1695;806;Address;AAAAAAA;undefined;OTHER;OTHER
invoice-846.tiff;1;1;2480;3508;104283;1541;807;131;48;1541;807;1672;807;1672;855;1541;855;Simone;AAAAAA;BN;BILLING_NAME;Billing Name
invoice-846.tiff;1;1;2480;3508;104284;1684;807;201;48;1684;807;1885;807;1885;855;1684;855;Cartwright;AAAAAAAAAA;BN;BILLING_NAME;Billing Name
invoice-846.tiff;1;1;2480;3508;104285;1541;855;31;45;1541;855;1572;855;1572;900;1541;900;5,;NS;BA;BILLING_ADDRESS;Billing Address
invoice-846.tiff;1;1;2480;3508;104286;1583;855;55;45;1583;855;1638;855;1638;900;1583;900;rue;AAA;BA;BILLING_ADDRESS;Billing Address
invoice-846.tiff;1;1;2480;3508;104287;1649;855;118;45;1649;855;1767;855;1767;900;1649;900;honoré;AAAAAA;BA;BILLING_ADDRESS;Billing Address
invoice-846.tiff;1;1;2480;3508;104288;1777;855;39;45;1777;855;1816;855;1816;900;1777;900;de;AA;BA;BILLING_ADDRESS;Billing Address
invoice-846.tiff;1;1;2480;3508;104289;1827;855;108;45;1827;855;1935;855;1935;900;1827;900;balzac;AAAAAA;BA;BILLING_ADDRESS;Billing Address
invoice-846.tiff;1;1;2480;3508;104267;124;866;142;52;124;866;266;866;266;918;124;918;Invoice;AAAAAAA;undefined;OTHER;OTHER
invoice-846.tiff;1;1;2480;3508;104268;279;866;195;52;279;866;474;866;474;918;279;918;Reference;AAAAAAAAA;undefined;OTHER;OTHER
invoice-846.tiff;1;1;2480;3508;104269;750;866;145;46;750;866;895;866;895;912;750;912;1835156;NNNNNNN;IN;INVOICE_NUMBER;Invoice Number
invoice-846.tiff;1;1;2480;3508;104290;1541;901;104;45;1541;901;1645;901;1645;946;1541;946;34590;NNNNN;BA;BILLING_ADDRESS;Billing Address
invoice-846.tiff;1;1;2480;3508;104291;1687;901;236;45;1687;901;1923;901;1923;946;1687;946;Marsillargues;AAAAAAAAAAAAA;BA;BILLING_ADDRESS;Billing Address
invoice-846.tiff;1;1;2480;3508;104270;124;939;142;52;124;939;266;939;266;991;124;991;Invoice;AAAAAAA;undefined;OTHER;OTHER
invoice-846.tiff;1;1;2480;3508;104271;279;939;91;52;279;939;370;939;370;991;279;991;Date;AAAA;undefined;OTHER;OTHER
invoice-846.tiff;1;1;2480;3508;104272;750;939;41;46;750;939;791;939;791;985;750;985;25;NN;IDATE;INVOICE_DATE;Invoice Date
invoice-846.tiff;1;1;2480;3508;104273;802;939;70;46;802;939;872;939;872;985;802;985;ago,;AAAS;IDATE;INVOICE_DATE;Invoice Date
invoice-846.tiff;1;1;2480;3508;104274;883;939;83;46;883;939;966;939;966;985;883;985;1985;NNNN;IDATE;INVOICE_DATE;Invoice Date
invoice-846.tiff;1;1;2480;3508;104292;1541;946;120;45;1541;946;1661;946;1661;991;1541;991;France;AAAAAA;BA;BILLING_ADDRESS;Billing Address
invoice-846.tiff;1;1;2480;3508;104275;124;1013;119;52;124;1013;243;1013;243;1065;124;1065;Client;AAAAAA;undefined;OTHER;OTHER
invoice-846.tiff;1;1;2480;3508;104276;256;1013;195;52;256;1013;451;1013;451;1065;256;1065;Reference;AAAAAAAAA;undefined;OTHER;OTHER
invoice-846.tiff;1;1;2480;3508;104277;750;1013;104;46;750;1013;854;1013;854;1059;750;1059;70673;NNNNN;CNUM;CLIENT_NUMBER;Client Number
invoice-846.tiff;1;1;2480;3508;104293;1541;1034;191;57;1541;1034;1732;1034;1732;1091;1541;1091;Shipping;AAAAAAAA;undefined;OTHER;OTHER
invoice-846.tiff;1;1;2480;3508;104294;1745;1034;175;57;1745;1034;1920;1034;1920;1091;1745;1091;Address;AAAAAAA;undefined;OTHER;OTHER
invoice-846.tiff;1;1;2480;3508;104278;124;1087;122;52;124;1087;246;1087;246;1139;124;1139;Order;AAAAA;undefined;OTHER;OTHER
invoice-846.tiff;1;1;2480;3508;104279;258;1087;195;52;258;1087;453;1087;453;1139;258;1139;Reference;AAAAAAAAA;undefined;OTHER;OTHER
invoice-846.tiff;1;1;2480;3508;104280;750;1087;83;46;750;1087;833;1087;833;1133;750;1133;2827;NNNN;ONUM;ORDER_NUMBER;Order Number
invoice-846.tiff;1;1;2480;3508;104295;1541;1092;131;48;1541;1092;1672;1092;1672;1140;1541;1140;Simone;AAAAAA;SHN;SHIPPING_NAME;Shipping Name
invoice-846.tiff;1;1;2480;3508;104296;1684;1092;201;48;1684;1092;1885;1092;1885;1140;1684;1140;Cartwright;AAAAAAAAAA;SHN;SHIPPING_NAME;Shipping Name
invoice-846.tiff;1;1;2480;3508;104297;1541;1140;31;45;1541;1140;1572;1140;1572;1185;1541;1185;5,;NS;SHA;SHIPPING_ADDRESS;Shipping Address
invoice-846.tiff;1;1;2480;3508;104298;1583;1140;55;45;1583;1140;1638;1140;1638;1185;1583;1185;rue;AAA;SHA;SHIPPING_ADDRESS;Shipping Address
invoice-846.tiff;1;1;2480;3508;104299;1649;1140;118;45;1649;1140;1767;1140;1767;1185;1649;1185;honoré;AAAAAA;SHA;SHIPPING_ADDRESS;Shipping Address
invoice-846.tiff;1;1;2480;3508;104300;1777;1140;39;45;1777;1140;1816;1140;1816;1185;1777;1185;de;AA;SHA;SHIPPING_ADDRESS;Shipping Address
invoice-846.tiff;1;1;2480;3508;104301;1827;1140;108;45;1827;1140;1935;1140;1935;1185;1827;1185;balzac;AAAAAA;SHA;SHIPPING_ADDRESS;Shipping Address
invoice-846.tiff;1;1;2480;3508;104302;1541;1185;104;45;1541;1185;1645;1185;1645;1230;1541;1230;34590;NNNNN;SHA;SHIPPING_ADDRESS;Shipping Address
invoice-846.tiff;1;1;2480;3508;104303;1687;1185;236;45;1687;1185;1923;1185;1923;1230;1687;1230;Marsillargues;AAAAAAAAAAAAA;SHA;SHIPPING_ADDRESS;Shipping Address
invoice-846.tiff;1;1;2480;3508;104304;1541;1231;120;45;1541;1231;1661;1231;1661;1276;1541;1276;France;AAAAAA;SHA;SHIPPING_ADDRESS;Shipping Address
invoice-846.tiff;1;1;2480;3508;104305;213;1555;73;52;213;1555;286;1555;286;1607;213;1607;Qty;AAA;undefined;OTHER;OTHER
invoice-846.tiff;1;1;2480;3508;104306;690;1555;244;52;690;1555;934;1555;934;1607;690;1607;Descriptions;AAAAAAAAAAAA;undefined;OTHER;OTHER
invoice-846.tiff;1;1;2480;3508;104307;1374;1555;84;52;1374;1555;1458;1555;1458;1607;1374;1607;U.P.;ASAS;undefined;OTHER;OTHER
invoice-846.tiff;1;1;2480;3508;104308;1646;1555;206;52;1646;1555;1852;1555;1852;1607;1646;1607;VAT/TVA;AAASAAA;undefined;OTHER;OTHER
invoice-846.tiff;1;1;2480;3508;104309;2003;1555;160;52;2003;1555;2163;1555;2163;1607;2003;1607;Amount;AAAAAA;undefined;OTHER;OTHER
invoice-846.tiff;1;1;2480;3508;104310;239;1628;20;48;239;1628;259;1628;259;1676;239;1676;1;N;undefined;OTHER;OTHER
invoice-846.tiff;1;1;2480;3508;104311;375;1628;131;48;375;1628;506;1628;506;1676;375;1676;Casque;AAAAAA;undefined;OTHER;OTHER
invoice-846.tiff;1;1;2480;3508;104312;517;1628;41;48;517;1628;558;1628;558;1676;517;1676;de;AA;undefined;OTHER;OTHER
invoice-846.tiff;1;1;2480;3508;104313;569;1628;113;48;569;1628;682;1628;682;1676;569;1676;réalité;AAAAAAA;undefined;OTHER;OTHER
invoice-846.tiff;1;1;2480;3508;104314;693;1628;148;48;693;1628;841;1628;841;1676;693;1676;virtuelle;AAAAAAAAA;undefined;OTHER;OTHER
invoice-846.tiff;1;1;2480;3508;104315;851;1628;20;48;851;1628;871;1628;871;1676;851;1676;4;N;undefined;OTHER;OTHER
invoice-846.tiff;1;1;2480;3508;104316;883;1628;127;48;883;1628;1010;1628;1010;1676;883;1676;Smarts;AAAAAA;undefined;OTHER;OTHER
invoice-846.tiff;1;1;2480;3508;104317;1020;1628;81;48;1020;1628;1101;1628;1101;1676;1020;1676;Noir;AAAA;undefined;OTHER;OTHER
invoice-846.tiff;1;1;2480;3508;104318;1369;1628;93;48;1369;1628;1462;1628;1462;1676;1369;1676;24,99;NNSNN;undefined;OTHER;OTHER
invoice-846.tiff;1;1;2480;3508;104319;1692;1628;114;48;1692;1628;1806;1628;1806;1676;1692;1676;20.0%;NNSNS;undefined;OTHER;OTHER
invoice-846.tiff;1;1;2480;3508;104320;2036;1628;93;48;2036;1628;2129;1628;2129;1676;2036;1676;24,99;NNSNN;undefined;OTHER;OTHER
invoice-846.tiff;1;1;2480;3508;104321;239;1718;20;48;239;1718;259;1718;259;1766;239;1766;1;N;undefined;OTHER;OTHER
invoice-846.tiff;1;1;2480;3508;104322;375;1718;194;48;375;1718;569;1718;569;1766;375;1766;Extracteur;AAAAAAAAAA;undefined;OTHER;OTHER
invoice-846.tiff;1;1;2480;3508;104323;579;1718;41;48;579;1718;620;1718;620;1766;579;1766;de;AA;undefined;OTHER;OTHER
invoice-846.tiff;1;1;2480;3508;104324;631;1718;53;48;631;1718;684;1718;684;1766;631;1766;jus;AAA;undefined;OTHER;OTHER
invoice-846.tiff;1;1;2480;3508;104325;695;1718;127;48;695;1718;822;1718;822;1766;695;1766;Omega;AAAAA;undefined;OTHER;OTHER
invoice-846.tiff;1;1;2480;3508;104326;833;1718;83;48;833;1718;916;1718;916;1766;833;1766;8224;NNNN;undefined;OTHER;OTHER
invoice-846.tiff;1;1;2480;3508;104327;926;1718;97;48;926;1718;1023;1718;1023;1766;926;1766;blanc;AAAAA;undefined;OTHER;OTHER
invoice-846.tiff;1;1;2480;3508;104328;1359;1718;114;48;1359;1718;1473;1718;1473;1766;1359;1766;315,83;NNNSNN;undefined;OTHER;OTHER
invoice-846.tiff;1;1;2480;3508;104329;1692;1718;114;48;1692;1718;1806;1718;1806;1766;1692;1766;20.0%;NNSNS;undefined;OTHER;OTHER
invoice-846.tiff;1;1;2480;3508;104330;2026;1718;114;48;2026;1718;2140;1718;2140;1766;2026;1766;315,83;NNNSNN;undefined;OTHER;OTHER
invoice-846.tiff;1;1;2480;3508;104331;239;1808;20;48;239;1808;259;1808;259;1856;239;1856;1;N;undefined;OTHER;OTHER
invoice-846.tiff;1;1;2480;3508;104332;375;1808;57;48;375;1808;432;1808;432;1856;375;1856;Kit;AAA;undefined;OTHER;OTHER
invoice-846.tiff;1;1;2480;3508;104333;443;1808;136;48;443;1808;579;1808;579;1856;443;1856;couture;AAAAAAA;undefined;OTHER;OTHER
invoice-846.tiff;1;1;2480;3508;104334;590;1808;115;48;590;1808;705;1808;705;1856;590;1856;Singer;AAAAAA;undefined;OTHER;OTHER
invoice-846.tiff;1;1;2480;3508;104335;716;1808;57;48;716;1808;773;1808;773;1856;716;1856;Kit;AAA;undefined;OTHER;OTHER
invoice-846.tiff;1;1;2480;3508;104336;784;1808;321;48;784;1808;1105;1808;1105;1856;784;1856;Canettes/Aiguilles;AAAAAAAASAAAAAAAAA;undefined;OTHER;OTHER
invoice-846.tiff;1;1;2480;3508;104337;1369;1808;93;48;1369;1808;1462;1808;1462;1856;1369;1856;10,75;NNSNN;undefined;OTHER;OTHER
invoice-846.tiff;1;1;2480;3508;104338;1692;1808;114;48;1692;1808;1806;1808;1806;1856;1692;1856;20.0%;NNSNS;undefined;OTHER;OTHER
invoice-846.tiff;1;1;2480;3508;104339;2036;1808;93;48;2036;1808;2129;1808;2129;1856;2036;1856;10,75;NNSNN;undefined;OTHER;OTHER
invoice-846.tiff;1;1;2480;3508;104340;1881;1939;160;52;1881;1939;2041;1939;2041;1991;1881;1991;Amount;AAAAAA;undefined;OTHER;OTHER
invoice-846.tiff;1;1;2480;3508;104341;2083;1939;114;48;2083;1939;2197;1939;2197;1987;2083;1987;351,58;NNNSNN;TWTX;TOTAL_WITHOUT_TAX;TWTXS
invoice-846.tiff;1;1;2480;3508;104342;1845;1992;206;52;1845;1992;2051;1992;2051;2044;1845;2044;VAT/TVA;AAASAAA;undefined;OTHER;OTHER
invoice-846.tiff;1;1;2480;3508;104343;2093;1992;114;48;2093;1992;2207;1992;2207;2040;2093;2040;20.0%;NNSNS;TXR;TAX_RATE;Tax Rate
invoice-846.tiff;1;1;2480;3508;104344;1793;2045;96;52;1793;2045;1889;2045;1889;2097;1793;2097;TVA;AAA;undefined;OTHER;OTHER
invoice-846.tiff;1;1;2480;3508;104345;1902;2045;160;52;1902;2045;2062;2045;2062;2097;1902;2097;Amount;AAAAAA;undefined;OTHER;OTHER
invoice-846.tiff;1;1;2480;3508;104346;2104;2045;93;48;2104;2045;2197;2045;2197;2093;2104;2093;70,31;NNSNN;TTX;TOTAL_TAX;Total Tax
invoice-846.tiff;1;1;2480;3508;104347;1765;2098;104;52;1765;2098;1869;2098;1869;2150;1765;2150;Total;AAAAA;undefined;OTHER;OTHER
invoice-846.tiff;1;1;2480;3508;104348;1881;2098;160;52;1881;2098;2041;2098;2041;2150;1881;2150;Amount;AAAAAA;undefined;OTHER;OTHER
invoice-846.tiff;1;1;2480;3508;104349;2083;2098;114;48;2083;2098;2197;2098;2197;2146;2083;2146;421,89;NNNSNN;TA;TOTAL_AMOUNT;Total with TAX
invoice-846.tiff;1;1;2480;3508;104350;124;3175;118;48;124;3175;242;3175;242;3223;124;3223;POUR;AAAA;SN;SUPPLIER_NAME;Seller/Company) name
invoice-846.tiff;1;1;2480;3508;104351;253;3175;76;48;253;3175;329;3175;329;3223;253;3223;TOI;AAA;SN;SUPPLIER_NAME;Seller/Company) name
invoice-846.tiff;1;1;2480;3508;104352;124;3223;41;45;124;3223;165;3223;165;3268;124;3268;23;NN;SA;SUPPLIER_ADDRESS;Seller Address
invoice-846.tiff;1;1;2480;3508;104353;177;3223;134;45;177;3223;311;3223;311;3268;177;3268;COURS;AAAAA;SA;SUPPLIER_ADDRESS;Seller Address
invoice-846.tiff;1;1;2480;3508;104354;321;3223;136;45;321;3223;457;3223;457;3268;321;3268;SAINTE;AAAAAA;SA;SUPPLIER_ADDRESS;Seller Address
invoice-846.tiff;1;1;2480;3508;104355;468;3223;106;45;468;3223;574;3223;574;3268;468;3268;ANNE;AAAA;SA;SUPPLIER_ADDRESS;Seller Address
invoice-846.tiff;1;1;2480;3508;104356;583;3223;13;45;583;3223;596;3223;596;3268;583;3268;-;S;SA;SUPPLIER_ADDRESS;Seller Address
invoice-846.tiff;1;1;2480;3508;104357;607;3223;104;45;607;3223;711;3223;711;3268;607;3268;68000;NNNNN;SA;SUPPLIER_ADDRESS;Seller Address
invoice-846.tiff;1;1;2480;3508;104358;730;3223;166;45;730;3223;896;3223;896;3268;730;3268;COLMAR;AAAAAA;SA;SUPPLIER_ADDRESS;Seller Address
invoice-846.tiff;1;1;2480;3508;104359;905;3223;13;45;905;3223;918;3223;918;3268;905;3268;-;S;SA;SUPPLIER_ADDRESS;Seller Address
invoice-846.tiff;1;1;2480;3508;104360;930;3223;157;45;930;3223;1087;3223;1087;3268;930;3268;FRANCE;AAAAAA;SA;SUPPLIER_ADDRESS;Seller Address
