src;num_pages;page_id;page_width;page_height;id;col;row;width;height;x1;y1;x2;y2;x3;y3;x4;y4;contents;contents_masked;correctclass;tag;description
invoice-156.tiff;1;1;2480;3508;19514;1187;62;332;175;1187;62;1519;62;1519;237;1187;237;common/logo;AAAAAASAAAA;img;IMAGE;Image
invoice-156.tiff;1;1;2480;3508;19504;124;270;180;59;124;270;304;270;304;329;124;329;Facture;AAAAAAA;undefined;OTHER;OTHER
invoice-156.tiff;1;1;2480;3508;19505;319;270;50;59;319;270;369;270;369;329;319;329;n°;AS;undefined;OTHER;OTHER
invoice-156.tiff;1;1;2480;3508;19506;432;270;178;52;432;270;610;270;610;322;432;322;0072770;NNNNNNN;IN;INVOICE_NUMBER;Invoice Number
invoice-156.tiff;1;1;2480;3508;19507;124;351;108;59;124;351;232;351;232;410;124;410;Date;AAAA;undefined;OTHER;OTHER
invoice-156.tiff;1;1;2480;3508;19508;247;351;58;59;247;351;305;351;305;410;247;410;de;AA;undefined;OTHER;OTHER
invoice-156.tiff;1;1;2480;3508;19509;319;351;41;59;319;351;360;351;360;410;319;410;la;AA;undefined;OTHER;OTHER
invoice-156.tiff;1;1;2480;3508;19510;375;351;166;59;375;351;541;351;541;410;375;410;facture;AAAAAAA;undefined;OTHER;OTHER
invoice-156.tiff;1;1;2480;3508;19511;604;351;50;52;604;351;654;351;654;403;604;403;14;NN;IDATE;INVOICE_DATE;Invoice Date
invoice-156.tiff;1;1;2480;3508;19512;668;351;61;52;668;351;729;351;729;403;668;403;jun;AAA;IDATE;INVOICE_DATE;Invoice Date
invoice-156.tiff;1;1;2480;3508;19513;741;351;101;52;741;351;842;351;842;403;741;403;2008;NNNN;IDATE;INVOICE_DATE;Invoice Date
invoice-156.tiff;1;1;2480;3508;19515;1187;412;194;49;1187;412;1381;412;1381;461;1187;461;MAURICE;AAAAAAA;SN;SUPPLIER_NAME;Seller/Company) name
invoice-156.tiff;1;1;2480;3508;19516;1187;462;46;48;1187;462;1233;462;1233;510;1187;510;30;NN;SA;SUPPLIER_ADDRESS;Seller Address
invoice-156.tiff;1;1;2480;3508;19517;1245;462;185;48;1245;462;1430;462;1430;510;1245;510;IMPASSE;AAAAAAA;SA;SUPPLIER_ADDRESS;Seller Address
invoice-156.tiff;1;1;2480;3508;19518;1442;462;60;48;1442;462;1502;462;1502;510;1442;510;DU;AA;SA;SUPPLIER_ADDRESS;Seller Address
invoice-156.tiff;1;1;2480;3508;19519;1513;462;152;48;1513;462;1665;462;1665;510;1513;510;VIGNAL;AAAAAA;SA;SUPPLIER_ADDRESS;Seller Address
invoice-156.tiff;1;1;2480;3508;19520;1675;462;115;48;1675;462;1790;462;1790;510;1675;510;07330;NNNNN;SA;SUPPLIER_ADDRESS;Seller Address
invoice-156.tiff;1;1;2480;3508;19521;1799;462;194;48;1799;462;1993;462;1993;510;1799;510;THUEYTS;AAAAAAA;SA;SUPPLIER_ADDRESS;Seller Address
invoice-156.tiff;1;1;2480;3508;19522;2002;462;171;48;2002;462;2173;462;2173;510;2002;510;FRANCE;AAAAAA;SA;SUPPLIER_ADDRESS;Seller Address
invoice-156.tiff;1;1;2480;3508;19523;1187;510;148;48;1187;510;1335;510;1335;558;1187;558;Numéro;AAAAAA;undefined;OTHER;OTHER
invoice-156.tiff;1;1;2480;3508;19524;1347;510;46;48;1347;510;1393;510;1393;558;1347;558;de;AA;undefined;OTHER;OTHER
invoice-156.tiff;1;1;2480;3508;19525;1405;510;57;48;1405;510;1462;510;1462;558;1405;558;Tel;AAA;undefined;OTHER;OTHER
invoice-156.tiff;1;1;2480;3508;19526;1488;510;278;48;1488;510;1766;510;1766;558;1488;558;05.70.37.84.26;NNSNNSNNSNNSNN;SCN;SUPPLIER_CONTACT_NUMBER;Seller Contact Number
invoice-156.tiff;1;1;2480;3508;19527;1807;510;148;48;1807;510;1955;510;1955;558;1807;558;Numéro;AAAAAA;undefined;OTHER;OTHER
invoice-156.tiff;1;1;2480;3508;19528;1967;510;46;48;1967;510;2013;510;2013;558;1967;558;de;AA;undefined;OTHER;OTHER
invoice-156.tiff;1;1;2480;3508;19529;2025;510;69;48;2025;510;2094;510;2094;558;2025;558;Fax;AAA;undefined;OTHER;OTHER
invoice-156.tiff;1;1;2480;3508;19530;2119;510;278;48;2119;510;2397;510;2397;558;2119;558;05.70.37.37.45;NNSNNSNNSNNSNN;SFAX;SUPPLIER_FAX_NUMBER;Seller Fax Number
invoice-156.tiff;1;1;2480;3508;19538;1541;895;286;59;1541;895;1827;895;1827;954;1541;954;Destinataire;AAAAAAAAAAAA;undefined;OTHER;OTHER
invoice-156.tiff;1;1;2480;3508;19539;1541;954;46;49;1541;954;1587;954;1587;1003;1541;1003;M.;AS;BN;BILLING_NAME;Billing Name
invoice-156.tiff;1;1;2480;3508;19540;1599;954;162;49;1599;954;1761;954;1761;1003;1599;1003;Raphaël;AAAAAAA;BN;BILLING_NAME;Billing Name
invoice-156.tiff;1;1;2480;3508;19541;1773;954;90;49;1773;954;1863;954;1863;1003;1773;1003;Noel;AAAA;BN;BILLING_NAME;Billing Name
invoice-156.tiff;1;1;2480;3508;19542;1541;1004;34;48;1541;1004;1575;1004;1575;1052;1541;1052;2,;NS;BA;BILLING_ADDRESS;Billing Address
invoice-156.tiff;1;1;2480;3508;19543;1587;1004;81;48;1587;1004;1668;1004;1668;1052;1587;1052;hent;AAAA;BA;BILLING_ADDRESS;Billing Address
invoice-156.tiff;1;1;2480;3508;19544;1680;1004;69;48;1680;1004;1749;1004;1749;1052;1680;1052;trez;AAAA;BA;BILLING_ADDRESS;Billing Address
invoice-156.tiff;1;1;2480;3508;19545;1541;1052;115;48;1541;1052;1656;1052;1656;1100;1541;1100;56330;NNNNN;BA;BILLING_ADDRESS;Billing Address
invoice-156.tiff;1;1;2480;3508;19546;1699;1052;173;48;1699;1052;1872;1052;1872;1100;1699;1100;Pluvigner;AAAAAAAAA;BA;BILLING_ADDRESS;Billing Address
invoice-156.tiff;1;1;2480;3508;19531;124;1094;249;54;124;1094;373;1094;373;1148;124;1148;Commande;AAAAAAAA;undefined;OTHER;OTHER
invoice-156.tiff;1;1;2480;3508;19532;387;1094;46;54;387;1094;433;1094;433;1148;387;1148;n°;AS;undefined;OTHER;OTHER
invoice-156.tiff;1;1;2480;3508;19533;750;1094;115;48;750;1094;865;1094;865;1142;750;1142;99146;NNNNN;ONUM;ORDER_NUMBER;Order Number
invoice-156.tiff;1;1;2480;3508;19547;1541;1100;129;48;1541;1100;1670;1100;1670;1148;1541;1148;France;AAAAAA;BA;BILLING_ADDRESS;Billing Address
invoice-156.tiff;1;1;2480;3508;19534;124;1169;119;54;124;1169;243;1169;243;1223;124;1223;Mode;AAAA;undefined;OTHER;OTHER
invoice-156.tiff;1;1;2480;3508;19535;257;1169;53;54;257;1169;310;1169;310;1223;257;1223;de;AA;undefined;OTHER;OTHER
invoice-156.tiff;1;1;2480;3508;19536;323;1169;219;54;323;1169;542;1169;542;1223;323;1223;règlement;AAAAAAAAA;undefined;OTHER;OTHER
invoice-156.tiff;1;1;2480;3508;19537;750;1169;166;48;750;1169;916;1169;916;1217;750;1217;Virement;AAAAAAAA;PMODE;PAYMENT_MODE;Payment Mode
invoice-156.tiff;1;1;2480;3508;19548;1541;1190;222;59;1541;1190;1763;1190;1763;1249;1541;1249;Livraison;AAAAAAAAA;undefined;OTHER;OTHER
invoice-156.tiff;1;1;2480;3508;19549;1777;1190;27;59;1777;1190;1804;1190;1804;1249;1777;1249;à;A;undefined;OTHER;OTHER
invoice-156.tiff;1;1;2480;3508;19550;1541;1250;46;49;1541;1250;1587;1250;1587;1299;1541;1299;M.;AS;SHN;SHIPPING_NAME;Shipping Name
invoice-156.tiff;1;1;2480;3508;19551;1599;1250;162;49;1599;1250;1761;1250;1761;1299;1599;1299;Raphaël;AAAAAAA;SHN;SHIPPING_NAME;Shipping Name
invoice-156.tiff;1;1;2480;3508;19552;1773;1250;90;49;1773;1250;1863;1250;1863;1299;1773;1299;Noel;AAAA;SHN;SHIPPING_NAME;Shipping Name
invoice-156.tiff;1;1;2480;3508;19553;1541;1299;34;48;1541;1299;1575;1299;1575;1347;1541;1347;2,;NS;SHA;SHIPPING_ADDRESS;Shipping Address
invoice-156.tiff;1;1;2480;3508;19554;1587;1299;81;48;1587;1299;1668;1299;1668;1347;1587;1347;hent;AAAA;SHA;SHIPPING_ADDRESS;Shipping Address
invoice-156.tiff;1;1;2480;3508;19555;1680;1299;69;48;1680;1299;1749;1299;1749;1347;1680;1347;trez;AAAA;SHA;SHIPPING_ADDRESS;Shipping Address
invoice-156.tiff;1;1;2480;3508;19556;1541;1347;115;48;1541;1347;1656;1347;1656;1395;1541;1395;56330;NNNNN;SHA;SHIPPING_ADDRESS;Shipping Address
invoice-156.tiff;1;1;2480;3508;19557;1699;1347;173;48;1699;1347;1872;1347;1872;1395;1699;1395;Pluvigner;AAAAAAAAA;SHA;SHIPPING_ADDRESS;Shipping Address
invoice-156.tiff;1;1;2480;3508;19558;1541;1395;129;48;1541;1395;1670;1395;1670;1443;1541;1443;France;AAAAAA;SHA;SHIPPING_ADDRESS;Shipping Address
invoice-156.tiff;1;1;2480;3508;19559;157;1711;101;54;157;1711;258;1711;258;1765;157;1765;Non.;AAAS;undefined;OTHER;OTHER
invoice-156.tiff;1;1;2480;3508;19560;399;1711;76;54;399;1711;475;1711;475;1765;399;1765;Qté;AAA;undefined;OTHER;OTHER
invoice-156.tiff;1;1;2480;3508;19561;848;1711;262;54;848;1711;1110;1711;1110;1765;848;1765;Désignation;AAAAAAAAAAA;undefined;OTHER;OTHER
invoice-156.tiff;1;1;2480;3508;19562;1489;1711;63;54;1489;1711;1552;1711;1552;1765;1489;1765;UP;AA;undefined;OTHER;OTHER
invoice-156.tiff;1;1;2480;3508;19563;1766;1711;91;54;1766;1711;1857;1711;1857;1765;1766;1765;TVA;AAA;undefined;OTHER;OTHER
invoice-156.tiff;1;1;2480;3508;19564;1965;1711;178;54;1965;1711;2143;1711;2143;1765;1965;1765;Montant;AAAAAAA;undefined;OTHER;OTHER
invoice-156.tiff;1;1;2480;3508;19565;2156;1711;86;54;2156;1711;2242;1711;2242;1765;2156;1765;H.T.;ASAS;undefined;OTHER;OTHER
invoice-156.tiff;1;1;2480;3508;19566;196;1786;23;49;196;1786;219;1786;219;1835;196;1835;1;N;undefined;OTHER;OTHER
invoice-156.tiff;1;1;2480;3508;19567;425;1786;23;49;425;1786;448;1786;448;1835;425;1835;4;N;undefined;OTHER;OTHER
invoice-156.tiff;1;1;2480;3508;19568;583;1786;97;49;583;1786;680;1786;680;1835;583;1835;Pèse;AAAA;undefined;OTHER;OTHER
invoice-156.tiff;1;1;2480;3508;19569;692;1786;187;49;692;1786;879;1786;879;1835;692;1835;personne;AAAAAAAA;undefined;OTHER;OTHER
invoice-156.tiff;1;1;2480;3508;19570;891;1786;99;49;891;1786;990;1786;990;1835;891;1835;Little;AAAAAA;undefined;OTHER;OTHER
invoice-156.tiff;1;1;2480;3508;19571;1002;1786;159;49;1002;1786;1161;1786;1161;1835;1002;1835;Balance;AAAAAAA;undefined;OTHER;OTHER
invoice-156.tiff;1;1;2480;3508;19572;1173;1786;120;49;1173;1786;1293;1786;1293;1835;1173;1835;Green;AAAAA;undefined;OTHER;OTHER
invoice-156.tiff;1;1;2480;3508;19578;1468;1786;104;49;1468;1786;1572;1786;1572;1835;1468;1835;22,33;NNSNN;undefined;OTHER;OTHER
invoice-156.tiff;1;1;2480;3508;19579;1753;1786;118;49;1753;1786;1871;1786;1871;1835;1753;1835;20.0%;NNSNS;undefined;OTHER;OTHER
invoice-156.tiff;1;1;2480;3508;19580;2052;1786;104;49;2052;1786;2156;1786;2156;1835;2052;1835;89,33;NNSNN;undefined;OTHER;OTHER
invoice-156.tiff;1;1;2480;3508;19573;583;1836;125;49;583;1836;708;1836;708;1885;583;1885;Power;AAAAA;undefined;OTHER;OTHER
invoice-156.tiff;1;1;2480;3508;19574;719;1836;94;49;719;1836;813;1836;813;1885;719;1885;sans;AAAA;undefined;OTHER;OTHER
invoice-156.tiff;1;1;2480;3508;19575;826;1836;71;49;826;1836;897;1836;897;1885;826;1885;pile;AAAA;undefined;OTHER;OTHER
invoice-156.tiff;1;1;2480;3508;19576;909;1836;148;49;909;1836;1057;1836;1057;1885;909;1885;énergie;AAAAAAA;undefined;OTHER;OTHER
invoice-156.tiff;1;1;2480;3508;19577;1069;1836;182;49;1069;1836;1251;1836;1251;1885;1069;1885;kinétique;AAAAAAAAA;undefined;OTHER;OTHER
invoice-156.tiff;1;1;2480;3508;19581;196;1927;23;49;196;1927;219;1927;219;1976;196;1976;2;N;undefined;OTHER;OTHER
invoice-156.tiff;1;1;2480;3508;19582;425;1927;23;49;425;1927;448;1927;448;1976;425;1976;2;N;undefined;OTHER;OTHER
invoice-156.tiff;1;1;2480;3508;19583;583;1927;155;49;583;1927;738;1927;738;1976;583;1976;Protège;AAAAAAA;undefined;OTHER;OTHER
invoice-156.tiff;1;1;2480;3508;19584;750;1927;111;49;750;1927;861;1927;861;1976;750;1976;écran;AAAAA;undefined;OTHER;OTHER
invoice-156.tiff;1;1;2480;3508;19585;872;1927;208;49;872;1927;1080;1927;1080;1976;872;1976;Essentielb;AAAAAAAAAA;undefined;OTHER;OTHER
invoice-156.tiff;1;1;2480;3508;19586;1092;1927;138;49;1092;1927;1230;1927;1230;1976;1092;1976;iPhone;AAAAAA;undefined;OTHER;OTHER
invoice-156.tiff;1;1;2480;3508;19587;1243;1927;23;49;1243;1927;1266;1927;1266;1976;1243;1976;7;N;undefined;OTHER;OTHER
invoice-156.tiff;1;1;2480;3508;19588;1278;1927;88;49;1278;1927;1366;1927;1366;1976;1278;1976;Plus;AAAA;undefined;OTHER;OTHER
invoice-156.tiff;1;1;2480;3508;19593;1468;1927;104;49;1468;1927;1572;1927;1572;1976;1468;1976;17,49;NNSNN;undefined;OTHER;OTHER
invoice-156.tiff;1;1;2480;3508;19594;1753;1927;118;49;1753;1927;1871;1927;1871;1976;1753;1976;20.0%;NNSNS;undefined;OTHER;OTHER
invoice-156.tiff;1;1;2480;3508;19595;2052;1927;104;49;2052;1927;2156;1927;2156;1976;2052;1976;34,98;NNSNN;undefined;OTHER;OTHER
invoice-156.tiff;1;1;2480;3508;19589;583;1977;101;49;583;1977;684;1977;684;2026;583;2026;verre;AAAAA;undefined;OTHER;OTHER
invoice-156.tiff;1;1;2480;3508;19590;696;1977;138;49;696;1977;834;1977;834;2026;696;2026;trempé;AAAAAA;undefined;OTHER;OTHER
invoice-156.tiff;1;1;2480;3508;19591;847;1977;53;49;847;1977;900;1977;900;2026;847;2026;3D;NA;undefined;OTHER;OTHER
invoice-156.tiff;1;1;2480;3508;19592;912;1977;108;49;912;1977;1020;1977;1020;2026;912;2026;blanc;AAAAA;undefined;OTHER;OTHER
invoice-156.tiff;1;1;2480;3508;19596;1491;2110;147;52;1491;2110;1638;2110;1638;2162;1491;2162;TOTAL;AAAAA;undefined;OTHER;OTHER
invoice-156.tiff;1;1;2480;3508;19597;1651;2110;175;52;1651;2110;1826;2110;1826;2162;1651;2162;REMISE;AAAAAA;undefined;OTHER;OTHER
invoice-156.tiff;1;1;2480;3508;19598;1840;2110;254;52;1840;2110;2094;2110;2094;2162;1840;2162;IMMEDIATE;AAAAAAAAA;undefined;OTHER;OTHER
invoice-156.tiff;1;1;2480;3508;19599;2115;2110;81;48;2115;2110;2196;2110;2196;2158;2115;2158;0,00;NSNN;undefined;OTHER;OTHER
invoice-156.tiff;1;1;2480;3508;19600;1762;2163;165;52;1762;2163;1927;2163;1927;2215;1762;2215;Montant;AAAAAAA;undefined;OTHER;OTHER
invoice-156.tiff;1;1;2480;3508;19601;1941;2163;86;52;1941;2163;2027;2163;2027;2215;1941;2215;H.T.;ASAS;undefined;OTHER;OTHER
invoice-156.tiff;1;1;2480;3508;19602;2069;2163;127;48;2069;2163;2196;2163;2196;2211;2069;2211;124,32;NNNSNN;TWTX;TOTAL_WITHOUT_TAX;TWTXS
invoice-156.tiff;1;1;2480;3508;19603;1783;2216;165;52;1783;2216;1948;2216;1948;2268;1783;2268;Montant;AAAAAAA;undefined;OTHER;OTHER
invoice-156.tiff;1;1;2480;3508;19604;1961;2216;89;52;1961;2216;2050;2216;2050;2268;1961;2268;TVA;AAA;undefined;OTHER;OTHER
invoice-156.tiff;1;1;2480;3508;19605;2092;2216;104;48;2092;2216;2196;2216;2196;2264;2092;2264;24,86;NNSNN;TTX;TOTAL_TAX;Total Tax
invoice-156.tiff;1;1;2480;3508;19606;1760;2269;165;52;1760;2269;1925;2269;1925;2321;1760;2321;Montant;AAAAAAA;undefined;OTHER;OTHER
invoice-156.tiff;1;1;2480;3508;19607;1938;2269;89;52;1938;2269;2027;2269;2027;2321;1938;2321;TTC;AAA;undefined;OTHER;OTHER
invoice-156.tiff;1;1;2480;3508;19608;2069;2269;127;48;2069;2269;2196;2269;2196;2317;2069;2317;149,18;NNNSNN;TA;TOTAL_AMOUNT;Total with TAX
invoice-156.tiff;1;1;2480;3508;19609;124;3154;194;49;124;3154;318;3154;318;3203;124;3203;MAURICE;AAAAAAA;SN;SUPPLIER_NAME;Seller/Company) name
invoice-156.tiff;1;1;2480;3508;19610;124;3203;46;48;124;3203;170;3203;170;3251;124;3251;30;NN;SA;SUPPLIER_ADDRESS;Seller Address
invoice-156.tiff;1;1;2480;3508;19611;182;3203;185;48;182;3203;367;3203;367;3251;182;3251;IMPASSE;AAAAAAA;SA;SUPPLIER_ADDRESS;Seller Address
invoice-156.tiff;1;1;2480;3508;19612;379;3203;60;48;379;3203;439;3203;439;3251;379;3251;DU;AA;SA;SUPPLIER_ADDRESS;Seller Address
invoice-156.tiff;1;1;2480;3508;19613;451;3203;152;48;451;3203;603;3203;603;3251;451;3251;VIGNAL;AAAAAA;SA;SUPPLIER_ADDRESS;Seller Address
invoice-156.tiff;1;1;2480;3508;19614;612;3203;11;48;612;3203;623;3203;623;3251;612;3251;,;S;SA;SUPPLIER_ADDRESS;Seller Address
invoice-156.tiff;1;1;2480;3508;19615;635;3203;115;48;635;3203;750;3203;750;3251;635;3251;07330;NNNNN;SA;SUPPLIER_ADDRESS;Seller Address
invoice-156.tiff;1;1;2480;3508;19616;759;3203;194;48;759;3203;953;3203;953;3251;759;3251;THUEYTS;AAAAAAA;SA;SUPPLIER_ADDRESS;Seller Address
invoice-156.tiff;1;1;2480;3508;19617;962;3203;11;48;962;3203;973;3203;973;3251;962;3251;,;S;SA;SUPPLIER_ADDRESS;Seller Address
invoice-156.tiff;1;1;2480;3508;19618;985;3203;171;48;985;3203;1156;3203;1156;3251;985;3251;FRANCE;AAAAAA;SA;SUPPLIER_ADDRESS;Seller Address
