src;num_pages;page_id;page_width;page_height;id;col;row;width;height;x1;y1;x2;y2;x3;y3;x4;y4;contents;contents_masked;correctclass;tag;description
invoice-2865.tiff;1;1;2480;3508;352418;1187;62;175;175;1187;62;1362;62;1362;237;1187;237;common/logo;AAAAAASAAAA;img;IMAGE;Image
invoice-2865.tiff;1;1;2480;3508;352416;124;258;66;59;124;258;190;258;190;317;124;317;Du;AA;undefined;OTHER;OTHER
invoice-2865.tiff;1;1;2480;3508;352417;254;258;178;52;254;258;432;258;432;310;254;310;26/08/90;NNSNNSNN;IDATE;INVOICE_DATE;Invoice Date
invoice-2865.tiff;1;1;2480;3508;352419;1187;412;338;49;1187;412;1525;412;1525;461;1187;461;LEPERMISLIBRE;AAAAAAAAAAAAA;SN;SUPPLIER_NAME;Seller/Company) name
invoice-2865.tiff;1;1;2480;3508;352420;1187;462;46;48;1187;462;1233;462;1233;510;1187;510;49;NN;SA;SUPPLIER_ADDRESS;Seller Address
invoice-2865.tiff;1;1;2480;3508;352421;1245;462;87;48;1245;462;1332;462;1332;510;1245;510;RUE;AAA;SA;SUPPLIER_ADDRESS;Seller Address
invoice-2865.tiff;1;1;2480;3508;352422;1344;462;57;48;1344;462;1401;462;1401;510;1344;510;DE;AA;SA;SUPPLIER_ADDRESS;Seller Address
invoice-2865.tiff;1;1;2480;3508;352423;1414;462;50;48;1414;462;1464;462;1464;510;1414;510;LA;AA;SA;SUPPLIER_ADDRESS;Seller Address
invoice-2865.tiff;1;1;2480;3508;352424;1476;462;150;48;1476;462;1626;462;1626;510;1476;510;CLAIRE;AAAAAA;SA;SUPPLIER_ADDRESS;Seller Address
invoice-2865.tiff;1;1;2480;3508;352425;1635;462;115;48;1635;462;1750;462;1750;510;1635;510;69009;NNNNN;SA;SUPPLIER_ADDRESS;Seller Address
invoice-2865.tiff;1;1;2480;3508;352426;1759;462;113;48;1759;462;1872;462;1872;510;1759;510;LYON;AAAA;SA;SUPPLIER_ADDRESS;Seller Address
invoice-2865.tiff;1;1;2480;3508;352427;1885;462;113;48;1885;462;1998;462;1998;510;1885;510;9EME;NAAA;SA;SUPPLIER_ADDRESS;Seller Address
invoice-2865.tiff;1;1;2480;3508;352428;2006;462;171;48;2006;462;2177;462;2177;510;2006;510;FRANCE;AAAAAA;SA;SUPPLIER_ADDRESS;Seller Address
invoice-2865.tiff;1;1;2480;3508;352429;1187;510;148;48;1187;510;1335;510;1335;558;1187;558;Numéro;AAAAAA;undefined;OTHER;OTHER
invoice-2865.tiff;1;1;2480;3508;352430;1347;510;46;48;1347;510;1393;510;1393;558;1347;558;de;AA;undefined;OTHER;OTHER
invoice-2865.tiff;1;1;2480;3508;352431;1405;510;57;48;1405;510;1462;510;1462;558;1405;558;Tel;AAA;undefined;OTHER;OTHER
invoice-2865.tiff;1;1;2480;3508;352432;1488;510;70;48;1488;510;1558;510;1558;558;1488;558;+33;SNN;SCN;SUPPLIER_CONTACT_NUMBER;Seller Contact Number
invoice-2865.tiff;1;1;2480;3508;352433;1570;510;23;48;1570;510;1593;510;1593;558;1570;558;0;N;SCN;SUPPLIER_CONTACT_NUMBER;Seller Contact Number
invoice-2865.tiff;1;1;2480;3508;352434;1605;510;69;48;1605;510;1674;510;1674;558;1605;558;423;NNN;SCN;SUPPLIER_CONTACT_NUMBER;Seller Contact Number
invoice-2865.tiff;1;1;2480;3508;352435;1686;510;69;48;1686;510;1755;510;1755;558;1686;558;223;NNN;SCN;SUPPLIER_CONTACT_NUMBER;Seller Contact Number
invoice-2865.tiff;1;1;2480;3508;352436;1767;510;69;48;1767;510;1836;510;1836;558;1767;558;074;NNN;SCN;SUPPLIER_CONTACT_NUMBER;Seller Contact Number
invoice-2865.tiff;1;1;2480;3508;352437;1878;510;148;48;1878;510;2026;510;2026;558;1878;558;Numéro;AAAAAA;undefined;OTHER;OTHER
invoice-2865.tiff;1;1;2480;3508;352438;2038;510;46;48;2038;510;2084;510;2084;558;2038;558;de;AA;undefined;OTHER;OTHER
invoice-2865.tiff;1;1;2480;3508;352439;2096;510;69;48;2096;510;2165;510;2165;558;2096;558;Fax;AAA;undefined;OTHER;OTHER
invoice-2865.tiff;1;1;2480;3508;352440;2190;510;70;48;2190;510;2260;510;2260;558;2190;558;+33;SNN;SFAX;SUPPLIER_FAX_NUMBER;Seller Fax Number
invoice-2865.tiff;1;1;2480;3508;352441;2272;510;23;48;2272;510;2295;510;2295;558;2272;558;0;N;SFAX;SUPPLIER_FAX_NUMBER;Seller Fax Number
invoice-2865.tiff;1;1;2480;3508;352442;2307;510;69;48;2307;510;2376;510;2376;558;2307;558;423;NNN;SFAX;SUPPLIER_FAX_NUMBER;Seller Fax Number
invoice-2865.tiff;1;1;2480;3508;352443;2388;510;69;48;2388;510;2457;510;2457;558;2388;558;223;NNN;SFAX;SUPPLIER_FAX_NUMBER;Seller Fax Number
invoice-2865.tiff;1;1;2480;3508;352444;2469;510;69;48;2469;510;2538;510;2538;558;2469;558;624;NNN;SFAX;SUPPLIER_FAX_NUMBER;Seller Fax Number
invoice-2865.tiff;1;1;2480;3508;352451;1541;747;197;59;1541;747;1738;747;1738;806;1541;806;Adresse;AAAAAAA;undefined;OTHER;OTHER
invoice-2865.tiff;1;1;2480;3508;352452;1752;747;272;59;1752;747;2024;747;2024;806;1752;806;Facturation;AAAAAAAAAAA;undefined;OTHER;OTHER
invoice-2865.tiff;1;1;2480;3508;352445;124;799;227;54;124;799;351;799;351;853;124;853;Facture-n°;AAAAAAASAS;undefined;OTHER;OTHER
invoice-2865.tiff;1;1;2480;3508;352446;750;799;245;48;750;799;995;799;995;847;750;847;1398-787513;NNNNSNNNNNN;IN;INVOICE_NUMBER;Invoice Number
invoice-2865.tiff;1;1;2480;3508;352453;1541;807;46;49;1541;807;1587;807;1587;856;1541;856;Dr;AA;BN;BILLING_NAME;Billing Name
invoice-2865.tiff;1;1;2480;3508;352454;1599;807;83;49;1599;807;1682;807;1682;856;1599;856;Ines;AAAA;BN;BILLING_NAME;Billing Name
invoice-2865.tiff;1;1;2480;3508;352455;1694;807;120;49;1694;807;1814;807;1814;856;1694;856;Andre;AAAAA;BN;BILLING_NAME;Billing Name
invoice-2865.tiff;1;1;2480;3508;352456;1541;856;104;48;1541;856;1645;856;1645;904;1541;904;5679,;NNNNS;BA;BILLING_ADDRESS;Billing Address
invoice-2865.tiff;1;1;2480;3508;352457;1657;856;210;48;1657;856;1867;856;1867;904;1657;904;lotissement;AAAAAAAAAAA;BA;BILLING_ADDRESS;Billing Address
invoice-2865.tiff;1;1;2480;3508;352458;1879;856;53;48;1879;856;1932;856;1932;904;1879;904;les;AAA;BA;BILLING_ADDRESS;Billing Address
invoice-2865.tiff;1;1;2480;3508;352459;1944;856;145;48;1944;856;2089;856;2089;904;1944;904;coteaux;AAAAAAA;BA;BILLING_ADDRESS;Billing Address
invoice-2865.tiff;1;1;2480;3508;352460;2102;856;46;48;2102;856;2148;856;2148;904;2102;904;du;AA;BA;BILLING_ADDRESS;Billing Address
invoice-2865.tiff;1;1;2480;3508;352461;2160;856;106;48;2160;856;2266;856;2266;904;2160;904;bourg;AAAAA;BA;BILLING_ADDRESS;Billing Address
invoice-2865.tiff;1;1;2480;3508;352447;124;874;145;54;124;874;269;874;269;928;124;928;Moyen;AAAAA;undefined;OTHER;OTHER
invoice-2865.tiff;1;1;2480;3508;352448;282;874;53;54;282;874;335;874;335;928;282;928;de;AA;undefined;OTHER;OTHER
invoice-2865.tiff;1;1;2480;3508;352449;349;874;201;54;349;874;550;874;550;928;349;928;paiement;AAAAAAAA;undefined;OTHER;OTHER
invoice-2865.tiff;1;1;2480;3508;352450;750;874;57;48;750;874;807;874;807;922;750;922;CB;AA;PMODE;PAYMENT_MODE;Payment Mode
invoice-2865.tiff;1;1;2480;3508;352462;1541;904;115;48;1541;904;1656;904;1656;952;1541;952;42330;NNNNN;BA;BILLING_ADDRESS;Billing Address
invoice-2865.tiff;1;1;2480;3508;352463;1699;904;129;48;1699;904;1828;904;1828;952;1699;952;Cuzieu;AAAAAA;BA;BILLING_ADDRESS;Billing Address
invoice-2865.tiff;1;1;2480;3508;352464;1541;953;129;48;1541;953;1670;953;1670;1001;1541;1001;France;AAAAAA;BA;BILLING_ADDRESS;Billing Address
invoice-2865.tiff;1;1;2480;3508;352465;431;1416;262;54;431;1416;693;1416;693;1470;431;1470;Désignation;AAAAAAAAAAA;undefined;OTHER;OTHER
invoice-2865.tiff;1;1;2480;3508;352466;1086;1416;76;54;1086;1416;1162;1416;1162;1470;1086;1470;Qté;AAA;undefined;OTHER;OTHER
invoice-2865.tiff;1;1;2480;3508;352467;1384;1416;63;54;1384;1416;1447;1416;1447;1470;1384;1470;UP;AA;undefined;OTHER;OTHER
invoice-2865.tiff;1;1;2480;3508;352468;1704;1416;91;54;1704;1416;1795;1416;1795;1470;1704;1470;TVA;AAA;undefined;OTHER;OTHER
invoice-2865.tiff;1;1;2480;3508;352469;1944;1416;178;54;1944;1416;2122;1416;2122;1470;1944;1470;Montant;AAAAAAA;undefined;OTHER;OTHER
invoice-2865.tiff;1;1;2480;3508;352470;2135;1416;86;54;2135;1416;2221;1416;2221;1470;2135;1470;H.T.;ASAS;undefined;OTHER;OTHER
invoice-2865.tiff;1;1;2480;3508;352471;124;1491;215;49;124;1491;339;1491;339;1540;124;1540;Bloc-notes;AAAASAAAAA;undefined;OTHER;OTHER
invoice-2865.tiff;1;1;2480;3508;352472;351;1491;212;49;351;1491;563;1491;563;1540;351;1540;numérique;AAAAAAAAA;undefined;OTHER;OTHER
invoice-2865.tiff;1;1;2480;3508;352473;576;1491;148;49;576;1491;724;1491;724;1540;576;1540;Wacom;AAAAA;undefined;OTHER;OTHER
invoice-2865.tiff;1;1;2480;3508;352474;736;1491;166;49;736;1491;902;1491;902;1540;736;1540;Bamboo;AAAAAA;undefined;OTHER;OTHER
invoice-2865.tiff;1;1;2480;3508;352479;1113;1491;23;49;1113;1491;1136;1491;1136;1540;1113;1540;1;N;undefined;OTHER;OTHER
invoice-2865.tiff;1;1;2480;3508;352480;1335;1491;127;49;1335;1491;1462;1491;1462;1540;1335;1540;108,32;NNNSNN;undefined;OTHER;OTHER
invoice-2865.tiff;1;1;2480;3508;352481;1474;1491;23;49;1474;1491;1497;1491;1497;1540;1474;1540;$;S;undefined;OTHER;OTHER
invoice-2865.tiff;1;1;2480;3508;352482;1690;1491;118;49;1690;1491;1808;1491;1808;1540;1690;1540;20.0%;NNSNS;undefined;OTHER;OTHER
invoice-2865.tiff;1;1;2480;3508;352483;2002;1491;127;49;2002;1491;2129;1491;2129;1540;2002;1540;108,32;NNNSNN;undefined;OTHER;OTHER
invoice-2865.tiff;1;1;2480;3508;352484;2141;1491;23;49;2141;1491;2164;1491;2164;1540;2141;1540;$;S;undefined;OTHER;OTHER
invoice-2865.tiff;1;1;2480;3508;352475;124;1541;99;49;124;1541;223;1541;223;1590;124;1590;Slate;AAAAA;undefined;OTHER;OTHER
invoice-2865.tiff;1;1;2480;3508;352476;236;1541;106;49;236;1541;342;1541;342;1590;236;1590;small;AAAAA;undefined;OTHER;OTHER
invoice-2865.tiff;1;1;2480;3508;352477;354;1541;13;49;354;1541;367;1541;367;1590;354;1590;-;S;undefined;OTHER;OTHER
invoice-2865.tiff;1;1;2480;3508;352478;379;1541;83;49;379;1541;462;1541;462;1590;379;1590;Gris;AAAA;undefined;OTHER;OTHER
invoice-2865.tiff;1;1;2480;3508;352485;124;1632;53;49;124;1632;177;1632;177;1681;124;1681;TV;AA;undefined;OTHER;OTHER
invoice-2865.tiff;1;1;2480;3508;352486;189;1632;115;49;189;1632;304;1632;304;1681;189;1681;QLED;AAAA;undefined;OTHER;OTHER
invoice-2865.tiff;1;1;2480;3508;352487;317;1632;187;49;317;1632;504;1632;504;1681;317;1681;Samsung;AAAAAAA;undefined;OTHER;OTHER
invoice-2865.tiff;1;1;2480;3508;352488;516;1632;187;49;516;1632;703;1632;703;1681;516;1681;QE65Q9F;AANNANA;undefined;OTHER;OTHER
invoice-2865.tiff;1;1;2480;3508;352489;1113;1632;23;49;1113;1632;1136;1632;1136;1681;1113;1681;2;N;undefined;OTHER;OTHER
invoice-2865.tiff;1;1;2480;3508;352490;1324;1632;150;49;1324;1632;1474;1632;1474;1681;1324;1681;4158,33;NNNNSNN;undefined;OTHER;OTHER
invoice-2865.tiff;1;1;2480;3508;352491;1486;1632;23;49;1486;1632;1509;1632;1509;1681;1486;1681;$;S;undefined;OTHER;OTHER
invoice-2865.tiff;1;1;2480;3508;352492;1690;1632;118;49;1690;1632;1808;1632;1808;1681;1690;1681;20.0%;NNSNS;undefined;OTHER;OTHER
invoice-2865.tiff;1;1;2480;3508;352493;1990;1632;150;49;1990;1632;2140;1632;2140;1681;1990;1681;8316,67;NNNNSNN;undefined;OTHER;OTHER
invoice-2865.tiff;1;1;2480;3508;352494;2152;1632;23;49;2152;1632;2175;1632;2175;1681;2152;1681;$;S;undefined;OTHER;OTHER
invoice-2865.tiff;1;1;2480;3508;352495;124;1723;99;49;124;1723;223;1723;223;1772;124;1772;Cave;AAAA;undefined;OTHER;OTHER
invoice-2865.tiff;1;1;2480;3508;352496;236;1723;48;49;236;1723;284;1723;284;1772;236;1772;de;AA;undefined;OTHER;OTHER
invoice-2865.tiff;1;1;2480;3508;352497;296;1723;273;49;296;1723;569;1723;569;1772;296;1772;vieillissement;AAAAAAAAAAAAAA;undefined;OTHER;OTHER
invoice-2865.tiff;1;1;2480;3508;352498;581;1723;48;49;581;1723;629;1723;629;1772;581;1772;Le;AA;undefined;OTHER;OTHER
invoice-2865.tiff;1;1;2480;3508;352499;641;1723;90;49;641;1723;731;1723;731;1772;641;1772;Chai;AAAA;undefined;OTHER;OTHER
invoice-2865.tiff;1;1;2480;3508;352500;743;1723;203;49;743;1723;946;1723;946;1772;743;1772;LSV4740H;AAANNNNA;undefined;OTHER;OTHER
invoice-2865.tiff;1;1;2480;3508;352501;1113;1723;23;49;1113;1723;1136;1723;1136;1772;1113;1772;2;N;undefined;OTHER;OTHER
invoice-2865.tiff;1;1;2480;3508;352502;1324;1723;150;49;1324;1723;1474;1723;1474;1772;1324;1772;4165,83;NNNNSNN;undefined;OTHER;OTHER
invoice-2865.tiff;1;1;2480;3508;352503;1486;1723;23;49;1486;1723;1509;1723;1509;1772;1486;1772;$;S;undefined;OTHER;OTHER
invoice-2865.tiff;1;1;2480;3508;352504;1690;1723;118;49;1690;1723;1808;1723;1808;1772;1690;1772;20.0%;NNSNS;undefined;OTHER;OTHER
invoice-2865.tiff;1;1;2480;3508;352505;1990;1723;150;49;1990;1723;2140;1723;2140;1772;1990;1772;8331,67;NNNNSNN;undefined;OTHER;OTHER
invoice-2865.tiff;1;1;2480;3508;352506;2152;1723;23;49;2152;1723;2175;1723;2175;1772;2152;1772;$;S;undefined;OTHER;OTHER
invoice-2865.tiff;1;1;2480;3508;352507;124;1814;111;49;124;1814;235;1814;235;1863;124;1863;Poêle;AAAAA;undefined;OTHER;OTHER
invoice-2865.tiff;1;1;2480;3508;352508;247;1814;194;49;247;1814;441;1814;441;1863;247;1863;Greenpan;AAAAAAAA;undefined;OTHER;OTHER
invoice-2865.tiff;1;1;2480;3508;352509;453;1814;115;49;453;1814;568;1814;568;1863;453;1863;ronde;AAAAA;undefined;OTHER;OTHER
invoice-2865.tiff;1;1;2480;3508;352510;581;1814;238;49;581;1814;819;1814;819;1863;581;1863;diam12.7cm;AAAANNSNAA;undefined;OTHER;OTHER
invoice-2865.tiff;1;1;2480;3508;352511;831;1814;155;49;831;1814;986;1814;986;1863;831;1863;Manche;AAAAAA;undefined;OTHER;OTHER
invoice-2865.tiff;1;1;2480;3508;352513;1113;1814;23;49;1113;1814;1136;1814;1136;1863;1113;1863;3;N;undefined;OTHER;OTHER
invoice-2865.tiff;1;1;2480;3508;352514;1347;1814;104;49;1347;1814;1451;1814;1451;1863;1347;1863;12,42;NNSNN;undefined;OTHER;OTHER
invoice-2865.tiff;1;1;2480;3508;352515;1462;1814;23;49;1462;1814;1485;1814;1485;1863;1462;1863;$;S;undefined;OTHER;OTHER
invoice-2865.tiff;1;1;2480;3508;352516;1690;1814;118;49;1690;1814;1808;1814;1808;1863;1690;1863;20.0%;NNSNS;undefined;OTHER;OTHER
invoice-2865.tiff;1;1;2480;3508;352517;2013;1814;104;49;2013;1814;2117;1814;2117;1863;2013;1863;37,25;NNSNN;undefined;OTHER;OTHER
invoice-2865.tiff;1;1;2480;3508;352518;2129;1814;23;49;2129;1814;2152;1814;2152;1863;2129;1863;$;S;undefined;OTHER;OTHER
invoice-2865.tiff;1;1;2480;3508;352512;124;1864;155;49;124;1864;279;1864;279;1913;124;1913;silicone;AAAAAAAA;undefined;OTHER;OTHER
invoice-2865.tiff;1;1;2480;3508;352519;1468;1997;147;52;1468;1997;1615;1997;1615;2049;1468;2049;TOTAL;AAAAA;undefined;OTHER;OTHER
invoice-2865.tiff;1;1;2480;3508;352520;1628;1997;175;52;1628;1997;1803;1997;1803;2049;1628;2049;REMISE;AAAAAA;undefined;OTHER;OTHER
invoice-2865.tiff;1;1;2480;3508;352521;1817;1997;254;52;1817;1997;2071;1997;2071;2049;1817;2049;IMMEDIATE;AAAAAAAAA;undefined;OTHER;OTHER
invoice-2865.tiff;1;1;2480;3508;352522;2092;1997;81;48;2092;1997;2173;1997;2173;2045;2092;2045;0,00;NSNN;undefined;OTHER;OTHER
invoice-2865.tiff;1;1;2480;3508;352523;2185;1997;23;48;2185;1997;2208;1997;2208;2045;2185;2045;$;S;undefined;OTHER;OTHER
invoice-2865.tiff;1;1;2480;3508;352524;1693;2050;165;52;1693;2050;1858;2050;1858;2102;1693;2102;Montant;AAAAAAA;undefined;OTHER;OTHER
invoice-2865.tiff;1;1;2480;3508;352525;1871;2050;86;52;1871;2050;1957;2050;1957;2102;1871;2102;H.T.;ASAS;undefined;OTHER;OTHER
invoice-2865.tiff;1;1;2480;3508;352526;1999;2050;173;48;1999;2050;2172;2050;2172;2098;1999;2098;16793,91;NNNNNSNN;TWTX;TOTAL_WITHOUT_TAX;TWTXS
invoice-2865.tiff;1;1;2480;3508;352527;2185;2050;23;48;2185;2050;2208;2050;2208;2098;2185;2098;$;S;TWTX;TOTAL_WITHOUT_TAX;TWTXS
invoice-2865.tiff;1;1;2480;3508;352528;1713;2103;165;52;1713;2103;1878;2103;1878;2155;1713;2155;Montant;AAAAAAA;undefined;OTHER;OTHER
invoice-2865.tiff;1;1;2480;3508;352529;1892;2103;89;52;1892;2103;1981;2103;1981;2155;1892;2155;TVA;AAA;undefined;OTHER;OTHER
invoice-2865.tiff;1;1;2480;3508;352530;2023;2103;150;48;2023;2103;2173;2103;2173;2151;2023;2151;3358,78;NNNNSNN;TTX;TOTAL_TAX;Total Tax
invoice-2865.tiff;1;1;2480;3508;352531;2185;2103;23;48;2185;2103;2208;2103;2208;2151;2185;2151;$;S;TTX;TOTAL_TAX;Total Tax
invoice-2865.tiff;1;1;2480;3508;352532;1690;2156;165;52;1690;2156;1855;2156;1855;2208;1690;2208;Montant;AAAAAAA;undefined;OTHER;OTHER
invoice-2865.tiff;1;1;2480;3508;352533;1869;2156;89;52;1869;2156;1958;2156;1958;2208;1869;2208;TTC;AAA;undefined;OTHER;OTHER
invoice-2865.tiff;1;1;2480;3508;352534;1999;2156;173;48;1999;2156;2172;2156;2172;2204;1999;2204;20152,69;NNNNNSNN;TA;TOTAL_AMOUNT;Total with TAX
invoice-2865.tiff;1;1;2480;3508;352535;2185;2156;23;48;2185;2156;2208;2156;2208;2204;2185;2204;$;S;TA;TOTAL_AMOUNT;Total with TAX
invoice-2865.tiff;1;1;2480;3508;352536;1018;3175;338;49;1018;3175;1356;3175;1356;3224;1018;3224;LEPERMISLIBRE;AAAAAAAAAAAAA;SN;SUPPLIER_NAME;Seller/Company) name
invoice-2865.tiff;1;1;2480;3508;352537;664;3224;46;48;664;3224;710;3224;710;3272;664;3272;49;NN;SA;SUPPLIER_ADDRESS;Seller Address
invoice-2865.tiff;1;1;2480;3508;352538;722;3224;87;48;722;3224;809;3224;809;3272;722;3272;RUE;AAA;SA;SUPPLIER_ADDRESS;Seller Address
invoice-2865.tiff;1;1;2480;3508;352539;822;3224;57;48;822;3224;879;3224;879;3272;822;3272;DE;AA;SA;SUPPLIER_ADDRESS;Seller Address
invoice-2865.tiff;1;1;2480;3508;352540;891;3224;50;48;891;3224;941;3224;941;3272;891;3272;LA;AA;SA;SUPPLIER_ADDRESS;Seller Address
invoice-2865.tiff;1;1;2480;3508;352541;954;3224;150;48;954;3224;1104;3224;1104;3272;954;3272;CLAIRE;AAAAAA;SA;SUPPLIER_ADDRESS;Seller Address
invoice-2865.tiff;1;1;2480;3508;352542;1113;3224;11;48;1113;3224;1124;3224;1124;3272;1113;3272;,;S;SA;SUPPLIER_ADDRESS;Seller Address
invoice-2865.tiff;1;1;2480;3508;352543;1136;3224;115;48;1136;3224;1251;3224;1251;3272;1136;3272;69009;NNNNN;SA;SUPPLIER_ADDRESS;Seller Address
invoice-2865.tiff;1;1;2480;3508;352544;1260;3224;113;48;1260;3224;1373;3224;1373;3272;1260;3272;LYON;AAAA;SA;SUPPLIER_ADDRESS;Seller Address
invoice-2865.tiff;1;1;2480;3508;352545;1385;3224;113;48;1385;3224;1498;3224;1498;3272;1385;3272;9EME;NAAA;SA;SUPPLIER_ADDRESS;Seller Address
invoice-2865.tiff;1;1;2480;3508;352546;1507;3224;11;48;1507;3224;1518;3224;1518;3272;1507;3272;,;S;SA;SUPPLIER_ADDRESS;Seller Address
invoice-2865.tiff;1;1;2480;3508;352547;1530;3224;171;48;1530;3224;1701;3224;1701;3272;1530;3272;FRANCE;AAAAAA;SA;SUPPLIER_ADDRESS;Seller Address
