src;num_pages;page_id;page_width;page_height;id;col;row;width;height;x1;y1;x2;y2;x3;y3;x4;y4;contents;contents_masked;correctclass;tag;description
invoice-700.tiff;1;1;2480;3508;86493;1541;62;640;175;1541;62;2181;62;2181;237;1541;237;common/logo;AAAAAASAAAA;img;IMAGE;Image
invoice-700.tiff;1;1;2480;3508;86494;1541;412;55;48;1541;412;1596;412;1596;460;1541;460;LE;AA;SN;SUPPLIER_NAME;Seller/Company) name
invoice-700.tiff;1;1;2480;3508;86495;1607;412;92;48;1607;412;1699;412;1699;460;1607;460;MAS;AAA;SN;SUPPLIER_NAME;Seller/Company) name
invoice-700.tiff;1;1;2480;3508;86496;1710;412;57;48;1710;412;1767;412;1767;460;1710;460;DE;AA;SN;SUPPLIER_NAME;Seller/Company) name
invoice-700.tiff;1;1;2480;3508;86497;1778;412;206;48;1778;412;1984;412;1984;460;1778;460;LEMBRAS;AAAAAAA;SN;SUPPLIER_NAME;Seller/Company) name
invoice-700.tiff;1;1;2480;3508;86498;1541;460;62;45;1541;460;1603;460;1603;505;1541;505;710;NNN;SA;SUPPLIER_ADDRESS;Seller Address
invoice-700.tiff;1;1;2480;3508;86499;1614;460;134;45;1614;460;1748;460;1748;505;1614;505;ROUTE;AAAAA;SA;SUPPLIER_ADDRESS;Seller Address
invoice-700.tiff;1;1;2480;3508;86500;1759;460;55;45;1759;460;1814;460;1814;505;1759;505;DE;AA;SA;SUPPLIER_ADDRESS;Seller Address
invoice-700.tiff;1;1;2480;3508;86501;1825;460;48;45;1825;460;1873;460;1873;505;1825;505;LA;AA;SA;SUPPLIER_ADDRESS;Seller Address
invoice-700.tiff;1;1;2480;3508;86502;1884;460;185;45;1884;460;2069;460;2069;505;1884;505;VERNADE;AAAAAAA;SA;SUPPLIER_ADDRESS;Seller Address
invoice-700.tiff;1;1;2480;3508;86503;1541;506;104;45;1541;506;1645;506;1645;551;1541;551;07110;NNNNN;SA;SUPPLIER_ADDRESS;Seller Address
invoice-700.tiff;1;1;2480;3508;86504;1687;506;169;45;1687;506;1856;506;1856;551;1687;551;VINEZAC;AAAAAAA;SA;SUPPLIER_ADDRESS;Seller Address
invoice-700.tiff;1;1;2480;3508;86505;1541;552;157;45;1541;552;1698;552;1698;597;1541;597;FRANCE;AAAAAA;SA;SUPPLIER_ADDRESS;Seller Address
invoice-700.tiff;1;1;2480;3508;86506;1541;598;173;45;1541;598;1714;598;1714;643;1541;643;Téléphone;AAAAAAAAA;undefined;OTHER;OTHER
invoice-700.tiff;1;1;2480;3508;86507;1777;598;249;45;1777;598;2026;598;2026;643;1777;643;09.99.23.04.57;NNSNNSNNSNNSNN;SCN;SUPPLIER_CONTACT_NUMBER;Seller Contact Number
invoice-700.tiff;1;1;2480;3508;86508;1541;643;162;45;1541;643;1703;643;1703;688;1541;688;Télécopie;AAAAAAAAA;undefined;OTHER;OTHER
invoice-700.tiff;1;1;2480;3508;86509;1766;643;249;45;1766;643;2015;643;2015;688;1766;688;09.99.23.14.14;NNSNNSNNSNNSNN;SFAX;SUPPLIER_FAX_NUMBER;Seller Fax Number
invoice-700.tiff;1;1;2480;3508;86510;124;1073;131;48;124;1073;255;1073;255;1121;124;1121;Juliette;AAAAAAAA;BN;BILLING_NAME;Billing Name
invoice-700.tiff;1;1;2480;3508;86511;267;1073;129;48;267;1073;396;1073;396;1121;267;1121;Riviere;AAAAAAA;BN;BILLING_NAME;Billing Name
invoice-700.tiff;1;1;2480;3508;86512;124;1121;31;45;124;1121;155;1121;155;1166;124;1166;3,;NS;BA;BILLING_ADDRESS;Billing Address
invoice-700.tiff;1;1;2480;3508;86513;166;1121;55;45;166;1121;221;1121;221;1166;166;1166;rue;AAA;BA;BILLING_ADDRESS;Billing Address
invoice-700.tiff;1;1;2480;3508;86514;232;1121;39;45;232;1121;271;1121;271;1166;232;1166;de;AA;BA;BILLING_ADDRESS;Billing Address
invoice-700.tiff;1;1;2480;3508;86515;282;1121;157;45;282;1121;439;1121;439;1166;282;1166;l'épargne;ASAAAAAAA;BA;BILLING_ADDRESS;Billing Address
invoice-700.tiff;1;1;2480;3508;86531;1541;1132;221;52;1541;1132;1762;1132;1762;1184;1541;1184;FACTURE;AAAAAAA;undefined;OTHER;OTHER
invoice-700.tiff;1;1;2480;3508;86532;1774;1132;51;52;1774;1132;1825;1132;1825;1184;1774;1184;N°;AS;undefined;OTHER;OTHER
invoice-700.tiff;1;1;2480;3508;86533;2166;1132;175;46;2166;1132;2341;1132;2341;1178;2166;1178;FC500116;AANNNNNN;IN;INVOICE_NUMBER;Invoice Number
invoice-700.tiff;1;1;2480;3508;86516;124;1167;104;45;124;1167;228;1167;228;1212;124;1212;31290;NNNNN;BA;BILLING_ADDRESS;Billing Address
invoice-700.tiff;1;1;2480;3508;86517;270;1167;168;45;270;1167;438;1167;438;1212;270;1212;Gardouch;AAAAAAAA;BA;BILLING_ADDRESS;Billing Address
invoice-700.tiff;1;1;2480;3508;86534;1541;1206;91;52;1541;1206;1632;1206;1632;1258;1541;1258;Date;AAAA;undefined;OTHER;OTHER
invoice-700.tiff;1;1;2480;3508;86535;1644;1206;45;52;1644;1206;1689;1206;1689;1258;1644;1258;de;AA;undefined;OTHER;OTHER
invoice-700.tiff;1;1;2480;3508;86536;1702;1206;35;52;1702;1206;1737;1206;1737;1258;1702;1258;la;AA;undefined;OTHER;OTHER
invoice-700.tiff;1;1;2480;3508;86537;1749;1206;139;52;1749;1206;1888;1206;1888;1258;1749;1258;facture;AAAAAAA;undefined;OTHER;OTHER
invoice-700.tiff;1;1;2480;3508;86538;2166;1206;148;46;2166;1206;2314;1206;2314;1252;2166;1252;27/10/11;NNSNNSNN;IDATE;INVOICE_DATE;Invoice Date
invoice-700.tiff;1;1;2480;3508;86518;124;1213;120;45;124;1213;244;1213;244;1258;124;1258;France;AAAAAA;BA;BILLING_ADDRESS;Billing Address
invoice-700.tiff;1;1;2480;3508;86539;1541;1280;175;52;1541;1280;1716;1280;1716;1332;1541;1332;CLIENT;AAAAAA;undefined;OTHER;OTHER
invoice-700.tiff;1;1;2480;3508;86540;1728;1280;51;52;1728;1280;1779;1280;1779;1332;1728;1332;N°;AS;undefined;OTHER;OTHER
invoice-700.tiff;1;1;2480;3508;86541;2166;1280;157;46;2166;1280;2323;1280;2323;1326;2166;1326;CL55157;AANNNNN;CNUM;CLIENT_NUMBER;Client Number
invoice-700.tiff;1;1;2480;3508;86519;124;1301;169;57;124;1301;293;1301;293;1358;124;1358;Adresse;AAAAAAA;undefined;OTHER;OTHER
invoice-700.tiff;1;1;2480;3508;86520;306;1301;205;57;306;1301;511;1301;511;1358;306;1358;Livraison;AAAAAAAAA;undefined;OTHER;OTHER
invoice-700.tiff;1;1;2480;3508;86542;1541;1353;285;52;1541;1353;1826;1353;1826;1405;1541;1405;COMMANDE;AAAAAAAA;undefined;OTHER;OTHER
invoice-700.tiff;1;1;2480;3508;86543;1838;1353;51;52;1838;1353;1889;1353;1889;1405;1838;1405;N°;AS;undefined;OTHER;OTHER
invoice-700.tiff;1;1;2480;3508;86544;2166;1353;148;46;2166;1353;2314;1353;2314;1399;2166;1399;CM5819;AANNNN;ONUM;ORDER_NUMBER;Order Number
invoice-700.tiff;1;1;2480;3508;86521;124;1358;81;48;124;1358;205;1358;205;1406;124;1406;Mlle;AAAA;SHN;SHIPPING_NAME;Shipping Name
invoice-700.tiff;1;1;2480;3508;86522;216;1358;90;48;216;1358;306;1358;306;1406;216;1406;Théo;AAAA;SHN;SHIPPING_NAME;Shipping Name
invoice-700.tiff;1;1;2480;3508;86523;317;1358;145;48;317;1358;462;1358;462;1406;317;1406;Laurent;AAAAAAA;SHN;SHIPPING_NAME;Shipping Name
invoice-700.tiff;1;1;2480;3508;86524;124;1406;31;45;124;1406;155;1406;155;1451;124;1451;3,;NS;SHA;SHIPPING_ADDRESS;Shipping Address
invoice-700.tiff;1;1;2480;3508;86525;166;1406;55;45;166;1406;221;1406;221;1451;166;1451;rue;AAA;SHA;SHIPPING_ADDRESS;Shipping Address
invoice-700.tiff;1;1;2480;3508;86526;232;1406;39;45;232;1406;271;1406;271;1451;232;1451;de;AA;SHA;SHIPPING_ADDRESS;Shipping Address
invoice-700.tiff;1;1;2480;3508;86527;282;1406;157;45;282;1406;439;1406;439;1451;282;1451;l'épargne;ASAAAAAAA;SHA;SHIPPING_ADDRESS;Shipping Address
invoice-700.tiff;1;1;2480;3508;86528;124;1452;104;45;124;1452;228;1452;228;1497;124;1497;31290;NNNNN;SHA;SHIPPING_ADDRESS;Shipping Address
invoice-700.tiff;1;1;2480;3508;86529;270;1452;168;45;270;1452;438;1452;438;1497;270;1497;Gardouch;AAAAAAAA;SHA;SHIPPING_ADDRESS;Shipping Address
invoice-700.tiff;1;1;2480;3508;86530;124;1498;120;45;124;1498;244;1498;244;1543;124;1543;France;AAAAAA;SHA;SHIPPING_ADDRESS;Shipping Address
invoice-700.tiff;1;1;2480;3508;86545;161;1821;92;52;161;1821;253;1821;253;1873;161;1873;Non.;AAAS;undefined;OTHER;OTHER
invoice-700.tiff;1;1;2480;3508;86546;571;1821;231;52;571;1821;802;1821;802;1873;571;1873;Désignation;AAAAAAAAAAA;undefined;OTHER;OTHER
invoice-700.tiff;1;1;2480;3508;86547;1193;1821;71;52;1193;1821;1264;1821;1264;1873;1193;1873;Qté;AAA;undefined;OTHER;OTHER
invoice-700.tiff;1;1;2480;3508;86548;1490;1821;61;52;1490;1821;1551;1821;1551;1873;1490;1873;UP;AA;undefined;OTHER;OTHER
invoice-700.tiff;1;1;2480;3508;86549;1764;1821;96;52;1764;1821;1860;1821;1860;1873;1764;1873;TVA;AAA;undefined;OTHER;OTHER
invoice-700.tiff;1;1;2480;3508;86550;1968;1821;170;52;1968;1821;2138;1821;2138;1873;1968;1873;Montant;AAAAAAA;undefined;OTHER;OTHER
invoice-700.tiff;1;1;2480;3508;86551;2150;1821;89;52;2150;1821;2239;1821;2239;1873;2150;1873;H.T.;ASAS;undefined;OTHER;OTHER
invoice-700.tiff;1;1;2480;3508;86552;197;1895;20;48;197;1895;217;1895;217;1943;197;1943;1;N;undefined;OTHER;OTHER
invoice-700.tiff;1;1;2480;3508;86553;291;1895;115;48;291;1895;406;1895;406;1943;291;1943;Coque;AAAAA;undefined;OTHER;OTHER
invoice-700.tiff;1;1;2480;3508;86554;417;1895;23;48;417;1895;440;1895;440;1943;417;1943;+;S;undefined;OTHER;OTHER
invoice-700.tiff;1;1;2480;3508;86555;451;1895;136;48;451;1895;587;1895;587;1943;451;1943;Protège;AAAAAAA;undefined;OTHER;OTHER
invoice-700.tiff;1;1;2480;3508;86556;598;1895;99;48;598;1895;697;1895;697;1943;598;1943;écran;AAAAA;undefined;OTHER;OTHER
invoice-700.tiff;1;1;2480;3508;86557;708;1895;162;48;708;1895;870;1895;870;1943;708;1943;Samsung;AAAAAAA;undefined;OTHER;OTHER
invoice-700.tiff;1;1;2480;3508;86558;881;1895;115;48;881;1895;996;1895;996;1943;881;1943;Coque;AAAAA;undefined;OTHER;OTHER
invoice-700.tiff;1;1;2480;3508;86564;1218;1895;20;48;1218;1895;1238;1895;1238;1943;1218;1943;3;N;undefined;OTHER;OTHER
invoice-700.tiff;1;1;2480;3508;86565;1473;1895;93;48;1473;1895;1566;1895;1566;1943;1473;1943;83,32;NNSNN;undefined;OTHER;OTHER
invoice-700.tiff;1;1;2480;3508;86566;1755;1895;114;48;1755;1895;1869;1895;1869;1943;1755;1943;20.0%;NNSNS;undefined;OTHER;OTHER
invoice-700.tiff;1;1;2480;3508;86567;2046;1895;114;48;2046;1895;2160;1895;2160;1943;2046;1943;249,97;NNNSNN;undefined;OTHER;OTHER
invoice-700.tiff;1;1;2480;3508;86559;291;1943;78;48;291;1943;369;1943;369;1991;291;1991;S8+,;ANSS;undefined;OTHER;OTHER
invoice-700.tiff;1;1;2480;3508;86560;380;1943;69;48;380;1943;449;1943;449;1991;380;1991;Pad;AAA;undefined;OTHER;OTHER
invoice-700.tiff;1;1;2480;3508;86561;460;1943;20;48;460;1943;480;1943;480;1991;460;1991;à;A;undefined;OTHER;OTHER
invoice-700.tiff;1;1;2480;3508;86562;491;1943;329;48;491;1943;820;1943;820;1991;491;1991;induction+Protège;AAAAAAAAASAAAAAAA;undefined;OTHER;OTHER
invoice-700.tiff;1;1;2480;3508;86563;831;1943;99;48;831;1943;930;1943;930;1991;831;1991;écran;AAAAA;undefined;OTHER;OTHER
invoice-700.tiff;1;1;2480;3508;86568;1500;2075;150;51;1500;2075;1650;2075;1650;2126;1500;2126;TOTAL;AAAAA;undefined;OTHER;OTHER
invoice-700.tiff;1;1;2480;3508;86569;1662;2075;168;51;1662;2075;1830;2075;1830;2126;1662;2126;REMISE;AAAAAA;undefined;OTHER;OTHER
invoice-700.tiff;1;1;2480;3508;86570;1841;2075;262;51;1841;2075;2103;2075;2103;2126;1841;2126;IMMEDIATE;AAAAAAAAA;undefined;OTHER;OTHER
invoice-700.tiff;1;1;2480;3508;86571;2125;2075;72;46;2125;2075;2197;2075;2197;2121;2125;2121;0,00;NSNN;undefined;OTHER;OTHER
invoice-700.tiff;1;1;2480;3508;86572;1790;2126;155;51;1790;2126;1945;2126;1945;2177;1790;2177;Montant;AAAAAAA;undefined;OTHER;OTHER
invoice-700.tiff;1;1;2480;3508;86573;1957;2126;84;51;1957;2126;2041;2126;2041;2177;1957;2177;H.T.;ASAS;undefined;OTHER;OTHER
invoice-700.tiff;1;1;2480;3508;86574;2083;2126;114;46;2083;2126;2197;2126;2197;2172;2083;2172;249,97;NNNSNN;TWTX;TOTAL_WITHOUT_TAX;TWTXS
invoice-700.tiff;1;1;2480;3508;86575;1964;2177;94;51;1964;2177;2058;2177;2058;2228;1964;2228;TVA;AAA;undefined;OTHER;OTHER
invoice-700.tiff;1;1;2480;3508;86576;2100;2177;107;46;2100;2177;2207;2177;2207;2223;2100;2223;20.0%;NNSNS;TXR;TAX_RATE;Tax Rate
invoice-700.tiff;1;1;2480;3508;86577;1801;2228;155;51;1801;2228;1956;2228;1956;2279;1801;2279;Montant;AAAAAAA;undefined;OTHER;OTHER
invoice-700.tiff;1;1;2480;3508;86578;1968;2228;94;51;1968;2228;2062;2228;2062;2279;1968;2279;TVA;AAA;undefined;OTHER;OTHER
invoice-700.tiff;1;1;2480;3508;86579;2104;2228;93;46;2104;2228;2197;2228;2197;2274;2104;2274;50,00;NNSNN;TTX;TOTAL_TAX;Total Tax
invoice-700.tiff;1;1;2480;3508;86580;1788;2279;155;51;1788;2279;1943;2279;1943;2330;1788;2330;Montant;AAAAAAA;undefined;OTHER;OTHER
invoice-700.tiff;1;1;2480;3508;86581;1955;2279;86;51;1955;2279;2041;2279;2041;2330;1955;2330;TTC;AAA;undefined;OTHER;OTHER
invoice-700.tiff;1;1;2480;3508;86582;2083;2279;114;46;2083;2279;2197;2279;2197;2325;2083;2325;299,97;NNNSNN;TA;TOTAL_AMOUNT;Total with TAX
invoice-700.tiff;1;1;2480;3508;86583;1541;2659;112;52;1541;2659;1653;2659;1653;2711;1541;2711;Mode;AAAA;undefined;OTHER;OTHER
invoice-700.tiff;1;1;2480;3508;86584;1665;2659;45;52;1665;2659;1710;2659;1710;2711;1665;2711;de;AA;undefined;OTHER;OTHER
invoice-700.tiff;1;1;2480;3508;86585;1722;2659;195;52;1722;2659;1917;2659;1917;2711;1722;2711;règlement;AAAAAAAAA;undefined;OTHER;OTHER
invoice-700.tiff;1;1;2480;3508;86586;2166;2659;127;46;2166;2659;2293;2659;2293;2705;2166;2705;Chèque;AAAAAA;PMODE;PAYMENT_MODE;Payment Mode
invoice-700.tiff;1;1;2480;3508;86587;124;3175;55;48;124;3175;179;3175;179;3223;124;3223;LE;AA;SN;SUPPLIER_NAME;Seller/Company) name
invoice-700.tiff;1;1;2480;3508;86588;191;3175;92;48;191;3175;283;3175;283;3223;191;3223;MAS;AAA;SN;SUPPLIER_NAME;Seller/Company) name
invoice-700.tiff;1;1;2480;3508;86589;293;3175;57;48;293;3175;350;3175;350;3223;293;3223;DE;AA;SN;SUPPLIER_NAME;Seller/Company) name
invoice-700.tiff;1;1;2480;3508;86590;362;3175;206;48;362;3175;568;3175;568;3223;362;3223;LEMBRAS;AAAAAAA;SN;SUPPLIER_NAME;Seller/Company) name
invoice-700.tiff;1;1;2480;3508;86591;124;3223;62;45;124;3223;186;3223;186;3268;124;3268;710;NNN;SA;SUPPLIER_ADDRESS;Seller Address
invoice-700.tiff;1;1;2480;3508;86592;197;3223;134;45;197;3223;331;3223;331;3268;197;3268;ROUTE;AAAAA;SA;SUPPLIER_ADDRESS;Seller Address
invoice-700.tiff;1;1;2480;3508;86593;342;3223;55;45;342;3223;397;3223;397;3268;342;3268;DE;AA;SA;SUPPLIER_ADDRESS;Seller Address
invoice-700.tiff;1;1;2480;3508;86594;408;3223;48;45;408;3223;456;3223;456;3268;408;3268;LA;AA;SA;SUPPLIER_ADDRESS;Seller Address
invoice-700.tiff;1;1;2480;3508;86595;467;3223;185;45;467;3223;652;3223;652;3268;467;3268;VERNADE;AAAAAAA;SA;SUPPLIER_ADDRESS;Seller Address
invoice-700.tiff;1;1;2480;3508;86596;124;3268;104;45;124;3268;228;3268;228;3313;124;3313;07110;NNNNN;SA;SUPPLIER_ADDRESS;Seller Address
invoice-700.tiff;1;1;2480;3508;86597;270;3268;169;45;270;3268;439;3268;439;3313;270;3313;VINEZAC;AAAAAAA;SA;SUPPLIER_ADDRESS;Seller Address
invoice-700.tiff;1;1;2480;3508;86598;124;3314;157;45;124;3314;281;3314;281;3359;124;3359;FRANCE;AAAAAA;SA;SUPPLIER_ADDRESS;Seller Address
