src;num_pages;page_id;page_width;page_height;id;col;row;width;height;x1;y1;x2;y2;x3;y3;x4;y4;contents;contents_masked;correctclass;tag;description
invoice-71.tiff;1;1;2480;3508;8685;1541;62;247;175;1541;62;1788;62;1788;237;1541;237;common/logo;AAAAAASAAAA;img;IMAGE;Image
invoice-71.tiff;1;1;2480;3508;8682;124;270;172;59;124;270;296;270;296;329;124;329;Invoice;AAAAAAA;undefined;OTHER;OTHER
invoice-71.tiff;1;1;2480;3508;8683;311;270;50;59;311;270;361;270;361;329;311;329;ID;AA;undefined;OTHER;OTHER
invoice-71.tiff;1;1;2480;3508;8684;423;270;361;52;423;270;784;270;784;322;423;322;826-20908-15098;NNNSNNNNNSNNNNN;IN;INVOICE_NUMBER;Invoice Number
invoice-71.tiff;1;1;2480;3508;8686;1541;412;224;49;1541;412;1765;412;1765;461;1541;461;INDIVISION;AAAAAAAAAA;SN;SUPPLIER_NAME;Seller/Company) name
invoice-71.tiff;1;1;2480;3508;8687;1777;412;453;49;1777;412;2230;412;2230;461;1777;461;DECOTTER-MARDAYE;AAAAAAAASAAAAAAA;SN;SUPPLIER_NAME;Seller/Company) name
invoice-71.tiff;1;1;2480;3508;8688;1541;462;87;48;1541;462;1628;462;1628;510;1541;510;RUE;AAA;SA;SUPPLIER_ADDRESS;Seller Address
invoice-71.tiff;1;1;2480;3508;8689;1641;462;57;48;1641;462;1698;462;1698;510;1641;510;DE;AA;SA;SUPPLIER_ADDRESS;Seller Address
invoice-71.tiff;1;1;2480;3508;8690;1710;462;50;48;1710;462;1760;462;1760;510;1710;510;LA;AA;SA;SUPPLIER_ADDRESS;Seller Address
invoice-71.tiff;1;1;2480;3508;8691;1773;462;201;48;1773;462;1974;462;1974;510;1773;510;CASERNE;AAAAAAA;SA;SUPPLIER_ADDRESS;Seller Address
invoice-71.tiff;1;1;2480;3508;8692;1986;462;122;48;1986;462;2108;462;2108;510;1986;510;SAINT;AAAAA;SA;SUPPLIER_ADDRESS;Seller Address
invoice-71.tiff;1;1;2480;3508;8693;2120;462;159;48;2120;462;2279;462;2279;510;2120;510;MARTIN;AAAAAA;SA;SUPPLIER_ADDRESS;Seller Address
invoice-71.tiff;1;1;2480;3508;8694;1541;510;115;48;1541;510;1656;510;1656;558;1541;558;66000;NNNNN;SA;SUPPLIER_ADDRESS;Seller Address
invoice-71.tiff;1;1;2480;3508;8695;1699;510;245;48;1699;510;1944;510;1944;558;1699;558;PERPIGNAN;AAAAAAAAA;SA;SUPPLIER_ADDRESS;Seller Address
invoice-71.tiff;1;1;2480;3508;8696;1541;558;171;48;1541;558;1712;558;1712;606;1541;606;FRANCE;AAAAAA;SA;SUPPLIER_ADDRESS;Seller Address
invoice-71.tiff;1;1;2480;3508;8697;1541;606;120;48;1541;606;1661;606;1661;654;1541;654;Phone;AAAAA;undefined;OTHER;OTHER
invoice-71.tiff;1;1;2480;3508;8698;1724;606;70;48;1724;606;1794;606;1794;654;1724;654;+33;SNN;SCN;SUPPLIER_CONTACT_NUMBER;Seller Contact Number
invoice-71.tiff;1;1;2480;3508;8699;1806;606;23;48;1806;606;1829;606;1829;654;1806;654;0;N;SCN;SUPPLIER_CONTACT_NUMBER;Seller Contact Number
invoice-71.tiff;1;1;2480;3508;8700;1841;606;69;48;1841;606;1910;606;1910;654;1841;654;870;NNN;SCN;SUPPLIER_CONTACT_NUMBER;Seller Contact Number
invoice-71.tiff;1;1;2480;3508;8701;1922;606;69;48;1922;606;1991;606;1991;654;1922;654;822;NNN;SCN;SUPPLIER_CONTACT_NUMBER;Seller Contact Number
invoice-71.tiff;1;1;2480;3508;8702;2003;606;69;48;2003;606;2072;606;2072;654;2003;654;757;NNN;SCN;SUPPLIER_CONTACT_NUMBER;Seller Contact Number
invoice-71.tiff;1;1;2480;3508;8703;1541;654;69;48;1541;654;1610;654;1610;702;1541;702;Fax;AAA;undefined;OTHER;OTHER
invoice-71.tiff;1;1;2480;3508;8704;1673;654;70;48;1673;654;1743;654;1743;702;1673;702;+33;SNN;SFAX;SUPPLIER_FAX_NUMBER;Seller Fax Number
invoice-71.tiff;1;1;2480;3508;8705;1755;654;23;48;1755;654;1778;654;1778;702;1755;702;0;N;SFAX;SUPPLIER_FAX_NUMBER;Seller Fax Number
invoice-71.tiff;1;1;2480;3508;8706;1790;654;69;48;1790;654;1859;654;1859;702;1790;702;870;NNN;SFAX;SUPPLIER_FAX_NUMBER;Seller Fax Number
invoice-71.tiff;1;1;2480;3508;8707;1871;654;69;48;1871;654;1940;654;1940;702;1871;702;822;NNN;SFAX;SUPPLIER_FAX_NUMBER;Seller Fax Number
invoice-71.tiff;1;1;2480;3508;8708;1952;654;69;48;1952;654;2021;654;2021;702;1952;702;928;NNN;SFAX;SUPPLIER_FAX_NUMBER;Seller Fax Number
invoice-71.tiff;1;1;2480;3508;8717;1541;1099;125;49;1541;1099;1666;1099;1666;1148;1541;1148;Xavier;AAAAAA;BN;BILLING_NAME;Billing Name
invoice-71.tiff;1;1;2480;3508;8718;1678;1099;122;49;1678;1099;1800;1099;1800;1148;1678;1148;Hayes;AAAAA;BN;BILLING_NAME;Billing Name
invoice-71.tiff;1;1;2480;3508;8719;1541;1148;57;48;1541;1148;1598;1148;1598;1196;1541;1196;24,;NNS;BA;BILLING_ADDRESS;Billing Address
invoice-71.tiff;1;1;2480;3508;8720;1611;1148;60;48;1611;1148;1671;1148;1671;1196;1611;1196;rue;AAA;BA;BILLING_ADDRESS;Billing Address
invoice-71.tiff;1;1;2480;3508;8721;1682;1148;173;48;1682;1148;1855;1148;1855;1196;1682;1196;ferdinand;AAAAAAAAA;BA;BILLING_ADDRESS;Billing Address
invoice-71.tiff;1;1;2480;3508;8722;1868;1148;99;48;1868;1148;1967;1148;1967;1196;1868;1196;jamin;AAAAA;BA;BILLING_ADDRESS;Billing Address
invoice-71.tiff;1;1;2480;3508;8723;1541;1197;115;48;1541;1197;1656;1197;1656;1245;1541;1245;92340;NNNNN;BA;BILLING_ADDRESS;Billing Address
invoice-71.tiff;1;1;2480;3508;8724;1699;1197;280;48;1699;1197;1979;1197;1979;1245;1699;1245;Bourg-la-Reine;AAAAASAASAAAAA;BA;BILLING_ADDRESS;Billing Address
invoice-71.tiff;1;1;2480;3508;8709;124;1238;157;54;124;1238;281;1238;281;1292;124;1292;Invoice;AAAAAAA;undefined;OTHER;OTHER
invoice-71.tiff;1;1;2480;3508;8710;295;1238;99;54;295;1238;394;1238;394;1292;295;1292;Date;AAAA;undefined;OTHER;OTHER
invoice-71.tiff;1;1;2480;3508;8711;750;1238;67;48;750;1238;817;1238;817;1286;750;1286;nov;AAA;IDATE;INVOICE_DATE;Invoice Date
invoice-71.tiff;1;1;2480;3508;8712;828;1238;57;48;828;1238;885;1238;885;1286;828;1286;27,;NNS;IDATE;INVOICE_DATE;Invoice Date
invoice-71.tiff;1;1;2480;3508;8713;898;1238;92;48;898;1238;990;1238;990;1286;898;1286;1988;NNNN;IDATE;INVOICE_DATE;Invoice Date
invoice-71.tiff;1;1;2480;3508;8725;1541;1245;129;48;1541;1245;1670;1245;1670;1293;1541;1293;France;AAAAAA;BA;BILLING_ADDRESS;Billing Address
invoice-71.tiff;1;1;2480;3508;8714;124;1314;135;54;124;1314;259;1314;259;1368;124;1368;Payed;AAAAA;undefined;OTHER;OTHER
invoice-71.tiff;1;1;2480;3508;8715;272;1314;173;54;272;1314;445;1314;445;1368;272;1368;through;AAAAAAA;undefined;OTHER;OTHER
invoice-71.tiff;1;1;2480;3508;8716;750;1314;145;48;750;1314;895;1314;895;1362;750;1362;Cheque;AAAAAA;PMODE;PAYMENT_MODE;Payment Mode
invoice-71.tiff;1;1;2480;3508;8726;1541;1335;122;59;1541;1335;1663;1335;1663;1394;1541;1394;Send;AAAA;undefined;OTHER;OTHER
invoice-71.tiff;1;1;2480;3508;8727;1677;1335;61;59;1677;1335;1738;1335;1738;1394;1677;1394;To;AA;undefined;OTHER;OTHER
invoice-71.tiff;1;1;2480;3508;8728;1541;1394;125;49;1541;1394;1666;1394;1666;1443;1541;1443;Xavier;AAAAAA;SHN;SHIPPING_NAME;Shipping Name
invoice-71.tiff;1;1;2480;3508;8729;1678;1394;122;49;1678;1394;1800;1394;1800;1443;1678;1443;Hayes;AAAAA;SHN;SHIPPING_NAME;Shipping Name
invoice-71.tiff;1;1;2480;3508;8730;1541;1444;57;48;1541;1444;1598;1444;1598;1492;1541;1492;24,;NNS;SHA;SHIPPING_ADDRESS;Shipping Address
invoice-71.tiff;1;1;2480;3508;8731;1611;1444;60;48;1611;1444;1671;1444;1671;1492;1611;1492;rue;AAA;SHA;SHIPPING_ADDRESS;Shipping Address
invoice-71.tiff;1;1;2480;3508;8732;1682;1444;173;48;1682;1444;1855;1444;1855;1492;1682;1492;ferdinand;AAAAAAAAA;SHA;SHIPPING_ADDRESS;Shipping Address
invoice-71.tiff;1;1;2480;3508;8733;1868;1444;99;48;1868;1444;1967;1444;1967;1492;1868;1492;jamin;AAAAA;SHA;SHIPPING_ADDRESS;Shipping Address
invoice-71.tiff;1;1;2480;3508;8734;1541;1492;115;48;1541;1492;1656;1492;1656;1540;1541;1540;92340;NNNNN;SHA;SHIPPING_ADDRESS;Shipping Address
invoice-71.tiff;1;1;2480;3508;8735;1699;1492;280;48;1699;1492;1979;1492;1979;1540;1699;1540;Bourg-la-Reine;AAAAASAASAAAAA;SHA;SHIPPING_ADDRESS;Shipping Address
invoice-71.tiff;1;1;2480;3508;8736;1541;1540;129;48;1541;1540;1670;1540;1670;1588;1541;1588;France;AAAAAA;SHA;SHIPPING_ADDRESS;Shipping Address
invoice-71.tiff;1;1;2480;3508;8737;149;1855;117;54;149;1855;266;1855;266;1909;149;1909;S.No.;ASAAS;undefined;OTHER;OTHER
invoice-71.tiff;1;1;2480;3508;8738;344;1855;185;54;344;1855;529;1855;529;1909;344;1909;Quantity;AAAAAAAA;undefined;OTHER;OTHER
invoice-71.tiff;1;1;2480;3508;8739;760;1855;173;54;760;1855;933;1855;933;1909;760;1909;Product;AAAAAAA;undefined;OTHER;OTHER
invoice-71.tiff;1;1;2480;3508;8740;946;1855;252;54;946;1855;1198;1855;1198;1909;946;1909;Description;AAAAAAAAAAA;undefined;OTHER;OTHER
invoice-71.tiff;1;1;2480;3508;8741;1413;1855;89;54;1413;1855;1502;1855;1502;1909;1413;1909;Unit;AAAA;undefined;OTHER;OTHER
invoice-71.tiff;1;1;2480;3508;8742;1515;1855;112;54;1515;1855;1627;1855;1627;1909;1515;1909;Price;AAAAA;undefined;OTHER;OTHER
invoice-71.tiff;1;1;2480;3508;8743;1710;1855;91;54;1710;1855;1801;1855;1801;1909;1710;1909;TVA;AAA;undefined;OTHER;OTHER
invoice-71.tiff;1;1;2480;3508;8744;1815;1855;99;54;1815;1855;1914;1855;1914;1909;1815;1909;Rate;AAAA;undefined;OTHER;OTHER
invoice-71.tiff;1;1;2480;3508;8745;2049;1855;109;54;2049;1855;2158;1855;2158;1909;2049;1909;Total;AAAAA;undefined;OTHER;OTHER
invoice-71.tiff;1;1;2480;3508;8746;196;1931;23;49;196;1931;219;1931;219;1980;196;1980;1;N;undefined;OTHER;OTHER
invoice-71.tiff;1;1;2480;3508;8747;425;1931;23;49;425;1931;448;1931;448;1980;425;1980;4;N;undefined;OTHER;OTHER
invoice-71.tiff;1;1;2480;3508;8748;583;1931;159;49;583;1931;742;1931;742;1980;583;1980;Tablette;AAAAAAAA;undefined;OTHER;OTHER
invoice-71.tiff;1;1;2480;3508;8749;754;1931;201;49;754;1931;955;1931;955;1980;754;1980;graphique;AAAAAAAAA;undefined;OTHER;OTHER
invoice-71.tiff;1;1;2480;3508;8750;967;1931;148;49;967;1931;1115;1931;1115;1980;967;1980;Wacom;AAAAA;undefined;OTHER;OTHER
invoice-71.tiff;1;1;2480;3508;8751;1127;1931;124;49;1127;1931;1251;1931;1251;1980;1127;1980;Intuos;AAAAAA;undefined;OTHER;OTHER
invoice-71.tiff;1;1;2480;3508;8752;1263;1931;60;49;1263;1931;1323;1931;1323;1980;1263;1980;Art;AAA;undefined;OTHER;OTHER
invoice-71.tiff;1;1;2480;3508;8758;1457;1931;127;49;1457;1931;1584;1931;1584;1980;1457;1980;166,58;NNNSNN;undefined;OTHER;OTHER
invoice-71.tiff;1;1;2480;3508;8759;1753;1931;118;49;1753;1931;1871;1931;1871;1980;1753;1980;20.0%;NNSNS;undefined;OTHER;OTHER
invoice-71.tiff;1;1;2480;3508;8760;2040;1931;127;49;2040;1931;2167;1931;2167;1980;2040;1980;666,33;NNNSNN;undefined;OTHER;OTHER
invoice-71.tiff;1;1;2480;3508;8753;583;1980;90;49;583;1980;673;1980;673;2029;583;2029;Blue;AAAA;undefined;OTHER;OTHER
invoice-71.tiff;1;1;2480;3508;8754;685;1980;76;49;685;1980;761;1980;761;2029;685;2029;Pen;AAA;undefined;OTHER;OTHER
invoice-71.tiff;1;1;2480;3508;8755;773;1980;30;49;773;1980;803;1980;803;2029;773;2029;&;S;undefined;OTHER;OTHER
invoice-71.tiff;1;1;2480;3508;8756;814;1980;124;49;814;1980;938;1980;938;2029;814;2029;Touch;AAAAA;undefined;OTHER;OTHER
invoice-71.tiff;1;1;2480;3508;8757;951;1980;157;49;951;1980;1108;1980;1108;2029;951;2029;Medium;AAAAAA;undefined;OTHER;OTHER
invoice-71.tiff;1;1;2480;3508;8761;196;2072;23;49;196;2072;219;2072;219;2121;196;2121;2;N;undefined;OTHER;OTHER
invoice-71.tiff;1;1;2480;3508;8762;425;2072;23;49;425;2072;448;2072;448;2121;425;2121;4;N;undefined;OTHER;OTHER
invoice-71.tiff;1;1;2480;3508;8763;583;2072;155;49;583;2072;738;2072;738;2121;583;2121;Protège;AAAAAAA;undefined;OTHER;OTHER
invoice-71.tiff;1;1;2480;3508;8764;750;2072;111;49;750;2072;861;2072;861;2121;750;2121;écran;AAAAA;undefined;OTHER;OTHER
invoice-71.tiff;1;1;2480;3508;8765;872;2072;187;49;872;2072;1059;2072;1059;2121;872;2121;Crosscall;AAAAAAAAA;undefined;OTHER;OTHER
invoice-71.tiff;1;1;2480;3508;8766;1071;2072;150;49;1071;2072;1221;2072;1221;2121;1071;2121;Trekker;AAAAAAA;undefined;OTHER;OTHER
invoice-71.tiff;1;1;2480;3508;8767;1234;2072;57;49;1234;2072;1291;2072;1291;2121;1234;2121;M1;AN;undefined;OTHER;OTHER
invoice-71.tiff;1;1;2480;3508;8771;1468;2072;104;49;1468;2072;1572;2072;1572;2121;1468;2121;16,58;NNSNN;undefined;OTHER;OTHER
invoice-71.tiff;1;1;2480;3508;8772;1753;2072;118;49;1753;2072;1871;2072;1871;2121;1753;2121;20.0%;NNSNS;undefined;OTHER;OTHER
invoice-71.tiff;1;1;2480;3508;8773;2052;2072;104;49;2052;2072;2156;2072;2156;2121;2052;2121;66,33;NNSNN;undefined;OTHER;OTHER
invoice-71.tiff;1;1;2480;3508;8768;583;2121;94;49;583;2121;677;2121;677;2170;583;2170;Core;AAAA;undefined;OTHER;OTHER
invoice-71.tiff;1;1;2480;3508;8769;689;2121;101;49;689;2121;790;2121;790;2170;689;2170;verre;AAAAA;undefined;OTHER;OTHER
invoice-71.tiff;1;1;2480;3508;8770;803;2121;138;49;803;2121;941;2121;941;2170;803;2170;trempé;AAAAAA;undefined;OTHER;OTHER
invoice-71.tiff;1;1;2480;3508;8774;196;2212;23;49;196;2212;219;2212;219;2261;196;2261;3;N;undefined;OTHER;OTHER
invoice-71.tiff;1;1;2480;3508;8775;425;2212;23;49;425;2212;448;2212;448;2261;425;2261;1;N;undefined;OTHER;OTHER
invoice-71.tiff;1;1;2480;3508;8776;583;2212;71;49;583;2212;654;2212;654;2261;583;2261;Jeu;AAA;undefined;OTHER;OTHER
invoice-71.tiff;1;1;2480;3508;8777;666;2212;101;49;666;2212;767;2212;767;2261;666;2261;Xbox;AAAA;undefined;OTHER;OTHER
invoice-71.tiff;1;1;2480;3508;8778;780;2212;81;49;780;2212;861;2212;861;2261;780;2261;One;AAA;undefined;OTHER;OTHER
invoice-71.tiff;1;1;2480;3508;8779;872;2212;85;49;872;2212;957;2212;957;2261;872;2261;Just;AAAA;undefined;OTHER;OTHER
invoice-71.tiff;1;1;2480;3508;8780;970;2212;67;49;970;2212;1037;2212;1037;2261;970;2261;For;AAA;undefined;OTHER;OTHER
invoice-71.tiff;1;1;2480;3508;8781;1048;2212;138;49;1048;2212;1186;2212;1186;2261;1048;2261;Games;AAAAA;undefined;OTHER;OTHER
invoice-71.tiff;1;1;2480;3508;8783;1468;2212;104;49;1468;2212;1572;2212;1572;2261;1468;2261;24,99;NNSNN;undefined;OTHER;OTHER
invoice-71.tiff;1;1;2480;3508;8784;1753;2212;118;49;1753;2212;1871;2212;1871;2261;1753;2261;20.0%;NNSNS;undefined;OTHER;OTHER
invoice-71.tiff;1;1;2480;3508;8785;2052;2212;104;49;2052;2212;2156;2212;2156;2261;2052;2261;24,99;NNSNN;undefined;OTHER;OTHER
invoice-71.tiff;1;1;2480;3508;8782;583;2262;268;49;583;2262;851;2262;851;2311;583;2311;Yooka-Laylee;AAAAASAAAAAA;undefined;OTHER;OTHER
invoice-71.tiff;1;1;2480;3508;8786;196;2353;23;49;196;2353;219;2353;219;2402;196;2402;4;N;undefined;OTHER;OTHER
invoice-71.tiff;1;1;2480;3508;8787;425;2353;23;49;425;2353;448;2353;448;2402;425;2402;4;N;undefined;OTHER;OTHER
invoice-71.tiff;1;1;2480;3508;8788;583;2353;141;49;583;2353;724;2353;724;2402;583;2402;Brosse;AAAAAA;undefined;OTHER;OTHER
invoice-71.tiff;1;1;2480;3508;8789;736;2353;210;49;736;2353;946;2353;946;2402;736;2402;nettoyante;AAAAAAAAAA;undefined;OTHER;OTHER
invoice-71.tiff;1;1;2480;3508;8790;958;2353;129;49;958;2353;1087;2353;1087;2402;958;2402;visage;AAAAAA;undefined;OTHER;OTHER
invoice-71.tiff;1;1;2480;3508;8791;1099;2353;109;49;1099;2353;1208;2353;1208;2402;1099;2402;Silk'n;AAAASA;undefined;OTHER;OTHER
invoice-71.tiff;1;1;2480;3508;8792;1220;2353;129;49;1220;2353;1349;2353;1349;2402;1220;2402;visage;AAAAAA;undefined;OTHER;OTHER
invoice-71.tiff;1;1;2480;3508;8796;1468;2353;104;49;1468;2353;1572;2353;1572;2402;1468;2402;41,66;NNSNN;undefined;OTHER;OTHER
invoice-71.tiff;1;1;2480;3508;8797;1753;2353;118;49;1753;2353;1871;2353;1871;2402;1753;2402;20.0%;NNSNS;undefined;OTHER;OTHER
invoice-71.tiff;1;1;2480;3508;8798;2040;2353;127;49;2040;2353;2167;2353;2167;2402;2040;2402;166,63;NNNSNN;undefined;OTHER;OTHER
invoice-71.tiff;1;1;2480;3508;8793;583;2403;113;49;583;2403;696;2403;696;2452;583;2452;Sonic;AAAAA;undefined;OTHER;OTHER
invoice-71.tiff;1;1;2480;3508;8794;708;2403;113;49;708;2403;821;2403;821;2452;708;2452;Clean;AAAAA;undefined;OTHER;OTHER
invoice-71.tiff;1;1;2480;3508;8795;833;2403;88;49;833;2403;921;2403;921;2452;833;2452;Plus;AAAA;undefined;OTHER;OTHER
invoice-71.tiff;1;1;2480;3508;8799;196;2494;23;49;196;2494;219;2494;219;2543;196;2543;5;N;undefined;OTHER;OTHER
invoice-71.tiff;1;1;2480;3508;8800;425;2494;23;49;425;2494;448;2494;448;2543;425;2543;2;N;undefined;OTHER;OTHER
invoice-71.tiff;1;1;2480;3508;8801;583;2494;185;49;583;2494;768;2494;768;2543;583;2543;Chargeur;AAAAAAAA;undefined;OTHER;OTHER
invoice-71.tiff;1;1;2480;3508;8802;780;2494;268;49;780;2494;1048;2494;1048;2543;780;2543;allume-cigare;AAAAAASAAAAAA;undefined;OTHER;OTHER
invoice-71.tiff;1;1;2480;3508;8803;1060;2494;125;49;1060;2494;1185;2494;1185;2543;1060;2543;Belkin;AAAAAA;undefined;OTHER;OTHER
invoice-71.tiff;1;1;2480;3508;8804;1196;2494;87;49;1196;2494;1283;2494;1283;2543;1196;2543;USB;AAA;undefined;OTHER;OTHER
invoice-71.tiff;1;1;2480;3508;8815;1468;2494;104;49;1468;2494;1572;2494;1572;2543;1468;2543;29,16;NNSNN;undefined;OTHER;OTHER
invoice-71.tiff;1;1;2480;3508;8816;1753;2494;118;49;1753;2494;1871;2494;1871;2543;1753;2543;20.0%;NNSNS;undefined;OTHER;OTHER
invoice-71.tiff;1;1;2480;3508;8817;2052;2494;104;49;2052;2494;2156;2494;2156;2543;2052;2543;58,32;NNSNN;undefined;OTHER;OTHER
invoice-71.tiff;1;1;2480;3508;8805;583;2544;85;49;583;2544;668;2544;668;2593;583;2593;15W;NNA;undefined;OTHER;OTHER
invoice-71.tiff;1;1;2480;3508;8806;680;2544;24;49;680;2544;704;2544;704;2593;680;2593;+;S;undefined;OTHER;OTHER
invoice-71.tiff;1;1;2480;3508;8807;716;2544;113;49;716;2544;829;2544;829;2593;716;2593;Câble;AAAAA;undefined;OTHER;OTHER
invoice-71.tiff;1;1;2480;3508;8808;841;2544;87;49;841;2544;928;2544;928;2593;841;2593;USB;AAA;undefined;OTHER;OTHER
invoice-71.tiff;1;1;2480;3508;8809;941;2544;30;49;941;2544;971;2544;971;2593;941;2593;A;A;undefined;OTHER;OTHER
invoice-71.tiff;1;1;2480;3508;8810;982;2544;99;49;982;2544;1081;2544;1081;2593;982;2593;/USB;SAAA;undefined;OTHER;OTHER
invoice-71.tiff;1;1;2480;3508;8811;1093;2544;30;49;1093;2544;1123;2544;1123;2593;1093;2593;C;A;undefined;OTHER;OTHER
invoice-71.tiff;1;1;2480;3508;8812;1135;2544;104;49;1135;2544;1239;2544;1239;2593;1135;2593;1M20;NANN;undefined;OTHER;OTHER
invoice-71.tiff;1;1;2480;3508;8813;1251;2544;13;49;1251;2544;1264;2544;1264;2593;1251;2593;-;S;undefined;OTHER;OTHER
invoice-71.tiff;1;1;2480;3508;8814;1276;2544;78;49;1276;2544;1354;2544;1354;2593;1276;2593;noir;AAAA;undefined;OTHER;OTHER
invoice-71.tiff;1;1;2480;3508;8818;1918;2677;109;54;1918;2677;2027;2677;2027;2731;1918;2731;Total;AAAAA;undefined;OTHER;OTHER
invoice-71.tiff;1;1;2480;3508;8819;2069;2677;127;49;2069;2677;2196;2677;2196;2726;2069;2726;982,60;NNNSNN;TWTX;TOTAL_WITHOUT_TAX;TWTXS
invoice-71.tiff;1;1;2480;3508;8820;1762;2731;78;54;1762;2731;1840;2731;1840;2785;1762;2785;Tax;AAA;undefined;OTHER;OTHER
invoice-71.tiff;1;1;2480;3508;8821;1854;2731;173;54;1854;2731;2027;2731;2027;2785;1854;2785;Amount;AAAAAA;undefined;OTHER;OTHER
invoice-71.tiff;1;1;2480;3508;8822;2069;2731;127;49;2069;2731;2196;2731;2196;2780;2069;2780;196,53;NNNSNN;TTX;TOTAL_TAX;Total Tax
invoice-71.tiff;1;1;2480;3508;8823;1683;2786;173;54;1683;2786;1856;2786;1856;2840;1683;2840;Amount;AAAAAA;undefined;OTHER;OTHER
invoice-71.tiff;1;1;2480;3508;8824;1869;2786;43;54;1869;2786;1912;2786;1912;2840;1869;2840;to;AA;undefined;OTHER;OTHER
invoice-71.tiff;1;1;2480;3508;8825;1925;2786;78;54;1925;2786;2003;2786;2003;2840;1925;2840;pay;AAA;undefined;OTHER;OTHER
invoice-71.tiff;1;1;2480;3508;8826;2046;2786;150;49;2046;2786;2196;2786;2196;2835;2046;2835;1179,13;NNNNSNN;TA;TOTAL_AMOUNT;Total with TAX
invoice-71.tiff;1;1;2480;3508;8827;124;3175;224;49;124;3175;348;3175;348;3224;124;3224;INDIVISION;AAAAAAAAAA;SN;SUPPLIER_NAME;Seller/Company) name
invoice-71.tiff;1;1;2480;3508;8828;361;3175;453;49;361;3175;814;3175;814;3224;361;3224;DECOTTER-MARDAYE;AAAAAAAASAAAAAAA;SN;SUPPLIER_NAME;Seller/Company) name
invoice-71.tiff;1;1;2480;3508;8829;124;3224;87;48;124;3224;211;3224;211;3272;124;3272;RUE;AAA;SA;SUPPLIER_ADDRESS;Seller Address
invoice-71.tiff;1;1;2480;3508;8830;224;3224;57;48;224;3224;281;3224;281;3272;224;3272;DE;AA;SA;SUPPLIER_ADDRESS;Seller Address
invoice-71.tiff;1;1;2480;3508;8831;293;3224;50;48;293;3224;343;3224;343;3272;293;3272;LA;AA;SA;SUPPLIER_ADDRESS;Seller Address
invoice-71.tiff;1;1;2480;3508;8832;356;3224;201;48;356;3224;557;3224;557;3272;356;3272;CASERNE;AAAAAAA;SA;SUPPLIER_ADDRESS;Seller Address
invoice-71.tiff;1;1;2480;3508;8833;569;3224;122;48;569;3224;691;3224;691;3272;569;3272;SAINT;AAAAA;SA;SUPPLIER_ADDRESS;Seller Address
invoice-71.tiff;1;1;2480;3508;8834;703;3224;159;48;703;3224;862;3224;862;3272;703;3272;MARTIN;AAAAAA;SA;SUPPLIER_ADDRESS;Seller Address
invoice-71.tiff;1;1;2480;3508;8835;124;3272;115;48;124;3272;239;3272;239;3320;124;3320;66000;NNNNN;SA;SUPPLIER_ADDRESS;Seller Address
invoice-71.tiff;1;1;2480;3508;8836;282;3272;245;48;282;3272;527;3272;527;3320;282;3320;PERPIGNAN;AAAAAAAAA;SA;SUPPLIER_ADDRESS;Seller Address
invoice-71.tiff;1;1;2480;3508;8837;124;3320;171;48;124;3320;295;3320;295;3368;124;3368;FRANCE;AAAAAA;SA;SUPPLIER_ADDRESS;Seller Address
