src;num_pages;page_id;page_width;page_height;id;col;row;width;height;x1;y1;x2;y2;x3;y3;x4;y4;contents;contents_masked;correctclass;tag;description
invoice-1914.tiff;1;1;2480;3508;235012;124;62;661;175;124;62;785;62;785;237;124;237;common/logo;AAAAAASAAAA;img;IMAGE;Image
invoice-1914.tiff;1;1;2480;3508;235025;1541;270;241;57;1541;270;1782;270;1782;327;1541;327;FACTURE;AAAAAAA;undefined;OTHER;OTHER
invoice-1914.tiff;1;1;2480;3508;235026;1795;270;56;57;1795;270;1851;270;1851;327;1795;327;N°;AS;undefined;OTHER;OTHER
invoice-1914.tiff;1;1;2480;3508;235027;1914;270;353;50;1914;270;2267;270;2267;320;1914;320;AL-MQ-307880-52;AASAASNNNNNNSNN;IN;INVOICE_NUMBER;Invoice Number
invoice-1914.tiff;1;1;2480;3508;235028;1541;349;63;57;1541;349;1604;349;1604;406;1541;406;Du;AA;undefined;OTHER;OTHER
invoice-1914.tiff;1;1;2480;3508;235029;1668;349;162;50;1668;349;1830;349;1830;399;1668;399;20/08/98;NNSNNSNN;IDATE;INVOICE_DATE;Invoice Date
invoice-1914.tiff;1;1;2480;3508;235013;124;412;175;48;124;412;299;412;299;460;124;460;TARARE;AAAAAA;SN;SUPPLIER_NAME;Seller/Company) name
invoice-1914.tiff;1;1;2480;3508;235014;311;412;99;48;311;412;410;412;410;460;311;460;BOIS;AAAA;SN;SUPPLIER_NAME;Seller/Company) name
invoice-1914.tiff;1;1;2480;3508;235015;124;460;83;45;124;460;207;460;207;505;124;505;1406;NNNN;SA;SUPPLIER_ADDRESS;Seller Address
invoice-1914.tiff;1;1;2480;3508;235016;218;460;48;45;218;460;266;460;266;505;218;505;LA;AA;SA;SUPPLIER_ADDRESS;Seller Address
invoice-1914.tiff;1;1;2480;3508;235017;277;460;196;45;277;460;473;460;473;505;277;505;NOYERAIE;AAAAAAAA;SA;SUPPLIER_ADDRESS;Seller Address
invoice-1914.tiff;1;1;2480;3508;235018;482;460;104;45;482;460;586;460;586;505;482;505;69490;NNNNN;SA;SUPPLIER_ADDRESS;Seller Address
invoice-1914.tiff;1;1;2480;3508;235019;595;460;148;45;595;460;743;460;743;505;595;505;SARCEY;AAAAAA;SA;SUPPLIER_ADDRESS;Seller Address
invoice-1914.tiff;1;1;2480;3508;235020;751;460;157;45;751;460;908;460;908;505;751;505;FRANCE;AAAAAA;SA;SUPPLIER_ADDRESS;Seller Address
invoice-1914.tiff;1;1;2480;3508;235021;124;506;173;45;124;506;297;506;297;551;124;551;Téléphone;AAAAAAAAA;undefined;OTHER;OTHER
invoice-1914.tiff;1;1;2480;3508;235022;323;506;249;45;323;506;572;506;572;551;323;551;06.78.28.38.73;NNSNNSNNSNNSNN;SCN;SUPPLIER_CONTACT_NUMBER;Seller Contact Number
invoice-1914.tiff;1;1;2480;3508;235023;615;506;162;45;615;506;777;506;777;551;615;551;Télécopie;AAAAAAAAA;undefined;OTHER;OTHER
invoice-1914.tiff;1;1;2480;3508;235024;802;506;249;45;802;506;1051;506;1051;551;802;551;06.78.28.44.60;NNSNNSNNSNNSNN;SFAX;SUPPLIER_FAX_NUMBER;Seller Fax Number
invoice-1914.tiff;1;1;2480;3508;235030;124;936;48;48;124;936;172;936;172;984;124;984;Dr;AA;BN;BILLING_NAME;Billing Name
invoice-1914.tiff;1;1;2480;3508;235031;183;936;97;48;183;936;280;936;280;984;183;984;Hugo;AAAA;BN;BILLING_NAME;Billing Name
invoice-1914.tiff;1;1;2480;3508;235032;291;936;92;48;291;936;383;936;383;984;291;984;Brun;AAAA;BN;BILLING_NAME;Billing Name
invoice-1914.tiff;1;1;2480;3508;235033;124;984;31;45;124;984;155;984;155;1029;124;1029;3,;NS;BA;BILLING_ADDRESS;Billing Address
invoice-1914.tiff;1;1;2480;3508;235034;166;984;55;45;166;984;221;984;221;1029;166;1029;rue;AAA;BA;BILLING_ADDRESS;Billing Address
invoice-1914.tiff;1;1;2480;3508;235035;232;984;99;45;232;984;331;984;331;1029;232;1029;louise;AAAAAA;BA;BILLING_ADDRESS;Billing Address
invoice-1914.tiff;1;1;2480;3508;235036;342;984;111;45;342;984;453;984;453;1029;342;1029;michel;AAAAAA;BA;BILLING_ADDRESS;Billing Address
invoice-1914.tiff;1;1;2480;3508;235037;124;1030;104;45;124;1030;228;1030;228;1075;124;1075;57250;NNNNN;BA;BILLING_ADDRESS;Billing Address
invoice-1914.tiff;1;1;2480;3508;235038;270;1030;307;45;270;1030;577;1030;577;1075;270;1075;Moyeuvre-Grande;AAAAAAAASAAAAAA;BA;BILLING_ADDRESS;Billing Address
invoice-1914.tiff;1;1;2480;3508;235039;124;1076;120;45;124;1076;244;1076;244;1121;124;1121;France;AAAAAA;BA;BILLING_ADDRESS;Billing Address
invoice-1914.tiff;1;1;2480;3508;235053;1541;1105;112;52;1541;1105;1653;1105;1653;1157;1541;1157;Mode;AAAA;undefined;OTHER;OTHER
invoice-1914.tiff;1;1;2480;3508;235054;1665;1105;45;52;1665;1105;1710;1105;1710;1157;1665;1157;de;AA;undefined;OTHER;OTHER
invoice-1914.tiff;1;1;2480;3508;235055;1722;1105;195;52;1722;1105;1917;1105;1917;1157;1722;1157;règlement;AAAAAAAAA;undefined;OTHER;OTHER
invoice-1914.tiff;1;1;2480;3508;235056;2166;1105;127;46;2166;1105;2293;1105;2293;1151;2166;1151;Chèque;AAAAAA;PMODE;PAYMENT_MODE;Payment Mode
invoice-1914.tiff;1;1;2480;3508;235040;124;1163;169;57;124;1163;293;1163;293;1220;124;1220;Adresse;AAAAAAA;undefined;OTHER;OTHER
invoice-1914.tiff;1;1;2480;3508;235041;306;1163;50;57;306;1163;356;1163;356;1220;306;1220;de;AA;undefined;OTHER;OTHER
invoice-1914.tiff;1;1;2480;3508;235042;369;1163;205;57;369;1163;574;1163;574;1220;369;1220;Livraison;AAAAAAAAA;undefined;OTHER;OTHER
invoice-1914.tiff;1;1;2480;3508;235043;124;1221;48;48;124;1221;172;1221;172;1269;124;1269;Dr;AA;SHN;SHIPPING_NAME;Shipping Name
invoice-1914.tiff;1;1;2480;3508;235044;183;1221;97;48;183;1221;280;1221;280;1269;183;1269;Hugo;AAAA;SHN;SHIPPING_NAME;Shipping Name
invoice-1914.tiff;1;1;2480;3508;235045;291;1221;92;48;291;1221;383;1221;383;1269;291;1269;Brun;AAAA;SHN;SHIPPING_NAME;Shipping Name
invoice-1914.tiff;1;1;2480;3508;235046;124;1269;31;45;124;1269;155;1269;155;1314;124;1314;3,;NS;SHA;SHIPPING_ADDRESS;Shipping Address
invoice-1914.tiff;1;1;2480;3508;235047;166;1269;55;45;166;1269;221;1269;221;1314;166;1314;rue;AAA;SHA;SHIPPING_ADDRESS;Shipping Address
invoice-1914.tiff;1;1;2480;3508;235048;232;1269;99;45;232;1269;331;1269;331;1314;232;1314;louise;AAAAAA;SHA;SHIPPING_ADDRESS;Shipping Address
invoice-1914.tiff;1;1;2480;3508;235049;342;1269;111;45;342;1269;453;1269;453;1314;342;1314;michel;AAAAAA;SHA;SHIPPING_ADDRESS;Shipping Address
invoice-1914.tiff;1;1;2480;3508;235050;124;1315;104;45;124;1315;228;1315;228;1360;124;1360;57250;NNNNN;SHA;SHIPPING_ADDRESS;Shipping Address
invoice-1914.tiff;1;1;2480;3508;235051;270;1315;307;45;270;1315;577;1315;577;1360;270;1360;Moyeuvre-Grande;AAAAAAAASAAAAAA;SHA;SHIPPING_ADDRESS;Shipping Address
invoice-1914.tiff;1;1;2480;3508;235052;124;1360;120;45;124;1360;244;1360;244;1405;124;1405;France;AAAAAA;SHA;SHIPPING_ADDRESS;Shipping Address
invoice-1914.tiff;1;1;2480;3508;235057;214;1684;71;52;214;1684;285;1684;285;1736;214;1736;Qté;AAA;undefined;OTHER;OTHER
invoice-1914.tiff;1;1;2480;3508;235058;696;1684;231;52;696;1684;927;1684;927;1736;696;1736;Désignation;AAAAAAAAAAA;undefined;OTHER;OTHER
invoice-1914.tiff;1;1;2480;3508;235059;1386;1684;61;52;1386;1684;1447;1684;1447;1736;1386;1736;UP;AA;undefined;OTHER;OTHER
invoice-1914.tiff;1;1;2480;3508;235060;1701;1684;96;52;1701;1684;1797;1684;1797;1736;1701;1736;TVA;AAA;undefined;OTHER;OTHER
invoice-1914.tiff;1;1;2480;3508;235061;1947;1684;170;52;1947;1684;2117;1684;2117;1736;1947;1736;Montant;AAAAAAA;undefined;OTHER;OTHER
invoice-1914.tiff;1;1;2480;3508;235062;2129;1684;89;52;2129;1684;2218;1684;2218;1736;2129;1736;H.T.;ASAS;undefined;OTHER;OTHER
invoice-1914.tiff;1;1;2480;3508;235063;239;1758;20;48;239;1758;259;1758;259;1806;239;1806;3;N;undefined;OTHER;OTHER
invoice-1914.tiff;1;1;2480;3508;235064;375;1758;92;48;375;1758;467;1758;467;1806;375;1806;Siège;AAAAA;undefined;OTHER;OTHER
invoice-1914.tiff;1;1;2480;3508;235065;478;1758;145;48;478;1758;623;1758;623;1806;478;1806;massant;AAAAAAA;undefined;OTHER;OTHER
invoice-1914.tiff;1;1;2480;3508;235066;634;1758;175;48;634;1758;809;1758;809;1806;634;1806;Homedics;AAAAAAAA;undefined;OTHER;OTHER
invoice-1914.tiff;1;1;2480;3508;235067;820;1758;199;48;820;1758;1019;1758;1019;1806;820;1806;SBM-600H;AAASNNNA;undefined;OTHER;OTHER
invoice-1914.tiff;1;1;2480;3508;235068;1359;1758;114;48;1359;1758;1473;1758;1473;1806;1359;1806;208,32;NNNSNN;undefined;OTHER;OTHER
invoice-1914.tiff;1;1;2480;3508;235069;1692;1758;114;48;1692;1758;1806;1758;1806;1806;1692;1806;20.0%;NNSNS;undefined;OTHER;OTHER
invoice-1914.tiff;1;1;2480;3508;235070;2026;1758;114;48;2026;1758;2140;1758;2140;1806;2026;1806;624,97;NNNSNN;undefined;OTHER;OTHER
invoice-1914.tiff;1;1;2480;3508;235071;239;1847;20;48;239;1847;259;1847;259;1895;239;1895;3;N;undefined;OTHER;OTHER
invoice-1914.tiff;1;1;2480;3508;235072;375;1847;215;48;375;1847;590;1847;590;1895;375;1895;Imprimante;AAAAAAAAAA;undefined;OTHER;OTHER
invoice-1914.tiff;1;1;2480;3508;235073;600;1847;46;48;600;1847;646;1847;646;1895;600;1895;jet;AAA;undefined;OTHER;OTHER
invoice-1914.tiff;1;1;2480;3508;235074;657;1847;131;48;657;1847;788;1847;788;1895;657;1895;d'encre;ASAAAAA;undefined;OTHER;OTHER
invoice-1914.tiff;1;1;2480;3508;235075;799;1847;111;48;799;1847;910;1847;910;1895;799;1895;Epson;AAAAA;undefined;OTHER;OTHER
invoice-1914.tiff;1;1;2480;3508;235076;921;1847;55;48;921;1847;976;1847;976;1895;921;1895;XP;AA;undefined;OTHER;OTHER
invoice-1914.tiff;1;1;2480;3508;235077;987;1847;62;48;987;1847;1049;1847;1049;1895;987;1895;247;NNN;undefined;OTHER;OTHER
invoice-1914.tiff;1;1;2480;3508;235078;1369;1847;93;48;1369;1847;1462;1847;1462;1895;1369;1895;41,66;NNSNN;undefined;OTHER;OTHER
invoice-1914.tiff;1;1;2480;3508;235079;1692;1847;114;48;1692;1847;1806;1847;1806;1895;1692;1895;20.0%;NNSNS;undefined;OTHER;OTHER
invoice-1914.tiff;1;1;2480;3508;235080;2026;1847;114;48;2026;1847;2140;1847;2140;1895;2026;1895;124,97;NNNSNN;undefined;OTHER;OTHER
invoice-1914.tiff;1;1;2480;3508;235081;1500;1979;150;51;1500;1979;1650;1979;1650;2030;1500;2030;TOTAL;AAAAA;undefined;OTHER;OTHER
invoice-1914.tiff;1;1;2480;3508;235082;1662;1979;168;51;1662;1979;1830;1979;1830;2030;1662;2030;REMISE;AAAAAA;undefined;OTHER;OTHER
invoice-1914.tiff;1;1;2480;3508;235083;1841;1979;262;51;1841;1979;2103;1979;2103;2030;1841;2030;IMMEDIATE;AAAAAAAAA;undefined;OTHER;OTHER
invoice-1914.tiff;1;1;2480;3508;235084;2125;1979;72;46;2125;1979;2197;1979;2197;2025;2125;2025;0,00;NSNN;undefined;OTHER;OTHER
invoice-1914.tiff;1;1;2480;3508;235085;1790;2030;155;51;1790;2030;1945;2030;1945;2081;1790;2081;Montant;AAAAAAA;undefined;OTHER;OTHER
invoice-1914.tiff;1;1;2480;3508;235086;1957;2030;84;51;1957;2030;2041;2030;2041;2081;1957;2081;H.T.;ASAS;undefined;OTHER;OTHER
invoice-1914.tiff;1;1;2480;3508;235087;2083;2030;114;46;2083;2030;2197;2030;2197;2076;2083;2076;749,95;NNNSNN;TWTX;TOTAL_WITHOUT_TAX;TWTXS
invoice-1914.tiff;1;1;2480;3508;235088;1964;2081;94;51;1964;2081;2058;2081;2058;2132;1964;2132;TVA;AAA;undefined;OTHER;OTHER
invoice-1914.tiff;1;1;2480;3508;235089;2100;2081;107;46;2100;2081;2207;2081;2207;2127;2100;2127;20.0%;NNSNS;TXR;TAX_RATE;Tax Rate
invoice-1914.tiff;1;1;2480;3508;235090;1780;2132;155;51;1780;2132;1935;2132;1935;2183;1780;2183;Montant;AAAAAAA;undefined;OTHER;OTHER
invoice-1914.tiff;1;1;2480;3508;235091;1947;2132;94;51;1947;2132;2041;2132;2041;2183;1947;2183;TVA;AAA;undefined;OTHER;OTHER
invoice-1914.tiff;1;1;2480;3508;235092;2083;2132;114;46;2083;2132;2197;2132;2197;2178;2083;2178;149,99;NNNSNN;TTX;TOTAL_TAX;Total Tax
invoice-1914.tiff;1;1;2480;3508;235093;1788;2183;155;51;1788;2183;1943;2183;1943;2234;1788;2234;Montant;AAAAAAA;undefined;OTHER;OTHER
invoice-1914.tiff;1;1;2480;3508;235094;1955;2183;86;51;1955;2183;2041;2183;2041;2234;1955;2234;TTC;AAA;undefined;OTHER;OTHER
invoice-1914.tiff;1;1;2480;3508;235095;2083;2183;114;46;2083;2183;2197;2183;2197;2229;2083;2229;899,94;NNNSNN;TA;TOTAL_AMOUNT;Total with TAX
invoice-1914.tiff;1;1;2480;3508;235096;124;3175;175;48;124;3175;299;3175;299;3223;124;3223;TARARE;AAAAAA;SN;SUPPLIER_NAME;Seller/Company) name
invoice-1914.tiff;1;1;2480;3508;235097;311;3175;99;48;311;3175;410;3175;410;3223;311;3223;BOIS;AAAA;SN;SUPPLIER_NAME;Seller/Company) name
invoice-1914.tiff;1;1;2480;3508;235098;124;3223;83;45;124;3223;207;3223;207;3268;124;3268;1406;NNNN;SA;SUPPLIER_ADDRESS;Seller Address
invoice-1914.tiff;1;1;2480;3508;235099;218;3223;48;45;218;3223;266;3223;266;3268;218;3268;LA;AA;SA;SUPPLIER_ADDRESS;Seller Address
invoice-1914.tiff;1;1;2480;3508;235100;277;3223;196;45;277;3223;473;3223;473;3268;277;3268;NOYERAIE;AAAAAAAA;SA;SUPPLIER_ADDRESS;Seller Address
invoice-1914.tiff;1;1;2480;3508;235101;124;3268;104;45;124;3268;228;3268;228;3313;124;3313;69490;NNNNN;SA;SUPPLIER_ADDRESS;Seller Address
invoice-1914.tiff;1;1;2480;3508;235102;270;3268;148;45;270;3268;418;3268;418;3313;270;3313;SARCEY;AAAAAA;SA;SUPPLIER_ADDRESS;Seller Address
invoice-1914.tiff;1;1;2480;3508;235103;124;3314;157;45;124;3314;281;3314;281;3359;124;3359;FRANCE;AAAAAA;SA;SUPPLIER_ADDRESS;Seller Address
