src;num_pages;page_id;page_width;page_height;id;col;row;width;height;x1;y1;x2;y2;x3;y3;x4;y4;contents;contents_masked;correctclass;tag;description
invoice-1812.tiff;1;1;2480;3508;222149;1187;62;247;175;1187;62;1434;62;1434;237;1187;237;common/logo;AAAAAASAAAA;img;IMAGE;Image
invoice-1812.tiff;1;1;2480;3508;222142;124;270;155;57;124;270;279;270;279;327;124;327;Invoice;AAAAAAA;undefined;OTHER;OTHER
invoice-1812.tiff;1;1;2480;3508;222143;293;270;55;57;293;270;348;270;348;327;293;327;ID;AA;undefined;OTHER;OTHER
invoice-1812.tiff;1;1;2480;3508;222144;411;270;285;50;411;270;696;270;696;320;411;320;FV2013007279;AANNNNNNNNNN;IN;INVOICE_NUMBER;Invoice Number
invoice-1812.tiff;1;1;2480;3508;222145;124;349;99;57;124;349;223;349;223;406;124;406;Date;AAAA;undefined;OTHER;OTHER
invoice-1812.tiff;1;1;2480;3508;222146;287;349;63;50;287;349;350;349;350;399;287;399;abr;AAA;IDATE;INVOICE_DATE;Invoice Date
invoice-1812.tiff;1;1;2480;3508;222147;362;349;57;50;362;349;419;349;419;399;362;399;27,;NNS;IDATE;INVOICE_DATE;Invoice Date
invoice-1812.tiff;1;1;2480;3508;222148;431;349;91;50;431;349;522;349;522;399;431;399;2017;NNNN;IDATE;INVOICE_DATE;Invoice Date
invoice-1812.tiff;1;1;2480;3508;222150;1187;412;57;48;1187;412;1244;412;1244;460;1187;460;DE;AA;SN;SUPPLIER_NAME;Seller/Company) name
invoice-1812.tiff;1;1;2480;3508;222151;1255;412;57;48;1255;412;1312;412;1312;460;1255;460;LA;AA;SN;SUPPLIER_NAME;Seller/Company) name
invoice-1812.tiff;1;1;2480;3508;222152;1324;412;143;48;1324;412;1467;412;1467;460;1324;460;VOLPE;AAAAA;SN;SUPPLIER_NAME;Seller/Company) name
invoice-1812.tiff;1;1;2480;3508;222153;1478;412;118;48;1478;412;1596;412;1596;460;1478;460;NERA;AAAA;SN;SUPPLIER_NAME;Seller/Company) name
invoice-1812.tiff;1;1;2480;3508;222154;1187;460;20;45;1187;460;1207;460;1207;505;1187;505;7;N;SA;SUPPLIER_ADDRESS;Seller Address
invoice-1812.tiff;1;1;2480;3508;222155;1218;460;81;45;1218;460;1299;460;1299;505;1218;505;RUE;AAA;SA;SUPPLIER_ADDRESS;Seller Address
invoice-1812.tiff;1;1;2480;3508;222156;1310;460;60;45;1310;460;1370;460;1370;505;1310;505;DU;AA;SA;SUPPLIER_ADDRESS;Seller Address
invoice-1812.tiff;1;1;2480;3508;222157;1380;460;83;45;1380;460;1463;460;1463;505;1380;505;CHA;AAA;SA;SUPPLIER_ADDRESS;Seller Address
invoice-1812.tiff;1;1;2480;3508;222158;1474;460;55;45;1474;460;1529;460;1529;505;1474;505;DE;AA;SA;SUPPLIER_ADDRESS;Seller Address
invoice-1812.tiff;1;1;2480;3508;222159;1540;460;67;45;1540;460;1607;460;1607;505;1540;505;LIO;AAA;SA;SUPPLIER_ADDRESS;Seller Address
invoice-1812.tiff;1;1;2480;3508;222160;1615;460;13;45;1615;460;1628;460;1628;505;1615;505;-;S;SA;SUPPLIER_ADDRESS;Seller Address
invoice-1812.tiff;1;1;2480;3508;222161;1640;460;104;45;1640;460;1744;460;1744;505;1640;505;63340;NNNNN;SA;SUPPLIER_ADDRESS;Seller Address
invoice-1812.tiff;1;1;2480;3508;222162;1763;460;145;45;1763;460;1908;460;1908;505;1763;505;VICHEL;AAAAAA;SA;SUPPLIER_ADDRESS;Seller Address
invoice-1812.tiff;1;1;2480;3508;222163;1187;506;106;45;1187;506;1293;506;1293;551;1187;551;Phone;AAAAA;undefined;OTHER;OTHER
invoice-1812.tiff;1;1;2480;3508;222164;1318;506;249;45;1318;506;1567;506;1567;551;1318;551;01.25.62.25.47;NNSNNSNNSNNSNN;SCN;SUPPLIER_CONTACT_NUMBER;Seller Contact Number
invoice-1812.tiff;1;1;2480;3508;222165;1610;506;64;45;1610;506;1674;506;1674;551;1610;551;Fax;AAA;undefined;OTHER;OTHER
invoice-1812.tiff;1;1;2480;3508;222166;1700;506;249;45;1700;506;1949;506;1949;551;1700;551;01.25.62.41.43;NNSNNSNNSNNSNN;SFAX;SUPPLIER_FAX_NUMBER;Seller Fax Number
invoice-1812.tiff;1;1;2480;3508;222167;124;878;183;57;124;878;307;878;307;935;124;935;Invoiced;AAAAAAAA;undefined;OTHER;OTHER
invoice-1812.tiff;1;1;2480;3508;222168;320;878;58;57;320;878;378;878;378;935;320;935;To;AA;undefined;OTHER;OTHER
invoice-1812.tiff;1;1;2480;3508;222169;124;936;85;48;124;936;209;936;209;984;124;984;Effie;AAAAA;BN;BILLING_NAME;Billing Name
invoice-1812.tiff;1;1;2480;3508;222170;221;936;131;48;221;936;352;936;352;984;221;984;Bednar;AAAAAA;BN;BILLING_NAME;Billing Name
invoice-1812.tiff;1;1;2480;3508;222171;124;984;52;45;124;984;176;984;176;1029;124;1029;41,;NNS;BA;BILLING_ADDRESS;Billing Address
invoice-1812.tiff;1;1;2480;3508;222172;187;984;117;45;187;984;304;984;304;1029;187;1029;avenue;AAAAAA;BA;BILLING_ADDRESS;Billing Address
invoice-1812.tiff;1;1;2480;3508;222173;315;984;55;45;315;984;370;984;370;1029;315;1029;des;AAA;BA;BILLING_ADDRESS;Billing Address
invoice-1812.tiff;1;1;2480;3508;222174;381;984;111;45;381;984;492;984;492;1029;381;1029;termes;AAAAAA;BA;BILLING_ADDRESS;Billing Address
invoice-1812.tiff;1;1;2480;3508;222175;124;1030;104;45;124;1030;228;1030;228;1075;124;1075;13124;NNNNN;BA;BILLING_ADDRESS;Billing Address
invoice-1812.tiff;1;1;2480;3508;222176;270;1030;115;45;270;1030;385;1030;385;1075;270;1075;Peypin;AAAAAA;BA;BILLING_ADDRESS;Billing Address
invoice-1812.tiff;1;1;2480;3508;222189;1541;1069;119;52;1541;1069;1660;1069;1660;1121;1541;1121;Client;AAAAAA;undefined;OTHER;OTHER
invoice-1812.tiff;1;1;2480;3508;222190;1672;1069;50;52;1672;1069;1722;1069;1722;1121;1672;1121;ID;AA;undefined;OTHER;OTHER
invoice-1812.tiff;1;1;2480;3508;222191;2166;1069;199;46;2166;1069;2365;1069;2365;1115;2166;1115;CL1000015;AANNNNNNN;CNUM;CLIENT_NUMBER;Client Number
invoice-1812.tiff;1;1;2480;3508;222177;124;1076;120;45;124;1076;244;1076;244;1121;124;1121;France;AAAAAA;BA;BILLING_ADDRESS;Billing Address
invoice-1812.tiff;1;1;2480;3508;222192;1541;1142;119;52;1541;1142;1660;1142;1660;1194;1541;1194;Payed;AAAAA;undefined;OTHER;OTHER
invoice-1812.tiff;1;1;2480;3508;222193;1672;1142;157;52;1672;1142;1829;1142;1829;1194;1672;1194;through;AAAAAAA;undefined;OTHER;OTHER
invoice-1812.tiff;1;1;2480;3508;222194;2166;1142;87;46;2166;1142;2253;1142;2253;1188;2166;1188;Bank;AAAA;PMODE;PAYMENT_MODE;Payment Mode
invoice-1812.tiff;1;1;2480;3508;222195;2265;1142;141;46;2265;1142;2406;1142;2406;1188;2265;1188;Transfer;AAAAAAAA;PMODE;PAYMENT_MODE;Payment Mode
invoice-1812.tiff;1;1;2480;3508;222178;124;1163;155;57;124;1163;279;1163;279;1220;124;1220;Deliver;AAAAAAA;undefined;OTHER;OTHER
invoice-1812.tiff;1;1;2480;3508;222179;293;1163;58;57;293;1163;351;1163;351;1220;293;1220;To;AA;undefined;OTHER;OTHER
invoice-1812.tiff;1;1;2480;3508;222180;124;1221;85;48;124;1221;209;1221;209;1269;124;1269;Effie;AAAAA;SHN;SHIPPING_NAME;Shipping Name
invoice-1812.tiff;1;1;2480;3508;222181;221;1221;131;48;221;1221;352;1221;352;1269;221;1269;Bednar;AAAAAA;SHN;SHIPPING_NAME;Shipping Name
invoice-1812.tiff;1;1;2480;3508;222182;124;1269;52;45;124;1269;176;1269;176;1314;124;1314;41,;NNS;SHA;SHIPPING_ADDRESS;Shipping Address
invoice-1812.tiff;1;1;2480;3508;222183;187;1269;117;45;187;1269;304;1269;304;1314;187;1314;avenue;AAAAAA;SHA;SHIPPING_ADDRESS;Shipping Address
invoice-1812.tiff;1;1;2480;3508;222184;315;1269;55;45;315;1269;370;1269;370;1314;315;1314;des;AAA;SHA;SHIPPING_ADDRESS;Shipping Address
invoice-1812.tiff;1;1;2480;3508;222185;381;1269;111;45;381;1269;492;1269;492;1314;381;1314;termes;AAAAAA;SHA;SHIPPING_ADDRESS;Shipping Address
invoice-1812.tiff;1;1;2480;3508;222186;124;1315;104;45;124;1315;228;1315;228;1360;124;1360;13124;NNNNN;SHA;SHIPPING_ADDRESS;Shipping Address
invoice-1812.tiff;1;1;2480;3508;222187;270;1315;115;45;270;1315;385;1315;385;1360;270;1360;Peypin;AAAAAA;SHA;SHIPPING_ADDRESS;Shipping Address
invoice-1812.tiff;1;1;2480;3508;222188;124;1360;120;45;124;1360;244;1360;244;1405;124;1405;France;AAAAAA;SHA;SHIPPING_ADDRESS;Shipping Address
invoice-1812.tiff;1;1;2480;3508;222196;213;1684;73;52;213;1684;286;1684;286;1736;213;1736;Qty;AAA;undefined;OTHER;OTHER
invoice-1812.tiff;1;1;2480;3508;222197;690;1684;244;52;690;1684;934;1684;934;1736;690;1736;Descriptions;AAAAAAAAAAAA;undefined;OTHER;OTHER
invoice-1812.tiff;1;1;2480;3508;222198;1374;1684;84;52;1374;1684;1458;1684;1458;1736;1374;1736;U.P.;ASAS;undefined;OTHER;OTHER
invoice-1812.tiff;1;1;2480;3508;222199;1646;1684;206;52;1646;1684;1852;1684;1852;1736;1646;1736;VAT/TVA;AAASAAA;undefined;OTHER;OTHER
invoice-1812.tiff;1;1;2480;3508;222200;2003;1684;160;52;2003;1684;2163;1684;2163;1736;2003;1736;Amount;AAAAAA;undefined;OTHER;OTHER
invoice-1812.tiff;1;1;2480;3508;222201;239;1758;20;48;239;1758;259;1758;259;1806;239;1806;4;N;undefined;OTHER;OTHER
invoice-1812.tiff;1;1;2480;3508;222202;375;1758;157;48;375;1758;532;1758;532;1806;375;1806;Gaufrier;AAAAAAAA;undefined;OTHER;OTHER
invoice-1812.tiff;1;1;2480;3508;222203;542;1758;171;48;542;1758;713;1758;713;1806;542;1806;Lagrange;AAAAAAAA;undefined;OTHER;OTHER
invoice-1812.tiff;1;1;2480;3508;222204;724;1758;124;48;724;1758;848;1758;848;1806;724;1806;019122;NNNNNN;undefined;OTHER;OTHER
invoice-1812.tiff;1;1;2480;3508;222205;859;1758;208;48;859;1758;1067;1758;1067;1806;859;1806;PREMIUM;AAAAAAA;undefined;OTHER;OTHER
invoice-1812.tiff;1;1;2480;3508;222207;1322;1758;93;48;1322;1758;1415;1758;1415;1806;1322;1806;95,94;NNSNN;undefined;OTHER;OTHER
invoice-1812.tiff;1;1;2480;3508;222208;1427;1758;83;48;1427;1758;1510;1758;1510;1806;1427;1806;USD;AAA;undefined;OTHER;OTHER
invoice-1812.tiff;1;1;2480;3508;222209;1692;1758;114;48;1692;1758;1806;1758;1806;1806;1692;1806;20.0%;NNSNS;undefined;OTHER;OTHER
invoice-1812.tiff;1;1;2480;3508;222210;1979;1758;114;48;1979;1758;2093;1758;2093;1806;1979;1806;383,77;NNNSNN;undefined;OTHER;OTHER
invoice-1812.tiff;1;1;2480;3508;222211;2104;1758;83;48;2104;1758;2187;1758;2187;1806;2104;1806;USD;AAA;undefined;OTHER;OTHER
invoice-1812.tiff;1;1;2480;3508;222206;375;1806;175;48;375;1806;550;1806;550;1854;375;1854;GAUFRE;AAAAAA;undefined;OTHER;OTHER
invoice-1812.tiff;1;1;2480;3508;222212;239;1895;20;48;239;1895;259;1895;259;1943;239;1943;3;N;undefined;OTHER;OTHER
invoice-1812.tiff;1;1;2480;3508;222213;375;1895;180;48;375;1895;555;1895;555;1943;375;1943;Couvercle;AAAAAAAAA;undefined;OTHER;OTHER
invoice-1812.tiff;1;1;2480;3508;222214;565;1895;150;48;565;1895;715;1895;715;1943;565;1943;poubelle;AAAAAAAA;undefined;OTHER;OTHER
invoice-1812.tiff;1;1;2480;3508;222215;726;1895;120;48;726;1895;846;1895;846;1943;726;1943;Newell;AAAAAA;undefined;OTHER;OTHER
invoice-1812.tiff;1;1;2480;3508;222216;857;1895;226;48;857;1895;1083;1895;1083;1943;857;1943;Rubbermaid;AAAAAAAAAA;undefined;OTHER;OTHER
invoice-1812.tiff;1;1;2480;3508;222217;1094;1895;41;48;1094;1895;1135;1895;1135;1943;1094;1943;pr;AA;undefined;OTHER;OTHER
invoice-1812.tiff;1;1;2480;3508;222221;1333;1895;72;48;1333;1895;1405;1895;1405;1943;1333;1943;8,25;NSNN;undefined;OTHER;OTHER
invoice-1812.tiff;1;1;2480;3508;222222;1416;1895;83;48;1416;1895;1499;1895;1499;1943;1416;1943;USD;AAA;undefined;OTHER;OTHER
invoice-1812.tiff;1;1;2480;3508;222223;1692;1895;114;48;1692;1895;1806;1895;1806;1943;1692;1943;20.0%;NNSNS;undefined;OTHER;OTHER
invoice-1812.tiff;1;1;2480;3508;222224;1989;1895;93;48;1989;1895;2082;1895;2082;1943;1989;1943;24,75;NNSNN;undefined;OTHER;OTHER
invoice-1812.tiff;1;1;2480;3508;222225;2093;1895;83;48;2093;1895;2176;1895;2176;1943;2093;1943;USD;AAA;undefined;OTHER;OTHER
invoice-1812.tiff;1;1;2480;3508;222218;375;1943;173;48;375;1943;548;1943;548;1991;375;1991;collecteur;AAAAAAAAAA;undefined;OTHER;OTHER
invoice-1812.tiff;1;1;2480;3508;222219;558;1943;83;48;558;1943;641;1943;641;1991;558;1991;2620;NNNN;undefined;OTHER;OTHER
invoice-1812.tiff;1;1;2480;3508;222220;652;1943;67;48;652;1943;719;1943;719;1991;652;1991;gris;AAAA;undefined;OTHER;OTHER
invoice-1812.tiff;1;1;2480;3508;222226;239;2033;20;48;239;2033;259;2033;259;2081;239;2081;2;N;undefined;OTHER;OTHER
invoice-1812.tiff;1;1;2480;3508;222227;375;2033;71;48;375;2033;446;2033;446;2081;375;2081;Plat;AAAA;undefined;OTHER;OTHER
invoice-1812.tiff;1;1;2480;3508;222228;457;2033;20;48;457;2033;477;2033;477;2081;457;2081;à;A;undefined;OTHER;OTHER
invoice-1812.tiff;1;1;2480;3508;222229;488;2033;76;48;488;2033;564;2033;564;2081;488;2081;four;AAAA;undefined;OTHER;OTHER
invoice-1812.tiff;1;1;2480;3508;222230;575;2033;104;48;575;2033;679;2033;679;2081;575;2081;Emile;AAAAA;undefined;OTHER;OTHER
invoice-1812.tiff;1;1;2480;3508;222231;689;2033;113;48;689;2033;802;2033;802;2081;689;2081;Henry;AAAAA;undefined;OTHER;OTHER
invoice-1812.tiff;1;1;2480;3508;222232;813;2033;94;48;813;2033;907;2033;907;2081;813;2081;carré;AAAAA;undefined;OTHER;OTHER
invoice-1812.tiff;1;1;2480;3508;222233;918;2033;166;48;918;2033;1084;2033;1084;2081;918;2081;28X23cm;NNANNAA;undefined;OTHER;OTHER
invoice-1812.tiff;1;1;2480;3508;222234;1095;2033;118;48;1095;2033;1213;2033;1213;2081;1095;2081;Grand;AAAAA;undefined;OTHER;OTHER
invoice-1812.tiff;1;1;2480;3508;222237;1322;2033;93;48;1322;2033;1415;2033;1415;2081;1322;2081;24,92;NNSNN;undefined;OTHER;OTHER
invoice-1812.tiff;1;1;2480;3508;222238;1427;2033;83;48;1427;2033;1510;2033;1510;2081;1427;2081;USD;AAA;undefined;OTHER;OTHER
invoice-1812.tiff;1;1;2480;3508;222239;1692;2033;114;48;1692;2033;1806;2033;1806;2081;1692;2081;20.0%;NNSNS;undefined;OTHER;OTHER
invoice-1812.tiff;1;1;2480;3508;222240;1989;2033;93;48;1989;2033;2082;2033;2082;2081;1989;2081;49,83;NNSNN;undefined;OTHER;OTHER
invoice-1812.tiff;1;1;2480;3508;222241;2093;2033;83;48;2093;2033;2176;2033;2176;2081;2093;2081;USD;AAA;undefined;OTHER;OTHER
invoice-1812.tiff;1;1;2480;3508;222235;375;2081;71;48;375;2081;446;2081;446;2129;375;2129;Cru;AAA;undefined;OTHER;OTHER
invoice-1812.tiff;1;1;2480;3508;222236;457;2081;124;48;457;2081;581;2081;581;2129;457;2129;342050;NNNNNN;undefined;OTHER;OTHER
invoice-1812.tiff;1;1;2480;3508;222242;1911;2213;109;52;1911;2213;2020;2213;2020;2265;1911;2265;DISC;AAAA;undefined;OTHER;OTHER
invoice-1812.tiff;1;1;2480;3508;222243;2041;2213;72;48;2041;2213;2113;2213;2113;2261;2041;2261;0,00;NSNN;undefined;OTHER;OTHER
invoice-1812.tiff;1;1;2480;3508;222244;2125;2213;83;48;2125;2213;2208;2213;2208;2261;2125;2261;USD;AAA;undefined;OTHER;OTHER
invoice-1812.tiff;1;1;2480;3508;222245;1797;2265;160;52;1797;2265;1957;2265;1957;2317;1797;2317;Amount;AAAAAA;undefined;OTHER;OTHER
invoice-1812.tiff;1;1;2480;3508;222246;1999;2265;114;48;1999;2265;2113;2265;2113;2313;1999;2313;458,35;NNNSNN;TWTX;TOTAL_WITHOUT_TAX;TWTXS
invoice-1812.tiff;1;1;2480;3508;222247;2125;2265;83;48;2125;2265;2208;2265;2208;2313;2125;2313;USD;AAA;TWTX;TOTAL_WITHOUT_TAX;TWTXS
invoice-1812.tiff;1;1;2480;3508;222248;1845;2318;206;52;1845;2318;2051;2318;2051;2370;1845;2370;VAT/TVA;AAASAAA;undefined;OTHER;OTHER
invoice-1812.tiff;1;1;2480;3508;222249;2093;2318;114;48;2093;2318;2207;2318;2207;2366;2093;2366;20.0%;NNSNS;TXR;TAX_RATE;Tax Rate
invoice-1812.tiff;1;1;2480;3508;222250;1710;2371;96;52;1710;2371;1806;2371;1806;2423;1710;2423;TVA;AAA;undefined;OTHER;OTHER
invoice-1812.tiff;1;1;2480;3508;222251;1818;2371;160;52;1818;2371;1978;2371;1978;2423;1818;2423;Amount;AAAAAA;undefined;OTHER;OTHER
invoice-1812.tiff;1;1;2480;3508;222252;2020;2371;93;48;2020;2371;2113;2371;2113;2419;2020;2419;91,67;NNSNN;TTX;TOTAL_TAX;Total Tax
invoice-1812.tiff;1;1;2480;3508;222253;2125;2371;83;48;2125;2371;2208;2371;2208;2419;2125;2419;USD;AAA;TTX;TOTAL_TAX;Total Tax
invoice-1812.tiff;1;1;2480;3508;222254;1682;2424;104;52;1682;2424;1786;2424;1786;2476;1682;2476;Total;AAAAA;undefined;OTHER;OTHER
invoice-1812.tiff;1;1;2480;3508;222255;1797;2424;160;52;1797;2424;1957;2424;1957;2476;1797;2476;Amount;AAAAAA;undefined;OTHER;OTHER
invoice-1812.tiff;1;1;2480;3508;222256;1999;2424;114;48;1999;2424;2113;2424;2113;2472;1999;2472;550,02;NNNSNN;TA;TOTAL_AMOUNT;Total with TAX
invoice-1812.tiff;1;1;2480;3508;222257;2125;2424;83;48;2125;2424;2208;2424;2208;2472;2125;2472;USD;AAA;TA;TOTAL_AMOUNT;Total with TAX
invoice-1812.tiff;1;1;2480;3508;222258;1187;3175;57;48;1187;3175;1244;3175;1244;3223;1187;3223;DE;AA;SN;SUPPLIER_NAME;Seller/Company) name
invoice-1812.tiff;1;1;2480;3508;222259;1255;3175;57;48;1255;3175;1312;3175;1312;3223;1255;3223;LA;AA;SN;SUPPLIER_NAME;Seller/Company) name
invoice-1812.tiff;1;1;2480;3508;222260;1324;3175;143;48;1324;3175;1467;3175;1467;3223;1324;3223;VOLPE;AAAAA;SN;SUPPLIER_NAME;Seller/Company) name
invoice-1812.tiff;1;1;2480;3508;222261;1478;3175;118;48;1478;3175;1596;3175;1596;3223;1478;3223;NERA;AAAA;SN;SUPPLIER_NAME;Seller/Company) name
invoice-1812.tiff;1;1;2480;3508;222262;1187;3223;20;45;1187;3223;1207;3223;1207;3268;1187;3268;7;N;SA;SUPPLIER_ADDRESS;Seller Address
invoice-1812.tiff;1;1;2480;3508;222263;1218;3223;81;45;1218;3223;1299;3223;1299;3268;1218;3268;RUE;AAA;SA;SUPPLIER_ADDRESS;Seller Address
invoice-1812.tiff;1;1;2480;3508;222264;1310;3223;60;45;1310;3223;1370;3223;1370;3268;1310;3268;DU;AA;SA;SUPPLIER_ADDRESS;Seller Address
invoice-1812.tiff;1;1;2480;3508;222265;1380;3223;83;45;1380;3223;1463;3223;1463;3268;1380;3268;CHA;AAA;SA;SUPPLIER_ADDRESS;Seller Address
invoice-1812.tiff;1;1;2480;3508;222266;1474;3223;55;45;1474;3223;1529;3223;1529;3268;1474;3268;DE;AA;SA;SUPPLIER_ADDRESS;Seller Address
invoice-1812.tiff;1;1;2480;3508;222267;1540;3223;67;45;1540;3223;1607;3223;1607;3268;1540;3268;LIO;AAA;SA;SUPPLIER_ADDRESS;Seller Address
invoice-1812.tiff;1;1;2480;3508;222268;1187;3268;104;45;1187;3268;1291;3268;1291;3313;1187;3313;63340;NNNNN;SA;SUPPLIER_ADDRESS;Seller Address
invoice-1812.tiff;1;1;2480;3508;222269;1333;3268;145;45;1333;3268;1478;3268;1478;3313;1333;3313;VICHEL;AAAAAA;SA;SUPPLIER_ADDRESS;Seller Address
