src;num_pages;page_id;page_width;page_height;id;col;row;width;height;x1;y1;x2;y2;x3;y3;x4;y4;contents;contents_masked;correctclass;tag;description
invoice-2503.tiff;1;1;2480;3508;308011;1541;62;175;175;1541;62;1716;62;1716;237;1541;237;common/logo;AAAAAASAAAA;img;IMAGE;Image
invoice-2503.tiff;1;1;2480;3508;308004;124;258;108;59;124;258;232;258;232;317;124;317;Date;AAAA;undefined;OTHER;OTHER
invoice-2503.tiff;1;1;2480;3508;308005;247;258;58;59;247;258;305;258;305;317;247;317;de;AA;undefined;OTHER;OTHER
invoice-2503.tiff;1;1;2480;3508;308006;319;258;41;59;319;258;360;258;360;317;319;317;la;AA;undefined;OTHER;OTHER
invoice-2503.tiff;1;1;2480;3508;308007;375;258;166;59;375;258;541;258;541;317;375;317;facture;AAAAAAA;undefined;OTHER;OTHER
invoice-2503.tiff;1;1;2480;3508;308008;604;258;50;52;604;258;654;258;654;310;604;310;23;NN;IDATE;INVOICE_DATE;Invoice Date
invoice-2503.tiff;1;1;2480;3508;308009;668;258;45;52;668;258;713;258;713;310;668;310;jul;AAA;IDATE;INVOICE_DATE;Invoice Date
invoice-2503.tiff;1;1;2480;3508;308010;726;258;101;52;726;258;827;258;827;310;726;310;1999;NNNN;IDATE;INVOICE_DATE;Invoice Date
invoice-2503.tiff;1;1;2480;3508;308012;1541;412;37;49;1541;412;1578;412;1578;461;1541;461;F.;AS;SN;SUPPLIER_NAME;Seller/Company) name
invoice-2503.tiff;1;1;2480;3508;308013;1590;412;196;49;1590;412;1786;412;1786;461;1590;461;LECLERC;AAAAAAA;SN;SUPPLIER_NAME;Seller/Company) name
invoice-2503.tiff;1;1;2480;3508;308014;1541;462;46;48;1541;462;1587;462;1587;510;1541;510;10;NN;SA;SUPPLIER_ADDRESS;Seller Address
invoice-2503.tiff;1;1;2480;3508;308015;1599;462;150;48;1599;462;1749;462;1749;510;1599;510;GRAND;AAAAA;SA;SUPPLIER_ADDRESS;Seller Address
invoice-2503.tiff;1;1;2480;3508;308016;1761;462;87;48;1761;462;1848;462;1848;510;1761;510;RUE;AAA;SA;SUPPLIER_ADDRESS;Seller Address
invoice-2503.tiff;1;1;2480;3508;308017;1541;510;115;48;1541;510;1656;510;1656;558;1541;558;16200;NNNNN;SA;SUPPLIER_ADDRESS;Seller Address
invoice-2503.tiff;1;1;2480;3508;308018;1699;510;166;48;1699;510;1865;510;1865;558;1699;558;JARNAC;AAAAAA;SA;SUPPLIER_ADDRESS;Seller Address
invoice-2503.tiff;1;1;2480;3508;308019;1541;558;171;48;1541;558;1712;558;1712;606;1541;606;FRANCE;AAAAAA;SA;SUPPLIER_ADDRESS;Seller Address
invoice-2503.tiff;1;1;2480;3508;308020;1541;606;196;48;1541;606;1737;606;1737;654;1541;654;Téléphone;AAAAAAAAA;undefined;OTHER;OTHER
invoice-2503.tiff;1;1;2480;3508;308021;1801;606;287;48;1801;606;2088;606;2088;654;1801;654;09-02-77-65-44;NNSNNSNNSNNSNN;SCN;SUPPLIER_CONTACT_NUMBER;Seller Contact Number
invoice-2503.tiff;1;1;2480;3508;308022;1541;654;180;48;1541;654;1721;654;1721;702;1541;702;Télécopie;AAAAAAAAA;undefined;OTHER;OTHER
invoice-2503.tiff;1;1;2480;3508;308023;1784;654;287;48;1784;654;2071;654;2071;702;1784;702;09-02-77-11-88;NNSNNSNNSNNSNN;SFAX;SUPPLIER_FAX_NUMBER;Seller Fax Number
invoice-2503.tiff;1;1;2480;3508;308034;1541;1099;46;49;1541;1099;1587;1099;1587;1148;1541;1148;M.;AS;BN;BILLING_NAME;Billing Name
invoice-2503.tiff;1;1;2480;3508;308035;1599;1099;108;49;1599;1099;1707;1099;1707;1148;1599;1148;Lucie;AAAAA;BN;BILLING_NAME;Billing Name
invoice-2503.tiff;1;1;2480;3508;308036;1719;1099;159;49;1719;1099;1878;1099;1878;1148;1719;1148;Lemaire;AAAAAAA;BN;BILLING_NAME;Billing Name
invoice-2503.tiff;1;1;2480;3508;308037;1541;1148;57;48;1541;1148;1598;1148;1598;1196;1541;1196;29,;NNS;BA;BILLING_ADDRESS;Billing Address
invoice-2503.tiff;1;1;2480;3508;308038;1611;1148;60;48;1611;1148;1671;1148;1671;1196;1611;1196;rue;AAA;BA;BILLING_ADDRESS;Billing Address
invoice-2503.tiff;1;1;2480;3508;308039;1682;1148;144;48;1682;1148;1826;1148;1826;1196;1682;1196;d'hirson;ASAAAAAA;BA;BILLING_ADDRESS;Billing Address
invoice-2503.tiff;1;1;2480;3508;308040;1541;1197;115;48;1541;1197;1656;1197;1656;1245;1541;1245;59186;NNNNN;BA;BILLING_ADDRESS;Billing Address
invoice-2503.tiff;1;1;2480;3508;308041;1699;1197;88;48;1699;1197;1787;1197;1787;1245;1699;1245;Anor;AAAA;BA;BILLING_ADDRESS;Billing Address
invoice-2503.tiff;1;1;2480;3508;308024;124;1201;218;54;124;1201;342;1201;342;1255;124;1255;FACTURE;AAAAAAA;undefined;OTHER;OTHER
invoice-2503.tiff;1;1;2480;3508;308025;356;1201;61;54;356;1201;417;1201;417;1255;356;1255;No;AA;undefined;OTHER;OTHER
invoice-2503.tiff;1;1;2480;3508;308026;750;1201;326;48;750;1201;1076;1201;1076;1249;750;1249;AI-DD-418761-27;AASAASNNNNNNSNN;IN;INVOICE_NUMBER;Invoice Number
invoice-2503.tiff;1;1;2480;3508;308042;1541;1245;129;48;1541;1245;1670;1245;1670;1293;1541;1293;France;AAAAAA;BA;BILLING_ADDRESS;Billing Address
invoice-2503.tiff;1;1;2480;3508;308027;124;1276;165;54;124;1276;289;1276;289;1330;124;1330;CLIENT;AAAAAA;undefined;OTHER;OTHER
invoice-2503.tiff;1;1;2480;3508;308028;303;1276;61;54;303;1276;364;1276;364;1330;303;1330;No;AA;undefined;OTHER;OTHER
invoice-2503.tiff;1;1;2480;3508;308029;750;1276;268;48;750;1276;1018;1276;1018;1324;750;1324;CH-JU-399-85;AASAASNNNSNN;CNUM;CLIENT_NUMBER;Client Number
invoice-2503.tiff;1;1;2480;3508;308043;1541;1335;197;59;1541;1335;1738;1335;1738;1394;1541;1394;Adresse;AAAAAAA;undefined;OTHER;OTHER
invoice-2503.tiff;1;1;2480;3508;308044;1752;1335;58;59;1752;1335;1810;1335;1810;1394;1752;1394;de;AA;undefined;OTHER;OTHER
invoice-2503.tiff;1;1;2480;3508;308045;1825;1335;222;59;1825;1335;2047;1335;2047;1394;1825;1394;Livraison;AAAAAAAAA;undefined;OTHER;OTHER
invoice-2503.tiff;1;1;2480;3508;308030;124;1351;106;54;124;1351;230;1351;230;1405;124;1405;Type;AAAA;undefined;OTHER;OTHER
invoice-2503.tiff;1;1;2480;3508;308031;244;1351;53;54;244;1351;297;1351;297;1405;244;1405;de;AA;undefined;OTHER;OTHER
invoice-2503.tiff;1;1;2480;3508;308032;310;1351;201;54;310;1351;511;1351;511;1405;310;1405;paiement;AAAAAAAA;undefined;OTHER;OTHER
invoice-2503.tiff;1;1;2480;3508;308033;750;1351;57;48;750;1351;807;1351;807;1399;750;1399;CB;AA;PMODE;PAYMENT_MODE;Payment Mode
invoice-2503.tiff;1;1;2480;3508;308046;1541;1394;46;49;1541;1394;1587;1394;1587;1443;1541;1443;M.;AS;SHN;SHIPPING_NAME;Shipping Name
invoice-2503.tiff;1;1;2480;3508;308047;1599;1394;108;49;1599;1394;1707;1394;1707;1443;1599;1443;Lucie;AAAAA;SHN;SHIPPING_NAME;Shipping Name
invoice-2503.tiff;1;1;2480;3508;308048;1719;1394;159;49;1719;1394;1878;1394;1878;1443;1719;1443;Lemaire;AAAAAAA;SHN;SHIPPING_NAME;Shipping Name
invoice-2503.tiff;1;1;2480;3508;308049;1541;1444;57;48;1541;1444;1598;1444;1598;1492;1541;1492;29,;NNS;SHA;SHIPPING_ADDRESS;Shipping Address
invoice-2503.tiff;1;1;2480;3508;308050;1611;1444;60;48;1611;1444;1671;1444;1671;1492;1611;1492;rue;AAA;SHA;SHIPPING_ADDRESS;Shipping Address
invoice-2503.tiff;1;1;2480;3508;308051;1682;1444;144;48;1682;1444;1826;1444;1826;1492;1682;1492;d'hirson;ASAAAAAA;SHA;SHIPPING_ADDRESS;Shipping Address
invoice-2503.tiff;1;1;2480;3508;308052;1541;1492;115;48;1541;1492;1656;1492;1656;1540;1541;1540;59186;NNNNN;SHA;SHIPPING_ADDRESS;Shipping Address
invoice-2503.tiff;1;1;2480;3508;308053;1699;1492;88;48;1699;1492;1787;1492;1787;1540;1699;1540;Anor;AAAA;SHA;SHIPPING_ADDRESS;Shipping Address
invoice-2503.tiff;1;1;2480;3508;308054;1541;1540;129;48;1541;1540;1670;1540;1670;1588;1541;1588;France;AAAAAA;SHA;SHIPPING_ADDRESS;Shipping Address
invoice-2503.tiff;1;1;2480;3508;308055;157;1855;185;54;157;1855;342;1855;342;1909;157;1909;Quantité;AAAAAAAA;undefined;OTHER;OTHER
invoice-2503.tiff;1;1;2480;3508;308056;686;1855;252;54;686;1855;938;1855;938;1909;686;1909;Description;AAAAAAAAAAA;undefined;OTHER;OTHER
invoice-2503.tiff;1;1;2480;3508;308057;1281;1855;86;54;1281;1855;1367;1855;1367;1909;1281;1909;Prix;AAAA;undefined;OTHER;OTHER
invoice-2503.tiff;1;1;2480;3508;308058;1381;1855;170;54;1381;1855;1551;1855;1551;1909;1381;1909;Unitaire;AAAAAAAA;undefined;OTHER;OTHER
invoice-2503.tiff;1;1;2480;3508;308059;1611;1855;106;54;1611;1855;1717;1855;1717;1909;1611;1909;Taux;AAAA;undefined;OTHER;OTHER
invoice-2503.tiff;1;1;2480;3508;308060;1730;1855;53;54;1730;1855;1783;1855;1783;1909;1730;1909;de;AA;undefined;OTHER;OTHER
invoice-2503.tiff;1;1;2480;3508;308061;1797;1855;91;54;1797;1855;1888;1855;1888;1909;1797;1909;TVA;AAA;undefined;OTHER;OTHER
invoice-2503.tiff;1;1;2480;3508;308062;1957;1855;178;54;1957;1855;2135;1855;2135;1909;1957;1909;Montant;AAAAAAA;undefined;OTHER;OTHER
invoice-2503.tiff;1;1;2480;3508;308063;2148;1855;61;54;2148;1855;2209;1855;2209;1909;2148;1909;HT;AA;undefined;OTHER;OTHER
invoice-2503.tiff;1;1;2480;3508;308064;238;1931;23;49;238;1931;261;1931;261;1980;238;1980;1;N;undefined;OTHER;OTHER
invoice-2503.tiff;1;1;2480;3508;308065;375;1931;76;49;375;1931;451;1931;451;1980;375;1980;Bac;AAA;undefined;OTHER;OTHER
invoice-2503.tiff;1;1;2480;3508;308066;463;1931;23;49;463;1931;486;1931;486;1980;463;1980;à;A;undefined;OTHER;OTHER
invoice-2503.tiff;1;1;2480;3508;308067;497;1931;134;49;497;1931;631;1931;631;1980;497;1980;glaçon;AAAAAA;undefined;OTHER;OTHER
invoice-2503.tiff;1;1;2480;3508;308068;643;1931;143;49;643;1931;786;1931;786;1980;643;1980;Cookut;AAAAAA;undefined;OTHER;OTHER
invoice-2503.tiff;1;1;2480;3508;308069;798;1931;104;49;798;1931;902;1931;902;1980;798;1980;Cube;AAAA;undefined;OTHER;OTHER
invoice-2503.tiff;1;1;2480;3508;308070;914;1931;13;49;914;1931;927;1931;927;1980;914;1980;-;S;undefined;OTHER;OTHER
invoice-2503.tiff;1;1;2480;3508;308071;939;1931;81;49;939;1931;1020;1931;1020;1980;939;1980;Vert;AAAA;undefined;OTHER;OTHER
invoice-2503.tiff;1;1;2480;3508;308072;1032;1931;92;49;1032;1931;1124;1931;1124;1980;1032;1980;avec;AAAA;undefined;OTHER;OTHER
invoice-2503.tiff;1;1;2480;3508;308073;1136;1931;108;49;1136;1931;1244;1931;1244;1980;1136;1980;pince;AAAAA;undefined;OTHER;OTHER
invoice-2503.tiff;1;1;2480;3508;308076;1314;1931;104;49;1314;1931;1418;1931;1418;1980;1314;1980;10,75;NNSNN;undefined;OTHER;OTHER
invoice-2503.tiff;1;1;2480;3508;308077;1430;1931;87;49;1430;1931;1517;1931;1517;1980;1430;1980;USD;AAA;undefined;OTHER;OTHER
invoice-2503.tiff;1;1;2480;3508;308078;1690;1931;118;49;1690;1931;1808;1931;1808;1980;1690;1980;20.0%;NNSNS;undefined;OTHER;OTHER
invoice-2503.tiff;1;1;2480;3508;308079;1981;1931;104;49;1981;1931;2085;1931;2085;1980;1981;1980;10,75;NNSNN;undefined;OTHER;OTHER
invoice-2503.tiff;1;1;2480;3508;308080;2097;1931;87;49;2097;1931;2184;1931;2184;1980;2097;1980;USD;AAA;undefined;OTHER;OTHER
invoice-2503.tiff;1;1;2480;3508;308074;375;1980;48;49;375;1980;423;1980;423;2029;375;2029;de;AA;undefined;OTHER;OTHER
invoice-2503.tiff;1;1;2480;3508;308075;435;1980;143;49;435;1980;578;1980;578;2029;435;2029;service;AAAAAAA;undefined;OTHER;OTHER
invoice-2503.tiff;1;1;2480;3508;308081;238;2072;23;49;238;2072;261;2072;261;2121;238;2121;2;N;undefined;OTHER;OTHER
invoice-2503.tiff;1;1;2480;3508;308082;375;2072;150;49;375;2072;525;2072;525;2121;375;2121;Casque;AAAAAA;undefined;OTHER;OTHER
invoice-2503.tiff;1;1;2480;3508;308083;537;2072;141;49;537;2072;678;2072;678;2121;537;2121;Arceau;AAAAAA;undefined;OTHER;OTHER
invoice-2503.tiff;1;1;2480;3508;308084;689;2072;136;49;689;2072;825;2072;825;2121;689;2121;Philips;AAAAAAA;undefined;OTHER;OTHER
invoice-2503.tiff;1;1;2480;3508;308085;838;2072;176;49;838;2072;1014;2072;1014;2121;838;2121;SHL3065;AAANNNN;undefined;OTHER;OTHER
invoice-2503.tiff;1;1;2480;3508;308086;1025;2072;78;49;1025;2072;1103;2072;1103;2121;1025;2121;noir;AAAA;undefined;OTHER;OTHER
invoice-2503.tiff;1;1;2480;3508;308087;1314;2072;104;49;1314;2072;1418;2072;1418;2121;1314;2121;24,99;NNSNN;undefined;OTHER;OTHER
invoice-2503.tiff;1;1;2480;3508;308088;1430;2072;87;49;1430;2072;1517;2072;1517;2121;1430;2121;USD;AAA;undefined;OTHER;OTHER
invoice-2503.tiff;1;1;2480;3508;308089;1690;2072;118;49;1690;2072;1808;2072;1808;2121;1690;2121;20.0%;NNSNS;undefined;OTHER;OTHER
invoice-2503.tiff;1;1;2480;3508;308090;1981;2072;104;49;1981;2072;2085;2072;2085;2121;1981;2121;49,98;NNSNN;undefined;OTHER;OTHER
invoice-2503.tiff;1;1;2480;3508;308091;2097;2072;87;49;2097;2072;2184;2072;2184;2121;2097;2121;USD;AAA;undefined;OTHER;OTHER
invoice-2503.tiff;1;1;2480;3508;308092;238;2163;23;49;238;2163;261;2163;261;2212;238;2212;4;N;undefined;OTHER;OTHER
invoice-2503.tiff;1;1;2480;3508;308093;375;2163;94;49;375;2163;469;2163;469;2212;375;2212;Lave;AAAA;undefined;OTHER;OTHER
invoice-2503.tiff;1;1;2480;3508;308094;481;2163;173;49;481;2163;654;2163;654;2212;481;2212;vaisselle;AAAAAAAAA;undefined;OTHER;OTHER
invoice-2503.tiff;1;1;2480;3508;308095;666;2163;231;49;666;2163;897;2163;897;2212;666;2212;encastrable;AAAAAAAAAAA;undefined;OTHER;OTHER
invoice-2503.tiff;1;1;2480;3508;308096;910;2163;104;49;910;2163;1014;2163;1014;2212;910;2212;Miele;AAAAA;undefined;OTHER;OTHER
invoice-2503.tiff;1;1;2480;3508;308097;1025;2163;32;49;1025;2163;1057;2163;1057;2212;1025;2212;G;A;undefined;OTHER;OTHER
invoice-2503.tiff;1;1;2480;3508;308098;1069;2163;92;49;1069;2163;1161;2163;1161;2212;1069;2212;4942;NNNN;undefined;OTHER;OTHER
invoice-2503.tiff;1;1;2480;3508;308100;1303;2163;127;49;1303;2163;1430;2163;1430;2212;1303;2212;832,50;NNNSNN;undefined;OTHER;OTHER
invoice-2503.tiff;1;1;2480;3508;308101;1442;2163;87;49;1442;2163;1529;2163;1529;2212;1442;2212;USD;AAA;undefined;OTHER;OTHER
invoice-2503.tiff;1;1;2480;3508;308102;1690;2163;118;49;1690;2163;1808;2163;1808;2212;1690;2212;20.0%;NNSNS;undefined;OTHER;OTHER
invoice-2503.tiff;1;1;2480;3508;308103;1958;2163;150;49;1958;2163;2108;2163;2108;2212;1958;2212;3330,00;NNNNSNN;undefined;OTHER;OTHER
invoice-2503.tiff;1;1;2480;3508;308104;2120;2163;87;49;2120;2163;2207;2163;2207;2212;2120;2212;USD;AAA;undefined;OTHER;OTHER
invoice-2503.tiff;1;1;2480;3508;308099;375;2212;87;49;375;2212;462;2212;462;2261;375;2261;SCU;AAA;undefined;OTHER;OTHER
invoice-2503.tiff;1;1;2480;3508;308105;238;2304;23;49;238;2304;261;2304;261;2353;238;2353;1;N;undefined;OTHER;OTHER
invoice-2503.tiff;1;1;2480;3508;308106;375;2304;166;49;375;2304;541;2304;541;2353;375;2353;Machine;AAAAAAA;undefined;OTHER;OTHER
invoice-2503.tiff;1;1;2480;3508;308107;553;2304;23;49;553;2304;576;2304;576;2353;553;2353;à;A;undefined;OTHER;OTHER
invoice-2503.tiff;1;1;2480;3508;308108;588;2304;138;49;588;2304;726;2304;726;2353;588;2353;coudre;AAAAAA;undefined;OTHER;OTHER
invoice-2503.tiff;1;1;2480;3508;308109;738;2304;157;49;738;2304;895;2304;895;2353;738;2353;Janome;AAAAAA;undefined;OTHER;OTHER
invoice-2503.tiff;1;1;2480;3508;308110;907;2304;152;49;907;2304;1059;2304;1059;2353;907;2353;DC5030;AANNNN;undefined;OTHER;OTHER
invoice-2503.tiff;1;1;2480;3508;308111;1303;2304;127;49;1303;2304;1430;2304;1430;2353;1303;2353;415,83;NNNSNN;undefined;OTHER;OTHER
invoice-2503.tiff;1;1;2480;3508;308112;1442;2304;87;49;1442;2304;1529;2304;1529;2353;1442;2353;USD;AAA;undefined;OTHER;OTHER
invoice-2503.tiff;1;1;2480;3508;308113;1690;2304;118;49;1690;2304;1808;2304;1808;2353;1690;2353;20.0%;NNSNS;undefined;OTHER;OTHER
invoice-2503.tiff;1;1;2480;3508;308114;1969;2304;127;49;1969;2304;2096;2304;2096;2353;1969;2353;415,83;NNNSNN;undefined;OTHER;OTHER
invoice-2503.tiff;1;1;2480;3508;308115;2108;2304;87;49;2108;2304;2195;2304;2195;2353;2108;2353;USD;AAA;undefined;OTHER;OTHER
invoice-2503.tiff;1;1;2480;3508;308116;1395;2437;152;54;1395;2437;1547;2437;1547;2491;1395;2491;TOTAL;AAAAA;undefined;OTHER;OTHER
invoice-2503.tiff;1;1;2480;3508;308117;1561;2437;175;54;1561;2437;1736;2437;1736;2491;1561;2491;REMISE;AAAAAA;undefined;OTHER;OTHER
invoice-2503.tiff;1;1;2480;3508;308118;1749;2437;257;54;1749;2437;2006;2437;2006;2491;1749;2491;IMMEDIATE;AAAAAAAAA;undefined;OTHER;OTHER
invoice-2503.tiff;1;1;2480;3508;308119;2027;2437;81;49;2027;2437;2108;2437;2108;2486;2027;2486;0,00;NSNN;undefined;OTHER;OTHER
invoice-2503.tiff;1;1;2480;3508;308120;2120;2437;87;49;2120;2437;2207;2437;2207;2486;2120;2486;USD;AAA;undefined;OTHER;OTHER
invoice-2503.tiff;1;1;2480;3508;308121;1664;2491;178;54;1664;2491;1842;2491;1842;2545;1664;2545;Montant;AAAAAAA;undefined;OTHER;OTHER
invoice-2503.tiff;1;1;2480;3508;308122;1855;2491;61;54;1855;2491;1916;2491;1916;2545;1855;2545;HT;AA;undefined;OTHER;OTHER
invoice-2503.tiff;1;1;2480;3508;308123;1958;2491;150;49;1958;2491;2108;2491;2108;2540;1958;2540;3806,57;NNNNSNN;TWTX;TOTAL_WITHOUT_TAX;TWTXS
invoice-2503.tiff;1;1;2480;3508;308124;2120;2491;87;49;2120;2491;2207;2491;2207;2540;2120;2540;USD;AAA;TWTX;TOTAL_WITHOUT_TAX;TWTXS
invoice-2503.tiff;1;1;2480;3508;308125;1770;2546;106;54;1770;2546;1876;2546;1876;2600;1770;2600;Taux;AAAA;undefined;OTHER;OTHER
invoice-2503.tiff;1;1;2480;3508;308126;1890;2546;53;54;1890;2546;1943;2546;1943;2600;1890;2600;de;AA;undefined;OTHER;OTHER
invoice-2503.tiff;1;1;2480;3508;308127;1956;2546;91;54;1956;2546;2047;2546;2047;2600;1956;2600;TVA;AAA;undefined;OTHER;OTHER
invoice-2503.tiff;1;1;2480;3508;308128;2090;2546;118;49;2090;2546;2208;2546;2208;2595;2090;2595;20.0%;NNSNS;TXR;TAX_RATE;Tax Rate
invoice-2503.tiff;1;1;2480;3508;308129;1848;2600;91;54;1848;2600;1939;2600;1939;2654;1848;2654;TVA;AAA;undefined;OTHER;OTHER
invoice-2503.tiff;1;1;2480;3508;308130;1981;2600;127;49;1981;2600;2108;2600;2108;2649;1981;2649;761,31;NNNSNN;TTX;TOTAL_TAX;Total Tax
invoice-2503.tiff;1;1;2480;3508;308131;2120;2600;87;49;2120;2600;2207;2600;2207;2649;2120;2649;USD;AAA;TTX;TOTAL_TAX;Total Tax
invoice-2503.tiff;1;1;2480;3508;308132;1705;2655;109;54;1705;2655;1814;2655;1814;2709;1705;2709;Total;AAAAA;undefined;OTHER;OTHER
invoice-2503.tiff;1;1;2480;3508;308133;1827;2655;89;54;1827;2655;1916;2655;1916;2709;1827;2709;TTC;AAA;undefined;OTHER;OTHER
invoice-2503.tiff;1;1;2480;3508;308134;1958;2655;150;49;1958;2655;2108;2655;2108;2704;1958;2704;4567,88;NNNNSNN;TA;TOTAL_AMOUNT;Total with TAX
invoice-2503.tiff;1;1;2480;3508;308135;2120;2655;87;49;2120;2655;2207;2655;2207;2704;2120;2704;USD;AAA;TA;TOTAL_AMOUNT;Total with TAX
invoice-2503.tiff;1;1;2480;3508;308136;124;3154;37;49;124;3154;161;3154;161;3203;124;3203;F.;AS;SN;SUPPLIER_NAME;Seller/Company) name
invoice-2503.tiff;1;1;2480;3508;308137;173;3154;196;49;173;3154;369;3154;369;3203;173;3203;LECLERC;AAAAAAA;SN;SUPPLIER_NAME;Seller/Company) name
invoice-2503.tiff;1;1;2480;3508;308138;124;3203;46;48;124;3203;170;3203;170;3251;124;3251;10;NN;SA;SUPPLIER_ADDRESS;Seller Address
invoice-2503.tiff;1;1;2480;3508;308139;182;3203;150;48;182;3203;332;3203;332;3251;182;3251;GRAND;AAAAA;SA;SUPPLIER_ADDRESS;Seller Address
invoice-2503.tiff;1;1;2480;3508;308140;344;3203;87;48;344;3203;431;3203;431;3251;344;3251;RUE;AAA;SA;SUPPLIER_ADDRESS;Seller Address
invoice-2503.tiff;1;1;2480;3508;308141;124;3251;115;48;124;3251;239;3251;239;3299;124;3299;16200;NNNNN;SA;SUPPLIER_ADDRESS;Seller Address
invoice-2503.tiff;1;1;2480;3508;308142;282;3251;166;48;282;3251;448;3251;448;3299;282;3299;JARNAC;AAAAAA;SA;SUPPLIER_ADDRESS;Seller Address
invoice-2503.tiff;1;1;2480;3508;308143;124;3300;171;48;124;3300;295;3300;295;3348;124;3348;FRANCE;AAAAAA;SA;SUPPLIER_ADDRESS;Seller Address
