src;num_pages;page_id;page_width;page_height;id;col;row;width;height;x1;y1;x2;y2;x3;y3;x4;y4;contents;contents_masked;correctclass;tag;description
invoice-1783.tiff;1;1;2480;3508;218445;124;62;159;175;124;62;283;62;283;237;124;237;common/logo;AAAAAASAAAA;img;IMAGE;Image
invoice-1783.tiff;1;1;2480;3508;218457;1541;258;127;57;1541;258;1668;258;1668;315;1541;315;Dated;AAAAA;undefined;OTHER;OTHER
invoice-1783.tiff;1;1;2480;3508;218458;1731;258;63;50;1731;258;1794;258;1794;308;1731;308;abr;AAA;IDATE;INVOICE_DATE;Invoice Date
invoice-1783.tiff;1;1;2480;3508;218459;1807;258;57;50;1807;258;1864;258;1864;308;1807;308;22,;NNS;IDATE;INVOICE_DATE;Invoice Date
invoice-1783.tiff;1;1;2480;3508;218460;1875;258;91;50;1875;258;1966;258;1966;308;1875;308;2008;NNNN;IDATE;INVOICE_DATE;Invoice Date
invoice-1783.tiff;1;1;2480;3508;218446;124;412;231;48;124;412;355;412;355;460;124;460;CHESNEAU;AAAAAAAA;SN;SUPPLIER_NAME;Seller/Company) name
invoice-1783.tiff;1;1;2480;3508;218447;366;412;379;48;366;412;745;412;745;460;366;460;ENVIRONNEMENT;AAAAAAAAAAAAA;SN;SUPPLIER_NAME;Seller/Company) name
invoice-1783.tiff;1;1;2480;3508;218448;124;460;48;45;124;460;172;460;172;505;124;505;LA;AA;SA;SUPPLIER_ADDRESS;Seller Address
invoice-1783.tiff;1;1;2480;3508;218449;184;460;205;45;184;460;389;460;389;505;184;505;COCHERIE;AAAAAAAA;SA;SUPPLIER_ADDRESS;Seller Address
invoice-1783.tiff;1;1;2480;3508;218450;124;506;104;45;124;506;228;506;228;551;124;551;53240;NNNNN;SA;SUPPLIER_ADDRESS;Seller Address
invoice-1783.tiff;1;1;2480;3508;218451;270;506;166;45;270;506;436;506;436;551;270;551;ALEXAIN;AAAAAAA;SA;SUPPLIER_ADDRESS;Seller Address
invoice-1783.tiff;1;1;2480;3508;218452;124;552;157;45;124;552;281;552;281;597;124;597;FRANCE;AAAAAA;SA;SUPPLIER_ADDRESS;Seller Address
invoice-1783.tiff;1;1;2480;3508;218453;124;598;106;45;124;598;230;598;230;643;124;643;Phone;AAAAA;undefined;OTHER;OTHER
invoice-1783.tiff;1;1;2480;3508;218454;293;598;263;45;293;598;556;598;556;643;293;643;06-47-70-34-04;NNSNNSNNSNNSNN;SCN;SUPPLIER_CONTACT_NUMBER;Seller Contact Number
invoice-1783.tiff;1;1;2480;3508;218455;124;643;64;45;124;643;188;643;188;688;124;688;Fax;AAA;undefined;OTHER;OTHER
invoice-1783.tiff;1;1;2480;3508;218456;252;643;263;45;252;643;515;643;515;688;252;688;06-47-70-66-72;NNSNNSNNSNNSNN;SFAX;SUPPLIER_FAX_NUMBER;Seller Fax Number
invoice-1783.tiff;1;1;2480;3508;218461;124;1073;108;48;124;1073;232;1073;232;1121;124;1121;Robin;AAAAA;BN;BILLING_NAME;Billing Name
invoice-1783.tiff;1;1;2480;3508;218462;244;1073;101;48;244;1073;345;1073;345;1121;244;1121;Doyle;AAAAA;BN;BILLING_NAME;Billing Name
invoice-1783.tiff;1;1;2480;3508;218463;124;1121;52;45;124;1121;176;1121;176;1166;124;1166;98,;NNS;BA;BILLING_ADDRESS;Billing Address
invoice-1783.tiff;1;1;2480;3508;218464;187;1121;55;45;187;1121;242;1121;242;1166;187;1166;rue;AAA;BA;BILLING_ADDRESS;Billing Address
invoice-1783.tiff;1;1;2480;3508;218465;253;1121;131;45;253;1121;384;1121;384;1166;253;1166;georges;AAAAAAA;BA;BILLING_ADDRESS;Billing Address
invoice-1783.tiff;1;1;2480;3508;218466;395;1121;83;45;395;1121;478;1121;478;1166;395;1166;potie;AAAAA;BA;BILLING_ADDRESS;Billing Address
invoice-1783.tiff;1;1;2480;3508;218467;124;1167;104;45;124;1167;228;1167;228;1212;124;1212;59120;NNNNN;BA;BILLING_ADDRESS;Billing Address
invoice-1783.tiff;1;1;2480;3508;218468;270;1167;81;45;270;1167;351;1167;351;1212;270;1212;Loos;AAAA;BA;BILLING_ADDRESS;Billing Address
invoice-1783.tiff;1;1;2480;3508;218482;1541;1206;142;52;1541;1206;1683;1206;1683;1258;1541;1258;Invoice;AAAAAAA;undefined;OTHER;OTHER
invoice-1783.tiff;1;1;2480;3508;218483;1695;1206;50;52;1695;1206;1745;1206;1745;1258;1695;1258;ID;AA;undefined;OTHER;OTHER
invoice-1783.tiff;1;1;2480;3508;218484;2166;1206;222;46;2166;1206;2388;1206;2388;1252;2166;1252;4585-731643;NNNNSNNNNNN;IN;INVOICE_NUMBER;Invoice Number
invoice-1783.tiff;1;1;2480;3508;218469;124;1213;120;45;124;1213;244;1213;244;1258;124;1258;France;AAAAAA;BA;BILLING_ADDRESS;Billing Address
invoice-1783.tiff;1;1;2480;3508;218485;1541;1280;122;52;1541;1280;1663;1280;1663;1332;1541;1332;Order;AAAAA;undefined;OTHER;OTHER
invoice-1783.tiff;1;1;2480;3508;218486;1675;1280;50;52;1675;1280;1725;1280;1725;1332;1675;1332;ID;AA;undefined;OTHER;OTHER
invoice-1783.tiff;1;1;2480;3508;218487;2166;1280;138;46;2166;1280;2304;1280;2304;1326;2166;1326;883-973;NNNSNNN;ONUM;ORDER_NUMBER;Order Number
invoice-1783.tiff;1;1;2480;3508;218470;124;1301;105;57;124;1301;229;1301;229;1358;124;1358;Send;AAAA;undefined;OTHER;OTHER
invoice-1783.tiff;1;1;2480;3508;218471;243;1301;58;57;243;1301;301;1301;301;1358;243;1358;To;AA;undefined;OTHER;OTHER
invoice-1783.tiff;1;1;2480;3508;218472;124;1358;108;48;124;1358;232;1358;232;1406;124;1406;Robin;AAAAA;SHN;SHIPPING_NAME;Shipping Name
invoice-1783.tiff;1;1;2480;3508;218473;244;1358;101;48;244;1358;345;1358;345;1406;244;1406;Doyle;AAAAA;SHN;SHIPPING_NAME;Shipping Name
invoice-1783.tiff;1;1;2480;3508;218474;124;1406;52;45;124;1406;176;1406;176;1451;124;1451;13,;NNS;SHA;SHIPPING_ADDRESS;Shipping Address
invoice-1783.tiff;1;1;2480;3508;218475;187;1406;168;45;187;1406;355;1406;355;1451;187;1451;boulevard;AAAAAAAAA;SHA;SHIPPING_ADDRESS;Shipping Address
invoice-1783.tiff;1;1;2480;3508;218476;366;1406;41;45;366;1406;407;1406;407;1451;366;1451;du;AA;SHA;SHIPPING_ADDRESS;Shipping Address
invoice-1783.tiff;1;1;2480;3508;218477;418;1406;145;45;418;1406;563;1406;563;1451;418;1451;quatorze;AAAAAAAA;SHA;SHIPPING_ADDRESS;Shipping Address
invoice-1783.tiff;1;1;2480;3508;218478;575;1406;97;45;575;1406;672;1406;672;1451;575;1451;juillet;AAAAAAA;SHA;SHIPPING_ADDRESS;Shipping Address
invoice-1783.tiff;1;1;2480;3508;218479;124;1452;104;45;124;1452;228;1452;228;1497;124;1497;10000;NNNNN;SHA;SHIPPING_ADDRESS;Shipping Address
invoice-1783.tiff;1;1;2480;3508;218480;270;1452;113;45;270;1452;383;1452;383;1497;270;1497;Troyes;AAAAAA;SHA;SHIPPING_ADDRESS;Shipping Address
invoice-1783.tiff;1;1;2480;3508;218481;124;1498;120;45;124;1498;244;1498;244;1543;124;1543;France;AAAAAA;SHA;SHIPPING_ADDRESS;Shipping Address
invoice-1783.tiff;1;1;2480;3508;218488;364;1821;157;52;364;1821;521;1821;521;1873;364;1873;Product;AAAAAAA;undefined;OTHER;OTHER
invoice-1783.tiff;1;1;2480;3508;218489;533;1821;226;52;533;1821;759;1821;759;1873;533;1873;Description;AAAAAAAAAAA;undefined;OTHER;OTHER
invoice-1783.tiff;1;1;2480;3508;218490;1037;1821;175;52;1037;1821;1212;1821;1212;1873;1037;1873;Quantity;AAAAAAAA;undefined;OTHER;OTHER
invoice-1783.tiff;1;1;2480;3508;218491;1316;1821;86;52;1316;1821;1402;1821;1402;1873;1316;1873;Unit;AAAA;undefined;OTHER;OTHER
invoice-1783.tiff;1;1;2480;3508;218492;1414;1821;101;52;1414;1821;1515;1821;1515;1873;1414;1873;Price;AAAAA;undefined;OTHER;OTHER
invoice-1783.tiff;1;1;2480;3508;218493;1650;1821;96;52;1650;1821;1746;1821;1746;1873;1650;1873;TVA;AAA;undefined;OTHER;OTHER
invoice-1783.tiff;1;1;2480;3508;218494;1758;1821;91;52;1758;1821;1849;1821;1849;1873;1758;1873;Rate;AAAA;undefined;OTHER;OTHER
invoice-1783.tiff;1;1;2480;3508;218495;2031;1821;104;52;2031;1821;2135;1821;2135;1873;2031;1873;Total;AAAAA;undefined;OTHER;OTHER
invoice-1783.tiff;1;1;2480;3508;218496;124;1895;143;48;124;1895;267;1895;267;1943;124;1943;Batterie;AAAAAAAA;undefined;OTHER;OTHER
invoice-1783.tiff;1;1;2480;3508;218497;278;1895;131;48;278;1895;409;1895;409;1943;278;1943;externe;AAAAAAA;undefined;OTHER;OTHER
invoice-1783.tiff;1;1;2480;3508;218498;421;1895;180;48;421;1895;601;1895;601;1943;421;1943;Essentielb;AAAAAAAAAA;undefined;OTHER;OTHER
invoice-1783.tiff;1;1;2480;3508;218499;612;1895;20;48;612;1895;632;1895;632;1943;612;1943;5;N;undefined;OTHER;OTHER
invoice-1783.tiff;1;1;2480;3508;218500;643;1895;62;48;643;1895;705;1895;705;1943;643;1943;000;NNN;undefined;OTHER;OTHER
invoice-1783.tiff;1;1;2480;3508;218501;716;1895;87;48;716;1895;803;1895;803;1943;716;1943;mAh;AAA;undefined;OTHER;OTHER
invoice-1783.tiff;1;1;2480;3508;218502;814;1895;166;48;814;1895;980;1895;980;1943;814;1943;Weekend;AAAAAAA;undefined;OTHER;OTHER
invoice-1783.tiff;1;1;2480;3508;218506;1114;1895;20;48;1114;1895;1134;1895;1134;1943;1114;1943;1;N;undefined;OTHER;OTHER
invoice-1783.tiff;1;1;2480;3508;218507;1320;1895;93;48;1320;1895;1413;1895;1413;1943;1320;1943;16,66;NNSNN;undefined;OTHER;OTHER
invoice-1783.tiff;1;1;2480;3508;218508;1424;1895;87;48;1424;1895;1511;1895;1511;1943;1424;1943;EUR;AAA;undefined;OTHER;OTHER
invoice-1783.tiff;1;1;2480;3508;218509;1692;1895;114;48;1692;1895;1806;1895;1806;1943;1692;1943;20.0%;NNSNS;undefined;OTHER;OTHER
invoice-1783.tiff;1;1;2480;3508;218510;1987;1895;93;48;1987;1895;2080;1895;2080;1943;1987;1943;16,66;NNSNN;undefined;OTHER;OTHER
invoice-1783.tiff;1;1;2480;3508;218511;2091;1895;87;48;2091;1895;2178;1895;2178;1943;2091;1943;EUR;AAA;undefined;OTHER;OTHER
invoice-1783.tiff;1;1;2480;3508;218503;124;1943;104;48;124;1943;228;1943;228;1991;124;1991;micro;AAAAA;undefined;OTHER;OTHER
invoice-1783.tiff;1;1;2480;3508;218504;239;1943;62;48;239;1943;301;1943;301;1991;239;1991;usb;AAA;undefined;OTHER;OTHER
invoice-1783.tiff;1;1;2480;3508;218505;312;1943;115;48;312;1943;427;1943;427;1991;312;1991;-Blanc;SAAAAA;undefined;OTHER;OTHER
invoice-1783.tiff;1;1;2480;3508;218512;124;2033;245;48;124;2033;369;2033;369;2081;124;2081;Réfrigérateur;AAAAAAAAAAAAA;undefined;OTHER;OTHER
invoice-1783.tiff;1;1;2480;3508;218513;380;2033;20;48;380;2033;400;2033;400;2081;380;2081;1;N;undefined;OTHER;OTHER
invoice-1783.tiff;1;1;2480;3508;218514;411;2033;94;48;411;2033;505;2033;505;2081;411;2081;porte;AAAAA;undefined;OTHER;OTHER
invoice-1783.tiff;1;1;2480;3508;218515;517;2033;203;48;517;2033;720;2033;720;2081;517;2081;encastrable;AAAAAAAAAAA;undefined;OTHER;OTHER
invoice-1783.tiff;1;1;2480;3508;218516;731;2033;76;48;731;2033;807;2033;807;2081;731;2081;Neff;AAAA;undefined;OTHER;OTHER
invoice-1783.tiff;1;1;2480;3508;218518;1114;2033;20;48;1114;2033;1134;2033;1134;2081;1114;2081;3;N;undefined;OTHER;OTHER
invoice-1783.tiff;1;1;2480;3508;218519;1310;2033;114;48;1310;2033;1424;2033;1424;2081;1310;2081;708,33;NNNSNN;undefined;OTHER;OTHER
invoice-1783.tiff;1;1;2480;3508;218520;1435;2033;87;48;1435;2033;1522;2033;1522;2081;1435;2081;EUR;AAA;undefined;OTHER;OTHER
invoice-1783.tiff;1;1;2480;3508;218521;1692;2033;114;48;1692;2033;1806;2033;1806;2081;1692;2081;20.0%;NNSNS;undefined;OTHER;OTHER
invoice-1783.tiff;1;1;2480;3508;218522;1966;2033;135;48;1966;2033;2101;2033;2101;2081;1966;2081;2124,98;NNNNSNN;undefined;OTHER;OTHER
invoice-1783.tiff;1;1;2480;3508;218523;2112;2033;87;48;2112;2033;2199;2033;2199;2081;2112;2081;EUR;AAA;undefined;OTHER;OTHER
invoice-1783.tiff;1;1;2480;3508;218517;124;2081;196;48;124;2081;320;2081;320;2129;124;2129;KI2822S30;AANNNNANN;undefined;OTHER;OTHER
invoice-1783.tiff;1;1;2480;3508;218524;1855;2212;165;51;1855;2212;2020;2212;2020;2263;1855;2263;Discount;AAAAAAAA;undefined;OTHER;OTHER
invoice-1783.tiff;1;1;2480;3508;218525;2041;2212;72;46;2041;2212;2113;2212;2113;2258;2041;2258;0,00;NSNN;undefined;OTHER;OTHER
invoice-1783.tiff;1;1;2480;3508;218526;2125;2212;83;46;2125;2212;2208;2212;2208;2258;2125;2258;EUR;AAA;undefined;OTHER;OTHER
invoice-1783.tiff;1;1;2480;3508;218527;1840;2263;96;51;1840;2263;1936;2263;1936;2314;1840;2314;Total;AAAAA;undefined;OTHER;OTHER
invoice-1783.tiff;1;1;2480;3508;218528;1979;2263;135;46;1979;2263;2114;2263;2114;2309;1979;2309;2141,63;NNNNSNN;TWTX;TOTAL_WITHOUT_TAX;TWTXS
invoice-1783.tiff;1;1;2480;3508;218529;2125;2263;83;46;2125;2263;2208;2263;2208;2309;2125;2309;EUR;AAA;TWTX;TOTAL_WITHOUT_TAX;TWTXS
invoice-1783.tiff;1;1;2480;3508;218530;1725;2315;71;51;1725;2315;1796;2315;1796;2366;1725;2366;Tax;AAA;undefined;OTHER;OTHER
invoice-1783.tiff;1;1;2480;3508;218531;1808;2315;150;51;1808;2315;1958;2315;1958;2366;1808;2366;Amount;AAAAAA;undefined;OTHER;OTHER
invoice-1783.tiff;1;1;2480;3508;218532;1999;2315;114;46;1999;2315;2113;2315;2113;2361;1999;2361;428,33;NNNSNN;TTX;TOTAL_TAX;Total Tax
invoice-1783.tiff;1;1;2480;3508;218533;2125;2315;83;46;2125;2315;2208;2315;2208;2361;2125;2361;EUR;AAA;TTX;TOTAL_TAX;Total Tax
invoice-1783.tiff;1;1;2480;3508;218534;1662;2366;150;51;1662;2366;1812;2366;1812;2417;1662;2417;Amount;AAAAAA;undefined;OTHER;OTHER
invoice-1783.tiff;1;1;2480;3508;218535;1824;2366;35;51;1824;2366;1859;2366;1859;2417;1824;2417;to;AA;undefined;OTHER;OTHER
invoice-1783.tiff;1;1;2480;3508;218536;1871;2366;66;51;1871;2366;1937;2366;1937;2417;1871;2417;pay;AAA;undefined;OTHER;OTHER
invoice-1783.tiff;1;1;2480;3508;218537;1979;2366;135;46;1979;2366;2114;2366;2114;2412;1979;2412;2569,96;NNNNSNN;TA;TOTAL_AMOUNT;Total with TAX
invoice-1783.tiff;1;1;2480;3508;218538;2125;2366;83;46;2125;2366;2208;2366;2208;2412;2125;2412;EUR;AAA;TA;TOTAL_AMOUNT;Total with TAX
invoice-1783.tiff;1;1;2480;3508;218539;1541;2745;119;52;1541;2745;1660;2745;1660;2797;1541;2797;Payed;AAAAA;undefined;OTHER;OTHER
invoice-1783.tiff;1;1;2480;3508;218540;1672;2745;157;52;1672;2745;1829;2745;1829;2797;1672;2797;through;AAAAAAA;undefined;OTHER;OTHER
invoice-1783.tiff;1;1;2480;3508;218541;2166;2745;127;46;2166;2745;2293;2745;2293;2791;2166;2791;Cheque;AAAAAA;PMODE;PAYMENT_MODE;Payment Mode
invoice-1783.tiff;1;1;2480;3508;218542;876;3154;231;48;876;3154;1107;3154;1107;3202;876;3202;CHESNEAU;AAAAAAAA;SN;SUPPLIER_NAME;Seller/Company) name
invoice-1783.tiff;1;1;2480;3508;218543;1118;3154;379;48;1118;3154;1497;3154;1497;3202;1118;3202;ENVIRONNEMENT;AAAAAAAAAAAAA;SN;SUPPLIER_NAME;Seller/Company) name
invoice-1783.tiff;1;1;2480;3508;218544;789;3202;48;45;789;3202;837;3202;837;3247;789;3247;LA;AA;SA;SUPPLIER_ADDRESS;Seller Address
invoice-1783.tiff;1;1;2480;3508;218545;848;3202;205;45;848;3202;1053;3202;1053;3247;848;3247;COCHERIE;AAAAAAAA;SA;SUPPLIER_ADDRESS;Seller Address
invoice-1783.tiff;1;1;2480;3508;218546;1062;3202;13;45;1062;3202;1075;3202;1075;3247;1062;3247;-;S;SA;SUPPLIER_ADDRESS;Seller Address
invoice-1783.tiff;1;1;2480;3508;218547;1087;3202;104;45;1087;3202;1191;3202;1191;3247;1087;3247;53240;NNNNN;SA;SUPPLIER_ADDRESS;Seller Address
invoice-1783.tiff;1;1;2480;3508;218548;1210;3202;166;45;1210;3202;1376;3202;1376;3247;1210;3247;ALEXAIN;AAAAAAA;SA;SUPPLIER_ADDRESS;Seller Address
invoice-1783.tiff;1;1;2480;3508;218549;1385;3202;13;45;1385;3202;1398;3202;1398;3247;1385;3247;-;S;SA;SUPPLIER_ADDRESS;Seller Address
invoice-1783.tiff;1;1;2480;3508;218550;1409;3202;157;45;1409;3202;1566;3202;1566;3247;1409;3247;FRANCE;AAAAAA;SA;SUPPLIER_ADDRESS;Seller Address
