src;num_pages;page_id;page_width;page_height;id;col;row;width;height;x1;y1;x2;y2;x3;y3;x4;y4;contents;contents_masked;correctclass;tag;description
invoice-1198.tiff;1;1;2480;3508;146883;1187;62;516;175;1187;62;1703;62;1703;237;1187;237;common/logo;AAAAAASAAAA;img;IMAGE;Image
invoice-1198.tiff;1;1;2480;3508;146880;124;270;172;59;124;270;296;270;296;329;124;329;Invoice;AAAAAAA;undefined;OTHER;OTHER
invoice-1198.tiff;1;1;2480;3508;146881;311;270;50;59;311;270;361;270;361;329;311;329;ID;AA;undefined;OTHER;OTHER
invoice-1198.tiff;1;1;2480;3508;146882;423;270;361;52;423;270;784;270;784;322;423;322;422-05241-13313;NNNSNNNNNSNNNNN;IN;INVOICE_NUMBER;Invoice Number
invoice-1198.tiff;1;1;2480;3508;146884;1187;412;55;49;1187;412;1242;412;1242;461;1187;461;LA;AA;SN;SUPPLIER_NAME;Seller/Company) name
invoice-1198.tiff;1;1;2480;3508;146885;1254;412;175;49;1254;412;1429;412;1429;461;1254;461;CIVETTE;AAAAAAA;SN;SUPPLIER_NAME;Seller/Company) name
invoice-1198.tiff;1;1;2480;3508;146886;1187;462;46;48;1187;462;1233;462;1233;510;1187;510;14;NN;SA;SUPPLIER_ADDRESS;Seller Address
invoice-1198.tiff;1;1;2480;3508;146887;1245;462;136;48;1245;462;1381;462;1381;510;1245;510;PLACE;AAAAA;SA;SUPPLIER_ADDRESS;Seller Address
invoice-1198.tiff;1;1;2480;3508;146888;1393;462;175;48;1393;462;1568;462;1568;510;1393;510;CARNOT;AAAAAA;SA;SUPPLIER_ADDRESS;Seller Address
invoice-1198.tiff;1;1;2480;3508;146889;1577;462;11;48;1577;462;1588;462;1588;510;1577;510;,;S;SA;SUPPLIER_ADDRESS;Seller Address
invoice-1198.tiff;1;1;2480;3508;146890;1601;462;115;48;1601;462;1716;462;1716;510;1601;510;73100;NNNNN;SA;SUPPLIER_ADDRESS;Seller Address
invoice-1198.tiff;1;1;2480;3508;146891;1725;462;67;48;1725;462;1792;462;1792;510;1725;510;AIX;AAA;SA;SUPPLIER_ADDRESS;Seller Address
invoice-1198.tiff;1;1;2480;3508;146892;1803;462;78;48;1803;462;1881;462;1881;510;1803;510;LES;AAA;SA;SUPPLIER_ADDRESS;Seller Address
invoice-1198.tiff;1;1;2480;3508;146893;1894;462;125;48;1894;462;2019;462;2019;510;1894;510;BAINS;AAAAA;SA;SUPPLIER_ADDRESS;Seller Address
invoice-1198.tiff;1;1;2480;3508;146894;2027;462;11;48;2027;462;2038;462;2038;510;2027;510;,;S;SA;SUPPLIER_ADDRESS;Seller Address
invoice-1198.tiff;1;1;2480;3508;146895;2050;462;171;48;2050;462;2221;462;2221;510;2050;510;FRANCE;AAAAAA;SA;SUPPLIER_ADDRESS;Seller Address
invoice-1198.tiff;1;1;2480;3508;146896;1187;510;120;48;1187;510;1307;510;1307;558;1187;558;Phone;AAAAA;undefined;OTHER;OTHER
invoice-1198.tiff;1;1;2480;3508;146897;1332;510;70;48;1332;510;1402;510;1402;558;1332;558;+33;SNN;SCN;SUPPLIER_CONTACT_NUMBER;Seller Contact Number
invoice-1198.tiff;1;1;2480;3508;146898;1415;510;23;48;1415;510;1438;510;1438;558;1415;558;0;N;SCN;SUPPLIER_CONTACT_NUMBER;Seller Contact Number
invoice-1198.tiff;1;1;2480;3508;146899;1449;510;69;48;1449;510;1518;510;1518;558;1449;558;894;NNN;SCN;SUPPLIER_CONTACT_NUMBER;Seller Contact Number
invoice-1198.tiff;1;1;2480;3508;146900;1531;510;69;48;1531;510;1600;510;1600;558;1531;558;730;NNN;SCN;SUPPLIER_CONTACT_NUMBER;Seller Contact Number
invoice-1198.tiff;1;1;2480;3508;146901;1612;510;69;48;1612;510;1681;510;1681;558;1612;558;629;NNN;SCN;SUPPLIER_CONTACT_NUMBER;Seller Contact Number
invoice-1198.tiff;1;1;2480;3508;146902;1723;510;69;48;1723;510;1792;510;1792;558;1723;558;Fax;AAA;undefined;OTHER;OTHER
invoice-1198.tiff;1;1;2480;3508;146903;1817;510;70;48;1817;510;1887;510;1887;558;1817;558;+33;SNN;SFAX;SUPPLIER_FAX_NUMBER;Seller Fax Number
invoice-1198.tiff;1;1;2480;3508;146904;1899;510;23;48;1899;510;1922;510;1922;558;1899;558;0;N;SFAX;SUPPLIER_FAX_NUMBER;Seller Fax Number
invoice-1198.tiff;1;1;2480;3508;146905;1934;510;69;48;1934;510;2003;510;2003;558;1934;558;894;NNN;SFAX;SUPPLIER_FAX_NUMBER;Seller Fax Number
invoice-1198.tiff;1;1;2480;3508;146906;2015;510;69;48;2015;510;2084;510;2084;558;2015;558;730;NNN;SFAX;SUPPLIER_FAX_NUMBER;Seller Fax Number
invoice-1198.tiff;1;1;2480;3508;146907;2096;510;69;48;2096;510;2165;510;2165;558;2096;558;541;NNN;SFAX;SUPPLIER_FAX_NUMBER;Seller Fax Number
invoice-1198.tiff;1;1;2480;3508;146908;124;747;172;59;124;747;296;747;296;806;124;806;Invoice;AAAAAAA;undefined;OTHER;OTHER
invoice-1198.tiff;1;1;2480;3508;146909;311;747;61;59;311;747;372;747;372;806;311;806;To;AA;undefined;OTHER;OTHER
invoice-1198.tiff;1;1;2480;3508;146921;1541;799;127;54;1541;799;1668;799;1668;853;1541;853;Dated;AAAAA;undefined;OTHER;OTHER
invoice-1198.tiff;1;1;2480;3508;146922;2166;799;55;48;2166;799;2221;799;2221;847;2166;847;oct;AAA;IDATE;INVOICE_DATE;Invoice Date
invoice-1198.tiff;1;1;2480;3508;146923;2233;799;57;48;2233;799;2290;799;2290;847;2233;847;21,;NNS;IDATE;INVOICE_DATE;Invoice Date
invoice-1198.tiff;1;1;2480;3508;146924;2303;799;92;48;2303;799;2395;799;2395;847;2303;847;1989;NNNN;IDATE;INVOICE_DATE;Invoice Date
invoice-1198.tiff;1;1;2480;3508;146910;124;807;129;49;124;807;253;807;253;856;124;856;Bernie;AAAAAA;BN;BILLING_NAME;Billing Name
invoice-1198.tiff;1;1;2480;3508;146911;266;807;138;49;266;807;404;807;404;856;266;856;Ledner;AAAAAA;BN;BILLING_NAME;Billing Name
invoice-1198.tiff;1;1;2480;3508;146912;416;807;83;49;416;807;499;807;499;856;416;856;PhD;AAA;BN;BILLING_NAME;Billing Name
invoice-1198.tiff;1;1;2480;3508;146913;124;856;104;48;124;856;228;856;228;904;124;904;5393,;NNNNS;BA;BILLING_ADDRESS;Billing Address
invoice-1198.tiff;1;1;2480;3508;146914;240;856;138;48;240;856;378;856;378;904;240;904;montée;AAAAAA;BA;BILLING_ADDRESS;Billing Address
invoice-1198.tiff;1;1;2480;3508;146915;391;856;46;48;391;856;437;856;437;904;391;904;de;AA;BA;BILLING_ADDRESS;Billing Address
invoice-1198.tiff;1;1;2480;3508;146916;449;856;32;48;449;856;481;856;481;904;449;904;la;AA;BA;BILLING_ADDRESS;Billing Address
invoice-1198.tiff;1;1;2480;3508;146917;493;856;217;48;493;856;710;856;710;904;493;904;diamanterie;AAAAAAAAAAA;BA;BILLING_ADDRESS;Billing Address
invoice-1198.tiff;1;1;2480;3508;146925;1541;874;127;54;1541;874;1668;874;1668;928;1541;928;Client;AAAAAA;undefined;OTHER;OTHER
invoice-1198.tiff;1;1;2480;3508;146926;1681;874;45;54;1681;874;1726;874;1726;928;1681;928;ID;AA;undefined;OTHER;OTHER
invoice-1198.tiff;1;1;2480;3508;146927;2166;874;236;48;2166;874;2402;874;2402;922;2166;922;718-271-117;NNNSNNNSNNN;CNUM;CLIENT_NUMBER;Client Number
invoice-1198.tiff;1;1;2480;3508;146918;124;904;115;48;124;904;239;904;239;952;124;952;74440;NNNNN;BA;BILLING_ADDRESS;Billing Address
invoice-1198.tiff;1;1;2480;3508;146919;282;904;171;48;282;904;453;904;453;952;282;952;Taninges;AAAAAAAA;BA;BILLING_ADDRESS;Billing Address
invoice-1198.tiff;1;1;2480;3508;146920;124;953;129;48;124;953;253;953;253;1001;124;1001;France;AAAAAA;BA;BILLING_ADDRESS;Billing Address
invoice-1198.tiff;1;1;2480;3508;146928;149;1416;117;54;149;1416;266;1416;266;1470;149;1470;S.No.;ASAAS;undefined;OTHER;OTHER
invoice-1198.tiff;1;1;2480;3508;146929;468;1416;173;54;468;1416;641;1416;641;1470;468;1470;Product;AAAAAAA;undefined;OTHER;OTHER
invoice-1198.tiff;1;1;2480;3508;146930;654;1416;252;54;654;1416;906;1416;906;1470;654;1470;Description;AAAAAAAAAAA;undefined;OTHER;OTHER
invoice-1198.tiff;1;1;2480;3508;146931;1136;1416;185;54;1136;1416;1321;1416;1321;1470;1136;1470;Quantity;AAAAAAAA;undefined;OTHER;OTHER
invoice-1198.tiff;1;1;2480;3508;146932;1413;1416;89;54;1413;1416;1502;1416;1502;1470;1413;1470;Unit;AAAA;undefined;OTHER;OTHER
invoice-1198.tiff;1;1;2480;3508;146933;1515;1416;112;54;1515;1416;1627;1416;1627;1470;1515;1470;Price;AAAAA;undefined;OTHER;OTHER
invoice-1198.tiff;1;1;2480;3508;146934;1710;1416;91;54;1710;1416;1801;1416;1801;1470;1710;1470;TVA;AAA;undefined;OTHER;OTHER
invoice-1198.tiff;1;1;2480;3508;146935;1815;1416;99;54;1815;1416;1914;1416;1914;1470;1815;1470;Rate;AAAA;undefined;OTHER;OTHER
invoice-1198.tiff;1;1;2480;3508;146936;2049;1416;109;54;2049;1416;2158;1416;2158;1470;2049;1470;Total;AAAAA;undefined;OTHER;OTHER
invoice-1198.tiff;1;1;2480;3508;146937;196;1491;23;49;196;1491;219;1491;219;1540;196;1540;1;N;undefined;OTHER;OTHER
invoice-1198.tiff;1;1;2480;3508;146938;291;1491;150;49;291;1491;441;1491;441;1540;291;1540;Casque;AAAAAA;undefined;OTHER;OTHER
invoice-1198.tiff;1;1;2480;3508;146939;453;1491;141;49;453;1491;594;1491;594;1540;453;1540;Arceau;AAAAAA;undefined;OTHER;OTHER
invoice-1198.tiff;1;1;2480;3508;146940;606;1491;169;49;606;1491;775;1491;775;1540;606;1540;Marshall;AAAAAAAA;undefined;OTHER;OTHER
invoice-1198.tiff;1;1;2480;3508;146941;787;1491;76;49;787;1491;863;1491;863;1540;787;1540;MID;AAA;undefined;OTHER;OTHER
invoice-1198.tiff;1;1;2480;3508;146942;875;1491;55;49;875;1491;930;1491;930;1540;875;1540;BT;AA;undefined;OTHER;OTHER
invoice-1198.tiff;1;1;2480;3508;146943;942;1491;106;49;942;1491;1048;1491;1048;1540;942;1540;black;AAAAA;undefined;OTHER;OTHER
invoice-1198.tiff;1;1;2480;3508;146944;1217;1491;23;49;1217;1491;1240;1491;1240;1540;1217;1540;1;N;undefined;OTHER;OTHER
invoice-1198.tiff;1;1;2480;3508;146945;1439;1491;127;49;1439;1491;1566;1491;1566;1540;1439;1540;124,17;NNNSNN;undefined;OTHER;OTHER
invoice-1198.tiff;1;1;2480;3508;146946;1578;1491;23;49;1578;1491;1601;1491;1601;1540;1578;1540;$;S;undefined;OTHER;OTHER
invoice-1198.tiff;1;1;2480;3508;146947;1753;1491;118;49;1753;1491;1871;1491;1871;1540;1753;1540;20.0%;NNSNS;undefined;OTHER;OTHER
invoice-1198.tiff;1;1;2480;3508;146948;2023;1491;127;49;2023;1491;2150;1491;2150;1540;2023;1540;124,17;NNNSNN;undefined;OTHER;OTHER
invoice-1198.tiff;1;1;2480;3508;146949;2162;1491;23;49;2162;1491;2185;1491;2185;1540;2162;1540;$;S;undefined;OTHER;OTHER
invoice-1198.tiff;1;1;2480;3508;146950;196;1582;23;49;196;1582;219;1582;219;1631;196;1631;2;N;undefined;OTHER;OTHER
invoice-1198.tiff;1;1;2480;3508;146951;291;1582;208;49;291;1582;499;1582;499;1631;291;1631;Téléphone;AAAAAAAAA;undefined;OTHER;OTHER
invoice-1198.tiff;1;1;2480;3508;146952;511;1582;111;49;511;1582;622;1582;622;1631;511;1631;filaire;AAAAAAA;undefined;OTHER;OTHER
invoice-1198.tiff;1;1;2480;3508;146953;634;1582;136;49;634;1582;770;1582;770;1631;634;1631;Alcatel;AAAAAAA;undefined;OTHER;OTHER
invoice-1198.tiff;1;1;2480;3508;146954;782;1582;217;49;782;1582;999;1582;999;1631;782;1631;TEMPORIS;AAAAAAAA;undefined;OTHER;OTHER
invoice-1198.tiff;1;1;2480;3508;146955;1011;1582;46;49;1011;1582;1057;1582;1057;1631;1011;1631;10;NN;undefined;OTHER;OTHER
invoice-1198.tiff;1;1;2480;3508;146957;1217;1582;23;49;1217;1582;1240;1582;1240;1631;1217;1631;4;N;undefined;OTHER;OTHER
invoice-1198.tiff;1;1;2480;3508;146958;1451;1582;104;49;1451;1582;1555;1582;1555;1631;1451;1631;12,49;NNSNN;undefined;OTHER;OTHER
invoice-1198.tiff;1;1;2480;3508;146959;1567;1582;23;49;1567;1582;1590;1582;1590;1631;1567;1631;$;S;undefined;OTHER;OTHER
invoice-1198.tiff;1;1;2480;3508;146960;1753;1582;118;49;1753;1582;1871;1582;1871;1631;1753;1631;20.0%;NNSNS;undefined;OTHER;OTHER
invoice-1198.tiff;1;1;2480;3508;146961;2034;1582;104;49;2034;1582;2138;1582;2138;1631;2034;1631;49,97;NNSNN;undefined;OTHER;OTHER
invoice-1198.tiff;1;1;2480;3508;146962;2150;1582;23;49;2150;1582;2173;1582;2173;1631;2150;1631;$;S;undefined;OTHER;OTHER
invoice-1198.tiff;1;1;2480;3508;146956;291;1632;113;49;291;1632;404;1632;404;1681;291;1681;Blanc;AAAAA;undefined;OTHER;OTHER
invoice-1198.tiff;1;1;2480;3508;146963;1915;1765;156;52;1915;1765;2071;1765;2071;1817;1915;1817;@DISC;SAAAA;undefined;OTHER;OTHER
invoice-1198.tiff;1;1;2480;3508;146964;2092;1765;81;48;2092;1765;2173;1765;2173;1813;2092;1813;0,00;NSNN;undefined;OTHER;OTHER
invoice-1198.tiff;1;1;2480;3508;146965;2185;1765;23;48;2185;1765;2208;1765;2208;1813;2185;1813;$;S;undefined;OTHER;OTHER
invoice-1198.tiff;1;1;2480;3508;146966;1902;1818;101;52;1902;1818;2003;1818;2003;1870;1902;1870;Total;AAAAA;undefined;OTHER;OTHER
invoice-1198.tiff;1;1;2480;3508;146967;2046;1818;127;48;2046;1818;2173;1818;2173;1866;2046;1866;174,13;NNNSNN;TWTX;TOTAL_WITHOUT_TAX;TWTXS
invoice-1198.tiff;1;1;2480;3508;146968;2185;1818;23;48;2185;1818;2208;1818;2208;1866;2185;1866;$;S;TWTX;TOTAL_WITHOUT_TAX;TWTXS
invoice-1198.tiff;1;1;2480;3508;146969;1780;1871;76;52;1780;1871;1856;1871;1856;1923;1780;1923;Tax;AAA;undefined;OTHER;OTHER
invoice-1198.tiff;1;1;2480;3508;146970;1869;1871;157;52;1869;1871;2026;1871;2026;1923;1869;1923;Amount;AAAAAA;undefined;OTHER;OTHER
invoice-1198.tiff;1;1;2480;3508;146971;2069;1871;104;48;2069;1871;2173;1871;2173;1919;2069;1919;34,82;NNSNN;TTX;TOTAL_TAX;Total Tax
invoice-1198.tiff;1;1;2480;3508;146972;2185;1871;23;48;2185;1871;2208;1871;2208;1919;2185;1919;$;S;TTX;TOTAL_TAX;Total Tax
invoice-1198.tiff;1;1;2480;3508;146973;1708;1924;157;52;1708;1924;1865;1924;1865;1976;1708;1976;Amount;AAAAAA;undefined;OTHER;OTHER
invoice-1198.tiff;1;1;2480;3508;146974;1879;1924;38;52;1879;1924;1917;1924;1917;1976;1879;1976;to;AA;undefined;OTHER;OTHER
invoice-1198.tiff;1;1;2480;3508;146975;1930;1924;73;52;1930;1924;2003;1924;2003;1976;1930;1976;pay;AAA;undefined;OTHER;OTHER
invoice-1198.tiff;1;1;2480;3508;146976;2046;1924;127;48;2046;1924;2173;1924;2173;1972;2046;1972;208,96;NNNSNN;TA;TOTAL_AMOUNT;Total with TAX
invoice-1198.tiff;1;1;2480;3508;146977;2185;1924;23;48;2185;1924;2208;1924;2208;1972;2185;1972;$;S;TA;TOTAL_AMOUNT;Total with TAX
invoice-1198.tiff;1;1;2480;3508;146978;1541;2306;191;54;1541;2306;1732;2306;1732;2360;1541;2360;Payment;AAAAAAA;undefined;OTHER;OTHER
invoice-1198.tiff;1;1;2480;3508;146979;1745;2306;94;54;1745;2306;1839;2306;1839;2360;1745;2360;type;AAAA;undefined;OTHER;OTHER
invoice-1198.tiff;1;1;2480;3508;146980;2166;2306;145;48;2166;2306;2311;2306;2311;2354;2166;2354;Cheque;AAAAAA;PMODE;PAYMENT_MODE;Payment Mode
invoice-1198.tiff;1;1;2480;3508;146981;124;3154;55;49;124;3154;179;3154;179;3203;124;3203;LA;AA;SN;SUPPLIER_NAME;Seller/Company) name
invoice-1198.tiff;1;1;2480;3508;146982;192;3154;175;49;192;3154;367;3154;367;3203;192;3203;CIVETTE;AAAAAAA;SN;SUPPLIER_NAME;Seller/Company) name
invoice-1198.tiff;1;1;2480;3508;146983;124;3203;46;48;124;3203;170;3203;170;3251;124;3251;14;NN;SA;SUPPLIER_ADDRESS;Seller Address
invoice-1198.tiff;1;1;2480;3508;146984;182;3203;136;48;182;3203;318;3203;318;3251;182;3251;PLACE;AAAAA;SA;SUPPLIER_ADDRESS;Seller Address
invoice-1198.tiff;1;1;2480;3508;146985;331;3203;175;48;331;3203;506;3203;506;3251;331;3251;CARNOT;AAAAAA;SA;SUPPLIER_ADDRESS;Seller Address
invoice-1198.tiff;1;1;2480;3508;146986;515;3203;13;48;515;3203;528;3203;528;3251;515;3251;-;S;SA;SUPPLIER_ADDRESS;Seller Address
invoice-1198.tiff;1;1;2480;3508;146987;540;3203;115;48;540;3203;655;3203;655;3251;540;3251;73100;NNNNN;SA;SUPPLIER_ADDRESS;Seller Address
invoice-1198.tiff;1;1;2480;3508;146988;676;3203;67;48;676;3203;743;3203;743;3251;676;3251;AIX;AAA;SA;SUPPLIER_ADDRESS;Seller Address
invoice-1198.tiff;1;1;2480;3508;146989;755;3203;78;48;755;3203;833;3203;833;3251;755;3251;LES;AAA;SA;SUPPLIER_ADDRESS;Seller Address
invoice-1198.tiff;1;1;2480;3508;146990;845;3203;125;48;845;3203;970;3203;970;3251;845;3251;BAINS;AAAAA;SA;SUPPLIER_ADDRESS;Seller Address
invoice-1198.tiff;1;1;2480;3508;146991;979;3203;13;48;979;3203;992;3203;992;3251;979;3251;-;S;SA;SUPPLIER_ADDRESS;Seller Address
invoice-1198.tiff;1;1;2480;3508;146992;1004;3203;171;48;1004;3203;1175;3203;1175;3251;1004;3251;FRANCE;AAAAAA;SA;SUPPLIER_ADDRESS;Seller Address
