src;num_pages;page_id;page_width;page_height;id;col;row;width;height;x1;y1;x2;y2;x3;y3;x4;y4;contents;contents_masked;correctclass;tag;description
invoice-834.tiff;1;1;2480;3508;102850;1541;62;175;175;1541;62;1716;62;1716;237;1541;237;common/logo;AAAAAASAAAA;img;IMAGE;Image
invoice-834.tiff;1;1;2480;3508;102843;124;270;155;57;124;270;279;270;279;327;124;327;Invoice;AAAAAAA;undefined;OTHER;OTHER
invoice-834.tiff;1;1;2480;3508;102844;293;270;73;57;293;270;366;270;366;327;293;327;No.;AAS;undefined;OTHER;OTHER
invoice-834.tiff;1;1;2480;3508;102845;429;270;160;50;429;270;589;270;589;320;429;320;0062736;NNNNNNN;IN;INVOICE_NUMBER;Invoice Number
invoice-834.tiff;1;1;2480;3508;102846;124;349;127;57;124;349;251;349;251;406;124;406;Dated;AAAAA;undefined;OTHER;OTHER
invoice-834.tiff;1;1;2480;3508;102847;315;349;45;50;315;349;360;349;360;399;315;399;19;NN;IDATE;INVOICE_DATE;Invoice Date
invoice-834.tiff;1;1;2480;3508;102848;372;349;80;50;372;349;452;349;452;399;372;399;ago,;AAAS;IDATE;INVOICE_DATE;Invoice Date
invoice-834.tiff;1;1;2480;3508;102849;464;349;91;50;464;349;555;349;555;399;464;399;2021;NNNN;IDATE;INVOICE_DATE;Invoice Date
invoice-834.tiff;1;1;2480;3508;102851;1541;412;20;48;1541;412;1561;412;1561;460;1541;460;1;N;SN;SUPPLIER_NAME;Seller/Company) name
invoice-834.tiff;1;1;2480;3508;102852;1572;412;143;48;1572;412;1715;412;1715;460;1572;460;TEMPS;AAAAA;SN;SUPPLIER_NAME;Seller/Company) name
invoice-834.tiff;1;1;2480;3508;102853;1726;412;118;48;1726;412;1844;412;1844;460;1726;460;POUR;AAAA;SN;SUPPLIER_NAME;Seller/Company) name
invoice-834.tiff;1;1;2480;3508;102854;1855;412;111;48;1855;412;1966;412;1966;460;1855;460;ELLE;AAAA;SN;SUPPLIER_NAME;Seller/Company) name
invoice-834.tiff;1;1;2480;3508;102855;1541;460;41;45;1541;460;1582;460;1582;505;1541;505;26;NN;SA;SUPPLIER_ADDRESS;Seller Address
invoice-834.tiff;1;1;2480;3508;102856;1593;460;81;45;1593;460;1674;460;1674;505;1593;505;RUE;AAA;SA;SUPPLIER_ADDRESS;Seller Address
invoice-834.tiff;1;1;2480;3508;102857;1685;460;76;45;1685;460;1761;460;1761;505;1685;505;DES;AAA;SA;SUPPLIER_ADDRESS;Seller Address
invoice-834.tiff;1;1;2480;3508;102858;1771;460;152;45;1771;460;1923;460;1923;505;1771;505;SOEURS;AAAAAA;SA;SUPPLIER_ADDRESS;Seller Address
invoice-834.tiff;1;1;2480;3508;102859;1935;460;206;45;1935;460;2141;460;2141;505;1935;505;BLANCHES;AAAAAAAA;SA;SUPPLIER_ADDRESS;Seller Address
invoice-834.tiff;1;1;2480;3508;102860;1541;506;104;45;1541;506;1645;506;1645;551;1541;551;74000;NNNNN;SA;SUPPLIER_ADDRESS;Seller Address
invoice-834.tiff;1;1;2480;3508;102861;1687;506;157;45;1687;506;1844;506;1844;551;1687;551;ANNECY;AAAAAA;SA;SUPPLIER_ADDRESS;Seller Address
invoice-834.tiff;1;1;2480;3508;102862;1541;552;157;45;1541;552;1698;552;1698;597;1541;597;FRANCE;AAAAAA;SA;SUPPLIER_ADDRESS;Seller Address
invoice-834.tiff;1;1;2480;3508;102863;1541;598;106;45;1541;598;1647;598;1647;643;1541;643;Phone;AAAAA;undefined;OTHER;OTHER
invoice-834.tiff;1;1;2480;3508;102864;1710;598;69;45;1710;598;1779;598;1779;643;1710;643;+33;SNN;SCN;SUPPLIER_CONTACT_NUMBER;Seller Contact Number
invoice-834.tiff;1;1;2480;3508;102865;1790;598;20;45;1790;598;1810;598;1810;643;1790;643;0;N;SCN;SUPPLIER_CONTACT_NUMBER;Seller Contact Number
invoice-834.tiff;1;1;2480;3508;102866;1822;598;62;45;1822;598;1884;598;1884;643;1822;643;796;NNN;SCN;SUPPLIER_CONTACT_NUMBER;Seller Contact Number
invoice-834.tiff;1;1;2480;3508;102867;1894;598;62;45;1894;598;1956;598;1956;643;1894;643;606;NNN;SCN;SUPPLIER_CONTACT_NUMBER;Seller Contact Number
invoice-834.tiff;1;1;2480;3508;102868;1967;598;62;45;1967;598;2029;598;2029;643;1967;643;574;NNN;SCN;SUPPLIER_CONTACT_NUMBER;Seller Contact Number
invoice-834.tiff;1;1;2480;3508;102869;1541;643;64;45;1541;643;1605;643;1605;688;1541;688;Fax;AAA;undefined;OTHER;OTHER
invoice-834.tiff;1;1;2480;3508;102870;1668;643;69;45;1668;643;1737;643;1737;688;1668;688;+33;SNN;SFAX;SUPPLIER_FAX_NUMBER;Seller Fax Number
invoice-834.tiff;1;1;2480;3508;102871;1749;643;20;45;1749;643;1769;643;1769;688;1749;688;0;N;SFAX;SUPPLIER_FAX_NUMBER;Seller Fax Number
invoice-834.tiff;1;1;2480;3508;102872;1780;643;62;45;1780;643;1842;643;1842;688;1780;688;796;NNN;SFAX;SUPPLIER_FAX_NUMBER;Seller Fax Number
invoice-834.tiff;1;1;2480;3508;102873;1853;643;62;45;1853;643;1915;643;1915;688;1853;688;606;NNN;SFAX;SUPPLIER_FAX_NUMBER;Seller Fax Number
invoice-834.tiff;1;1;2480;3508;102874;1926;643;62;45;1926;643;1988;643;1988;688;1926;688;024;NNN;SFAX;SUPPLIER_FAX_NUMBER;Seller Fax Number
invoice-834.tiff;1;1;2480;3508;102875;124;873;94;57;124;873;218;873;218;930;124;930;Sold;AAAA;undefined;OTHER;OTHER
invoice-834.tiff;1;1;2480;3508;102876;232;873;58;57;232;873;290;873;290;930;232;930;To;AA;undefined;OTHER;OTHER
invoice-834.tiff;1;1;2480;3508;102887;1541;921;119;52;1541;921;1660;921;1660;973;1541;973;Client;AAAAAA;undefined;OTHER;OTHER
invoice-834.tiff;1;1;2480;3508;102888;1672;921;67;52;1672;921;1739;921;1739;973;1672;973;No.;AAS;undefined;OTHER;OTHER
invoice-834.tiff;1;1;2480;3508;102889;2166;921;124;46;2166;921;2290;921;2290;967;2166;967;008467;NNNNNN;CNUM;CLIENT_NUMBER;Client Number
invoice-834.tiff;1;1;2480;3508;102877;124;931;68;48;124;931;192;931;192;979;124;979;Mr.;AAS;BN;BILLING_NAME;Billing Name
invoice-834.tiff;1;1;2480;3508;102878;203;931;120;48;203;931;323;931;323;979;203;979;Laurel;AAAAAA;BN;BILLING_NAME;Billing Name
invoice-834.tiff;1;1;2480;3508;102879;334;931;111;48;334;931;445;931;445;979;334;979;Kutch;AAAAA;BN;BILLING_NAME;Billing Name
invoice-834.tiff;1;1;2480;3508;102880;124;979;31;45;124;979;155;979;155;1024;124;1024;5,;NS;BA;BILLING_ADDRESS;Billing Address
invoice-834.tiff;1;1;2480;3508;102881;166;979;55;45;166;979;221;979;221;1024;166;1024;rue;AAA;BA;BILLING_ADDRESS;Billing Address
invoice-834.tiff;1;1;2480;3508;102882;232;979;55;45;232;979;287;979;287;1024;232;1024;des;AAA;BA;BILLING_ADDRESS;Billing Address
invoice-834.tiff;1;1;2480;3508;102883;298;979;145;45;298;979;443;979;443;1024;298;1024;bosquets;AAAAAAAA;BA;BILLING_ADDRESS;Billing Address
invoice-834.tiff;1;1;2480;3508;102890;1541;995;122;52;1541;995;1663;995;1663;1047;1541;1047;Order;AAAAA;undefined;OTHER;OTHER
invoice-834.tiff;1;1;2480;3508;102891;1675;995;67;52;1675;995;1742;995;1742;1047;1675;1047;No.;AAS;undefined;OTHER;OTHER
invoice-834.tiff;1;1;2480;3508;102892;2166;995;104;46;2166;995;2270;995;2270;1041;2166;1041;99944;NNNNN;ONUM;ORDER_NUMBER;Order Number
invoice-834.tiff;1;1;2480;3508;102884;124;1025;104;45;124;1025;228;1025;228;1070;124;1070;33290;NNNNN;BA;BILLING_ADDRESS;Billing Address
invoice-834.tiff;1;1;2480;3508;102885;270;1025;199;45;270;1025;469;1025;469;1070;270;1070;Blanquefort;AAAAAAAAAAA;BA;BILLING_ADDRESS;Billing Address
invoice-834.tiff;1;1;2480;3508;102886;124;1071;120;45;124;1071;244;1071;244;1116;124;1116;France;AAAAAA;BA;BILLING_ADDRESS;Billing Address
invoice-834.tiff;1;1;2480;3508;102893;156;1537;104;52;156;1537;260;1537;260;1589;156;1589;S.No.;ASAAS;undefined;OTHER;OTHER
invoice-834.tiff;1;1;2480;3508;102894;349;1537;175;52;349;1537;524;1537;524;1589;349;1589;Quantity;AAAAAAAA;undefined;OTHER;OTHER
invoice-834.tiff;1;1;2480;3508;102895;781;1537;157;52;781;1537;938;1537;938;1589;781;1589;Product;AAAAAAA;undefined;OTHER;OTHER
invoice-834.tiff;1;1;2480;3508;102896;950;1537;226;52;950;1537;1176;1537;1176;1589;950;1589;Description;AAAAAAAAAAA;undefined;OTHER;OTHER
invoice-834.tiff;1;1;2480;3508;102897;1420;1537;86;52;1420;1537;1506;1537;1506;1589;1420;1589;Unit;AAAA;undefined;OTHER;OTHER
invoice-834.tiff;1;1;2480;3508;102898;1518;1537;101;52;1518;1537;1619;1537;1619;1589;1518;1589;Price;AAAAA;undefined;OTHER;OTHER
invoice-834.tiff;1;1;2480;3508;102899;1712;1537;96;52;1712;1537;1808;1537;1808;1589;1712;1589;TVA;AAA;undefined;OTHER;OTHER
invoice-834.tiff;1;1;2480;3508;102900;1820;1537;91;52;1820;1537;1911;1537;1911;1589;1820;1589;Rate;AAAA;undefined;OTHER;OTHER
invoice-834.tiff;1;1;2480;3508;102901;2051;1537;104;52;2051;1537;2155;1537;2155;1589;2051;1589;Total;AAAAA;undefined;OTHER;OTHER
invoice-834.tiff;1;1;2480;3508;102902;197;1610;20;48;197;1610;217;1610;217;1658;197;1658;1;N;undefined;OTHER;OTHER
invoice-834.tiff;1;1;2480;3508;102903;427;1610;20;48;427;1610;447;1610;447;1658;427;1658;1;N;undefined;OTHER;OTHER
invoice-834.tiff;1;1;2480;3508;102904;583;1610;141;48;583;1610;724;1610;724;1658;583;1658;Blender;AAAAAAA;undefined;OTHER;OTHER
invoice-834.tiff;1;1;2480;3508;102905;734;1610;180;48;734;1610;914;1610;914;1658;734;1658;Essentielb;AAAAAAAAAA;undefined;OTHER;OTHER
invoice-834.tiff;1;1;2480;3508;102906;925;1610;85;48;925;1610;1010;1610;1010;1658;925;1658;Mini;AAAA;undefined;OTHER;OTHER
invoice-834.tiff;1;1;2480;3508;102907;1022;1610;136;48;1022;1610;1158;1610;1158;1658;1022;1658;blender;AAAAAAA;undefined;OTHER;OTHER
invoice-834.tiff;1;1;2480;3508;102908;1169;1610;94;48;1169;1610;1263;1610;1263;1658;1169;1658;EBM;AAA;undefined;OTHER;OTHER
invoice-834.tiff;1;1;2480;3508;102909;1274;1610;20;48;1274;1610;1294;1610;1294;1658;1274;1658;9;N;undefined;OTHER;OTHER
invoice-834.tiff;1;1;2480;3508;102911;1473;1610;93;48;1473;1610;1566;1610;1566;1658;1473;1658;41,66;NNSNN;undefined;OTHER;OTHER
invoice-834.tiff;1;1;2480;3508;102912;1755;1610;114;48;1755;1610;1869;1610;1869;1658;1755;1658;20.0%;NNSNS;undefined;OTHER;OTHER
invoice-834.tiff;1;1;2480;3508;102913;2057;1610;93;48;2057;1610;2150;1610;2150;1658;2057;1658;41,66;NNSNN;undefined;OTHER;OTHER
invoice-834.tiff;1;1;2480;3508;102910;583;1658;118;48;583;1658;701;1658;701;1706;583;1706;Sunset;AAAAAA;undefined;OTHER;OTHER
invoice-834.tiff;1;1;2480;3508;102914;1957;1790;146;51;1957;1790;2103;1790;2103;1841;1957;1841;@DISC;SAAAA;undefined;OTHER;OTHER
invoice-834.tiff;1;1;2480;3508;102915;2125;1790;72;46;2125;1790;2197;1790;2197;1836;2125;1836;0,00;NSNN;undefined;OTHER;OTHER
invoice-834.tiff;1;1;2480;3508;102916;1965;1841;96;51;1965;1841;2061;1841;2061;1892;1965;1892;Total;AAAAA;undefined;OTHER;OTHER
invoice-834.tiff;1;1;2480;3508;102917;2104;1841;93;46;2104;1841;2197;1841;2197;1887;2104;1887;41,66;NNSNN;TWTX;TOTAL_WITHOUT_TAX;TWTXS
invoice-834.tiff;1;1;2480;3508;102918;1850;1892;71;51;1850;1892;1921;1892;1921;1943;1850;1943;Tax;AAA;undefined;OTHER;OTHER
invoice-834.tiff;1;1;2480;3508;102919;1933;1892;150;51;1933;1892;2083;1892;2083;1943;1933;1943;Amount;AAAAAA;undefined;OTHER;OTHER
invoice-834.tiff;1;1;2480;3508;102920;2125;1892;72;46;2125;1892;2197;1892;2197;1938;2125;1938;8,33;NSNN;TTX;TOTAL_TAX;Total Tax
invoice-834.tiff;1;1;2480;3508;102921;1787;1943;150;51;1787;1943;1937;1943;1937;1994;1787;1994;Amount;AAAAAA;undefined;OTHER;OTHER
invoice-834.tiff;1;1;2480;3508;102922;1949;1943;35;51;1949;1943;1984;1943;1984;1994;1949;1994;to;AA;undefined;OTHER;OTHER
invoice-834.tiff;1;1;2480;3508;102923;1996;1943;66;51;1996;1943;2062;1943;2062;1994;1996;1994;pay;AAA;undefined;OTHER;OTHER
invoice-834.tiff;1;1;2480;3508;102924;2104;1943;93;46;2104;1943;2197;1943;2197;1989;2104;1989;49,99;NNSNN;TA;TOTAL_AMOUNT;Total with TAX
invoice-834.tiff;1;1;2480;3508;102925;124;2323;119;52;124;2323;243;2323;243;2375;124;2375;Payed;AAAAA;undefined;OTHER;OTHER
invoice-834.tiff;1;1;2480;3508;102926;256;2323;157;52;256;2323;413;2323;413;2375;256;2375;through;AAAAAAA;undefined;OTHER;OTHER
invoice-834.tiff;1;1;2480;3508;102927;750;2323;87;46;750;2323;837;2323;837;2369;750;2369;Bank;AAAA;PMODE;PAYMENT_MODE;Payment Mode
invoice-834.tiff;1;1;2480;3508;102928;848;2323;141;46;848;2323;989;2323;989;2369;848;2369;Transfer;AAAAAAAA;PMODE;PAYMENT_MODE;Payment Mode
invoice-834.tiff;1;1;2480;3508;102929;124;3175;20;48;124;3175;144;3175;144;3223;124;3223;1;N;SN;SUPPLIER_NAME;Seller/Company) name
invoice-834.tiff;1;1;2480;3508;102930;156;3175;143;48;156;3175;299;3175;299;3223;156;3223;TEMPS;AAAAA;SN;SUPPLIER_NAME;Seller/Company) name
invoice-834.tiff;1;1;2480;3508;102931;310;3175;118;48;310;3175;428;3175;428;3223;310;3223;POUR;AAAA;SN;SUPPLIER_NAME;Seller/Company) name
invoice-834.tiff;1;1;2480;3508;102932;438;3175;111;48;438;3175;549;3175;549;3223;438;3223;ELLE;AAAA;SN;SUPPLIER_NAME;Seller/Company) name
invoice-834.tiff;1;1;2480;3508;102933;124;3223;41;45;124;3223;165;3223;165;3268;124;3268;26;NN;SA;SUPPLIER_ADDRESS;Seller Address
invoice-834.tiff;1;1;2480;3508;102934;177;3223;81;45;177;3223;258;3223;258;3268;177;3268;RUE;AAA;SA;SUPPLIER_ADDRESS;Seller Address
invoice-834.tiff;1;1;2480;3508;102935;268;3223;76;45;268;3223;344;3223;344;3268;268;3268;DES;AAA;SA;SUPPLIER_ADDRESS;Seller Address
invoice-834.tiff;1;1;2480;3508;102936;355;3223;152;45;355;3223;507;3223;507;3268;355;3268;SOEURS;AAAAAA;SA;SUPPLIER_ADDRESS;Seller Address
invoice-834.tiff;1;1;2480;3508;102937;518;3223;206;45;518;3223;724;3223;724;3268;518;3268;BLANCHES;AAAAAAAA;SA;SUPPLIER_ADDRESS;Seller Address
invoice-834.tiff;1;1;2480;3508;102938;124;3268;104;45;124;3268;228;3268;228;3313;124;3313;74000;NNNNN;SA;SUPPLIER_ADDRESS;Seller Address
invoice-834.tiff;1;1;2480;3508;102939;270;3268;157;45;270;3268;427;3268;427;3313;270;3313;ANNECY;AAAAAA;SA;SUPPLIER_ADDRESS;Seller Address
invoice-834.tiff;1;1;2480;3508;102940;124;3314;157;45;124;3314;281;3314;281;3359;124;3359;FRANCE;AAAAAA;SA;SUPPLIER_ADDRESS;Seller Address
