src;num_pages;page_id;page_width;page_height;id;col;row;width;height;x1;y1;x2;y2;x3;y3;x4;y4;contents;contents_masked;correctclass;tag;description
invoice-1720.tiff;1;1;2480;3508;210666;1187;62;975;175;1187;62;2162;62;2162;237;1187;237;common/logo;AAAAAASAAAA;img;IMAGE;Image
invoice-1720.tiff;1;1;2480;3508;210663;124;270;155;57;124;270;279;270;279;327;124;327;Invoice;AAAAAAA;undefined;OTHER;OTHER
invoice-1720.tiff;1;1;2480;3508;210664;293;270;55;57;293;270;348;270;348;327;293;327;ID;AA;undefined;OTHER;OTHER
invoice-1720.tiff;1;1;2480;3508;210665;411;270;180;50;411;270;591;270;591;320;411;320;INV-9397;AAASNNNN;IN;INVOICE_NUMBER;Invoice Number
invoice-1720.tiff;1;1;2480;3508;210667;1187;412;55;48;1187;412;1242;412;1242;460;1187;460;LE;AA;SN;SUPPLIER_NAME;Seller/Company) name
invoice-1720.tiff;1;1;2480;3508;210668;1253;412;180;48;1253;412;1433;412;1433;460;1253;460;RUCHER;AAAAAA;SN;SUPPLIER_NAME;Seller/Company) name
invoice-1720.tiff;1;1;2480;3508;210669;1444;412;81;48;1444;412;1525;412;1525;460;1444;460;DES;AAA;SN;SUPPLIER_NAME;Seller/Company) name
invoice-1720.tiff;1;1;2480;3508;210670;1535;412;224;48;1535;412;1759;412;1759;460;1535;460;BIENFAITS;AAAAAAAAA;SN;SUPPLIER_NAME;Seller/Company) name
invoice-1720.tiff;1;1;2480;3508;210671;1187;460;20;45;1187;460;1207;460;1207;505;1187;505;2;N;SA;SUPPLIER_ADDRESS;Seller Address
invoice-1720.tiff;1;1;2480;3508;210672;1218;460;81;45;1218;460;1299;460;1299;505;1218;505;RUE;AAA;SA;SUPPLIER_ADDRESS;Seller Address
invoice-1720.tiff;1;1;2480;3508;210673;1310;460;60;45;1310;460;1370;460;1370;505;1310;505;DU;AA;SA;SUPPLIER_ADDRESS;Seller Address
invoice-1720.tiff;1;1;2480;3508;210674;1380;460;76;45;1380;460;1456;460;1456;505;1380;505;LOT;AAA;SA;SUPPLIER_ADDRESS;Seller Address
invoice-1720.tiff;1;1;2480;3508;210675;1465;460;13;45;1465;460;1478;460;1478;505;1465;505;-;S;SA;SUPPLIER_ADDRESS;Seller Address
invoice-1720.tiff;1;1;2480;3508;210676;1489;460;104;45;1489;460;1593;460;1593;505;1489;505;31100;NNNNN;SA;SUPPLIER_ADDRESS;Seller Address
invoice-1720.tiff;1;1;2480;3508;210677;1612;460;212;45;1612;460;1824;460;1824;505;1612;505;TOULOUSE;AAAAAAAA;SA;SUPPLIER_ADDRESS;Seller Address
invoice-1720.tiff;1;1;2480;3508;210678;1834;460;13;45;1834;460;1847;460;1847;505;1834;505;-;S;SA;SUPPLIER_ADDRESS;Seller Address
invoice-1720.tiff;1;1;2480;3508;210679;1858;460;157;45;1858;460;2015;460;2015;505;1858;505;FRANCE;AAAAAA;SA;SUPPLIER_ADDRESS;Seller Address
invoice-1720.tiff;1;1;2480;3508;210680;1187;506;106;45;1187;506;1293;506;1293;551;1187;551;Phone;AAAAA;undefined;OTHER;OTHER
invoice-1720.tiff;1;1;2480;3508;210681;1318;506;263;45;1318;506;1581;506;1581;551;1318;551;03-24-94-93-27;NNSNNSNNSNNSNN;SCN;SUPPLIER_CONTACT_NUMBER;Seller Contact Number
invoice-1720.tiff;1;1;2480;3508;210682;1624;506;64;45;1624;506;1688;506;1688;551;1624;551;Fax;AAA;undefined;OTHER;OTHER
invoice-1720.tiff;1;1;2480;3508;210683;1714;506;263;45;1714;506;1977;506;1977;551;1714;551;03-24-94-18-72;NNSNNSNNSNNSNN;SFAX;SUPPLIER_FAX_NUMBER;Seller Fax Number
invoice-1720.tiff;1;1;2480;3508;210684;124;878;183;57;124;878;307;878;307;935;124;935;Invoiced;AAAAAAAA;undefined;OTHER;OTHER
invoice-1720.tiff;1;1;2480;3508;210685;320;878;58;57;320;878;378;878;378;935;320;935;To;AA;undefined;OTHER;OTHER
invoice-1720.tiff;1;1;2480;3508;210686;124;936;111;48;124;936;235;936;235;984;124;984;Baron;AAAAA;BN;BILLING_NAME;Billing Name
invoice-1720.tiff;1;1;2480;3508;210687;246;936;127;48;246;936;373;936;373;984;246;984;Casper;AAAAAA;BN;BILLING_NAME;Billing Name
invoice-1720.tiff;1;1;2480;3508;210688;124;984;31;45;124;984;155;984;155;1029;124;1029;4,;NS;BA;BILLING_ADDRESS;Billing Address
invoice-1720.tiff;1;1;2480;3508;210689;166;984;134;45;166;984;300;984;300;1029;166;1029;impasse;AAAAAAA;BA;BILLING_ADDRESS;Billing Address
invoice-1720.tiff;1;1;2480;3508;210690;311;984;39;45;311;984;350;984;350;1029;311;1029;de;AA;BA;BILLING_ADDRESS;Billing Address
invoice-1720.tiff;1;1;2480;3508;210691;361;984;99;45;361;984;460;984;460;1029;361;1029;fumée;AAAAA;BA;BILLING_ADDRESS;Billing Address
invoice-1720.tiff;1;1;2480;3508;210692;124;1030;104;45;124;1030;228;1030;228;1075;124;1075;21140;NNNNN;BA;BILLING_ADDRESS;Billing Address
invoice-1720.tiff;1;1;2480;3508;210693;270;1030;74;45;270;1030;344;1030;344;1075;270;1075;Flée;AAAA;BA;BILLING_ADDRESS;Billing Address
invoice-1720.tiff;1;1;2480;3508;210706;1541;1032;91;52;1541;1032;1632;1032;1632;1084;1541;1084;Date;AAAA;undefined;OTHER;OTHER
invoice-1720.tiff;1;1;2480;3508;210707;2166;1032;55;46;2166;1032;2221;1032;2221;1078;2166;1078;sep;AAA;IDATE;INVOICE_DATE;Invoice Date
invoice-1720.tiff;1;1;2480;3508;210708;2232;1032;52;46;2232;1032;2284;1032;2284;1078;2232;1078;20,;NNS;IDATE;INVOICE_DATE;Invoice Date
invoice-1720.tiff;1;1;2480;3508;210709;2295;1032;83;46;2295;1032;2378;1032;2378;1078;2295;1078;2018;NNNN;IDATE;INVOICE_DATE;Invoice Date
invoice-1720.tiff;1;1;2480;3508;210694;124;1076;120;45;124;1076;244;1076;244;1121;124;1121;France;AAAAAA;BA;BILLING_ADDRESS;Billing Address
invoice-1720.tiff;1;1;2480;3508;210710;1541;1105;122;52;1541;1105;1663;1105;1663;1157;1541;1157;Order;AAAAA;undefined;OTHER;OTHER
invoice-1720.tiff;1;1;2480;3508;210711;1675;1105;50;52;1675;1105;1725;1105;1725;1157;1675;1157;ID;AA;undefined;OTHER;OTHER
invoice-1720.tiff;1;1;2480;3508;210712;2166;1105;171;46;2166;1105;2337;1105;2337;1151;2166;1151;COM-204;AAASNNN;ONUM;ORDER_NUMBER;Order Number
invoice-1720.tiff;1;1;2480;3508;210695;124;1163;155;57;124;1163;279;1163;279;1220;124;1220;Deliver;AAAAAAA;undefined;OTHER;OTHER
invoice-1720.tiff;1;1;2480;3508;210696;293;1163;58;57;293;1163;351;1163;351;1220;293;1220;To;AA;undefined;OTHER;OTHER
invoice-1720.tiff;1;1;2480;3508;210713;1541;1179;173;52;1541;1179;1714;1179;1714;1231;1541;1231;Payment;AAAAAAA;undefined;OTHER;OTHER
invoice-1720.tiff;1;1;2480;3508;210714;1726;1179;84;52;1726;1179;1810;1179;1810;1231;1726;1231;type;AAAA;undefined;OTHER;OTHER
invoice-1720.tiff;1;1;2480;3508;210715;2166;1179;127;46;2166;1179;2293;1179;2293;1225;2166;1225;Cheque;AAAAAA;PMODE;PAYMENT_MODE;Payment Mode
invoice-1720.tiff;1;1;2480;3508;210697;124;1221;111;48;124;1221;235;1221;235;1269;124;1269;Baron;AAAAA;SHN;SHIPPING_NAME;Shipping Name
invoice-1720.tiff;1;1;2480;3508;210698;246;1221;127;48;246;1221;373;1221;373;1269;246;1269;Casper;AAAAAA;SHN;SHIPPING_NAME;Shipping Name
invoice-1720.tiff;1;1;2480;3508;210699;124;1269;93;45;124;1269;217;1269;217;1314;124;1314;5051,;NNNNS;SHA;SHIPPING_ADDRESS;Shipping Address
invoice-1720.tiff;1;1;2480;3508;210700;229;1269;117;45;229;1269;346;1269;346;1314;229;1314;avenue;AAAAAA;SHA;SHIPPING_ADDRESS;Shipping Address
invoice-1720.tiff;1;1;2480;3508;210701;357;1269;55;45;357;1269;412;1269;412;1314;357;1314;des;AAA;SHA;SHIPPING_ADDRESS;Shipping Address
invoice-1720.tiff;1;1;2480;3508;210702;423;1269;148;45;423;1269;571;1269;571;1314;423;1314;pyrénées;AAAAAAAA;SHA;SHIPPING_ADDRESS;Shipping Address
invoice-1720.tiff;1;1;2480;3508;210703;124;1315;104;45;124;1315;228;1315;228;1360;124;1360;40330;NNNNN;SHA;SHIPPING_ADDRESS;Shipping Address
invoice-1720.tiff;1;1;2480;3508;210704;270;1315;97;45;270;1315;367;1315;367;1360;270;1360;Amou;AAAA;SHA;SHIPPING_ADDRESS;Shipping Address
invoice-1720.tiff;1;1;2480;3508;210705;124;1360;120;45;124;1360;244;1360;244;1405;124;1405;France;AAAAAA;SHA;SHIPPING_ADDRESS;Shipping Address
invoice-1720.tiff;1;1;2480;3508;210716;156;1684;104;52;156;1684;260;1684;260;1736;156;1736;S.No.;ASAAS;undefined;OTHER;OTHER
invoice-1720.tiff;1;1;2480;3508;210717;489;1684;157;52;489;1684;646;1684;646;1736;489;1736;Product;AAAAAAA;undefined;OTHER;OTHER
invoice-1720.tiff;1;1;2480;3508;210718;658;1684;226;52;658;1684;884;1684;884;1736;658;1736;Description;AAAAAAAAAAA;undefined;OTHER;OTHER
invoice-1720.tiff;1;1;2480;3508;210719;1141;1684;175;52;1141;1684;1316;1684;1316;1736;1141;1736;Quantity;AAAAAAAA;undefined;OTHER;OTHER
invoice-1720.tiff;1;1;2480;3508;210720;1420;1684;86;52;1420;1684;1506;1684;1506;1736;1420;1736;Unit;AAAA;undefined;OTHER;OTHER
invoice-1720.tiff;1;1;2480;3508;210721;1518;1684;101;52;1518;1684;1619;1684;1619;1736;1518;1736;Price;AAAAA;undefined;OTHER;OTHER
invoice-1720.tiff;1;1;2480;3508;210722;1712;1684;96;52;1712;1684;1808;1684;1808;1736;1712;1736;TVA;AAA;undefined;OTHER;OTHER
invoice-1720.tiff;1;1;2480;3508;210723;1820;1684;91;52;1820;1684;1911;1684;1911;1736;1820;1736;Rate;AAAA;undefined;OTHER;OTHER
invoice-1720.tiff;1;1;2480;3508;210724;2051;1684;104;52;2051;1684;2155;1684;2155;1736;2051;1736;Total;AAAAA;undefined;OTHER;OTHER
invoice-1720.tiff;1;1;2480;3508;210725;197;1758;20;48;197;1758;217;1758;217;1806;197;1806;1;N;undefined;OTHER;OTHER
invoice-1720.tiff;1;1;2480;3508;210726;291;1758;175;48;291;1758;466;1758;466;1806;291;1806;Bouilloire;AAAAAAAAAA;undefined;OTHER;OTHER
invoice-1720.tiff;1;1;2480;3508;210727;478;1758;122;48;478;1758;600;1758;600;1806;478;1806;Saturn;AAAAAA;undefined;OTHER;OTHER
invoice-1720.tiff;1;1;2480;3508;210728;611;1758;171;48;611;1758;782;1758;782;1806;611;1806;bouilloire;AAAAAAAAAA;undefined;OTHER;OTHER
invoice-1720.tiff;1;1;2480;3508;210729;792;1758;143;48;792;1758;935;1758;935;1806;792;1806;EK8417;AANNNN;undefined;OTHER;OTHER
invoice-1720.tiff;1;1;2480;3508;210730;1218;1758;20;48;1218;1758;1238;1758;1238;1806;1218;1806;3;N;undefined;OTHER;OTHER
invoice-1720.tiff;1;1;2480;3508;210731;1427;1758;93;48;1427;1758;1520;1758;1520;1806;1427;1806;15,83;NNSNN;undefined;OTHER;OTHER
invoice-1720.tiff;1;1;2480;3508;210732;1531;1758;83;48;1531;1758;1614;1758;1614;1806;1531;1806;USD;AAA;undefined;OTHER;OTHER
invoice-1720.tiff;1;1;2480;3508;210733;1755;1758;114;48;1755;1758;1869;1758;1869;1806;1755;1806;20.0%;NNSNS;undefined;OTHER;OTHER
invoice-1720.tiff;1;1;2480;3508;210734;2010;1758;93;48;2010;1758;2103;1758;2103;1806;2010;1806;47,50;NNSNN;undefined;OTHER;OTHER
invoice-1720.tiff;1;1;2480;3508;210735;2114;1758;83;48;2114;1758;2197;1758;2197;1806;2114;1806;USD;AAA;undefined;OTHER;OTHER
invoice-1720.tiff;1;1;2480;3508;210736;197;1847;20;48;197;1847;217;1847;217;1895;197;1895;2;N;undefined;OTHER;OTHER
invoice-1720.tiff;1;1;2480;3508;210737;291;1847;291;48;291;1847;582;1847;582;1895;291;1895;Vidéoprojecteur;AAAAAAAAAAAAAAA;undefined;OTHER;OTHER
invoice-1720.tiff;1;1;2480;3508;210738;593;1847;97;48;593;1847;690;1847;690;1895;593;1895;home;AAAA;undefined;OTHER;OTHER
invoice-1720.tiff;1;1;2480;3508;210739;701;1847;127;48;701;1847;828;1847;828;1895;701;1895;cinéma;AAAAAA;undefined;OTHER;OTHER
invoice-1720.tiff;1;1;2480;3508;210740;839;1847;92;48;839;1847;931;1847;931;1895;839;1895;Benq;AAAA;undefined;OTHER;OTHER
invoice-1720.tiff;1;1;2480;3508;210741;942;1847;124;48;942;1847;1066;1847;1066;1895;942;1895;W1090;ANNNN;undefined;OTHER;OTHER
invoice-1720.tiff;1;1;2480;3508;210742;1218;1847;20;48;1218;1847;1238;1847;1238;1895;1218;1895;4;N;undefined;OTHER;OTHER
invoice-1720.tiff;1;1;2480;3508;210743;1416;1847;114;48;1416;1847;1530;1847;1530;1895;1416;1895;582,50;NNNSNN;undefined;OTHER;OTHER
invoice-1720.tiff;1;1;2480;3508;210744;1541;1847;83;48;1541;1847;1624;1847;1624;1895;1541;1895;USD;AAA;undefined;OTHER;OTHER
invoice-1720.tiff;1;1;2480;3508;210745;1755;1847;114;48;1755;1847;1869;1847;1869;1895;1755;1895;20.0%;NNSNS;undefined;OTHER;OTHER
invoice-1720.tiff;1;1;2480;3508;210746;1989;1847;135;48;1989;1847;2124;1847;2124;1895;1989;1895;2330,00;NNNNSNN;undefined;OTHER;OTHER
invoice-1720.tiff;1;1;2480;3508;210747;2135;1847;83;48;2135;1847;2218;1847;2218;1895;2135;1895;USD;AAA;undefined;OTHER;OTHER
invoice-1720.tiff;1;1;2480;3508;210748;197;1937;20;48;197;1937;217;1937;217;1985;197;1985;3;N;undefined;OTHER;OTHER
invoice-1720.tiff;1;1;2480;3508;210749;291;1937;148;48;291;1937;439;1937;439;1985;291;1985;Fixation;AAAAAAAA;undefined;OTHER;OTHER
invoice-1720.tiff;1;1;2480;3508;210750;450;1937;115;48;450;1937;565;1937;565;1985;450;1985;Gopro;AAAAA;undefined;OTHER;OTHER
invoice-1720.tiff;1;1;2480;3508;210751;576;1937;92;48;576;1937;668;1937;668;1985;576;1985;Tube;AAAA;undefined;OTHER;OTHER
invoice-1720.tiff;1;1;2480;3508;210752;679;1937;41;48;679;1937;720;1937;720;1985;679;1985;de;AA;undefined;OTHER;OTHER
invoice-1720.tiff;1;1;2480;3508;210753;731;1937;52;48;731;1937;783;1937;783;1985;731;1985;3,5;NSN;undefined;OTHER;OTHER
invoice-1720.tiff;1;1;2480;3508;210754;794;1937;20;48;794;1937;814;1937;814;1985;794;1985;à;A;undefined;OTHER;OTHER
invoice-1720.tiff;1;1;2480;3508;210755;825;1937;126;48;825;1937;951;1937;951;1985;825;1985;6,35cm;NSNNAA;undefined;OTHER;OTHER
invoice-1720.tiff;1;1;2480;3508;210756;1218;1937;20;48;1218;1937;1238;1937;1238;1985;1218;1985;3;N;undefined;OTHER;OTHER
invoice-1720.tiff;1;1;2480;3508;210757;1427;1937;93;48;1427;1937;1520;1937;1520;1985;1427;1985;37,49;NNSNN;undefined;OTHER;OTHER
invoice-1720.tiff;1;1;2480;3508;210758;1531;1937;83;48;1531;1937;1614;1937;1614;1985;1531;1985;USD;AAA;undefined;OTHER;OTHER
invoice-1720.tiff;1;1;2480;3508;210759;1755;1937;114;48;1755;1937;1869;1937;1869;1985;1755;1985;20.0%;NNSNS;undefined;OTHER;OTHER
invoice-1720.tiff;1;1;2480;3508;210760;1999;1937;114;48;1999;1937;2113;1937;2113;1985;1999;1985;112,48;NNNSNN;undefined;OTHER;OTHER
invoice-1720.tiff;1;1;2480;3508;210761;2125;1937;83;48;2125;1937;2208;1937;2208;1985;2125;1985;USD;AAA;undefined;OTHER;OTHER
invoice-1720.tiff;1;1;2480;3508;210762;1833;2068;104;52;1833;2068;1937;2068;1937;2120;1833;2120;Total;AAAAA;undefined;OTHER;OTHER
invoice-1720.tiff;1;1;2480;3508;210763;1979;2068;135;48;1979;2068;2114;2068;2114;2116;1979;2116;2489,98;NNNNSNN;TWTX;TOTAL_WITHOUT_TAX;TWTXS
invoice-1720.tiff;1;1;2480;3508;210764;2125;2068;83;48;2125;2068;2208;2068;2208;2116;2125;2116;USD;AAA;TWTX;TOTAL_WITHOUT_TAX;TWTXS
invoice-1720.tiff;1;1;2480;3508;210765;1852;2121;96;52;1852;2121;1948;2121;1948;2173;1852;2173;TVA;AAA;undefined;OTHER;OTHER
invoice-1720.tiff;1;1;2480;3508;210766;1960;2121;91;52;1960;2121;2051;2121;2051;2173;1960;2173;Rate;AAAA;undefined;OTHER;OTHER
invoice-1720.tiff;1;1;2480;3508;210767;2093;2121;114;48;2093;2121;2207;2121;2207;2169;2093;2169;20.0%;NNSNS;TXR;TAX_RATE;Tax Rate
invoice-1720.tiff;1;1;2480;3508;210768;1710;2174;76;52;1710;2174;1786;2174;1786;2226;1710;2226;Tax;AAA;undefined;OTHER;OTHER
invoice-1720.tiff;1;1;2480;3508;210769;1797;2174;160;52;1797;2174;1957;2174;1957;2226;1797;2226;Amount;AAAAAA;undefined;OTHER;OTHER
invoice-1720.tiff;1;1;2480;3508;210770;1999;2174;114;48;1999;2174;2113;2174;2113;2222;1999;2222;497,99;NNNSNN;TTX;TOTAL_TAX;Total Tax
invoice-1720.tiff;1;1;2480;3508;210771;2125;2174;83;48;2125;2174;2208;2174;2208;2222;2125;2222;USD;AAA;TTX;TOTAL_TAX;Total Tax
invoice-1720.tiff;1;1;2480;3508;210772;1644;2227;160;52;1644;2227;1804;2227;1804;2279;1644;2279;Amount;AAAAAA;undefined;OTHER;OTHER
invoice-1720.tiff;1;1;2480;3508;210773;1816;2227;38;52;1816;2227;1854;2227;1854;2279;1816;2279;to;AA;undefined;OTHER;OTHER
invoice-1720.tiff;1;1;2480;3508;210774;1866;2227;71;52;1866;2227;1937;2227;1937;2279;1866;2279;pay;AAA;undefined;OTHER;OTHER
invoice-1720.tiff;1;1;2480;3508;210775;1979;2227;135;48;1979;2227;2114;2227;2114;2275;1979;2275;2987,97;NNNNSNN;TA;TOTAL_AMOUNT;Total with TAX
invoice-1720.tiff;1;1;2480;3508;210776;2125;2227;83;48;2125;2227;2208;2227;2208;2275;2125;2275;USD;AAA;TA;TOTAL_AMOUNT;Total with TAX
invoice-1720.tiff;1;1;2480;3508;210777;124;3175;55;48;124;3175;179;3175;179;3223;124;3223;LE;AA;SN;SUPPLIER_NAME;Seller/Company) name
invoice-1720.tiff;1;1;2480;3508;210778;191;3175;180;48;191;3175;371;3175;371;3223;191;3223;RUCHER;AAAAAA;SN;SUPPLIER_NAME;Seller/Company) name
invoice-1720.tiff;1;1;2480;3508;210779;381;3175;81;48;381;3175;462;3175;462;3223;381;3223;DES;AAA;SN;SUPPLIER_NAME;Seller/Company) name
invoice-1720.tiff;1;1;2480;3508;210780;473;3175;224;48;473;3175;697;3175;697;3223;473;3223;BIENFAITS;AAAAAAAAA;SN;SUPPLIER_NAME;Seller/Company) name
invoice-1720.tiff;1;1;2480;3508;210781;124;3223;20;45;124;3223;144;3223;144;3268;124;3268;2;N;SA;SUPPLIER_ADDRESS;Seller Address
invoice-1720.tiff;1;1;2480;3508;210782;156;3223;81;45;156;3223;237;3223;237;3268;156;3268;RUE;AAA;SA;SUPPLIER_ADDRESS;Seller Address
invoice-1720.tiff;1;1;2480;3508;210783;247;3223;60;45;247;3223;307;3223;307;3268;247;3268;DU;AA;SA;SUPPLIER_ADDRESS;Seller Address
invoice-1720.tiff;1;1;2480;3508;210784;318;3223;76;45;318;3223;394;3223;394;3268;318;3268;LOT;AAA;SA;SUPPLIER_ADDRESS;Seller Address
invoice-1720.tiff;1;1;2480;3508;210785;124;3268;104;45;124;3268;228;3268;228;3313;124;3313;31100;NNNNN;SA;SUPPLIER_ADDRESS;Seller Address
invoice-1720.tiff;1;1;2480;3508;210786;270;3268;212;45;270;3268;482;3268;482;3313;270;3313;TOULOUSE;AAAAAAAA;SA;SUPPLIER_ADDRESS;Seller Address
invoice-1720.tiff;1;1;2480;3508;210787;124;3314;157;45;124;3314;281;3314;281;3359;124;3359;FRANCE;AAAAAA;SA;SUPPLIER_ADDRESS;Seller Address
