src;num_pages;page_id;page_width;page_height;id;col;row;width;height;x1;y1;x2;y2;x3;y3;x4;y4;contents;contents_masked;correctclass;tag;description
invoice-903.tiff;1;1;2480;3508;111216;124;62;136;175;124;62;260;62;260;237;124;237;common/logo;AAAAAASAAAA;img;IMAGE;Image
invoice-903.tiff;1;1;2480;3508;111217;124;412;44;48;124;412;168;412;168;460;124;460;IB;AA;SN;SUPPLIER_NAME;Seller/Company) name
invoice-903.tiff;1;1;2480;3508;111218;179;412;189;48;179;412;368;412;368;460;179;460;GESTION;AAAAAAA;SN;SUPPLIER_NAME;Seller/Company) name
invoice-903.tiff;1;1;2480;3508;111219;379;412;157;48;379;412;536;412;536;460;379;460;PRIVEE;AAAAAA;SN;SUPPLIER_NAME;Seller/Company) name
invoice-903.tiff;1;1;2480;3508;111220;124;460;20;45;124;460;144;460;144;505;124;505;1;N;SA;SUPPLIER_ADDRESS;Seller Address
invoice-903.tiff;1;1;2480;3508;111221;156;460;159;45;156;460;315;460;315;505;156;505;AVENUE;AAAAAA;SA;SUPPLIER_ADDRESS;Seller Address
invoice-903.tiff;1;1;2480;3508;111222;326;460;55;45;326;460;381;460;381;505;326;505;DE;AA;SA;SUPPLIER_ADDRESS;Seller Address
invoice-903.tiff;1;1;2480;3508;111223;392;460;286;45;392;460;678;460;678;505;392;505;MOHERNANDO;AAAAAAAAAA;SA;SUPPLIER_ADDRESS;Seller Address
invoice-903.tiff;1;1;2480;3508;111224;124;506;104;45;124;506;228;506;228;551;124;551;64200;NNNNN;SA;SUPPLIER_ADDRESS;Seller Address
invoice-903.tiff;1;1;2480;3508;111225;270;506;175;45;270;506;445;506;445;551;270;551;BIARRITZ;AAAAAAAA;SA;SUPPLIER_ADDRESS;Seller Address
invoice-903.tiff;1;1;2480;3508;111226;124;552;157;45;124;552;281;552;281;597;124;597;FRANCE;AAAAAA;SA;SUPPLIER_ADDRESS;Seller Address
invoice-903.tiff;1;1;2480;3508;111227;124;598;134;45;124;598;258;598;258;643;124;643;Numéro;AAAAAA;undefined;OTHER;OTHER
invoice-903.tiff;1;1;2480;3508;111228;269;598;39;45;269;598;308;598;308;643;269;643;de;AA;undefined;OTHER;OTHER
invoice-903.tiff;1;1;2480;3508;111229;319;598;53;45;319;598;372;598;372;643;319;643;Tel;AAA;undefined;OTHER;OTHER
invoice-903.tiff;1;1;2480;3508;111230;435;598;249;45;435;598;684;598;684;643;435;643;08.32.16.28.52;NNSNNSNNSNNSNN;SCN;SUPPLIER_CONTACT_NUMBER;Seller Contact Number
invoice-903.tiff;1;1;2480;3508;111231;124;643;134;45;124;643;258;643;258;688;124;688;Numéro;AAAAAA;undefined;OTHER;OTHER
invoice-903.tiff;1;1;2480;3508;111232;269;643;39;45;269;643;308;643;308;688;269;688;de;AA;undefined;OTHER;OTHER
invoice-903.tiff;1;1;2480;3508;111233;319;643;64;45;319;643;383;643;383;688;319;688;Fax;AAA;undefined;OTHER;OTHER
invoice-903.tiff;1;1;2480;3508;111234;446;643;249;45;446;643;695;643;695;688;446;688;08.32.16.61.93;NNSNNSNNSNNSNN;SFAX;SUPPLIER_FAX_NUMBER;Seller Fax Number
invoice-903.tiff;1;1;2480;3508;111252;1541;1016;169;57;1541;1016;1710;1016;1710;1073;1541;1073;Adresse;AAAAAAA;undefined;OTHER;OTHER
invoice-903.tiff;1;1;2480;3508;111253;1723;1016;50;57;1723;1016;1773;1016;1773;1073;1723;1073;de;AA;undefined;OTHER;OTHER
invoice-903.tiff;1;1;2480;3508;111254;1786;1016;252;57;1786;1016;2038;1016;2038;1073;1786;1073;Facturation;AAAAAAAAAAA;undefined;OTHER;OTHER
invoice-903.tiff;1;1;2480;3508;111255;1541;1073;134;48;1541;1073;1675;1073;1675;1121;1541;1121;Prevost;AAAAAAA;BN;BILLING_NAME;Billing Name
invoice-903.tiff;1;1;2480;3508;111256;1686;1073;104;48;1686;1073;1790;1073;1790;1121;1686;1121;Chloé;AAAAA;BN;BILLING_NAME;Billing Name
invoice-903.tiff;1;1;2480;3508;111257;1541;1121;52;45;1541;1121;1593;1121;1593;1166;1541;1166;15,;NNS;BA;BILLING_ADDRESS;Billing Address
invoice-903.tiff;1;1;2480;3508;111258;1604;1121;55;45;1604;1121;1659;1121;1659;1166;1604;1166;rue;AAA;BA;BILLING_ADDRESS;Billing Address
invoice-903.tiff;1;1;2480;3508;111259;1670;1121;41;45;1670;1121;1711;1121;1711;1166;1670;1166;du;AA;BA;BILLING_ADDRESS;Billing Address
invoice-903.tiff;1;1;2480;3508;111260;1722;1121;92;45;1722;1121;1814;1121;1814;1166;1722;1166;creux;AAAAA;BA;BILLING_ADDRESS;Billing Address
invoice-903.tiff;1;1;2480;3508;111261;1825;1121;101;45;1825;1121;1926;1121;1926;1166;1825;1166;lachet;AAAAAA;BA;BILLING_ADDRESS;Billing Address
invoice-903.tiff;1;1;2480;3508;111235;124;1132;160;52;124;1132;284;1132;284;1184;124;1184;Numéro;AAAAAA;undefined;OTHER;OTHER
invoice-903.tiff;1;1;2480;3508;111236;296;1132;45;52;296;1132;341;1132;341;1184;296;1184;de;AA;undefined;OTHER;OTHER
invoice-903.tiff;1;1;2480;3508;111237;354;1132;139;52;354;1132;493;1132;493;1184;354;1184;facture;AAAAAAA;undefined;OTHER;OTHER
invoice-903.tiff;1;1;2480;3508;111238;750;1132;166;46;750;1132;916;1132;916;1178;750;1178;51912031;NNNNNNNN;IN;INVOICE_NUMBER;Invoice Number
invoice-903.tiff;1;1;2480;3508;111262;1541;1167;104;45;1541;1167;1645;1167;1645;1212;1541;1212;21700;NNNNN;BA;BILLING_ADDRESS;Billing Address
invoice-903.tiff;1;1;2480;3508;111263;1687;1167;300;45;1687;1167;1987;1167;1987;1212;1687;1212;Magny-lès-Villers;AAAAASAAASAAAAAAA;BA;BILLING_ADDRESS;Billing Address
invoice-903.tiff;1;1;2480;3508;111239;124;1206;91;52;124;1206;215;1206;215;1258;124;1258;Date;AAAA;undefined;OTHER;OTHER
invoice-903.tiff;1;1;2480;3508;111240;228;1206;45;52;228;1206;273;1206;273;1258;228;1258;de;AA;undefined;OTHER;OTHER
invoice-903.tiff;1;1;2480;3508;111241;285;1206;35;52;285;1206;320;1206;320;1258;285;1258;la;AA;undefined;OTHER;OTHER
invoice-903.tiff;1;1;2480;3508;111242;332;1206;139;52;332;1206;471;1206;471;1258;332;1258;facture;AAAAAAA;undefined;OTHER;OTHER
invoice-903.tiff;1;1;2480;3508;111243;750;1206;148;46;750;1206;898;1206;898;1252;750;1252;10/01/13;NNSNNSNN;IDATE;INVOICE_DATE;Invoice Date
invoice-903.tiff;1;1;2480;3508;111264;1541;1213;120;45;1541;1213;1661;1213;1661;1258;1541;1258;France;AAAAAA;BA;BILLING_ADDRESS;Billing Address
invoice-903.tiff;1;1;2480;3508;111244;124;1280;160;52;124;1280;284;1280;284;1332;124;1332;Numéro;AAAAAA;undefined;OTHER;OTHER
invoice-903.tiff;1;1;2480;3508;111245;296;1280;45;52;296;1280;341;1280;341;1332;296;1332;de;AA;undefined;OTHER;OTHER
invoice-903.tiff;1;1;2480;3508;111246;354;1280;106;52;354;1280;460;1280;460;1332;354;1332;client;AAAAAA;undefined;OTHER;OTHER
invoice-903.tiff;1;1;2480;3508;111247;750;1280;104;46;750;1280;854;1280;854;1326;750;1326;17647;NNNNN;CNUM;CLIENT_NUMBER;Client Number
invoice-903.tiff;1;1;2480;3508;111265;1541;1301;169;57;1541;1301;1710;1301;1710;1358;1541;1358;Adresse;AAAAAAA;undefined;OTHER;OTHER
invoice-903.tiff;1;1;2480;3508;111266;1723;1301;50;57;1723;1301;1773;1301;1773;1358;1723;1358;de;AA;undefined;OTHER;OTHER
invoice-903.tiff;1;1;2480;3508;111267;1786;1301;205;57;1786;1301;1991;1301;1991;1358;1786;1358;Livraison;AAAAAAAAA;undefined;OTHER;OTHER
invoice-903.tiff;1;1;2480;3508;111248;124;1353;99;52;124;1353;223;1353;223;1405;124;1405;Type;AAAA;undefined;OTHER;OTHER
invoice-903.tiff;1;1;2480;3508;111249;235;1353;45;52;235;1353;280;1353;280;1405;235;1405;de;AA;undefined;OTHER;OTHER
invoice-903.tiff;1;1;2480;3508;111250;293;1353;180;52;293;1353;473;1353;473;1405;293;1405;paiement;AAAAAAAA;undefined;OTHER;OTHER
invoice-903.tiff;1;1;2480;3508;111251;750;1353;127;46;750;1353;877;1353;877;1399;750;1399;Chèque;AAAAAA;PMODE;PAYMENT_MODE;Payment Mode
invoice-903.tiff;1;1;2480;3508;111268;1541;1358;134;48;1541;1358;1675;1358;1675;1406;1541;1406;Prevost;AAAAAAA;SHN;SHIPPING_NAME;Shipping Name
invoice-903.tiff;1;1;2480;3508;111269;1686;1358;104;48;1686;1358;1790;1358;1790;1406;1686;1406;Chloé;AAAAA;SHN;SHIPPING_NAME;Shipping Name
invoice-903.tiff;1;1;2480;3508;111270;1541;1406;52;45;1541;1406;1593;1406;1593;1451;1541;1451;15,;NNS;SHA;SHIPPING_ADDRESS;Shipping Address
invoice-903.tiff;1;1;2480;3508;111271;1604;1406;55;45;1604;1406;1659;1406;1659;1451;1604;1451;rue;AAA;SHA;SHIPPING_ADDRESS;Shipping Address
invoice-903.tiff;1;1;2480;3508;111272;1670;1406;41;45;1670;1406;1711;1406;1711;1451;1670;1451;du;AA;SHA;SHIPPING_ADDRESS;Shipping Address
invoice-903.tiff;1;1;2480;3508;111273;1722;1406;92;45;1722;1406;1814;1406;1814;1451;1722;1451;creux;AAAAA;SHA;SHIPPING_ADDRESS;Shipping Address
invoice-903.tiff;1;1;2480;3508;111274;1825;1406;101;45;1825;1406;1926;1406;1926;1451;1825;1451;lachet;AAAAAA;SHA;SHIPPING_ADDRESS;Shipping Address
invoice-903.tiff;1;1;2480;3508;111275;1541;1452;104;45;1541;1452;1645;1452;1645;1497;1541;1497;21700;NNNNN;SHA;SHIPPING_ADDRESS;Shipping Address
invoice-903.tiff;1;1;2480;3508;111276;1687;1452;300;45;1687;1452;1987;1452;1987;1497;1687;1497;Magny-lès-Villers;AAAAASAAASAAAAAAA;SHA;SHIPPING_ADDRESS;Shipping Address
invoice-903.tiff;1;1;2480;3508;111277;1541;1498;120;45;1541;1498;1661;1498;1661;1543;1541;1543;France;AAAAAA;SHA;SHIPPING_ADDRESS;Shipping Address
invoice-903.tiff;1;1;2480;3508;111278;161;1821;92;52;161;1821;253;1821;253;1873;161;1873;Non.;AAAS;undefined;OTHER;OTHER
invoice-903.tiff;1;1;2480;3508;111279;401;1821;71;52;401;1821;472;1821;472;1873;401;1873;Qté;AAA;undefined;OTHER;OTHER
invoice-903.tiff;1;1;2480;3508;111280;863;1821;231;52;863;1821;1094;1821;1094;1873;863;1873;Désignation;AAAAAAAAAAA;undefined;OTHER;OTHER
invoice-903.tiff;1;1;2480;3508;111281;1490;1821;61;52;1490;1821;1551;1821;1551;1873;1490;1873;UP;AA;undefined;OTHER;OTHER
invoice-903.tiff;1;1;2480;3508;111282;1764;1821;96;52;1764;1821;1860;1821;1860;1873;1764;1873;TVA;AAA;undefined;OTHER;OTHER
invoice-903.tiff;1;1;2480;3508;111283;1968;1821;170;52;1968;1821;2138;1821;2138;1873;1968;1873;Montant;AAAAAAA;undefined;OTHER;OTHER
invoice-903.tiff;1;1;2480;3508;111284;2150;1821;89;52;2150;1821;2239;1821;2239;1873;2150;1873;H.T.;ASAS;undefined;OTHER;OTHER
invoice-903.tiff;1;1;2480;3508;111285;197;1895;20;48;197;1895;217;1895;217;1943;197;1943;1;N;undefined;OTHER;OTHER
invoice-903.tiff;1;1;2480;3508;111286;427;1895;20;48;427;1895;447;1895;447;1943;427;1943;2;N;undefined;OTHER;OTHER
invoice-903.tiff;1;1;2480;3508;111287;583;1895;155;48;583;1895;738;1895;738;1943;583;1943;Enceinte;AAAAAAAA;undefined;OTHER;OTHER
invoice-903.tiff;1;1;2480;3508;111288;748;1895;55;48;748;1895;803;1895;803;1943;748;1943;PC;AA;undefined;OTHER;OTHER
invoice-903.tiff;1;1;2480;3508;111289;814;1895;83;48;814;1895;897;1895;897;1943;814;1943;Bose;AAAA;undefined;OTHER;OTHER
invoice-903.tiff;1;1;2480;3508;111290;908;1895;208;48;908;1895;1116;1895;1116;1943;908;1943;Companion;AAAAAAAAA;undefined;OTHER;OTHER
invoice-903.tiff;1;1;2480;3508;111291;1127;1895;20;48;1127;1895;1147;1895;1147;1943;1127;1943;2;N;undefined;OTHER;OTHER
invoice-903.tiff;1;1;2480;3508;111292;1158;1895;48;48;1158;1895;1206;1895;1206;1943;1158;1943;III;AAA;undefined;OTHER;OTHER
invoice-903.tiff;1;1;2480;3508;111293;1217;1895;52;48;1217;1895;1269;1895;1269;1943;1217;1943;2.0;NSN;undefined;OTHER;OTHER
invoice-903.tiff;1;1;2480;3508;111294;1458;1895;93;48;1458;1895;1551;1895;1551;1943;1458;1943;83,32;NNSNN;undefined;OTHER;OTHER
invoice-903.tiff;1;1;2480;3508;111295;1562;1895;20;48;1562;1895;1582;1895;1582;1943;1562;1943;$;S;undefined;OTHER;OTHER
invoice-903.tiff;1;1;2480;3508;111296;1755;1895;114;48;1755;1895;1869;1895;1869;1943;1755;1943;20.0%;NNSNS;undefined;OTHER;OTHER
invoice-903.tiff;1;1;2480;3508;111297;2031;1895;114;48;2031;1895;2145;1895;2145;1943;2031;1943;166,65;NNNSNN;undefined;OTHER;OTHER
invoice-903.tiff;1;1;2480;3508;111298;2156;1895;20;48;2156;1895;2176;1895;2176;1943;2156;1943;$;S;undefined;OTHER;OTHER
invoice-903.tiff;1;1;2480;3508;111299;197;1985;20;48;197;1985;217;1985;217;2033;197;2033;2;N;undefined;OTHER;OTHER
invoice-903.tiff;1;1;2480;3508;111300;427;1985;20;48;427;1985;447;1985;447;2033;427;2033;2;N;undefined;OTHER;OTHER
invoice-903.tiff;1;1;2480;3508;111301;583;1985;219;48;583;1985;802;1985;802;2033;583;2033;Smartphone;AAAAAAAAAA;undefined;OTHER;OTHER
invoice-903.tiff;1;1;2480;3508;111302;813;1985;162;48;813;1985;975;1985;975;2033;813;2033;Samsung;AAAAAAA;undefined;OTHER;OTHER
invoice-903.tiff;1;1;2480;3508;111303;986;1985;127;48;986;1985;1113;1985;1113;2033;986;2033;Galaxy;AAAAAA;undefined;OTHER;OTHER
invoice-903.tiff;1;1;2480;3508;111304;1123;1985;44;48;1123;1985;1167;1985;1167;2033;1123;2033;S5;AN;undefined;OTHER;OTHER
invoice-903.tiff;1;1;2480;3508;111305;1178;1985;53;48;1178;1985;1231;1985;1231;2033;1178;2033;4G;NA;undefined;OTHER;OTHER
invoice-903.tiff;1;1;2480;3508;111306;1241;1985;41;48;1241;1985;1282;1985;1282;2033;1241;2033;16;NN;undefined;OTHER;OTHER
invoice-903.tiff;1;1;2480;3508;111307;1294;1985;53;48;1294;1985;1347;1985;1347;2033;1294;2033;Go;AA;undefined;OTHER;OTHER
invoice-903.tiff;1;1;2480;3508;111309;1447;1985;114;48;1447;1985;1561;1985;1561;2033;1447;2033;124,99;NNNSNN;undefined;OTHER;OTHER
invoice-903.tiff;1;1;2480;3508;111310;1572;1985;20;48;1572;1985;1592;1985;1592;2033;1572;2033;$;S;undefined;OTHER;OTHER
invoice-903.tiff;1;1;2480;3508;111311;1755;1985;114;48;1755;1985;1869;1985;1869;2033;1755;2033;20.0%;NNSNS;undefined;OTHER;OTHER
invoice-903.tiff;1;1;2480;3508;111312;2031;1985;114;48;2031;1985;2145;1985;2145;2033;2031;2033;249,98;NNNSNN;undefined;OTHER;OTHER
invoice-903.tiff;1;1;2480;3508;111313;2156;1985;20;48;2156;1985;2176;1985;2176;2033;2156;2033;$;S;undefined;OTHER;OTHER
invoice-903.tiff;1;1;2480;3508;111308;583;2033;50;48;583;2033;633;2033;633;2081;583;2081;Or;AA;undefined;OTHER;OTHER
invoice-903.tiff;1;1;2480;3508;111314;1479;2164;150;51;1479;2164;1629;2164;1629;2215;1479;2215;TOTAL;AAAAA;undefined;OTHER;OTHER
invoice-903.tiff;1;1;2480;3508;111315;1641;2164;168;51;1641;2164;1809;2164;1809;2215;1641;2215;REMISE;AAAAAA;undefined;OTHER;OTHER
invoice-903.tiff;1;1;2480;3508;111316;1821;2164;262;51;1821;2164;2083;2164;2083;2215;1821;2215;IMMEDIATE;AAAAAAAAA;undefined;OTHER;OTHER
invoice-903.tiff;1;1;2480;3508;111317;2104;2164;72;46;2104;2164;2176;2164;2176;2210;2104;2210;0,00;NSNN;undefined;OTHER;OTHER
invoice-903.tiff;1;1;2480;3508;111318;2187;2164;20;46;2187;2164;2207;2164;2207;2210;2187;2210;$;S;undefined;OTHER;OTHER
invoice-903.tiff;1;1;2480;3508;111319;1770;2215;155;51;1770;2215;1925;2215;1925;2266;1770;2266;Montant;AAAAAAA;undefined;OTHER;OTHER
invoice-903.tiff;1;1;2480;3508;111320;1936;2215;84;51;1936;2215;2020;2215;2020;2266;1936;2266;H.T.;ASAS;undefined;OTHER;OTHER
invoice-903.tiff;1;1;2480;3508;111321;2062;2215;114;46;2062;2215;2176;2215;2176;2261;2062;2261;416,63;NNNSNN;TWTX;TOTAL_WITHOUT_TAX;TWTXS
invoice-903.tiff;1;1;2480;3508;111322;2187;2215;20;46;2187;2215;2207;2215;2207;2261;2187;2261;$;S;TWTX;TOTAL_WITHOUT_TAX;TWTXS
invoice-903.tiff;1;1;2480;3508;111323;1780;2267;155;51;1780;2267;1935;2267;1935;2318;1780;2318;Montant;AAAAAAA;undefined;OTHER;OTHER
invoice-903.tiff;1;1;2480;3508;111324;1947;2267;94;51;1947;2267;2041;2267;2041;2318;1947;2318;TVA;AAA;undefined;OTHER;OTHER
invoice-903.tiff;1;1;2480;3508;111325;2083;2267;93;46;2083;2267;2176;2267;2176;2313;2083;2313;83,33;NNSNN;TTX;TOTAL_TAX;Total Tax
invoice-903.tiff;1;1;2480;3508;111326;2187;2267;20;46;2187;2267;2207;2267;2207;2313;2187;2313;$;S;TTX;TOTAL_TAX;Total Tax
invoice-903.tiff;1;1;2480;3508;111327;1767;2318;155;51;1767;2318;1922;2318;1922;2369;1767;2369;Montant;AAAAAAA;undefined;OTHER;OTHER
invoice-903.tiff;1;1;2480;3508;111328;1934;2318;86;51;1934;2318;2020;2318;2020;2369;1934;2369;TTC;AAA;undefined;OTHER;OTHER
invoice-903.tiff;1;1;2480;3508;111329;2062;2318;114;46;2062;2318;2176;2318;2176;2364;2062;2364;499,96;NNNSNN;TA;TOTAL_AMOUNT;Total with TAX
invoice-903.tiff;1;1;2480;3508;111330;2187;2318;20;46;2187;2318;2207;2318;2207;2364;2187;2364;$;S;TA;TOTAL_AMOUNT;Total with TAX
invoice-903.tiff;1;1;2480;3508;111331;124;3154;44;48;124;3154;168;3154;168;3202;124;3202;IB;AA;SN;SUPPLIER_NAME;Seller/Company) name
invoice-903.tiff;1;1;2480;3508;111332;179;3154;189;48;179;3154;368;3154;368;3202;179;3202;GESTION;AAAAAAA;SN;SUPPLIER_NAME;Seller/Company) name
invoice-903.tiff;1;1;2480;3508;111333;379;3154;157;48;379;3154;536;3154;536;3202;379;3202;PRIVEE;AAAAAA;SN;SUPPLIER_NAME;Seller/Company) name
invoice-903.tiff;1;1;2480;3508;111334;124;3202;20;45;124;3202;144;3202;144;3247;124;3247;1;N;SA;SUPPLIER_ADDRESS;Seller Address
invoice-903.tiff;1;1;2480;3508;111335;156;3202;159;45;156;3202;315;3202;315;3247;156;3247;AVENUE;AAAAAA;SA;SUPPLIER_ADDRESS;Seller Address
invoice-903.tiff;1;1;2480;3508;111336;326;3202;55;45;326;3202;381;3202;381;3247;326;3247;DE;AA;SA;SUPPLIER_ADDRESS;Seller Address
invoice-903.tiff;1;1;2480;3508;111337;392;3202;286;45;392;3202;678;3202;678;3247;392;3247;MOHERNANDO;AAAAAAAAAA;SA;SUPPLIER_ADDRESS;Seller Address
invoice-903.tiff;1;1;2480;3508;111338;687;3202;13;45;687;3202;700;3202;700;3247;687;3247;-;S;SA;SUPPLIER_ADDRESS;Seller Address
invoice-903.tiff;1;1;2480;3508;111339;711;3202;104;45;711;3202;815;3202;815;3247;711;3247;64200;NNNNN;SA;SUPPLIER_ADDRESS;Seller Address
invoice-903.tiff;1;1;2480;3508;111340;834;3202;175;45;834;3202;1009;3202;1009;3247;834;3247;BIARRITZ;AAAAAAAA;SA;SUPPLIER_ADDRESS;Seller Address
invoice-903.tiff;1;1;2480;3508;111341;1019;3202;13;45;1019;3202;1032;3202;1032;3247;1019;3247;-;S;SA;SUPPLIER_ADDRESS;Seller Address
invoice-903.tiff;1;1;2480;3508;111342;1043;3202;157;45;1043;3202;1200;3202;1200;3247;1043;3247;FRANCE;AAAAAA;SA;SUPPLIER_ADDRESS;Seller Address
