src;num_pages;page_id;page_width;page_height;id;col;row;width;height;x1;y1;x2;y2;x3;y3;x4;y4;contents;contents_masked;correctclass;tag;description
invoice-1032.tiff;1;1;2480;3508;126942;1541;62;244;175;1541;62;1785;62;1785;237;1541;237;common/logo;AAAAAASAAAA;img;IMAGE;Image
invoice-1032.tiff;1;1;2480;3508;126930;124;237;55;48;124;237;179;237;179;285;124;285;LE;AA;SN;SUPPLIER_NAME;Seller/Company) name
invoice-1032.tiff;1;1;2480;3508;126931;191;237;173;48;191;237;364;237;364;285;191;285;SECOND;AAAAAA;SN;SUPPLIER_NAME;Seller/Company) name
invoice-1032.tiff;1;1;2480;3508;126938;833;237;106;45;833;237;939;237;939;282;833;282;Phone;AAAAA;undefined;OTHER;OTHER
invoice-1032.tiff;1;1;2480;3508;126939;1002;237;263;45;1002;237;1265;237;1265;282;1002;282;09-12-57-66-77;NNSNNSNNSNNSNN;SCN;SUPPLIER_CONTACT_NUMBER;Seller Contact Number
invoice-1032.tiff;1;1;2480;3508;126940;833;283;64;45;833;283;897;283;897;328;833;328;Fax;AAA;undefined;OTHER;OTHER
invoice-1032.tiff;1;1;2480;3508;126941;960;283;263;45;960;283;1223;283;1223;328;960;328;09-12-57-51-96;NNSNNSNNSNNSNN;SFAX;SUPPLIER_FAX_NUMBER;Seller Fax Number
invoice-1032.tiff;1;1;2480;3508;126932;124;285;20;45;124;285;144;285;144;330;124;330;1;N;SA;SUPPLIER_ADDRESS;Seller Address
invoice-1032.tiff;1;1;2480;3508;126933;156;285;81;45;156;285;237;285;237;330;156;330;RUE;AAA;SA;SUPPLIER_ADDRESS;Seller Address
invoice-1032.tiff;1;1;2480;3508;126934;247;285;201;45;247;285;448;285;448;330;247;330;BOUVERIE;AAAAAAAA;SA;SUPPLIER_ADDRESS;Seller Address
invoice-1032.tiff;1;1;2480;3508;126935;124;331;104;45;124;331;228;331;228;376;124;376;26200;NNNNN;SA;SUPPLIER_ADDRESS;Seller Address
invoice-1032.tiff;1;1;2480;3508;126936;270;331;263;45;270;331;533;331;533;376;270;376;MONTELIMAR;AAAAAAAAAA;SA;SUPPLIER_ADDRESS;Seller Address
invoice-1032.tiff;1;1;2480;3508;126937;124;377;157;45;124;377;281;377;281;422;124;422;FRANCE;AAAAAA;SA;SUPPLIER_ADDRESS;Seller Address
invoice-1032.tiff;1;1;2480;3508;126960;1541;749;75;57;1541;749;1616;749;1616;806;1541;806;Bill;AAAA;undefined;OTHER;OTHER
invoice-1032.tiff;1;1;2480;3508;126961;1629;749;58;57;1629;749;1687;749;1687;806;1629;806;To;AA;undefined;OTHER;OTHER
invoice-1032.tiff;1;1;2480;3508;126962;1541;807;129;48;1541;807;1670;807;1670;855;1541;855;Sandra;AAAAAA;BN;BILLING_NAME;Billing Name
invoice-1032.tiff;1;1;2480;3508;126963;1681;807;125;48;1681;807;1806;807;1806;855;1681;855;Spinka;AAAAAA;BN;BILLING_NAME;Billing Name
invoice-1032.tiff;1;1;2480;3508;126943;124;829;142;52;124;829;266;829;266;881;124;881;Invoice;AAAAAAA;undefined;OTHER;OTHER
invoice-1032.tiff;1;1;2480;3508;126944;279;829;67;52;279;829;346;829;346;881;279;881;No.;AAS;undefined;OTHER;OTHER
invoice-1032.tiff;1;1;2480;3508;126945;750;829;298;46;750;829;1048;829;1048;875;750;875;429-52287-18110;NNNSNNNNNSNNNNN;IN;INVOICE_NUMBER;Invoice Number
invoice-1032.tiff;1;1;2480;3508;126964;1541;855;31;45;1541;855;1572;855;1572;900;1541;900;5,;NS;BA;BILLING_ADDRESS;Billing Address
invoice-1032.tiff;1;1;2480;3508;126965;1583;855;55;45;1583;855;1638;855;1638;900;1583;900;rue;AAA;BA;BILLING_ADDRESS;Billing Address
invoice-1032.tiff;1;1;2480;3508;126966;1649;855;104;45;1649;855;1753;855;1753;900;1649;900;benoît;AAAAAA;BA;BILLING_ADDRESS;Billing Address
invoice-1032.tiff;1;1;2480;3508;126967;1763;855;104;45;1763;855;1867;855;1867;900;1763;900;mâlon;AAAAA;BA;BILLING_ADDRESS;Billing Address
invoice-1032.tiff;1;1;2480;3508;126968;1541;901;104;45;1541;901;1645;901;1645;946;1541;946;10300;NNNNN;BA;BILLING_ADDRESS;Billing Address
invoice-1032.tiff;1;1;2480;3508;126969;1687;901;229;45;1687;901;1916;901;1916;946;1687;946;Sainte-Savine;AAAAAASAAAAAA;BA;BILLING_ADDRESS;Billing Address
invoice-1032.tiff;1;1;2480;3508;126946;124;903;91;52;124;903;215;903;215;955;124;955;Date;AAAA;undefined;OTHER;OTHER
invoice-1032.tiff;1;1;2480;3508;126947;750;903;20;46;750;903;770;903;770;949;750;949;1;N;IDATE;INVOICE_DATE;Invoice Date
invoice-1032.tiff;1;1;2480;3508;126948;781;903;61;46;781;903;842;903;842;949;781;949;dic,;AAAS;IDATE;INVOICE_DATE;Invoice Date
invoice-1032.tiff;1;1;2480;3508;126949;853;903;83;46;853;903;936;903;936;949;853;949;2021;NNNN;IDATE;INVOICE_DATE;Invoice Date
invoice-1032.tiff;1;1;2480;3508;126970;1541;946;120;45;1541;946;1661;946;1661;991;1541;991;France;AAAAAA;BA;BILLING_ADDRESS;Billing Address
invoice-1032.tiff;1;1;2480;3508;126950;124;976;119;52;124;976;243;976;243;1028;124;1028;Client;AAAAAA;undefined;OTHER;OTHER
invoice-1032.tiff;1;1;2480;3508;126951;256;976;67;52;256;976;323;976;323;1028;256;1028;No.;AAS;undefined;OTHER;OTHER
invoice-1032.tiff;1;1;2480;3508;126952;750;976;215;46;750;976;965;976;965;1022;750;1022;751-940-123;NNNSNNNSNNN;CNUM;CLIENT_NUMBER;Client Number
invoice-1032.tiff;1;1;2480;3508;126971;1541;1034;97;57;1541;1034;1638;1034;1638;1091;1541;1091;Ship;AAAA;undefined;OTHER;OTHER
invoice-1032.tiff;1;1;2480;3508;126972;1651;1034;58;57;1651;1034;1709;1034;1709;1091;1651;1091;To;AA;undefined;OTHER;OTHER
invoice-1032.tiff;1;1;2480;3508;126953;124;1050;122;52;124;1050;246;1050;246;1102;124;1102;Order;AAAAA;undefined;OTHER;OTHER
invoice-1032.tiff;1;1;2480;3508;126954;258;1050;67;52;258;1050;325;1050;325;1102;258;1102;No.;AAS;undefined;OTHER;OTHER
invoice-1032.tiff;1;1;2480;3508;126955;750;1050;138;46;750;1050;888;1050;888;1096;750;1096;409-778;NNNSNNN;ONUM;ORDER_NUMBER;Order Number
invoice-1032.tiff;1;1;2480;3508;126973;1541;1092;129;48;1541;1092;1670;1092;1670;1140;1541;1140;Sandra;AAAAAA;SHN;SHIPPING_NAME;Shipping Name
invoice-1032.tiff;1;1;2480;3508;126974;1681;1092;125;48;1681;1092;1806;1092;1806;1140;1681;1140;Spinka;AAAAAA;SHN;SHIPPING_NAME;Shipping Name
invoice-1032.tiff;1;1;2480;3508;126956;124;1124;173;52;124;1124;297;1124;297;1176;124;1176;Payment;AAAAAAA;undefined;OTHER;OTHER
invoice-1032.tiff;1;1;2480;3508;126957;309;1124;124;52;309;1124;433;1124;433;1176;309;1176;means;AAAAA;undefined;OTHER;OTHER
invoice-1032.tiff;1;1;2480;3508;126958;750;1124;104;46;750;1124;854;1124;854;1170;750;1170;Credit;AAAAAA;PMODE;PAYMENT_MODE;Payment Mode
invoice-1032.tiff;1;1;2480;3508;126959;864;1124;71;46;864;1124;935;1124;935;1170;864;1170;card;AAAA;PMODE;PAYMENT_MODE;Payment Mode
invoice-1032.tiff;1;1;2480;3508;126975;1541;1140;31;45;1541;1140;1572;1140;1572;1185;1541;1185;5,;NS;SHA;SHIPPING_ADDRESS;Shipping Address
invoice-1032.tiff;1;1;2480;3508;126976;1583;1140;55;45;1583;1140;1638;1140;1638;1185;1583;1185;rue;AAA;SHA;SHIPPING_ADDRESS;Shipping Address
invoice-1032.tiff;1;1;2480;3508;126977;1649;1140;104;45;1649;1140;1753;1140;1753;1185;1649;1185;benoît;AAAAAA;SHA;SHIPPING_ADDRESS;Shipping Address
invoice-1032.tiff;1;1;2480;3508;126978;1763;1140;104;45;1763;1140;1867;1140;1867;1185;1763;1185;mâlon;AAAAA;SHA;SHIPPING_ADDRESS;Shipping Address
invoice-1032.tiff;1;1;2480;3508;126979;1541;1185;104;45;1541;1185;1645;1185;1645;1230;1541;1230;10300;NNNNN;SHA;SHIPPING_ADDRESS;Shipping Address
invoice-1032.tiff;1;1;2480;3508;126980;1687;1185;229;45;1687;1185;1916;1185;1916;1230;1687;1230;Sainte-Savine;AAAAAASAAAAAA;SHA;SHIPPING_ADDRESS;Shipping Address
invoice-1032.tiff;1;1;2480;3508;126981;1541;1231;120;45;1541;1231;1661;1231;1661;1276;1541;1276;France;AAAAAA;SHA;SHIPPING_ADDRESS;Shipping Address
invoice-1032.tiff;1;1;2480;3508;126982;440;1555;244;52;440;1555;684;1555;684;1607;440;1607;Descriptions;AAAAAAAAAAAA;undefined;OTHER;OTHER
invoice-1032.tiff;1;1;2480;3508;126983;1088;1555;73;52;1088;1555;1161;1555;1161;1607;1088;1607;Qty;AAA;undefined;OTHER;OTHER
invoice-1032.tiff;1;1;2480;3508;126984;1374;1555;84;52;1374;1555;1458;1555;1458;1607;1374;1607;U.P.;ASAS;undefined;OTHER;OTHER
invoice-1032.tiff;1;1;2480;3508;126985;1646;1555;206;52;1646;1555;1852;1555;1852;1607;1646;1607;VAT/TVA;AAASAAA;undefined;OTHER;OTHER
invoice-1032.tiff;1;1;2480;3508;126986;2003;1555;160;52;2003;1555;2163;1555;2163;1607;2003;1607;Amount;AAAAAA;undefined;OTHER;OTHER
invoice-1032.tiff;1;1;2480;3508;126987;124;1628;155;48;124;1628;279;1628;279;1676;124;1676;Enceinte;AAAAAAAA;undefined;OTHER;OTHER
invoice-1032.tiff;1;1;2480;3508;126988;290;1628;136;48;290;1628;426;1628;426;1676;290;1676;colonne;AAAAAAA;undefined;OTHER;OTHER
invoice-1032.tiff;1;1;2480;3508;126989;437;1628;104;48;437;1628;541;1628;541;1676;437;1676;B&W;ASA;undefined;OTHER;OTHER
invoice-1032.tiff;1;1;2480;3508;126990;552;1628;62;48;552;1628;614;1628;614;1676;552;1676;683;NNN;undefined;OTHER;OTHER
invoice-1032.tiff;1;1;2480;3508;126991;625;1628;44;48;625;1628;669;1628;669;1676;625;1676;S2;AN;undefined;OTHER;OTHER
invoice-1032.tiff;1;1;2480;3508;126992;679;1628;145;48;679;1628;824;1628;824;1676;679;1676;WHITE;AAAAA;undefined;OTHER;OTHER
invoice-1032.tiff;1;1;2480;3508;126993;835;1628;50;48;835;1628;885;1628;885;1676;835;1676;X1;AN;undefined;OTHER;OTHER
invoice-1032.tiff;1;1;2480;3508;126994;1114;1628;20;48;1114;1628;1134;1628;1134;1676;1114;1676;2;N;undefined;OTHER;OTHER
invoice-1032.tiff;1;1;2480;3508;126995;1312;1628;114;48;1312;1628;1426;1628;1426;1676;1312;1676;665,83;NNNSNN;undefined;OTHER;OTHER
invoice-1032.tiff;1;1;2480;3508;126996;1437;1628;83;48;1437;1628;1520;1628;1520;1676;1437;1676;USD;AAA;undefined;OTHER;OTHER
invoice-1032.tiff;1;1;2480;3508;126997;1692;1628;114;48;1692;1628;1806;1628;1806;1676;1692;1676;20.0%;NNSNS;undefined;OTHER;OTHER
invoice-1032.tiff;1;1;2480;3508;126998;1968;1628;135;48;1968;1628;2103;1628;2103;1676;1968;1676;1331,67;NNNNSNN;undefined;OTHER;OTHER
invoice-1032.tiff;1;1;2480;3508;126999;2114;1628;83;48;2114;1628;2197;1628;2197;1676;2114;1676;USD;AAA;undefined;OTHER;OTHER
invoice-1032.tiff;1;1;2480;3508;127000;124;1718;185;48;124;1718;309;1718;309;1766;124;1766;Téléphone;AAAAAAAAA;undefined;OTHER;OTHER
invoice-1032.tiff;1;1;2480;3508;127001;320;1718;76;48;320;1718;396;1718;396;1766;320;1766;sans;AAAA;undefined;OTHER;OTHER
invoice-1032.tiff;1;1;2480;3508;127002;407;1718;37;48;407;1718;444;1718;444;1766;407;1766;fil;AAA;undefined;OTHER;OTHER
invoice-1032.tiff;1;1;2480;3508;127003;454;1718;124;48;454;1718;578;1718;578;1766;454;1766;Alcatel;AAAAAAA;undefined;OTHER;OTHER
invoice-1032.tiff;1;1;2480;3508;127004;590;1718;87;48;590;1718;677;1718;677;1766;590;1766;F360;ANNN;undefined;OTHER;OTHER
invoice-1032.tiff;1;1;2480;3508;127005;688;1718;99;48;688;1718;787;1718;787;1766;688;1766;Voice;AAAAA;undefined;OTHER;OTHER
invoice-1032.tiff;1;1;2480;3508;127006;798;1718;74;48;798;1718;872;1718;872;1766;798;1766;Duo;AAA;undefined;OTHER;OTHER
invoice-1032.tiff;1;1;2480;3508;127007;883;1718;101;48;883;1718;984;1718;984;1766;883;1766;Blanc;AAAAA;undefined;OTHER;OTHER
invoice-1032.tiff;1;1;2480;3508;127008;1114;1718;20;48;1114;1718;1134;1718;1134;1766;1114;1766;4;N;undefined;OTHER;OTHER
invoice-1032.tiff;1;1;2480;3508;127009;1322;1718;93;48;1322;1718;1415;1718;1415;1766;1322;1766;41,66;NNSNN;undefined;OTHER;OTHER
invoice-1032.tiff;1;1;2480;3508;127010;1427;1718;83;48;1427;1718;1510;1718;1510;1766;1427;1766;USD;AAA;undefined;OTHER;OTHER
invoice-1032.tiff;1;1;2480;3508;127011;1692;1718;114;48;1692;1718;1806;1718;1806;1766;1692;1766;20.0%;NNSNS;undefined;OTHER;OTHER
invoice-1032.tiff;1;1;2480;3508;127012;1979;1718;114;48;1979;1718;2093;1718;2093;1766;1979;1766;166,63;NNNSNN;undefined;OTHER;OTHER
invoice-1032.tiff;1;1;2480;3508;127013;2104;1718;83;48;2104;1718;2187;1718;2187;1766;2104;1766;USD;AAA;undefined;OTHER;OTHER
invoice-1032.tiff;1;1;2480;3508;127014;1847;1850;173;52;1847;1850;2020;1850;2020;1902;1847;1902;Discount;AAAAAAAA;undefined;OTHER;OTHER
invoice-1032.tiff;1;1;2480;3508;127015;2041;1850;72;48;2041;1850;2113;1850;2113;1898;2041;1898;0,00;NSNN;undefined;OTHER;OTHER
invoice-1032.tiff;1;1;2480;3508;127016;2125;1850;83;48;2125;1850;2208;1850;2208;1898;2125;1898;USD;AAA;undefined;OTHER;OTHER
invoice-1032.tiff;1;1;2480;3508;127017;1777;1902;160;52;1777;1902;1937;1902;1937;1954;1777;1954;Amount;AAAAAA;undefined;OTHER;OTHER
invoice-1032.tiff;1;1;2480;3508;127018;1979;1902;135;48;1979;1902;2114;1902;2114;1950;1979;1950;1498,30;NNNNSNN;TWTX;TOTAL_WITHOUT_TAX;TWTXS
invoice-1032.tiff;1;1;2480;3508;127019;2125;1902;83;48;2125;1902;2208;1902;2208;1950;2125;1950;USD;AAA;TWTX;TOTAL_WITHOUT_TAX;TWTXS
invoice-1032.tiff;1;1;2480;3508;127020;1689;1955;96;52;1689;1955;1785;1955;1785;2007;1689;2007;TVA;AAA;undefined;OTHER;OTHER
invoice-1032.tiff;1;1;2480;3508;127021;1797;1955;160;52;1797;1955;1957;1955;1957;2007;1797;2007;Amount;AAAAAA;undefined;OTHER;OTHER
invoice-1032.tiff;1;1;2480;3508;127022;1999;1955;114;48;1999;1955;2113;1955;2113;2003;1999;2003;299,66;NNNSNN;TTX;TOTAL_TAX;Total Tax
invoice-1032.tiff;1;1;2480;3508;127023;2125;1955;83;48;2125;1955;2208;1955;2208;2003;2125;2003;USD;AAA;TTX;TOTAL_TAX;Total Tax
invoice-1032.tiff;1;1;2480;3508;127024;1661;2008;104;52;1661;2008;1765;2008;1765;2060;1661;2060;Total;AAAAA;undefined;OTHER;OTHER
invoice-1032.tiff;1;1;2480;3508;127025;1777;2008;160;52;1777;2008;1937;2008;1937;2060;1777;2060;Amount;AAAAAA;undefined;OTHER;OTHER
invoice-1032.tiff;1;1;2480;3508;127026;1979;2008;135;48;1979;2008;2114;2008;2114;2056;1979;2056;1797,96;NNNNSNN;TA;TOTAL_AMOUNT;Total with TAX
invoice-1032.tiff;1;1;2480;3508;127027;2125;2008;83;48;2125;2008;2208;2008;2208;2056;2125;2056;USD;AAA;TA;TOTAL_AMOUNT;Total with TAX
invoice-1032.tiff;1;1;2480;3508;127028;1187;3154;55;48;1187;3154;1242;3154;1242;3202;1187;3202;LE;AA;SN;SUPPLIER_NAME;Seller/Company) name
invoice-1032.tiff;1;1;2480;3508;127029;1253;3154;173;48;1253;3154;1426;3154;1426;3202;1253;3202;SECOND;AAAAAA;SN;SUPPLIER_NAME;Seller/Company) name
invoice-1032.tiff;1;1;2480;3508;127030;1187;3202;20;45;1187;3202;1207;3202;1207;3247;1187;3247;1;N;SA;SUPPLIER_ADDRESS;Seller Address
invoice-1032.tiff;1;1;2480;3508;127031;1218;3202;81;45;1218;3202;1299;3202;1299;3247;1218;3247;RUE;AAA;SA;SUPPLIER_ADDRESS;Seller Address
invoice-1032.tiff;1;1;2480;3508;127032;1310;3202;201;45;1310;3202;1511;3202;1511;3247;1310;3247;BOUVERIE;AAAAAAAA;SA;SUPPLIER_ADDRESS;Seller Address
invoice-1032.tiff;1;1;2480;3508;127033;1187;3248;104;45;1187;3248;1291;3248;1291;3293;1187;3293;26200;NNNNN;SA;SUPPLIER_ADDRESS;Seller Address
invoice-1032.tiff;1;1;2480;3508;127034;1333;3248;263;45;1333;3248;1596;3248;1596;3293;1333;3293;MONTELIMAR;AAAAAAAAAA;SA;SUPPLIER_ADDRESS;Seller Address
invoice-1032.tiff;1;1;2480;3508;127035;1187;3293;157;45;1187;3293;1344;3293;1344;3338;1187;3338;FRANCE;AAAAAA;SA;SUPPLIER_ADDRESS;Seller Address
