src;num_pages;page_id;page_width;page_height;id;col;row;width;height;x1;y1;x2;y2;x3;y3;x4;y4;contents;contents_masked;correctclass;tag;description
invoice-866.tiff;1;1;2480;3508;106787;124;62;180;175;124;62;304;62;304;237;124;237;common/logo;AAAAAASAAAA;img;IMAGE;Image
invoice-866.tiff;1;1;2480;3508;106800;1541;258;108;59;1541;258;1649;258;1649;317;1541;317;Date;AAAA;undefined;OTHER;OTHER
invoice-866.tiff;1;1;2480;3508;106801;1712;258;45;52;1712;258;1757;258;1757;310;1712;310;jul;AAA;IDATE;INVOICE_DATE;Invoice Date
invoice-866.tiff;1;1;2480;3508;106802;1771;258;63;52;1771;258;1834;258;1834;310;1771;310;29,;NNS;IDATE;INVOICE_DATE;Invoice Date
invoice-866.tiff;1;1;2480;3508;106803;1847;258;101;52;1847;258;1948;258;1948;310;1847;310;2010;NNNN;IDATE;INVOICE_DATE;Invoice Date
invoice-866.tiff;1;1;2480;3508;106788;124;412;215;49;124;412;339;412;339;461;124;461;HOMEBOX;AAAAAAA;SN;SUPPLIER_NAME;Seller/Company) name
invoice-866.tiff;1;1;2480;3508;106789;124;462;23;48;124;462;147;462;147;510;124;510;2;N;SA;SUPPLIER_ADDRESS;Seller Address
invoice-866.tiff;1;1;2480;3508;106790;159;462;74;48;159;462;233;462;233;510;159;510;IMP;AAA;SA;SUPPLIER_ADDRESS;Seller Address
invoice-866.tiff;1;1;2480;3508;106791;245;462;199;48;245;462;444;462;444;510;245;510;CLEMENT;AAAAAAA;SA;SUPPLIER_ADDRESS;Seller Address
invoice-866.tiff;1;1;2480;3508;106792;456;462;115;48;456;462;571;462;571;510;456;510;ADER;AAAA;SA;SUPPLIER_ADDRESS;Seller Address
invoice-866.tiff;1;1;2480;3508;106793;580;462;11;48;580;462;591;462;591;510;580;510;,;S;SA;SUPPLIER_ADDRESS;Seller Address
invoice-866.tiff;1;1;2480;3508;106794;603;462;115;48;603;462;718;462;718;510;603;510;64140;NNNNN;SA;SUPPLIER_ADDRESS;Seller Address
invoice-866.tiff;1;1;2480;3508;106795;727;462;113;48;727;462;840;462;840;510;727;510;LONS;AAAA;SA;SUPPLIER_ADDRESS;Seller Address
invoice-866.tiff;1;1;2480;3508;106796;124;510;120;48;124;510;244;510;244;558;124;558;Phone;AAAAA;undefined;OTHER;OTHER
invoice-866.tiff;1;1;2480;3508;106797;270;510;287;48;270;510;557;510;557;558;270;558;06-32-09-59-37;NNSNNSNNSNNSNN;SCN;SUPPLIER_CONTACT_NUMBER;Seller Contact Number
invoice-866.tiff;1;1;2480;3508;106798;599;510;69;48;599;510;668;510;668;558;599;558;Fax;AAA;undefined;OTHER;OTHER
invoice-866.tiff;1;1;2480;3508;106799;693;510;287;48;693;510;980;510;980;558;693;558;06-32-09-70-93;NNSNNSNNSNNSNN;SFAX;SUPPLIER_FAX_NUMBER;Seller Fax Number
invoice-866.tiff;1;1;2480;3508;106804;124;895;172;59;124;895;296;895;296;954;124;954;Invoice;AAAAAAA;undefined;OTHER;OTHER
invoice-866.tiff;1;1;2480;3508;106805;311;895;61;59;311;895;372;895;372;954;311;954;To;AA;undefined;OTHER;OTHER
invoice-866.tiff;1;1;2480;3508;106806;124;954;92;49;124;954;216;954;216;1003;124;1003;Miss;AAAA;BN;BILLING_NAME;Billing Name
invoice-866.tiff;1;1;2480;3508;106807;229;954;141;49;229;954;370;954;370;1003;229;1003;Ahmad;AAAAA;BN;BILLING_NAME;Billing Name
invoice-866.tiff;1;1;2480;3508;106808;382;954;104;49;382;954;486;954;486;1003;382;1003;Stark;AAAAA;BN;BILLING_NAME;Billing Name
invoice-866.tiff;1;1;2480;3508;106809;124;1004;34;48;124;1004;158;1004;158;1052;124;1052;3,;NS;BA;BILLING_ADDRESS;Billing Address
invoice-866.tiff;1;1;2480;3508;106810;171;1004;60;48;171;1004;231;1004;231;1052;171;1052;rue;AAA;BA;BILLING_ADDRESS;Billing Address
invoice-866.tiff;1;1;2480;3508;106811;243;1004;46;48;243;1004;289;1004;289;1052;243;1052;du;AA;BA;BILLING_ADDRESS;Billing Address
invoice-866.tiff;1;1;2480;3508;106812;301;1004;71;48;301;1004;372;1004;372;1052;301;1052;four;AAAA;BA;BILLING_ADDRESS;Billing Address
invoice-866.tiff;1;1;2480;3508;106813;124;1052;115;48;124;1052;239;1052;239;1100;124;1100;48100;NNNNN;BA;BILLING_ADDRESS;Billing Address
invoice-866.tiff;1;1;2480;3508;106814;282;1052;187;48;282;1052;469;1052;469;1100;282;1100;Montrodat;AAAAAAAAA;BA;BILLING_ADDRESS;Billing Address
invoice-866.tiff;1;1;2480;3508;106828;1541;1094;157;54;1541;1094;1698;1094;1698;1148;1541;1148;Invoice;AAAAAAA;undefined;OTHER;OTHER
invoice-866.tiff;1;1;2480;3508;106829;1712;1094;173;54;1712;1094;1885;1094;1885;1148;1712;1148;Number;AAAAAA;undefined;OTHER;OTHER
invoice-866.tiff;1;1;2480;3508;106830;2166;1094;245;48;2166;1094;2411;1094;2411;1142;2166;1142;2084-714930;NNNNSNNNNNN;IN;INVOICE_NUMBER;Invoice Number
invoice-866.tiff;1;1;2480;3508;106815;124;1100;129;48;124;1100;253;1100;253;1148;124;1148;France;AAAAAA;BA;BILLING_ADDRESS;Billing Address
invoice-866.tiff;1;1;2480;3508;106831;1541;1169;127;54;1541;1169;1668;1169;1668;1223;1541;1223;Client;AAAAAA;undefined;OTHER;OTHER
invoice-866.tiff;1;1;2480;3508;106832;1681;1169;173;54;1681;1169;1854;1169;1854;1223;1681;1223;Number;AAAAAA;undefined;OTHER;OTHER
invoice-866.tiff;1;1;2480;3508;106833;2166;1169;176;48;2166;1169;2342;1169;2342;1217;2166;1217;281-0295;NNNSNNNN;CNUM;CLIENT_NUMBER;Client Number
invoice-866.tiff;1;1;2480;3508;106816;124;1190;194;59;124;1190;318;1190;318;1249;124;1249;Delivery;AAAAAAAA;undefined;OTHER;OTHER
invoice-866.tiff;1;1;2480;3508;106817;333;1190;61;59;333;1190;394;1190;394;1249;333;1249;To;AA;undefined;OTHER;OTHER
invoice-866.tiff;1;1;2480;3508;106818;124;1250;92;49;124;1250;216;1250;216;1299;124;1299;Miss;AAAA;SHN;SHIPPING_NAME;Shipping Name
invoice-866.tiff;1;1;2480;3508;106819;229;1250;141;49;229;1250;370;1250;370;1299;229;1299;Ahmad;AAAAA;SHN;SHIPPING_NAME;Shipping Name
invoice-866.tiff;1;1;2480;3508;106820;382;1250;104;49;382;1250;486;1250;486;1299;382;1299;Stark;AAAAA;SHN;SHIPPING_NAME;Shipping Name
invoice-866.tiff;1;1;2480;3508;106821;124;1299;34;48;124;1299;158;1299;158;1347;124;1347;3,;NS;SHA;SHIPPING_ADDRESS;Shipping Address
invoice-866.tiff;1;1;2480;3508;106822;171;1299;60;48;171;1299;231;1299;231;1347;171;1347;rue;AAA;SHA;SHIPPING_ADDRESS;Shipping Address
invoice-866.tiff;1;1;2480;3508;106823;243;1299;46;48;243;1299;289;1299;289;1347;243;1347;du;AA;SHA;SHIPPING_ADDRESS;Shipping Address
invoice-866.tiff;1;1;2480;3508;106824;301;1299;71;48;301;1299;372;1299;372;1347;301;1347;four;AAAA;SHA;SHIPPING_ADDRESS;Shipping Address
invoice-866.tiff;1;1;2480;3508;106825;124;1347;115;48;124;1347;239;1347;239;1395;124;1395;48100;NNNNN;SHA;SHIPPING_ADDRESS;Shipping Address
invoice-866.tiff;1;1;2480;3508;106826;282;1347;187;48;282;1347;469;1347;469;1395;282;1395;Montrodat;AAAAAAAAA;SHA;SHIPPING_ADDRESS;Shipping Address
invoice-866.tiff;1;1;2480;3508;106827;124;1395;129;48;124;1395;253;1395;253;1443;124;1443;France;AAAAAA;SHA;SHIPPING_ADDRESS;Shipping Address
invoice-866.tiff;1;1;2480;3508;106834;423;1711;277;54;423;1711;700;1711;700;1765;423;1765;Descriptions;AAAAAAAAAAAA;undefined;OTHER;OTHER
invoice-866.tiff;1;1;2480;3508;106835;1086;1711;76;54;1086;1711;1162;1711;1162;1765;1086;1765;Qty;AAA;undefined;OTHER;OTHER
invoice-866.tiff;1;1;2480;3508;106836;1372;1711;89;54;1372;1711;1461;1711;1461;1765;1372;1765;U.P.;ASAS;undefined;OTHER;OTHER
invoice-866.tiff;1;1;2480;3508;106837;1651;1711;196;54;1651;1711;1847;1711;1847;1765;1651;1765;VAT/TVA;AAASAAA;undefined;OTHER;OTHER
invoice-866.tiff;1;1;2480;3508;106838;1996;1711;173;54;1996;1711;2169;1711;2169;1765;1996;1765;Amount;AAAAAA;undefined;OTHER;OTHER
invoice-866.tiff;1;1;2480;3508;106839;124;1786;208;49;124;1786;332;1786;332;1835;124;1835;Téléphone;AAAAAAAAA;undefined;OTHER;OTHER
invoice-866.tiff;1;1;2480;3508;106840;344;1786;164;49;344;1786;508;1786;508;1835;344;1835;portable;AAAAAAAA;undefined;OTHER;OTHER
invoice-866.tiff;1;1;2480;3508;106841;520;1786;97;49;520;1786;617;1786;617;1835;520;1835;Doro;AAAA;undefined;OTHER;OTHER
invoice-866.tiff;1;1;2480;3508;106842;629;1786;97;49;629;1786;726;1786;726;1835;629;1835;Doro;AAAA;undefined;OTHER;OTHER
invoice-866.tiff;1;1;2480;3508;106843;738;1786;92;49;738;1786;830;1786;830;1835;738;1835;2404;NNNN;undefined;OTHER;OTHER
invoice-866.tiff;1;1;2480;3508;106845;1113;1786;23;49;1113;1786;1136;1786;1136;1835;1113;1835;2;N;undefined;OTHER;OTHER
invoice-866.tiff;1;1;2480;3508;106846;1314;1786;104;49;1314;1786;1418;1786;1418;1835;1314;1835;41,66;NNSNN;undefined;OTHER;OTHER
invoice-866.tiff;1;1;2480;3508;106847;1430;1786;87;49;1430;1786;1517;1786;1517;1835;1430;1835;EUR;AAA;undefined;OTHER;OTHER
invoice-866.tiff;1;1;2480;3508;106848;1690;1786;118;49;1690;1786;1808;1786;1808;1835;1690;1835;20.0%;NNSNS;undefined;OTHER;OTHER
invoice-866.tiff;1;1;2480;3508;106849;1981;1786;104;49;1981;1786;2085;1786;2085;1835;1981;1835;83,32;NNSNN;undefined;OTHER;OTHER
invoice-866.tiff;1;1;2480;3508;106850;2097;1786;87;49;2097;1786;2184;1786;2184;1835;2097;1835;EUR;AAA;undefined;OTHER;OTHER
invoice-866.tiff;1;1;2480;3508;106844;124;1836;236;49;124;1836;360;1836;360;1885;124;1885;rouge/blanc;AAAAASAAAAA;undefined;OTHER;OTHER
invoice-866.tiff;1;1;2480;3508;106851;124;1927;152;49;124;1927;276;1927;276;1976;124;1976;Caméra;AAAAAA;undefined;OTHER;OTHER
invoice-866.tiff;1;1;2480;3508;106852;289;1927;104;49;289;1927;393;1927;393;1976;289;1976;sport;AAAAA;undefined;OTHER;OTHER
invoice-866.tiff;1;1;2480;3508;106853;405;1927;194;49;405;1927;599;1927;599;1976;405;1976;Feiyutech;AAAAAAAAA;undefined;OTHER;OTHER
invoice-866.tiff;1;1;2480;3508;106854;611;1927;178;49;611;1927;789;1927;789;1976;611;1976;Summon;AAAAAA;undefined;OTHER;OTHER
invoice-866.tiff;1;1;2480;3508;106855;801;1927;24;49;801;1927;825;1927;825;1976;801;1976;+;S;undefined;OTHER;OTHER
invoice-866.tiff;1;1;2480;3508;106856;1113;1927;23;49;1113;1927;1136;1927;1136;1976;1113;1976;2;N;undefined;OTHER;OTHER
invoice-866.tiff;1;1;2480;3508;106857;1303;1927;127;49;1303;1927;1430;1927;1430;1976;1303;1976;332,50;NNNSNN;undefined;OTHER;OTHER
invoice-866.tiff;1;1;2480;3508;106858;1442;1927;87;49;1442;1927;1529;1927;1529;1976;1442;1976;EUR;AAA;undefined;OTHER;OTHER
invoice-866.tiff;1;1;2480;3508;106859;1690;1927;118;49;1690;1927;1808;1927;1808;1976;1690;1976;20.0%;NNSNS;undefined;OTHER;OTHER
invoice-866.tiff;1;1;2480;3508;106860;1969;1927;127;49;1969;1927;2096;1927;2096;1976;1969;1976;665,00;NNNSNN;undefined;OTHER;OTHER
invoice-866.tiff;1;1;2480;3508;106861;2108;1927;87;49;2108;1927;2195;1927;2195;1976;2108;1976;EUR;AAA;undefined;OTHER;OTHER
invoice-866.tiff;1;1;2480;3508;106862;1810;2060;196;54;1810;2060;2006;2060;2006;2114;1810;2114;Discount;AAAAAAAA;undefined;OTHER;OTHER
invoice-866.tiff;1;1;2480;3508;106863;2027;2060;81;49;2027;2060;2108;2060;2108;2109;2027;2109;0,00;NSNN;undefined;OTHER;OTHER
invoice-866.tiff;1;1;2480;3508;106864;2120;2060;87;49;2120;2060;2207;2060;2207;2109;2120;2109;EUR;AAA;undefined;OTHER;OTHER
invoice-866.tiff;1;1;2480;3508;106865;1766;2115;173;54;1766;2115;1939;2115;1939;2169;1766;2169;Amount;AAAAAA;undefined;OTHER;OTHER
invoice-866.tiff;1;1;2480;3508;106866;1981;2115;127;49;1981;2115;2108;2115;2108;2164;1981;2164;748,32;NNNSNN;TWTX;TOTAL_WITHOUT_TAX;TWTXS
invoice-866.tiff;1;1;2480;3508;106867;2120;2115;87;49;2120;2115;2207;2115;2207;2164;2120;2164;EUR;AAA;TWTX;TOTAL_WITHOUT_TAX;TWTXS
invoice-866.tiff;1;1;2480;3508;106868;1852;2169;196;54;1852;2169;2048;2169;2048;2223;1852;2223;VAT/TVA;AAASAAA;undefined;OTHER;OTHER
invoice-866.tiff;1;1;2480;3508;106869;2090;2169;118;49;2090;2169;2208;2169;2208;2218;2090;2218;20.0%;NNSNS;TXR;TAX_RATE;Tax Rate
invoice-866.tiff;1;1;2480;3508;106870;1662;2224;91;54;1662;2224;1753;2224;1753;2278;1662;2278;TVA;AAA;undefined;OTHER;OTHER
invoice-866.tiff;1;1;2480;3508;106871;1766;2224;173;54;1766;2224;1939;2224;1939;2278;1766;2278;Amount;AAAAAA;undefined;OTHER;OTHER
invoice-866.tiff;1;1;2480;3508;106872;1981;2224;127;49;1981;2224;2108;2224;2108;2273;1981;2273;149,66;NNNSNN;TTX;TOTAL_TAX;Total Tax
invoice-866.tiff;1;1;2480;3508;106873;2120;2224;87;49;2120;2224;2207;2224;2207;2273;2120;2273;EUR;AAA;TTX;TOTAL_TAX;Total Tax
invoice-866.tiff;1;1;2480;3508;106874;1644;2278;109;54;1644;2278;1753;2278;1753;2332;1644;2332;Total;AAAAA;undefined;OTHER;OTHER
invoice-866.tiff;1;1;2480;3508;106875;1766;2278;173;54;1766;2278;1939;2278;1939;2332;1766;2332;Amount;AAAAAA;undefined;OTHER;OTHER
invoice-866.tiff;1;1;2480;3508;106876;1981;2278;127;49;1981;2278;2108;2278;2108;2327;1981;2327;897,98;NNNSNN;TA;TOTAL_AMOUNT;Total with TAX
invoice-866.tiff;1;1;2480;3508;106877;2120;2278;87;49;2120;2278;2207;2278;2207;2327;2120;2327;EUR;AAA;TA;TOTAL_AMOUNT;Total with TAX
invoice-866.tiff;1;1;2480;3508;106878;124;2662;191;54;124;2662;315;2662;315;2716;124;2716;Payment;AAAAAAA;undefined;OTHER;OTHER
invoice-866.tiff;1;1;2480;3508;106879;328;2662;94;54;328;2662;422;2662;422;2716;328;2716;type;AAAA;undefined;OTHER;OTHER
invoice-866.tiff;1;1;2480;3508;106880;750;2662;111;48;750;2662;861;2662;861;2710;750;2710;Credit;AAAAAA;PMODE;PAYMENT_MODE;Payment Mode
invoice-866.tiff;1;1;2480;3508;106881;872;2662;81;48;872;2662;953;2662;953;2710;872;2710;card;AAAA;PMODE;PAYMENT_MODE;Payment Mode
invoice-866.tiff;1;1;2480;3508;106882;124;3175;215;49;124;3175;339;3175;339;3224;124;3224;HOMEBOX;AAAAAAA;SN;SUPPLIER_NAME;Seller/Company) name
invoice-866.tiff;1;1;2480;3508;106883;124;3224;23;48;124;3224;147;3224;147;3272;124;3272;2;N;SA;SUPPLIER_ADDRESS;Seller Address
invoice-866.tiff;1;1;2480;3508;106884;159;3224;74;48;159;3224;233;3224;233;3272;159;3272;IMP;AAA;SA;SUPPLIER_ADDRESS;Seller Address
invoice-866.tiff;1;1;2480;3508;106885;245;3224;199;48;245;3224;444;3224;444;3272;245;3272;CLEMENT;AAAAAAA;SA;SUPPLIER_ADDRESS;Seller Address
invoice-866.tiff;1;1;2480;3508;106886;456;3224;115;48;456;3224;571;3224;571;3272;456;3272;ADER;AAAA;SA;SUPPLIER_ADDRESS;Seller Address
invoice-866.tiff;1;1;2480;3508;106887;580;3224;115;48;580;3224;695;3224;695;3272;580;3272;64140;NNNNN;SA;SUPPLIER_ADDRESS;Seller Address
invoice-866.tiff;1;1;2480;3508;106888;704;3224;113;48;704;3224;817;3224;817;3272;704;3272;LONS;AAAA;SA;SUPPLIER_ADDRESS;Seller Address
