src;num_pages;page_id;page_width;page_height;id;col;row;width;height;x1;y1;x2;y2;x3;y3;x4;y4;contents;contents_masked;correctclass;tag;description
invoice-3346.tiff;1;1;2480;3508;411471;124;62;606;175;124;62;730;62;730;237;124;237;common/logo;AAAAAASAAAA;img;IMAGE;Image
invoice-3346.tiff;1;1;2480;3508;411493;1541;258;108;59;1541;258;1649;258;1649;317;1541;317;Date;AAAA;undefined;OTHER;OTHER
invoice-3346.tiff;1;1;2480;3508;411494;1663;258;58;59;1663;258;1721;258;1721;317;1663;317;de;AA;undefined;OTHER;OTHER
invoice-3346.tiff;1;1;2480;3508;411495;1736;258;41;59;1736;258;1777;258;1777;317;1736;317;la;AA;undefined;OTHER;OTHER
invoice-3346.tiff;1;1;2480;3508;411496;1791;258;166;59;1791;258;1957;258;1957;317;1791;317;facture;AAAAAAA;undefined;OTHER;OTHER
invoice-3346.tiff;1;1;2480;3508;411497;2020;258;178;52;2020;258;2198;258;2198;310;2020;310;01/06/04;NNSNNSNN;IDATE;INVOICE_DATE;Invoice Date
invoice-3346.tiff;1;1;2480;3508;411472;124;412;81;49;124;412;205;412;205;461;124;461;LES;AAA;SN;SUPPLIER_NAME;Seller/Company) name
invoice-3346.tiff;1;1;2480;3508;411473;217;412;175;49;217;412;392;412;392;461;217;461;RUCHES;AAAAAA;SN;SUPPLIER_NAME;Seller/Company) name
invoice-3346.tiff;1;1;2480;3508;411474;405;412;57;49;405;412;462;412;462;461;405;461;DE;AA;SN;SUPPLIER_NAME;Seller/Company) name
invoice-3346.tiff;1;1;2480;3508;411475;474;412;53;49;474;412;527;412;527;461;474;461;ST;AA;SN;SUPPLIER_NAME;Seller/Company) name
invoice-3346.tiff;1;1;2480;3508;411476;539;412;90;49;539;412;629;412;629;461;539;461;ENO;AAA;SN;SUPPLIER_NAME;Seller/Company) name
invoice-3346.tiff;1;1;2480;3508;411477;124;462;259;48;124;462;383;462;383;510;124;510;KERVERNEN;AAAAAAAAA;SA;SUPPLIER_ADDRESS;Seller Address
invoice-3346.tiff;1;1;2480;3508;411478;124;510;115;48;124;510;239;510;239;558;124;558;56150;NNNNN;SA;SUPPLIER_ADDRESS;Seller Address
invoice-3346.tiff;1;1;2480;3508;411479;282;510;162;48;282;510;444;510;444;558;282;558;GUENIN;AAAAAA;SA;SUPPLIER_ADDRESS;Seller Address
invoice-3346.tiff;1;1;2480;3508;411480;124;558;171;48;124;558;295;558;295;606;124;606;FRANCE;AAAAAA;SA;SUPPLIER_ADDRESS;Seller Address
invoice-3346.tiff;1;1;2480;3508;411481;124;606;196;48;124;606;320;606;320;654;124;654;Téléphone;AAAAAAAAA;undefined;OTHER;OTHER
invoice-3346.tiff;1;1;2480;3508;411482;384;606;70;48;384;606;454;606;454;654;384;654;+33;SNN;SCN;SUPPLIER_CONTACT_NUMBER;Seller Contact Number
invoice-3346.tiff;1;1;2480;3508;411483;466;606;23;48;466;606;489;606;489;654;466;654;0;N;SCN;SUPPLIER_CONTACT_NUMBER;Seller Contact Number
invoice-3346.tiff;1;1;2480;3508;411484;501;606;69;48;501;606;570;606;570;654;501;654;770;NNN;SCN;SUPPLIER_CONTACT_NUMBER;Seller Contact Number
invoice-3346.tiff;1;1;2480;3508;411485;582;606;69;48;582;606;651;606;651;654;582;654;535;NNN;SCN;SUPPLIER_CONTACT_NUMBER;Seller Contact Number
invoice-3346.tiff;1;1;2480;3508;411486;663;606;69;48;663;606;732;606;732;654;663;654;284;NNN;SCN;SUPPLIER_CONTACT_NUMBER;Seller Contact Number
invoice-3346.tiff;1;1;2480;3508;411487;124;654;180;48;124;654;304;654;304;702;124;702;Télécopie;AAAAAAAAA;undefined;OTHER;OTHER
invoice-3346.tiff;1;1;2480;3508;411488;368;654;70;48;368;654;438;654;438;702;368;702;+33;SNN;SFAX;SUPPLIER_FAX_NUMBER;Seller Fax Number
invoice-3346.tiff;1;1;2480;3508;411489;450;654;23;48;450;654;473;654;473;702;450;702;0;N;SFAX;SUPPLIER_FAX_NUMBER;Seller Fax Number
invoice-3346.tiff;1;1;2480;3508;411490;485;654;69;48;485;654;554;654;554;702;485;702;770;NNN;SFAX;SUPPLIER_FAX_NUMBER;Seller Fax Number
invoice-3346.tiff;1;1;2480;3508;411491;566;654;69;48;566;654;635;654;635;702;566;702;535;NNN;SFAX;SUPPLIER_FAX_NUMBER;Seller Fax Number
invoice-3346.tiff;1;1;2480;3508;411492;647;654;69;48;647;654;716;654;716;702;647;702;818;NNN;SFAX;SUPPLIER_FAX_NUMBER;Seller Fax Number
invoice-3346.tiff;1;1;2480;3508;411507;1541;1039;197;59;1541;1039;1738;1039;1738;1098;1541;1098;Adresse;AAAAAAA;undefined;OTHER;OTHER
invoice-3346.tiff;1;1;2480;3508;411508;1752;1039;272;59;1752;1039;2024;1039;2024;1098;1752;1098;Facturation;AAAAAAAAAAA;undefined;OTHER;OTHER
invoice-3346.tiff;1;1;2480;3508;411509;1541;1099;127;49;1541;1099;1668;1099;1668;1148;1541;1148;Roche;AAAAA;BN;BILLING_NAME;Billing Name
invoice-3346.tiff;1;1;2480;3508;411510;1680;1099;150;49;1680;1099;1830;1099;1830;1148;1680;1148;Noémie;AAAAAA;BN;BILLING_NAME;Billing Name
invoice-3346.tiff;1;1;2480;3508;411511;1541;1148;81;48;1541;1148;1622;1148;1622;1196;1541;1196;122,;NNNS;BA;BILLING_ADDRESS;Billing Address
invoice-3346.tiff;1;1;2480;3508;411512;1634;1148;60;48;1634;1148;1694;1148;1694;1196;1634;1196;rue;AAA;BA;BILLING_ADDRESS;Billing Address
invoice-3346.tiff;1;1;2480;3508;411513;1706;1148;67;48;1706;1148;1773;1148;1773;1196;1706;1196;des;AAA;BA;BILLING_ADDRESS;Billing Address
invoice-3346.tiff;1;1;2480;3508;411514;1784;1148;136;48;1784;1148;1920;1148;1920;1196;1784;1196;enfants;AAAAAAA;BA;BILLING_ADDRESS;Billing Address
invoice-3346.tiff;1;1;2480;3508;411515;1541;1197;115;48;1541;1197;1656;1197;1656;1245;1541;1245;14200;NNNNN;BA;BILLING_ADDRESS;Billing Address
invoice-3346.tiff;1;1;2480;3508;411516;1699;1197;393;48;1699;1197;2092;1197;2092;1245;1699;1245;Hérouville-Saint-Clair;AAAAAAAAAASAAAAASAAAAA;BA;BILLING_ADDRESS;Billing Address
invoice-3346.tiff;1;1;2480;3508;411498;124;1201;165;54;124;1201;289;1201;289;1255;124;1255;Facture;AAAAAAA;undefined;OTHER;OTHER
invoice-3346.tiff;1;1;2480;3508;411499;303;1201;46;54;303;1201;349;1201;349;1255;303;1255;n°;AS;undefined;OTHER;OTHER
invoice-3346.tiff;1;1;2480;3508;411500;750;1201;162;48;750;1201;912;1201;912;1249;750;1249;1218412;NNNNNNN;IN;INVOICE_NUMBER;Invoice Number
invoice-3346.tiff;1;1;2480;3508;411517;1541;1245;129;48;1541;1245;1670;1245;1670;1293;1541;1293;France;AAAAAA;BA;BILLING_ADDRESS;Billing Address
invoice-3346.tiff;1;1;2480;3508;411501;124;1276;127;54;124;1276;251;1276;251;1330;124;1330;Client;AAAAAA;undefined;OTHER;OTHER
invoice-3346.tiff;1;1;2480;3508;411502;265;1276;46;54;265;1276;311;1276;311;1330;265;1330;n°;AS;undefined;OTHER;OTHER
invoice-3346.tiff;1;1;2480;3508;411503;750;1276;115;48;750;1276;865;1276;865;1324;750;1324;79618;NNNNN;CNUM;CLIENT_NUMBER;Client Number
invoice-3346.tiff;1;1;2480;3508;411518;1541;1335;197;59;1541;1335;1738;1335;1738;1394;1541;1394;Adresse;AAAAAAA;undefined;OTHER;OTHER
invoice-3346.tiff;1;1;2480;3508;411519;1752;1335;222;59;1752;1335;1974;1335;1974;1394;1752;1394;Livraison;AAAAAAAAA;undefined;OTHER;OTHER
invoice-3346.tiff;1;1;2480;3508;411504;124;1351;249;54;124;1351;373;1351;373;1405;124;1405;Commande;AAAAAAAA;undefined;OTHER;OTHER
invoice-3346.tiff;1;1;2480;3508;411505;387;1351;46;54;387;1351;433;1351;433;1405;387;1405;n°;AS;undefined;OTHER;OTHER
invoice-3346.tiff;1;1;2480;3508;411506;750;1351;92;48;750;1351;842;1351;842;1399;750;1399;2537;NNNN;ONUM;ORDER_NUMBER;Order Number
invoice-3346.tiff;1;1;2480;3508;411520;1541;1394;127;49;1541;1394;1668;1394;1668;1443;1541;1443;Roche;AAAAA;SHN;SHIPPING_NAME;Shipping Name
invoice-3346.tiff;1;1;2480;3508;411521;1680;1394;150;49;1680;1394;1830;1394;1830;1443;1680;1443;Noémie;AAAAAA;SHN;SHIPPING_NAME;Shipping Name
invoice-3346.tiff;1;1;2480;3508;411522;1541;1444;57;48;1541;1444;1598;1444;1598;1492;1541;1492;16,;NNS;SHA;SHIPPING_ADDRESS;Shipping Address
invoice-3346.tiff;1;1;2480;3508;411523;1611;1444;136;48;1611;1444;1747;1444;1747;1492;1611;1492;avenue;AAAAAA;SHA;SHIPPING_ADDRESS;Shipping Address
invoice-3346.tiff;1;1;2480;3508;411524;1759;1444;67;48;1759;1444;1826;1444;1826;1492;1759;1492;des;AAA;SHA;SHIPPING_ADDRESS;Shipping Address
invoice-3346.tiff;1;1;2480;3508;411525;1838;1444;206;48;1838;1444;2044;1444;2044;1492;1838;1492;parigaudes;AAAAAAAAAA;SHA;SHIPPING_ADDRESS;Shipping Address
invoice-3346.tiff;1;1;2480;3508;411526;1541;1492;115;48;1541;1492;1656;1492;1656;1540;1541;1540;28300;NNNNN;SHA;SHIPPING_ADDRESS;Shipping Address
invoice-3346.tiff;1;1;2480;3508;411527;1699;1492;88;48;1699;1492;1787;1492;1787;1540;1699;1540;Jouy;AAAA;SHA;SHIPPING_ADDRESS;Shipping Address
invoice-3346.tiff;1;1;2480;3508;411528;1541;1540;129;48;1541;1540;1670;1540;1670;1588;1541;1588;France;AAAAAA;SHA;SHIPPING_ADDRESS;Shipping Address
invoice-3346.tiff;1;1;2480;3508;411529;436;1855;252;54;436;1855;688;1855;688;1909;436;1909;Description;AAAAAAAAAAA;undefined;OTHER;OTHER
invoice-3346.tiff;1;1;2480;3508;411530;1032;1855;185;54;1032;1855;1217;1855;1217;1909;1032;1909;Quantité;AAAAAAAA;undefined;OTHER;OTHER
invoice-3346.tiff;1;1;2480;3508;411531;1281;1855;86;54;1281;1855;1367;1855;1367;1909;1281;1909;Prix;AAAA;undefined;OTHER;OTHER
invoice-3346.tiff;1;1;2480;3508;411532;1381;1855;170;54;1381;1855;1551;1855;1551;1909;1381;1909;Unitaire;AAAAAAAA;undefined;OTHER;OTHER
invoice-3346.tiff;1;1;2480;3508;411533;1611;1855;106;54;1611;1855;1717;1855;1717;1909;1611;1909;Taux;AAAA;undefined;OTHER;OTHER
invoice-3346.tiff;1;1;2480;3508;411534;1730;1855;53;54;1730;1855;1783;1855;1783;1909;1730;1909;de;AA;undefined;OTHER;OTHER
invoice-3346.tiff;1;1;2480;3508;411535;1797;1855;91;54;1797;1855;1888;1855;1888;1909;1797;1909;TVA;AAA;undefined;OTHER;OTHER
invoice-3346.tiff;1;1;2480;3508;411536;1957;1855;178;54;1957;1855;2135;1855;2135;1909;1957;1909;Montant;AAAAAAA;undefined;OTHER;OTHER
invoice-3346.tiff;1;1;2480;3508;411537;2148;1855;61;54;2148;1855;2209;1855;2209;1909;2148;1909;HT;AA;undefined;OTHER;OTHER
invoice-3346.tiff;1;1;2480;3508;411538;124;1931;164;49;124;1931;288;1931;288;1980;124;1980;Scanner;AAAAAAA;undefined;OTHER;OTHER
invoice-3346.tiff;1;1;2480;3508;411539;300;1931;143;49;300;1931;443;1931;443;1980;300;1980;portatif;AAAAAAAA;undefined;OTHER;OTHER
invoice-3346.tiff;1;1;2480;3508;411540;456;1931;136;49;456;1931;592;1931;592;1980;456;1980;Fujitsu;AAAAAAA;undefined;OTHER;OTHER
invoice-3346.tiff;1;1;2480;3508;411541;604;1931;201;49;604;1931;805;1931;805;1980;604;1980;ScanSnap;AAAAAAAA;undefined;OTHER;OTHER
invoice-3346.tiff;1;1;2480;3508;411542;817;1931;108;49;817;1931;925;1931;925;1980;817;1980;iX100;AANNN;undefined;OTHER;OTHER
invoice-3346.tiff;1;1;2480;3508;411543;1113;1931;23;49;1113;1931;1136;1931;1136;1980;1113;1980;3;N;undefined;OTHER;OTHER
invoice-3346.tiff;1;1;2480;3508;411544;1303;1931;127;49;1303;1931;1430;1931;1430;1980;1303;1980;190,83;NNNSNN;undefined;OTHER;OTHER
invoice-3346.tiff;1;1;2480;3508;411545;1442;1931;87;49;1442;1931;1529;1931;1529;1980;1442;1980;USD;AAA;undefined;OTHER;OTHER
invoice-3346.tiff;1;1;2480;3508;411546;1690;1931;118;49;1690;1931;1808;1931;1808;1980;1690;1980;20.0%;NNSNS;undefined;OTHER;OTHER
invoice-3346.tiff;1;1;2480;3508;411547;1969;1931;127;49;1969;1931;2096;1931;2096;1980;1969;1980;572,50;NNNSNN;undefined;OTHER;OTHER
invoice-3346.tiff;1;1;2480;3508;411548;2108;1931;87;49;2108;1931;2195;1931;2195;1980;2108;1980;USD;AAA;undefined;OTHER;OTHER
invoice-3346.tiff;1;1;2480;3508;411549;124;2022;166;49;124;2022;290;2022;290;2071;124;2071;Appareil;AAAAAAAA;undefined;OTHER;OTHER
invoice-3346.tiff;1;1;2480;3508;411550;303;2022;115;49;303;2022;418;2022;418;2071;303;2071;photo;AAAAA;undefined;OTHER;OTHER
invoice-3346.tiff;1;1;2480;3508;411551;430;2022;131;49;430;2022;561;2022;561;2071;430;2071;Bridge;AAAAAA;undefined;OTHER;OTHER
invoice-3346.tiff;1;1;2480;3508;411552;574;2022;127;49;574;2022;701;2022;701;2071;574;2071;Kodak;AAAAA;undefined;OTHER;OTHER
invoice-3346.tiff;1;1;2480;3508;411553;713;2022;132;49;713;2022;845;2022;845;2071;713;2071;PixPro;AAAAAA;undefined;OTHER;OTHER
invoice-3346.tiff;1;1;2480;3508;411554;856;2022;125;49;856;2022;981;2022;981;2071;856;2071;AZ525;AANNN;undefined;OTHER;OTHER
invoice-3346.tiff;1;1;2480;3508;411556;1113;2022;23;49;1113;2022;1136;2022;1136;2071;1113;2071;1;N;undefined;OTHER;OTHER
invoice-3346.tiff;1;1;2480;3508;411557;1303;2022;127;49;1303;2022;1430;2022;1430;2071;1303;2071;182,50;NNNSNN;undefined;OTHER;OTHER
invoice-3346.tiff;1;1;2480;3508;411558;1442;2022;87;49;1442;2022;1529;2022;1529;2071;1442;2071;USD;AAA;undefined;OTHER;OTHER
invoice-3346.tiff;1;1;2480;3508;411559;1690;2022;118;49;1690;2022;1808;2022;1808;2071;1690;2071;20.0%;NNSNS;undefined;OTHER;OTHER
invoice-3346.tiff;1;1;2480;3508;411560;1969;2022;127;49;1969;2022;2096;2022;2096;2071;1969;2071;182,50;NNNSNN;undefined;OTHER;OTHER
invoice-3346.tiff;1;1;2480;3508;411561;2108;2022;87;49;2108;2022;2195;2022;2195;2071;2108;2071;USD;AAA;undefined;OTHER;OTHER
invoice-3346.tiff;1;1;2480;3508;411555;124;2072;78;49;124;2072;202;2072;202;2121;124;2121;noir;AAAA;undefined;OTHER;OTHER
invoice-3346.tiff;1;1;2480;3508;411562;124;2163;203;49;124;2163;327;2163;327;2212;124;2212;Ecouteurs;AAAAAAAAA;undefined;OTHER;OTHER
invoice-3346.tiff;1;1;2480;3508;411563;340;2163;94;49;340;2163;434;2163;434;2212;340;2212;Auto;AAAA;undefined;OTHER;OTHER
invoice-3346.tiff;1;1;2480;3508;411564;446;2163;178;49;446;2163;624;2163;624;2212;446;2212;Hightech;AAAAAAAA;undefined;OTHER;OTHER
invoice-3346.tiff;1;1;2480;3508;411565;636;2163;150;49;636;2163;786;2163;786;2212;636;2212;Casque;AAAAAA;undefined;OTHER;OTHER
invoice-3346.tiff;1;1;2480;3508;411566;798;2163;194;49;798;2163;992;2163;992;2212;798;2212;Bluetooth;AAAAAAAAA;undefined;OTHER;OTHER
invoice-3346.tiff;1;1;2480;3508;411573;1113;2163;23;49;1113;2163;1136;2163;1136;2212;1113;2212;1;N;undefined;OTHER;OTHER
invoice-3346.tiff;1;1;2480;3508;411574;1314;2163;104;49;1314;2163;1418;2163;1418;2212;1314;2212;29,85;NNSNN;undefined;OTHER;OTHER
invoice-3346.tiff;1;1;2480;3508;411575;1430;2163;87;49;1430;2163;1517;2163;1517;2212;1430;2212;USD;AAA;undefined;OTHER;OTHER
invoice-3346.tiff;1;1;2480;3508;411576;1690;2163;118;49;1690;2163;1808;2163;1808;2212;1690;2212;20.0%;NNSNS;undefined;OTHER;OTHER
invoice-3346.tiff;1;1;2480;3508;411577;1981;2163;104;49;1981;2163;2085;2163;2085;2212;1981;2212;29,85;NNSNN;undefined;OTHER;OTHER
invoice-3346.tiff;1;1;2480;3508;411578;2097;2163;87;49;2097;2163;2184;2163;2184;2212;2097;2212;USD;AAA;undefined;OTHER;OTHER
invoice-3346.tiff;1;1;2480;3508;411567;124;2212;94;49;124;2212;218;2212;218;2261;124;2261;sans;AAAA;undefined;OTHER;OTHER
invoice-3346.tiff;1;1;2480;3508;411568;231;2212;37;49;231;2212;268;2212;268;2261;231;2261;fil;AAA;undefined;OTHER;OTHER
invoice-3346.tiff;1;1;2480;3508;411569;280;2212;92;49;280;2212;372;2212;372;2261;280;2261;avec;AAAA;undefined;OTHER;OTHER
invoice-3346.tiff;1;1;2480;3508;411570;384;2212;111;49;384;2212;495;2212;495;2261;384;2261;Micro;AAAAA;undefined;OTHER;OTHER
invoice-3346.tiff;1;1;2480;3508;411571;507;2212;11;49;507;2212;518;2212;518;2261;507;2261;/;S;undefined;OTHER;OTHER
invoice-3346.tiff;1;1;2480;3508;411572;530;2212;27;49;530;2212;557;2212;557;2261;530;2261;S;A;undefined;OTHER;OTHER
invoice-3346.tiff;1;1;2480;3508;411579;1403;2345;147;52;1403;2345;1550;2345;1550;2397;1403;2397;TOTAL;AAAAA;undefined;OTHER;OTHER
invoice-3346.tiff;1;1;2480;3508;411580;1563;2345;175;52;1563;2345;1738;2345;1738;2397;1563;2397;REMISE;AAAAAA;undefined;OTHER;OTHER
invoice-3346.tiff;1;1;2480;3508;411581;1752;2345;254;52;1752;2345;2006;2345;2006;2397;1752;2397;IMMEDIATE;AAAAAAAAA;undefined;OTHER;OTHER
invoice-3346.tiff;1;1;2480;3508;411582;2027;2345;81;48;2027;2345;2108;2345;2108;2393;2027;2393;0,00;NSNN;undefined;OTHER;OTHER
invoice-3346.tiff;1;1;2480;3508;411583;2120;2345;87;48;2120;2345;2207;2345;2207;2393;2120;2393;USD;AAA;undefined;OTHER;OTHER
invoice-3346.tiff;1;1;2480;3508;411584;1700;2398;165;52;1700;2398;1865;2398;1865;2450;1700;2450;Montant;AAAAAAA;undefined;OTHER;OTHER
invoice-3346.tiff;1;1;2480;3508;411585;1878;2398;61;52;1878;2398;1939;2398;1939;2450;1878;2450;HT;AA;undefined;OTHER;OTHER
invoice-3346.tiff;1;1;2480;3508;411586;1981;2398;127;48;1981;2398;2108;2398;2108;2446;1981;2446;784,85;NNNSNN;TWTX;TOTAL_WITHOUT_TAX;TWTXS
invoice-3346.tiff;1;1;2480;3508;411587;2120;2398;87;48;2120;2398;2207;2398;2207;2446;2120;2446;USD;AAA;TWTX;TOTAL_WITHOUT_TAX;TWTXS
invoice-3346.tiff;1;1;2480;3508;411588;1850;2451;89;52;1850;2451;1939;2451;1939;2503;1850;2503;TVA;AAA;undefined;OTHER;OTHER
invoice-3346.tiff;1;1;2480;3508;411589;1981;2451;127;48;1981;2451;2108;2451;2108;2499;1981;2499;156,97;NNNSNN;TTX;TOTAL_TAX;Total Tax
invoice-3346.tiff;1;1;2480;3508;411590;2120;2451;87;48;2120;2451;2207;2451;2207;2499;2120;2499;USD;AAA;TTX;TOTAL_TAX;Total Tax
invoice-3346.tiff;1;1;2480;3508;411591;1735;2504;101;52;1735;2504;1836;2504;1836;2556;1735;2556;Total;AAAAA;undefined;OTHER;OTHER
invoice-3346.tiff;1;1;2480;3508;411592;1850;2504;89;52;1850;2504;1939;2504;1939;2556;1850;2556;TTC;AAA;undefined;OTHER;OTHER
invoice-3346.tiff;1;1;2480;3508;411593;1981;2504;127;48;1981;2504;2108;2504;2108;2552;1981;2552;941,82;NNNSNN;TA;TOTAL_AMOUNT;Total with TAX
invoice-3346.tiff;1;1;2480;3508;411594;2120;2504;87;48;2120;2504;2207;2504;2207;2552;2120;2552;USD;AAA;TA;TOTAL_AMOUNT;Total with TAX
invoice-3346.tiff;1;1;2480;3508;411595;1541;2887;106;54;1541;2887;1647;2887;1647;2941;1541;2941;Type;AAAA;undefined;OTHER;OTHER
invoice-3346.tiff;1;1;2480;3508;411596;1661;2887;53;54;1661;2887;1714;2887;1714;2941;1661;2941;de;AA;undefined;OTHER;OTHER
invoice-3346.tiff;1;1;2480;3508;411597;1727;2887;201;54;1727;2887;1928;2887;1928;2941;1727;2941;paiement;AAAAAAAA;undefined;OTHER;OTHER
invoice-3346.tiff;1;1;2480;3508;411598;2166;2887;166;48;2166;2887;2332;2887;2332;2935;2166;2935;Virement;AAAAAAAA;PMODE;PAYMENT_MODE;Payment Mode
invoice-3346.tiff;1;1;2480;3508;411599;124;3154;81;49;124;3154;205;3154;205;3203;124;3203;LES;AAA;SN;SUPPLIER_NAME;Seller/Company) name
invoice-3346.tiff;1;1;2480;3508;411600;217;3154;175;49;217;3154;392;3154;392;3203;217;3203;RUCHES;AAAAAA;SN;SUPPLIER_NAME;Seller/Company) name
invoice-3346.tiff;1;1;2480;3508;411601;405;3154;57;49;405;3154;462;3154;462;3203;405;3203;DE;AA;SN;SUPPLIER_NAME;Seller/Company) name
invoice-3346.tiff;1;1;2480;3508;411602;474;3154;53;49;474;3154;527;3154;527;3203;474;3203;ST;AA;SN;SUPPLIER_NAME;Seller/Company) name
invoice-3346.tiff;1;1;2480;3508;411603;539;3154;90;49;539;3154;629;3154;629;3203;539;3203;ENO;AAA;SN;SUPPLIER_NAME;Seller/Company) name
invoice-3346.tiff;1;1;2480;3508;411604;124;3203;259;48;124;3203;383;3203;383;3251;124;3251;KERVERNEN;AAAAAAAAA;SA;SUPPLIER_ADDRESS;Seller Address
invoice-3346.tiff;1;1;2480;3508;411605;392;3203;11;48;392;3203;403;3203;403;3251;392;3251;,;S;SA;SUPPLIER_ADDRESS;Seller Address
invoice-3346.tiff;1;1;2480;3508;411606;415;3203;115;48;415;3203;530;3203;530;3251;415;3251;56150;NNNNN;SA;SUPPLIER_ADDRESS;Seller Address
invoice-3346.tiff;1;1;2480;3508;411607;539;3203;162;48;539;3203;701;3203;701;3251;539;3251;GUENIN;AAAAAA;SA;SUPPLIER_ADDRESS;Seller Address
invoice-3346.tiff;1;1;2480;3508;411608;710;3203;11;48;710;3203;721;3203;721;3251;710;3251;,;S;SA;SUPPLIER_ADDRESS;Seller Address
invoice-3346.tiff;1;1;2480;3508;411609;733;3203;171;48;733;3203;904;3203;904;3251;733;3251;FRANCE;AAAAAA;SA;SUPPLIER_ADDRESS;Seller Address
