src;num_pages;page_id;page_width;page_height;id;col;row;width;height;x1;y1;x2;y2;x3;y3;x4;y4;contents;contents_masked;correctclass;tag;description
invoice-2887.tiff;1;1;2480;3508;355230;124;62;230;175;124;62;354;62;354;237;124;237;common/logo;AAAAAASAAAA;img;IMAGE;Image
invoice-2887.tiff;1;1;2480;3508;355243;1541;270;155;57;1541;270;1696;270;1696;327;1541;327;Invoice;AAAAAAA;undefined;OTHER;OTHER
invoice-2887.tiff;1;1;2480;3508;355244;1709;270;213;57;1709;270;1922;270;1922;327;1709;327;Reference;AAAAAAAAA;undefined;OTHER;OTHER
invoice-2887.tiff;1;1;2480;3508;355245;1985;270;160;50;1985;270;2145;270;2145;320;1985;320;1928720;NNNNNNN;IN;INVOICE_NUMBER;Invoice Number
invoice-2887.tiff;1;1;2480;3508;355246;1541;349;155;57;1541;349;1696;349;1696;406;1541;406;Invoice;AAAAAAA;undefined;OTHER;OTHER
invoice-2887.tiff;1;1;2480;3508;355247;1709;349;99;57;1709;349;1808;349;1808;406;1709;406;Date;AAAA;undefined;OTHER;OTHER
invoice-2887.tiff;1;1;2480;3508;355248;1872;349;22;50;1872;349;1894;349;1894;399;1872;399;6;N;IDATE;INVOICE_DATE;Invoice Date
invoice-2887.tiff;1;1;2480;3508;355249;1906;349;67;50;1906;349;1973;349;1973;399;1906;399;feb,;AAAS;IDATE;INVOICE_DATE;Invoice Date
invoice-2887.tiff;1;1;2480;3508;355250;1985;349;91;50;1985;349;2076;349;2076;399;1985;399;1978;NNNN;IDATE;INVOICE_DATE;Invoice Date
invoice-2887.tiff;1;1;2480;3508;355231;124;412;136;48;124;412;260;412;260;460;124;460;FLESH;AAAAA;SN;SUPPLIER_NAME;Seller/Company) name
invoice-2887.tiff;1;1;2480;3508;355232;272;412;217;48;272;412;489;412;489;460;272;460;INDUSTRY;AAAAAAAA;SN;SUPPLIER_NAME;Seller/Company) name
invoice-2887.tiff;1;1;2480;3508;355233;124;460;20;45;124;460;144;460;144;505;124;505;5;N;SA;SUPPLIER_ADDRESS;Seller Address
invoice-2887.tiff;1;1;2480;3508;355234;156;460;81;45;156;460;237;460;237;505;156;505;RUE;AAA;SA;SUPPLIER_ADDRESS;Seller Address
invoice-2887.tiff;1;1;2480;3508;355235;247;460;159;45;247;460;406;460;406;505;247;505;CARNOT;AAAAAA;SA;SUPPLIER_ADDRESS;Seller Address
invoice-2887.tiff;1;1;2480;3508;355236;124;506;104;45;124;506;228;506;228;551;124;551;13330;NNNNN;SA;SUPPLIER_ADDRESS;Seller Address
invoice-2887.tiff;1;1;2480;3508;355237;270;506;236;45;270;506;506;506;506;551;270;551;PELISSANNE;AAAAAAAAAA;SA;SUPPLIER_ADDRESS;Seller Address
invoice-2887.tiff;1;1;2480;3508;355238;124;552;157;45;124;552;281;552;281;597;124;597;FRANCE;AAAAAA;SA;SUPPLIER_ADDRESS;Seller Address
invoice-2887.tiff;1;1;2480;3508;355239;124;598;106;45;124;598;230;598;230;643;124;643;Phone;AAAAA;undefined;OTHER;OTHER
invoice-2887.tiff;1;1;2480;3508;355240;293;598;249;45;293;598;542;598;542;643;293;643;04.02.62.82.02;NNSNNSNNSNNSNN;SCN;SUPPLIER_CONTACT_NUMBER;Seller Contact Number
invoice-2887.tiff;1;1;2480;3508;355241;124;643;64;45;124;643;188;643;188;688;124;688;Fax;AAA;undefined;OTHER;OTHER
invoice-2887.tiff;1;1;2480;3508;355242;252;643;249;45;252;643;501;643;501;688;252;688;04.02.62.79.88;NNSNNSNNSNNSNN;SFAX;SUPPLIER_FAX_NUMBER;Seller Fax Number
invoice-2887.tiff;1;1;2480;3508;355251;124;873;183;57;124;873;307;873;307;930;124;930;Invoiced;AAAAAAAA;undefined;OTHER;OTHER
invoice-2887.tiff;1;1;2480;3508;355252;320;873;58;57;320;873;378;873;378;930;320;930;To;AA;undefined;OTHER;OTHER
invoice-2887.tiff;1;1;2480;3508;355265;1541;921;119;52;1541;921;1660;921;1660;973;1541;973;Client;AAAAAA;undefined;OTHER;OTHER
invoice-2887.tiff;1;1;2480;3508;355266;1672;921;195;52;1672;921;1867;921;1867;973;1672;973;Reference;AAAAAAAAA;undefined;OTHER;OTHER
invoice-2887.tiff;1;1;2480;3508;355267;2166;921;104;46;2166;921;2270;921;2270;967;2166;967;73646;NNNNN;CNUM;CLIENT_NUMBER;Client Number
invoice-2887.tiff;1;1;2480;3508;355253;124;931;65;48;124;931;189;931;189;979;124;979;Ms.;AAS;BN;BILLING_NAME;Billing Name
invoice-2887.tiff;1;1;2480;3508;355254;201;931;78;48;201;931;279;931;279;979;201;979;Olin;AAAA;BN;BILLING_NAME;Billing Name
invoice-2887.tiff;1;1;2480;3508;355255;290;931;90;48;290;931;380;931;380;979;290;979;Torp;AAAA;BN;BILLING_NAME;Billing Name
invoice-2887.tiff;1;1;2480;3508;355256;124;979;52;45;124;979;176;979;176;1024;124;1024;32,;NNS;BA;BILLING_ADDRESS;Billing Address
invoice-2887.tiff;1;1;2480;3508;355257;187;979;55;45;187;979;242;979;242;1024;187;1024;rue;AAA;BA;BILLING_ADDRESS;Billing Address
invoice-2887.tiff;1;1;2480;3508;355258;253;979;41;45;253;979;294;979;294;1024;253;1024;du;AA;BA;BILLING_ADDRESS;Billing Address
invoice-2887.tiff;1;1;2480;3508;355259;305;979;64;45;305;979;369;979;369;1024;305;1024;huit;AAAA;BA;BILLING_ADDRESS;Billing Address
invoice-2887.tiff;1;1;2480;3508;355260;380;979;62;45;380;979;442;979;442;1024;380;1024;mai;AAA;BA;BILLING_ADDRESS;Billing Address
invoice-2887.tiff;1;1;2480;3508;355261;453;979;83;45;453;979;536;979;536;1024;453;1024;1945;NNNN;BA;BILLING_ADDRESS;Billing Address
invoice-2887.tiff;1;1;2480;3508;355268;1541;995;122;52;1541;995;1663;995;1663;1047;1541;1047;Order;AAAAA;undefined;OTHER;OTHER
invoice-2887.tiff;1;1;2480;3508;355269;1675;995;195;52;1675;995;1870;995;1870;1047;1675;1047;Reference;AAAAAAAAA;undefined;OTHER;OTHER
invoice-2887.tiff;1;1;2480;3508;355270;2166;995;83;46;2166;995;2249;995;2249;1041;2166;1041;2477;NNNN;ONUM;ORDER_NUMBER;Order Number
invoice-2887.tiff;1;1;2480;3508;355262;124;1025;104;45;124;1025;228;1025;228;1070;124;1070;33290;NNNNN;BA;BILLING_ADDRESS;Billing Address
invoice-2887.tiff;1;1;2480;3508;355263;270;1025;233;45;270;1025;503;1025;503;1070;270;1070;Ludon-Médoc;AAAAASAAAAA;BA;BILLING_ADDRESS;Billing Address
invoice-2887.tiff;1;1;2480;3508;355264;124;1071;120;45;124;1071;244;1071;244;1116;124;1116;France;AAAAAA;BA;BILLING_ADDRESS;Billing Address
invoice-2887.tiff;1;1;2480;3508;355271;162;1537;175;52;162;1537;337;1537;337;1589;162;1589;Quantity;AAAAAAAA;undefined;OTHER;OTHER
invoice-2887.tiff;1;1;2480;3508;355272;614;1537;157;52;614;1537;771;1537;771;1589;614;1589;Product;AAAAAAA;undefined;OTHER;OTHER
invoice-2887.tiff;1;1;2480;3508;355273;783;1537;226;52;783;1537;1009;1537;1009;1589;783;1589;Description;AAAAAAAAAAA;undefined;OTHER;OTHER
invoice-2887.tiff;1;1;2480;3508;355274;1316;1537;86;52;1316;1537;1402;1537;1402;1589;1316;1589;Unit;AAAA;undefined;OTHER;OTHER
invoice-2887.tiff;1;1;2480;3508;355275;1414;1537;101;52;1414;1537;1515;1537;1515;1589;1414;1589;Price;AAAAA;undefined;OTHER;OTHER
invoice-2887.tiff;1;1;2480;3508;355276;1650;1537;96;52;1650;1537;1746;1537;1746;1589;1650;1589;TVA;AAA;undefined;OTHER;OTHER
invoice-2887.tiff;1;1;2480;3508;355277;1758;1537;91;52;1758;1537;1849;1537;1849;1589;1758;1589;Rate;AAAA;undefined;OTHER;OTHER
invoice-2887.tiff;1;1;2480;3508;355278;2031;1537;104;52;2031;1537;2135;1537;2135;1589;2031;1589;Total;AAAAA;undefined;OTHER;OTHER
invoice-2887.tiff;1;1;2480;3508;355279;239;1610;20;48;239;1610;259;1610;259;1658;239;1658;1;N;undefined;OTHER;OTHER
invoice-2887.tiff;1;1;2480;3508;355280;375;1610;205;48;375;1610;580;1610;580;1658;375;1658;Adaptateur;AAAAAAAAAA;undefined;OTHER;OTHER
invoice-2887.tiff;1;1;2480;3508;355281;591;1610;115;48;591;1610;706;1610;706;1658;591;1658;péritel;AAAAAAA;undefined;OTHER;OTHER
invoice-2887.tiff;1;1;2480;3508;355282;717;1610;180;48;717;1610;897;1610;897;1658;717;1658;Essentielb;AAAAAAAAAA;undefined;OTHER;OTHER
invoice-2887.tiff;1;1;2480;3508;355283;908;1610;212;48;908;1610;1120;1610;1120;1658;908;1658;Péritel/Jack;AAAAAAASAAAA;undefined;OTHER;OTHER
invoice-2887.tiff;1;1;2480;3508;355285;1320;1610;93;48;1320;1610;1413;1610;1413;1658;1320;1658;12,49;NNSNN;undefined;OTHER;OTHER
invoice-2887.tiff;1;1;2480;3508;355286;1424;1610;87;48;1424;1610;1511;1610;1511;1658;1424;1658;EUR;AAA;undefined;OTHER;OTHER
invoice-2887.tiff;1;1;2480;3508;355287;1692;1610;114;48;1692;1610;1806;1610;1806;1658;1692;1658;20.0%;NNSNS;undefined;OTHER;OTHER
invoice-2887.tiff;1;1;2480;3508;355288;1987;1610;93;48;1987;1610;2080;1610;2080;1658;1987;1658;12,49;NNSNN;undefined;OTHER;OTHER
invoice-2887.tiff;1;1;2480;3508;355289;2091;1610;87;48;2091;1610;2178;1610;2178;1658;2091;1658;EUR;AAA;undefined;OTHER;OTHER
invoice-2887.tiff;1;1;2480;3508;355284;375;1658;121;48;375;1658;496;1658;496;1706;375;1706;3,5mm;NSNAA;undefined;OTHER;OTHER
invoice-2887.tiff;1;1;2480;3508;355290;239;1748;20;48;239;1748;259;1748;259;1796;239;1796;3;N;undefined;OTHER;OTHER
invoice-2887.tiff;1;1;2480;3508;355291;375;1748;57;48;375;1748;432;1748;432;1796;375;1796;TV;AA;undefined;OTHER;OTHER
invoice-2887.tiff;1;1;2480;3508;355292;443;1748;85;48;443;1748;528;1748;528;1796;443;1796;LED;AAA;undefined;OTHER;OTHER
invoice-2887.tiff;1;1;2480;3508;355293;539;1748;122;48;539;1748;661;1748;661;1796;539;1796;Philips;AAAAAAA;undefined;OTHER;OTHER
invoice-2887.tiff;1;1;2480;3508;355294;672;1748;203;48;672;1748;875;1748;875;1796;672;1796;49PUS7502;NNAAANNNN;undefined;OTHER;OTHER
invoice-2887.tiff;1;1;2480;3508;355295;1299;1748;135;48;1299;1748;1434;1748;1434;1796;1299;1796;1075,00;NNNNSNN;undefined;OTHER;OTHER
invoice-2887.tiff;1;1;2480;3508;355296;1445;1748;87;48;1445;1748;1532;1748;1532;1796;1445;1796;EUR;AAA;undefined;OTHER;OTHER
invoice-2887.tiff;1;1;2480;3508;355297;1692;1748;114;48;1692;1748;1806;1748;1806;1796;1692;1796;20.0%;NNSNS;undefined;OTHER;OTHER
invoice-2887.tiff;1;1;2480;3508;355298;1966;1748;135;48;1966;1748;2101;1748;2101;1796;1966;1796;3225,00;NNNNSNN;undefined;OTHER;OTHER
invoice-2887.tiff;1;1;2480;3508;355299;2112;1748;87;48;2112;1748;2199;1748;2199;1796;2112;1796;EUR;AAA;undefined;OTHER;OTHER
invoice-2887.tiff;1;1;2480;3508;355300;1840;1879;96;51;1840;1879;1936;1879;1936;1930;1840;1930;Total;AAAAA;undefined;OTHER;OTHER
invoice-2887.tiff;1;1;2480;3508;355301;1979;1879;135;46;1979;1879;2114;1879;2114;1925;1979;1925;3237,49;NNNNSNN;TWTX;TOTAL_WITHOUT_TAX;TWTXS
invoice-2887.tiff;1;1;2480;3508;355302;2125;1879;83;46;2125;1879;2208;1879;2208;1925;2125;1925;EUR;AAA;TWTX;TOTAL_WITHOUT_TAX;TWTXS
invoice-2887.tiff;1;1;2480;3508;355303;1869;1931;94;51;1869;1931;1963;1931;1963;1982;1869;1982;TVA;AAA;undefined;OTHER;OTHER
invoice-2887.tiff;1;1;2480;3508;355304;1975;1931;84;51;1975;1931;2059;1931;2059;1982;1975;1982;Rate;AAAA;undefined;OTHER;OTHER
invoice-2887.tiff;1;1;2480;3508;355305;2100;1931;107;46;2100;1931;2207;1931;2207;1977;2100;1977;20.0%;NNSNS;TXR;TAX_RATE;Tax Rate
invoice-2887.tiff;1;1;2480;3508;355306;1725;1982;71;51;1725;1982;1796;1982;1796;2033;1725;2033;Tax;AAA;undefined;OTHER;OTHER
invoice-2887.tiff;1;1;2480;3508;355307;1808;1982;150;51;1808;1982;1958;1982;1958;2033;1808;2033;Amount;AAAAAA;undefined;OTHER;OTHER
invoice-2887.tiff;1;1;2480;3508;355308;1999;1982;114;46;1999;1982;2113;1982;2113;2028;1999;2028;647,50;NNNSNN;TTX;TOTAL_TAX;Total Tax
invoice-2887.tiff;1;1;2480;3508;355309;2125;1982;83;46;2125;1982;2208;1982;2208;2028;2125;2028;EUR;AAA;TTX;TOTAL_TAX;Total Tax
invoice-2887.tiff;1;1;2480;3508;355310;1662;2033;150;51;1662;2033;1812;2033;1812;2084;1662;2084;Amount;AAAAAA;undefined;OTHER;OTHER
invoice-2887.tiff;1;1;2480;3508;355311;1824;2033;35;51;1824;2033;1859;2033;1859;2084;1824;2084;to;AA;undefined;OTHER;OTHER
invoice-2887.tiff;1;1;2480;3508;355312;1871;2033;66;51;1871;2033;1937;2033;1937;2084;1871;2084;pay;AAA;undefined;OTHER;OTHER
invoice-2887.tiff;1;1;2480;3508;355313;1979;2033;135;46;1979;2033;2114;2033;2114;2079;1979;2079;3884,99;NNNNSNN;TA;TOTAL_AMOUNT;Total with TAX
invoice-2887.tiff;1;1;2480;3508;355314;2125;2033;83;46;2125;2033;2208;2033;2208;2079;2125;2079;EUR;AAA;TA;TOTAL_AMOUNT;Total with TAX
invoice-2887.tiff;1;1;2480;3508;355315;124;3175;136;48;124;3175;260;3175;260;3223;124;3223;FLESH;AAAAA;SN;SUPPLIER_NAME;Seller/Company) name
invoice-2887.tiff;1;1;2480;3508;355316;272;3175;217;48;272;3175;489;3175;489;3223;272;3223;INDUSTRY;AAAAAAAA;SN;SUPPLIER_NAME;Seller/Company) name
invoice-2887.tiff;1;1;2480;3508;355317;124;3223;20;45;124;3223;144;3223;144;3268;124;3268;5;N;SA;SUPPLIER_ADDRESS;Seller Address
invoice-2887.tiff;1;1;2480;3508;355318;156;3223;81;45;156;3223;237;3223;237;3268;156;3268;RUE;AAA;SA;SUPPLIER_ADDRESS;Seller Address
invoice-2887.tiff;1;1;2480;3508;355319;247;3223;159;45;247;3223;406;3223;406;3268;247;3268;CARNOT;AAAAAA;SA;SUPPLIER_ADDRESS;Seller Address
invoice-2887.tiff;1;1;2480;3508;355320;415;3223;13;45;415;3223;428;3223;428;3268;415;3268;-;S;SA;SUPPLIER_ADDRESS;Seller Address
invoice-2887.tiff;1;1;2480;3508;355321;440;3223;104;45;440;3223;544;3223;544;3268;440;3268;13330;NNNNN;SA;SUPPLIER_ADDRESS;Seller Address
invoice-2887.tiff;1;1;2480;3508;355322;562;3223;236;45;562;3223;798;3223;798;3268;562;3268;PELISSANNE;AAAAAAAAAA;SA;SUPPLIER_ADDRESS;Seller Address
invoice-2887.tiff;1;1;2480;3508;355323;807;3223;13;45;807;3223;820;3223;820;3268;807;3268;-;S;SA;SUPPLIER_ADDRESS;Seller Address
invoice-2887.tiff;1;1;2480;3508;355324;831;3223;157;45;831;3223;988;3223;988;3268;831;3268;FRANCE;AAAAAA;SA;SUPPLIER_ADDRESS;Seller Address
