src;num_pages;page_id;page_width;page_height;id;col;row;width;height;x1;y1;x2;y2;x3;y3;x4;y4;contents;contents_masked;correctclass;tag;description
invoice-1132.tiff;1;1;2480;3508;139044;124;62;300;175;124;62;424;62;424;237;124;237;common/logo;AAAAAASAAAA;img;IMAGE;Image
invoice-1132.tiff;1;1;2480;3508;139063;1541;270;172;59;1541;270;1713;270;1713;329;1541;329;Invoice;AAAAAAA;undefined;OTHER;OTHER
invoice-1132.tiff;1;1;2480;3508;139064;1727;270;80;59;1727;270;1807;270;1807;329;1727;329;No.;AAS;undefined;OTHER;OTHER
invoice-1132.tiff;1;1;2480;3508;139065;1870;270;178;52;1870;270;2048;270;2048;322;1870;322;0035371;NNNNNNN;IN;INVOICE_NUMBER;Invoice Number
invoice-1132.tiff;1;1;2480;3508;139045;124;412;159;49;124;412;283;412;283;461;124;461;FONCIA;AAAAAA;SN;SUPPLIER_NAME;Seller/Company) name
invoice-1132.tiff;1;1;2480;3508;139046;296;412;115;49;296;412;411;412;411;461;296;461;COTE;AAAA;SN;SUPPLIER_NAME;Seller/Company) name
invoice-1132.tiff;1;1;2480;3508;139047;423;412;57;49;423;412;480;412;480;461;423;461;DE;AA;SN;SUPPLIER_NAME;Seller/Company) name
invoice-1132.tiff;1;1;2480;3508;139048;493;412;148;49;493;412;641;412;641;461;493;461;NACRE;AAAAA;SN;SUPPLIER_NAME;Seller/Company) name
invoice-1132.tiff;1;1;2480;3508;139049;124;462;46;48;124;462;170;462;170;510;124;510;52;NN;SA;SUPPLIER_ADDRESS;Seller Address
invoice-1132.tiff;1;1;2480;3508;139050;182;462;87;48;182;462;269;462;269;510;182;510;RUE;AAA;SA;SUPPLIER_ADDRESS;Seller Address
invoice-1132.tiff;1;1;2480;3508;139051;282;462;57;48;282;462;339;462;339;510;282;510;DE;AA;SA;SUPPLIER_ADDRESS;Seller Address
invoice-1132.tiff;1;1;2480;3508;139052;351;462;50;48;351;462;401;462;401;510;351;510;LA;AA;SA;SUPPLIER_ADDRESS;Seller Address
invoice-1132.tiff;1;1;2480;3508;139053;414;462;92;48;414;462;506;462;506;510;414;510;MER;AAA;SA;SUPPLIER_ADDRESS;Seller Address
invoice-1132.tiff;1;1;2480;3508;139054;124;510;115;48;124;510;239;510;239;558;124;558;14470;NNNNN;SA;SUPPLIER_ADDRESS;Seller Address
invoice-1132.tiff;1;1;2480;3508;139055;282;510;310;48;282;510;592;510;592;558;282;558;COURSEULLES;AAAAAAAAAAA;SA;SUPPLIER_ADDRESS;Seller Address
invoice-1132.tiff;1;1;2480;3508;139056;604;510;87;48;604;510;691;510;691;558;604;558;SUR;AAA;SA;SUPPLIER_ADDRESS;Seller Address
invoice-1132.tiff;1;1;2480;3508;139057;703;510;92;48;703;510;795;510;795;558;703;558;MER;AAA;SA;SUPPLIER_ADDRESS;Seller Address
invoice-1132.tiff;1;1;2480;3508;139058;124;558;171;48;124;558;295;558;295;606;124;606;FRANCE;AAAAAA;SA;SUPPLIER_ADDRESS;Seller Address
invoice-1132.tiff;1;1;2480;3508;139059;124;606;120;48;124;606;244;606;244;654;124;654;Phone;AAAAA;undefined;OTHER;OTHER
invoice-1132.tiff;1;1;2480;3508;139060;307;606;278;48;307;606;585;606;585;654;307;654;08.50.62.63.78;NNSNNSNNSNNSNN;SCN;SUPPLIER_CONTACT_NUMBER;Seller Contact Number
invoice-1132.tiff;1;1;2480;3508;139061;124;654;69;48;124;654;193;654;193;702;124;702;Fax;AAA;undefined;OTHER;OTHER
invoice-1132.tiff;1;1;2480;3508;139062;256;654;278;48;256;654;534;654;534;702;256;702;08.50.62.05.25;NNSNNSNNSNNSNN;SFAX;SUPPLIER_FAX_NUMBER;Seller Fax Number
invoice-1132.tiff;1;1;2480;3508;139066;124;1039;136;59;124;1039;260;1039;260;1098;124;1098;Billed;AAAAAA;undefined;OTHER;OTHER
invoice-1132.tiff;1;1;2480;3508;139067;275;1039;61;59;275;1039;336;1039;336;1098;275;1098;To;AA;undefined;OTHER;OTHER
invoice-1132.tiff;1;1;2480;3508;139068;124;1099;113;49;124;1099;237;1099;237;1148;124;1148;Nelda;AAAAA;BN;BILLING_NAME;Billing Name
invoice-1132.tiff;1;1;2480;3508;139069;250;1099;111;49;250;1099;361;1099;361;1148;250;1148;Sipes;AAAAA;BN;BILLING_NAME;Billing Name
invoice-1132.tiff;1;1;2480;3508;139070;372;1099;27;49;372;1099;399;1099;399;1148;372;1148;V;A;BN;BILLING_NAME;Billing Name
invoice-1132.tiff;1;1;2480;3508;139071;124;1148;104;48;124;1148;228;1148;228;1196;124;1196;1790,;NNNNS;BA;BILLING_ADDRESS;Billing Address
invoice-1132.tiff;1;1;2480;3508;139072;240;1148;94;48;240;1148;334;1148;334;1196;240;1196;route;AAAAA;BA;BILLING_ADDRESS;Billing Address
invoice-1132.tiff;1;1;2480;3508;139073;347;1148;46;48;347;1148;393;1148;393;1196;347;1196;de;AA;BA;BILLING_ADDRESS;Billing Address
invoice-1132.tiff;1;1;2480;3508;139074;405;1148;118;48;405;1148;523;1148;523;1196;405;1196;patran;AAAAAA;BA;BILLING_ADDRESS;Billing Address
invoice-1132.tiff;1;1;2480;3508;139075;124;1197;115;48;124;1197;239;1197;239;1245;124;1245;71500;NNNNN;BA;BILLING_ADDRESS;Billing Address
invoice-1132.tiff;1;1;2480;3508;139076;282;1197;159;48;282;1197;441;1197;441;1245;282;1245;Bruailles;AAAAAAAAA;BA;BILLING_ADDRESS;Billing Address
invoice-1132.tiff;1;1;2480;3508;139090;1541;1238;157;54;1541;1238;1698;1238;1698;1292;1541;1292;Invoice;AAAAAAA;undefined;OTHER;OTHER
invoice-1132.tiff;1;1;2480;3508;139091;1712;1238;99;54;1712;1238;1811;1238;1811;1292;1712;1292;Date;AAAA;undefined;OTHER;OTHER
invoice-1132.tiff;1;1;2480;3508;139092;2166;1238;69;48;2166;1238;2235;1238;2235;1286;2166;1286;ago;AAA;IDATE;INVOICE_DATE;Invoice Date
invoice-1132.tiff;1;1;2480;3508;139093;2247;1238;57;48;2247;1238;2304;1238;2304;1286;2247;1286;25,;NNS;IDATE;INVOICE_DATE;Invoice Date
invoice-1132.tiff;1;1;2480;3508;139094;2317;1238;92;48;2317;1238;2409;1238;2409;1286;2317;1286;1992;NNNN;IDATE;INVOICE_DATE;Invoice Date
invoice-1132.tiff;1;1;2480;3508;139077;124;1245;129;48;124;1245;253;1245;253;1293;124;1293;France;AAAAAA;BA;BILLING_ADDRESS;Billing Address
invoice-1132.tiff;1;1;2480;3508;139095;1541;1314;127;54;1541;1314;1668;1314;1668;1368;1541;1368;Client;AAAAAA;undefined;OTHER;OTHER
invoice-1132.tiff;1;1;2480;3508;139096;1681;1314;73;54;1681;1314;1754;1314;1754;1368;1681;1368;No.;AAS;undefined;OTHER;OTHER
invoice-1132.tiff;1;1;2480;3508;139097;2166;1314;139;48;2166;1314;2305;1314;2305;1362;2166;1362;000665;NNNNNN;CNUM;CLIENT_NUMBER;Client Number
invoice-1132.tiff;1;1;2480;3508;139078;124;1335;197;59;124;1335;321;1335;321;1394;124;1394;Shipped;AAAAAAA;undefined;OTHER;OTHER
invoice-1132.tiff;1;1;2480;3508;139079;336;1335;61;59;336;1335;397;1335;397;1394;336;1394;To;AA;undefined;OTHER;OTHER
invoice-1132.tiff;1;1;2480;3508;139080;124;1394;113;49;124;1394;237;1394;237;1443;124;1443;Nelda;AAAAA;SHN;SHIPPING_NAME;Shipping Name
invoice-1132.tiff;1;1;2480;3508;139081;250;1394;111;49;250;1394;361;1394;361;1443;250;1443;Sipes;AAAAA;SHN;SHIPPING_NAME;Shipping Name
invoice-1132.tiff;1;1;2480;3508;139082;372;1394;27;49;372;1394;399;1394;399;1443;372;1443;V;A;SHN;SHIPPING_NAME;Shipping Name
invoice-1132.tiff;1;1;2480;3508;139083;124;1444;104;48;124;1444;228;1444;228;1492;124;1492;1790,;NNNNS;SHA;SHIPPING_ADDRESS;Shipping Address
invoice-1132.tiff;1;1;2480;3508;139084;240;1444;94;48;240;1444;334;1444;334;1492;240;1492;route;AAAAA;SHA;SHIPPING_ADDRESS;Shipping Address
invoice-1132.tiff;1;1;2480;3508;139085;347;1444;46;48;347;1444;393;1444;393;1492;347;1492;de;AA;SHA;SHIPPING_ADDRESS;Shipping Address
invoice-1132.tiff;1;1;2480;3508;139086;405;1444;118;48;405;1444;523;1444;523;1492;405;1492;patran;AAAAAA;SHA;SHIPPING_ADDRESS;Shipping Address
invoice-1132.tiff;1;1;2480;3508;139087;124;1492;115;48;124;1492;239;1492;239;1540;124;1540;71500;NNNNN;SHA;SHIPPING_ADDRESS;Shipping Address
invoice-1132.tiff;1;1;2480;3508;139088;282;1492;159;48;282;1492;441;1492;441;1540;282;1540;Bruailles;AAAAAAAAA;SHA;SHIPPING_ADDRESS;Shipping Address
invoice-1132.tiff;1;1;2480;3508;139089;124;1540;129;48;124;1540;253;1540;253;1588;124;1588;France;AAAAAA;SHA;SHIPPING_ADDRESS;Shipping Address
invoice-1132.tiff;1;1;2480;3508;139098;171;1855;73;54;171;1855;244;1855;244;1909;171;1909;No.;AAS;undefined;OTHER;OTHER
invoice-1132.tiff;1;1;2480;3508;139099;399;1855;76;54;399;1855;475;1855;475;1909;399;1909;Qty;AAA;undefined;OTHER;OTHER
invoice-1132.tiff;1;1;2480;3508;139100;840;1855;277;54;840;1855;1117;1855;1117;1909;840;1909;Descriptions;AAAAAAAAAAAA;undefined;OTHER;OTHER
invoice-1132.tiff;1;1;2480;3508;139101;1476;1855;89;54;1476;1855;1565;1855;1565;1909;1476;1909;U.P.;ASAS;undefined;OTHER;OTHER
invoice-1132.tiff;1;1;2480;3508;139102;1714;1855;196;54;1714;1855;1910;1855;1910;1909;1714;1909;VAT/TVA;AAASAAA;undefined;OTHER;OTHER
invoice-1132.tiff;1;1;2480;3508;139103;2017;1855;173;54;2017;1855;2190;1855;2190;1909;2017;1909;Amount;AAAAAA;undefined;OTHER;OTHER
invoice-1132.tiff;1;1;2480;3508;139104;196;1931;23;49;196;1931;219;1931;219;1980;196;1980;1;N;undefined;OTHER;OTHER
invoice-1132.tiff;1;1;2480;3508;139105;425;1931;23;49;425;1931;448;1931;448;1980;425;1980;3;N;undefined;OTHER;OTHER
invoice-1132.tiff;1;1;2480;3508;139106;583;1931;178;49;583;1931;761;1931;761;1980;583;1980;Ampoule;AAAAAAA;undefined;OTHER;OTHER
invoice-1132.tiff;1;1;2480;3508;139107;773;1931;243;49;773;1931;1016;1931;1016;1980;773;1980;connectable;AAAAAAAAAAA;undefined;OTHER;OTHER
invoice-1132.tiff;1;1;2480;3508;139108;1027;1931;76;49;1027;1931;1103;1931;1103;1980;1027;1980;Bell;AAAA;undefined;OTHER;OTHER
invoice-1132.tiff;1;1;2480;3508;139109;1115;1931;30;49;1115;1931;1145;1931;1145;1980;1115;1980;&;S;undefined;OTHER;OTHER
invoice-1132.tiff;1;1;2480;3508;139110;1157;1931;136;49;1157;1931;1293;1931;1293;1980;1157;1980;Wyson;AAAAA;undefined;OTHER;OTHER
invoice-1132.tiff;1;1;2480;3508;139117;1407;1931;127;49;1407;1931;1534;1931;1534;1980;1407;1980;124,99;NNNSNN;undefined;OTHER;OTHER
invoice-1132.tiff;1;1;2480;3508;139118;1546;1931;87;49;1546;1931;1633;1931;1633;1980;1546;1980;EUR;AAA;undefined;OTHER;OTHER
invoice-1132.tiff;1;1;2480;3508;139119;1753;1931;118;49;1753;1931;1871;1931;1871;1980;1753;1980;20.0%;NNSNS;undefined;OTHER;OTHER
invoice-1132.tiff;1;1;2480;3508;139120;1990;1931;127;49;1990;1931;2117;1931;2117;1980;1990;1980;374,98;NNNSNN;undefined;OTHER;OTHER
invoice-1132.tiff;1;1;2480;3508;139121;2129;1931;87;49;2129;1931;2216;1931;2216;1980;2129;1980;EUR;AAA;undefined;OTHER;OTHER
invoice-1132.tiff;1;1;2480;3508;139111;583;1980;87;49;583;1980;670;1980;670;2029;583;2029;WIFI;AAAA;undefined;OTHER;OTHER
invoice-1132.tiff;1;1;2480;3508;139112;682;1980;83;49;682;1980;765;1980;765;2029;682;2029;LED;AAA;undefined;OTHER;OTHER
invoice-1132.tiff;1;1;2480;3508;139113;777;1980;92;49;777;1980;869;1980;869;2029;777;2029;avec;AAAA;undefined;OTHER;OTHER
invoice-1132.tiff;1;1;2480;3508;139114;882;1980;108;49;882;1980;990;1980;990;2029;882;2029;video;AAAAA;undefined;OTHER;OTHER
invoice-1132.tiff;1;1;2480;3508;139115;1002;1980;283;49;1002;1980;1285;1980;1285;2029;1002;2029;camera+micro;AAAAAASAAAAA;undefined;OTHER;OTHER
invoice-1132.tiff;1;1;2480;3508;139116;583;2030;129;49;583;2030;712;2030;712;2079;583;2079;2voies;NAAAAA;undefined;OTHER;OTHER
invoice-1132.tiff;1;1;2480;3508;139122;1766;2163;173;54;1766;2163;1939;2163;1939;2217;1766;2217;Amount;AAAAAA;undefined;OTHER;OTHER
invoice-1132.tiff;1;1;2480;3508;139123;1981;2163;127;49;1981;2163;2108;2163;2108;2212;1981;2212;374,98;NNNSNN;TWTX;TOTAL_WITHOUT_TAX;TWTXS
invoice-1132.tiff;1;1;2480;3508;139124;2120;2163;87;49;2120;2163;2207;2163;2207;2212;2120;2212;EUR;AAA;TWTX;TOTAL_WITHOUT_TAX;TWTXS
invoice-1132.tiff;1;1;2480;3508;139125;1685;2217;91;54;1685;2217;1776;2217;1776;2271;1685;2271;TVA;AAA;undefined;OTHER;OTHER
invoice-1132.tiff;1;1;2480;3508;139126;1789;2217;173;54;1789;2217;1962;2217;1962;2271;1789;2271;Amount;AAAAAA;undefined;OTHER;OTHER
invoice-1132.tiff;1;1;2480;3508;139127;2004;2217;104;49;2004;2217;2108;2217;2108;2266;2004;2266;74,99;NNSNN;TTX;TOTAL_TAX;Total Tax
invoice-1132.tiff;1;1;2480;3508;139128;2120;2217;87;49;2120;2217;2207;2217;2207;2266;2120;2266;EUR;AAA;TTX;TOTAL_TAX;Total Tax
invoice-1132.tiff;1;1;2480;3508;139129;1644;2272;109;54;1644;2272;1753;2272;1753;2326;1644;2326;Total;AAAAA;undefined;OTHER;OTHER
invoice-1132.tiff;1;1;2480;3508;139130;1766;2272;173;54;1766;2272;1939;2272;1939;2326;1766;2326;Amount;AAAAAA;undefined;OTHER;OTHER
invoice-1132.tiff;1;1;2480;3508;139131;1981;2272;127;49;1981;2272;2108;2272;2108;2321;1981;2321;449,97;NNNSNN;TA;TOTAL_AMOUNT;Total with TAX
invoice-1132.tiff;1;1;2480;3508;139132;2120;2272;87;49;2120;2272;2207;2272;2207;2321;2120;2321;EUR;AAA;TA;TOTAL_AMOUNT;Total with TAX
invoice-1132.tiff;1;1;2480;3508;139133;124;3175;159;49;124;3175;283;3175;283;3224;124;3224;FONCIA;AAAAAA;SN;SUPPLIER_NAME;Seller/Company) name
invoice-1132.tiff;1;1;2480;3508;139134;296;3175;115;49;296;3175;411;3175;411;3224;296;3224;COTE;AAAA;SN;SUPPLIER_NAME;Seller/Company) name
invoice-1132.tiff;1;1;2480;3508;139135;423;3175;57;49;423;3175;480;3175;480;3224;423;3224;DE;AA;SN;SUPPLIER_NAME;Seller/Company) name
invoice-1132.tiff;1;1;2480;3508;139136;493;3175;148;49;493;3175;641;3175;641;3224;493;3224;NACRE;AAAAA;SN;SUPPLIER_NAME;Seller/Company) name
invoice-1132.tiff;1;1;2480;3508;139137;124;3224;46;48;124;3224;170;3224;170;3272;124;3272;52;NN;SA;SUPPLIER_ADDRESS;Seller Address
invoice-1132.tiff;1;1;2480;3508;139138;182;3224;87;48;182;3224;269;3224;269;3272;182;3272;RUE;AAA;SA;SUPPLIER_ADDRESS;Seller Address
invoice-1132.tiff;1;1;2480;3508;139139;282;3224;57;48;282;3224;339;3224;339;3272;282;3272;DE;AA;SA;SUPPLIER_ADDRESS;Seller Address
invoice-1132.tiff;1;1;2480;3508;139140;351;3224;50;48;351;3224;401;3224;401;3272;351;3272;LA;AA;SA;SUPPLIER_ADDRESS;Seller Address
invoice-1132.tiff;1;1;2480;3508;139141;414;3224;92;48;414;3224;506;3224;506;3272;414;3272;MER;AAA;SA;SUPPLIER_ADDRESS;Seller Address
invoice-1132.tiff;1;1;2480;3508;139142;124;3272;115;48;124;3272;239;3272;239;3320;124;3320;14470;NNNNN;SA;SUPPLIER_ADDRESS;Seller Address
invoice-1132.tiff;1;1;2480;3508;139143;282;3272;310;48;282;3272;592;3272;592;3320;282;3320;COURSEULLES;AAAAAAAAAAA;SA;SUPPLIER_ADDRESS;Seller Address
invoice-1132.tiff;1;1;2480;3508;139144;604;3272;87;48;604;3272;691;3272;691;3320;604;3320;SUR;AAA;SA;SUPPLIER_ADDRESS;Seller Address
invoice-1132.tiff;1;1;2480;3508;139145;703;3272;92;48;703;3272;795;3272;795;3320;703;3320;MER;AAA;SA;SUPPLIER_ADDRESS;Seller Address
invoice-1132.tiff;1;1;2480;3508;139146;124;3320;171;48;124;3320;295;3320;295;3368;124;3368;FRANCE;AAAAAA;SA;SUPPLIER_ADDRESS;Seller Address
