src;num_pages;page_id;page_width;page_height;id;col;row;width;height;x1;y1;x2;y2;x3;y3;x4;y4;contents;contents_masked;correctclass;tag;description
invoice-293.tiff;1;1;2480;3508;36464;1541;62;625;175;1541;62;2166;62;2166;237;1541;237;common/logo;AAAAAASAAAA;img;IMAGE;Image
invoice-293.tiff;1;1;2480;3508;36462;124;258;63;57;124;258;187;258;187;315;124;315;Du;AA;undefined;OTHER;OTHER
invoice-293.tiff;1;1;2480;3508;36463;251;258;162;50;251;258;413;258;413;308;251;308;19/04/17;NNSNNSNN;IDATE;INVOICE_DATE;Invoice Date
invoice-293.tiff;1;1;2480;3508;36465;1541;412;85;48;1541;412;1626;412;1626;460;1541;460;DEL;AAA;SN;SUPPLIER_NAME;Seller/Company) name
invoice-293.tiff;1;1;2480;3508;36466;1637;412;175;48;1637;412;1812;412;1812;460;1637;460;TEATRO;AAAAAA;SN;SUPPLIER_NAME;Seller/Company) name
invoice-293.tiff;1;1;2480;3508;36467;1541;460;41;45;1541;460;1582;460;1582;505;1541;505;11;NN;SA;SUPPLIER_ADDRESS;Seller Address
invoice-293.tiff;1;1;2480;3508;36468;1593;460;127;45;1593;460;1720;460;1720;505;1593;505;PLACE;AAAAA;SA;SUPPLIER_ADDRESS;Seller Address
invoice-293.tiff;1;1;2480;3508;36469;1731;460;55;45;1731;460;1786;460;1786;505;1731;505;DE;AA;SA;SUPPLIER_ADDRESS;Seller Address
invoice-293.tiff;1;1;2480;3508;36470;1797;460;48;45;1797;460;1845;460;1845;505;1797;505;LA;AA;SA;SUPPLIER_ADDRESS;Seller Address
invoice-293.tiff;1;1;2480;3508;36471;1856;460;254;45;1856;460;2110;460;2110;505;1856;505;REPUBLIQUE;AAAAAAAAAA;SA;SUPPLIER_ADDRESS;Seller Address
invoice-293.tiff;1;1;2480;3508;36472;1541;506;104;45;1541;506;1645;506;1645;551;1541;551;78200;NNNNN;SA;SUPPLIER_ADDRESS;Seller Address
invoice-293.tiff;1;1;2480;3508;36473;1687;506;157;45;1687;506;1844;506;1844;551;1687;551;MANTES;AAAAAA;SA;SUPPLIER_ADDRESS;Seller Address
invoice-293.tiff;1;1;2480;3508;36474;1855;506;48;45;1855;506;1903;506;1903;551;1855;551;LA;AA;SA;SUPPLIER_ADDRESS;Seller Address
invoice-293.tiff;1;1;2480;3508;36475;1914;506;111;45;1914;506;2025;506;2025;551;1914;551;JOLIE;AAAAA;SA;SUPPLIER_ADDRESS;Seller Address
invoice-293.tiff;1;1;2480;3508;36476;1541;552;157;45;1541;552;1698;552;1698;597;1541;597;FRANCE;AAAAAA;SA;SUPPLIER_ADDRESS;Seller Address
invoice-293.tiff;1;1;2480;3508;36477;1541;598;67;45;1541;598;1608;598;1608;643;1541;643;Tel:;AAAS;undefined;OTHER;OTHER
invoice-293.tiff;1;1;2480;3508;36478;1671;598;263;45;1671;598;1934;598;1934;643;1671;643;03-07-12-02-05;NNSNNSNNSNNSNN;SCN;SUPPLIER_CONTACT_NUMBER;Seller Contact Number
invoice-293.tiff;1;1;2480;3508;36479;1541;643;78;45;1541;643;1619;643;1619;688;1541;688;Fax:;AAAS;undefined;OTHER;OTHER
invoice-293.tiff;1;1;2480;3508;36480;1682;643;263;45;1682;643;1945;643;1945;688;1682;688;03-07-12-06-84;NNSNNSNNSNNSNN;SFAX;SUPPLIER_FAX_NUMBER;Seller Fax Number
invoice-293.tiff;1;1;2480;3508;36481;124;873;261;57;124;873;385;873;385;930;124;930;Destinataire;AAAAAAAAAAAA;undefined;OTHER;OTHER
invoice-293.tiff;1;1;2480;3508;36492;1541;884;51;52;1541;884;1592;884;1592;936;1541;936;N°;AS;undefined;OTHER;OTHER
invoice-293.tiff;1;1;2480;3508;36493;1604;884;45;52;1604;884;1649;884;1649;936;1604;936;de;AA;undefined;OTHER;OTHER
invoice-293.tiff;1;1;2480;3508;36494;1661;884;139;52;1661;884;1800;884;1800;936;1661;936;facture;AAAAAAA;undefined;OTHER;OTHER
invoice-293.tiff;1;1;2480;3508;36495;2166;884;166;46;2166;884;2332;884;2332;930;2166;930;52866632;NNNNNNNN;IN;INVOICE_NUMBER;Invoice Number
invoice-293.tiff;1;1;2480;3508;36482;124;931;78;48;124;931;202;931;202;979;124;979;Prof;AAAA;BN;BILLING_NAME;Billing Name
invoice-293.tiff;1;1;2480;3508;36483;214;931;76;48;214;931;290;931;290;979;214;979;Lisa;AAAA;BN;BILLING_NAME;Billing Name
invoice-293.tiff;1;1;2480;3508;36484;300;931;69;48;300;931;369;931;369;979;300;979;Rey;AAA;BN;BILLING_NAME;Billing Name
invoice-293.tiff;1;1;2480;3508;36496;1541;958;51;52;1541;958;1592;958;1592;1010;1541;1010;N°;AS;undefined;OTHER;OTHER
invoice-293.tiff;1;1;2480;3508;36497;1604;958;45;52;1604;958;1649;958;1649;1010;1604;1010;de;AA;undefined;OTHER;OTHER
invoice-293.tiff;1;1;2480;3508;36498;1661;958;213;52;1661;958;1874;958;1874;1010;1661;1010;commande;AAAAAAAA;undefined;OTHER;OTHER
invoice-293.tiff;1;1;2480;3508;36499;2166;958;83;46;2166;958;2249;958;2249;1004;2166;1004;1847;NNNN;ONUM;ORDER_NUMBER;Order Number
invoice-293.tiff;1;1;2480;3508;36485;124;979;52;45;124;979;176;979;176;1024;124;1024;51,;NNS;BA;BILLING_ADDRESS;Billing Address
invoice-293.tiff;1;1;2480;3508;36486;187;979;55;45;187;979;242;979;242;1024;187;1024;rue;AAA;BA;BILLING_ADDRESS;Billing Address
invoice-293.tiff;1;1;2480;3508;36487;253;979;157;45;253;979;410;979;410;1024;253;1024;maréchal;AAAAAAAA;BA;BILLING_ADDRESS;Billing Address
invoice-293.tiff;1;1;2480;3508;36488;421;979;71;45;421;979;492;979;492;1024;421;1024;foch;AAAA;BA;BILLING_ADDRESS;Billing Address
invoice-293.tiff;1;1;2480;3508;36489;124;1025;104;45;124;1025;228;1025;228;1070;124;1070;54260;NNNNN;BA;BILLING_ADDRESS;Billing Address
invoice-293.tiff;1;1;2480;3508;36490;270;1025;166;45;270;1025;436;1025;436;1070;270;1070;Longuyon;AAAAAAAA;BA;BILLING_ADDRESS;Billing Address
invoice-293.tiff;1;1;2480;3508;36500;1541;1032;99;52;1541;1032;1640;1032;1640;1084;1541;1084;Type;AAAA;undefined;OTHER;OTHER
invoice-293.tiff;1;1;2480;3508;36501;1652;1032;45;52;1652;1032;1697;1032;1697;1084;1652;1084;de;AA;undefined;OTHER;OTHER
invoice-293.tiff;1;1;2480;3508;36502;1709;1032;180;52;1709;1032;1889;1032;1889;1084;1709;1084;paiement;AAAAAAAA;undefined;OTHER;OTHER
invoice-293.tiff;1;1;2480;3508;36503;2166;1032;55;46;2166;1032;2221;1032;2221;1078;2166;1078;CB;AA;PMODE;PAYMENT_MODE;Payment Mode
invoice-293.tiff;1;1;2480;3508;36491;124;1071;120;45;124;1071;244;1071;244;1116;124;1116;France;AAAAAA;BA;BILLING_ADDRESS;Billing Address
invoice-293.tiff;1;1;2480;3508;36504;214;1537;71;52;214;1537;285;1537;285;1589;214;1589;Qté;AAA;undefined;OTHER;OTHER
invoice-293.tiff;1;1;2480;3508;36505;696;1537;231;52;696;1537;927;1537;927;1589;696;1589;Désignation;AAAAAAAAAAA;undefined;OTHER;OTHER
invoice-293.tiff;1;1;2480;3508;36506;1386;1537;61;52;1386;1537;1447;1537;1447;1589;1386;1589;UP;AA;undefined;OTHER;OTHER
invoice-293.tiff;1;1;2480;3508;36507;1701;1537;96;52;1701;1537;1797;1537;1797;1589;1701;1589;TVA;AAA;undefined;OTHER;OTHER
invoice-293.tiff;1;1;2480;3508;36508;1947;1537;170;52;1947;1537;2117;1537;2117;1589;1947;1589;Montant;AAAAAAA;undefined;OTHER;OTHER
invoice-293.tiff;1;1;2480;3508;36509;2129;1537;89;52;2129;1537;2218;1537;2218;1589;2129;1589;H.T.;ASAS;undefined;OTHER;OTHER
invoice-293.tiff;1;1;2480;3508;36510;239;1610;20;48;239;1610;259;1610;259;1658;239;1658;4;N;undefined;OTHER;OTHER
invoice-293.tiff;1;1;2480;3508;36511;375;1610;194;48;375;1610;569;1610;569;1658;375;1658;Aspirateur;AAAAAAAAAA;undefined;OTHER;OTHER
invoice-293.tiff;1;1;2480;3508;36512;579;1610;171;48;579;1610;750;1610;750;1658;579;1658;nettoyeur;AAAAAAAAA;undefined;OTHER;OTHER
invoice-293.tiff;1;1;2480;3508;36513;761;1610;124;48;761;1610;885;1610;885;1658;761;1658;vapeur;AAAAAA;undefined;OTHER;OTHER
invoice-293.tiff;1;1;2480;3508;36514;896;1610;180;48;896;1610;1076;1610;1076;1658;896;1658;Vaporetto;AAAAAAAAA;undefined;OTHER;OTHER
invoice-293.tiff;1;1;2480;3508;36515;1087;1610;85;48;1087;1610;1172;1610;1172;1658;1087;1658;FAV;AAA;undefined;OTHER;OTHER
invoice-293.tiff;1;1;2480;3508;36516;1183;1610;41;48;1183;1610;1224;1610;1224;1658;1183;1658;80;NN;undefined;OTHER;OTHER
invoice-293.tiff;1;1;2480;3508;36519;1310;1610;114;48;1310;1610;1424;1610;1424;1658;1310;1658;582,50;NNNSNN;undefined;OTHER;OTHER
invoice-293.tiff;1;1;2480;3508;36520;1435;1610;87;48;1435;1610;1522;1610;1522;1658;1435;1658;EUR;AAA;undefined;OTHER;OTHER
invoice-293.tiff;1;1;2480;3508;36521;1692;1610;114;48;1692;1610;1806;1610;1806;1658;1692;1658;20.0%;NNSNS;undefined;OTHER;OTHER
invoice-293.tiff;1;1;2480;3508;36522;1966;1610;135;48;1966;1610;2101;1610;2101;1658;1966;1658;2330,00;NNNNSNN;undefined;OTHER;OTHER
invoice-293.tiff;1;1;2480;3508;36523;2112;1610;87;48;2112;1610;2199;1610;2199;1658;2112;1658;EUR;AAA;undefined;OTHER;OTHER
invoice-293.tiff;1;1;2480;3508;36517;375;1658;113;48;375;1658;488;1658;488;1706;375;1706;Turbo;AAAAA;undefined;OTHER;OTHER
invoice-293.tiff;1;1;2480;3508;36518;498;1658;205;48;498;1658;703;1658;703;1706;498;1706;Intelligence;AAAAAAAAAAAA;undefined;OTHER;OTHER
invoice-293.tiff;1;1;2480;3508;36524;239;1748;20;48;239;1748;259;1748;259;1796;239;1796;2;N;undefined;OTHER;OTHER
invoice-293.tiff;1;1;2480;3508;36525;375;1748;62;48;375;1748;437;1748;437;1796;375;1796;Jeu;AAA;undefined;OTHER;OTHER
invoice-293.tiff;1;1;2480;3508;36526;447;1748;69;48;447;1748;516;1748;516;1796;447;1796;PS4;AAN;undefined;OTHER;OTHER
invoice-293.tiff;1;1;2480;3508;36527;527;1748;90;48;527;1748;617;1748;617;1796;527;1796;Take;AAAA;undefined;OTHER;OTHER
invoice-293.tiff;1;1;2480;3508;36528;628;1748;20;48;628;1748;648;1748;648;1796;628;1796;2;N;undefined;OTHER;OTHER
invoice-293.tiff;1;1;2480;3508;36529;659;1748;106;48;659;1748;765;1748;765;1796;659;1796;Mafia;AAAAA;undefined;OTHER;OTHER
invoice-293.tiff;1;1;2480;3508;36530;776;1748;20;48;776;1748;796;1748;796;1796;776;1796;3;N;undefined;OTHER;OTHER
invoice-293.tiff;1;1;2480;3508;36531;1331;1748;72;48;1331;1748;1403;1748;1403;1796;1331;1796;8,32;NSNN;undefined;OTHER;OTHER
invoice-293.tiff;1;1;2480;3508;36532;1414;1748;87;48;1414;1748;1501;1748;1501;1796;1414;1796;EUR;AAA;undefined;OTHER;OTHER
invoice-293.tiff;1;1;2480;3508;36533;1692;1748;114;48;1692;1748;1806;1748;1806;1796;1692;1796;20.0%;NNSNS;undefined;OTHER;OTHER
invoice-293.tiff;1;1;2480;3508;36534;1987;1748;93;48;1987;1748;2080;1748;2080;1796;1987;1796;16,65;NNSNN;undefined;OTHER;OTHER
invoice-293.tiff;1;1;2480;3508;36535;2091;1748;87;48;2091;1748;2178;1748;2178;1796;2091;1796;EUR;AAA;undefined;OTHER;OTHER
invoice-293.tiff;1;1;2480;3508;36536;1661;1879;170;52;1661;1879;1831;1879;1831;1931;1661;1931;Montant;AAAAAAA;undefined;OTHER;OTHER
invoice-293.tiff;1;1;2480;3508;36537;1843;1879;89;52;1843;1879;1932;1879;1932;1931;1843;1931;H.T.;ASAS;undefined;OTHER;OTHER
invoice-293.tiff;1;1;2480;3508;36538;1974;1879;135;48;1974;1879;2109;1879;2109;1927;1974;1927;2346,65;NNNNSNN;TWTX;TOTAL_WITHOUT_TAX;TWTXS
invoice-293.tiff;1;1;2480;3508;36539;2120;1879;87;48;2120;1879;2207;1879;2207;1927;2120;1927;EUR;AAA;TWTX;TOTAL_WITHOUT_TAX;TWTXS
invoice-293.tiff;1;1;2480;3508;36540;1955;1932;96;52;1955;1932;2051;1932;2051;1984;1955;1984;TVA;AAA;undefined;OTHER;OTHER
invoice-293.tiff;1;1;2480;3508;36541;2093;1932;114;48;2093;1932;2207;1932;2207;1980;2093;1980;20.0%;NNSNS;TXR;TAX_RATE;Tax Rate
invoice-293.tiff;1;1;2480;3508;36542;1674;1985;170;52;1674;1985;1844;1985;1844;2037;1674;2037;Montant;AAAAAAA;undefined;OTHER;OTHER
invoice-293.tiff;1;1;2480;3508;36543;1856;1985;96;52;1856;1985;1952;1985;1952;2037;1856;2037;TVA;AAA;undefined;OTHER;OTHER
invoice-293.tiff;1;1;2480;3508;36544;1995;1985;114;48;1995;1985;2109;1985;2109;2033;1995;2033;469,33;NNNSNN;TTX;TOTAL_TAX;Total Tax
invoice-293.tiff;1;1;2480;3508;36545;2120;1985;87;48;2120;1985;2207;1985;2207;2033;2120;2033;EUR;AAA;TTX;TOTAL_TAX;Total Tax
invoice-293.tiff;1;1;2480;3508;36546;1656;2038;170;52;1656;2038;1826;2038;1826;2090;1656;2090;Montant;AAAAAAA;undefined;OTHER;OTHER
invoice-293.tiff;1;1;2480;3508;36547;1838;2038;94;52;1838;2038;1932;2038;1932;2090;1838;2090;TTC;AAA;undefined;OTHER;OTHER
invoice-293.tiff;1;1;2480;3508;36548;1974;2038;135;48;1974;2038;2109;2038;2109;2086;1974;2086;2815,98;NNNNSNN;TA;TOTAL_AMOUNT;Total with TAX
invoice-293.tiff;1;1;2480;3508;36549;2120;2038;87;48;2120;2038;2207;2038;2207;2086;2120;2086;EUR;AAA;TA;TOTAL_AMOUNT;Total with TAX
invoice-293.tiff;1;1;2480;3508;36550;1051;3154;85;48;1051;3154;1136;3154;1136;3202;1051;3202;DEL;AAA;SN;SUPPLIER_NAME;Seller/Company) name
invoice-293.tiff;1;1;2480;3508;36551;1147;3154;175;48;1147;3154;1322;3154;1322;3202;1147;3202;TEATRO;AAAAAA;SN;SUPPLIER_NAME;Seller/Company) name
invoice-293.tiff;1;1;2480;3508;36552;586;3202;41;45;586;3202;627;3202;627;3247;586;3247;11;NN;SA;SUPPLIER_ADDRESS;Seller Address
invoice-293.tiff;1;1;2480;3508;36553;638;3202;127;45;638;3202;765;3202;765;3247;638;3247;PLACE;AAAAA;SA;SUPPLIER_ADDRESS;Seller Address
invoice-293.tiff;1;1;2480;3508;36554;776;3202;55;45;776;3202;831;3202;831;3247;776;3247;DE;AA;SA;SUPPLIER_ADDRESS;Seller Address
invoice-293.tiff;1;1;2480;3508;36555;842;3202;48;45;842;3202;890;3202;890;3247;842;3247;LA;AA;SA;SUPPLIER_ADDRESS;Seller Address
invoice-293.tiff;1;1;2480;3508;36556;901;3202;254;45;901;3202;1155;3202;1155;3247;901;3247;REPUBLIQUE;AAAAAAAAAA;SA;SUPPLIER_ADDRESS;Seller Address
invoice-293.tiff;1;1;2480;3508;36557;1164;3202;104;45;1164;3202;1268;3202;1268;3247;1164;3247;78200;NNNNN;SA;SUPPLIER_ADDRESS;Seller Address
invoice-293.tiff;1;1;2480;3508;36558;1276;3202;157;45;1276;3202;1433;3202;1433;3247;1276;3247;MANTES;AAAAAA;SA;SUPPLIER_ADDRESS;Seller Address
invoice-293.tiff;1;1;2480;3508;36559;1444;3202;48;45;1444;3202;1492;3202;1492;3247;1444;3247;LA;AA;SA;SUPPLIER_ADDRESS;Seller Address
invoice-293.tiff;1;1;2480;3508;36560;1503;3202;111;45;1503;3202;1614;3202;1614;3247;1503;3247;JOLIE;AAAAA;SA;SUPPLIER_ADDRESS;Seller Address
invoice-293.tiff;1;1;2480;3508;36561;1622;3202;157;45;1622;3202;1779;3202;1779;3247;1622;3247;FRANCE;AAAAAA;SA;SUPPLIER_ADDRESS;Seller Address
