src;num_pages;page_id;page_width;page_height;id;col;row;width;height;x1;y1;x2;y2;x3;y3;x4;y4;contents;contents_masked;correctclass;tag;description
invoice-307.tiff;1;1;2480;3508;38132;1541;62;156;175;1541;62;1697;62;1697;237;1541;237;common/logo;AAAAAASAAAA;img;IMAGE;Image
invoice-307.tiff;1;1;2480;3508;38129;124;270;172;59;124;270;296;270;296;329;124;329;Invoice;AAAAAAA;undefined;OTHER;OTHER
invoice-307.tiff;1;1;2480;3508;38130;311;270;80;59;311;270;391;270;391;329;311;329;No.;AAS;undefined;OTHER;OTHER
invoice-307.tiff;1;1;2480;3508;38131;454;270;361;52;454;270;815;270;815;322;454;322;530-41702-13754;NNNSNNNNNSNNNNN;IN;INVOICE_NUMBER;Invoice Number
invoice-307.tiff;1;1;2480;3508;38133;1541;412;169;49;1541;412;1710;412;1710;461;1541;461;CYCLES;AAAAAA;SN;SUPPLIER_NAME;Seller/Company) name
invoice-307.tiff;1;1;2480;3508;38134;1722;412;277;49;1722;412;1999;412;1999;461;1722;461;SANCERROIS;AAAAAAAAAA;SN;SUPPLIER_NAME;Seller/Company) name
invoice-307.tiff;1;1;2480;3508;38135;1541;462;145;48;1541;462;1686;462;1686;510;1541;510;ROUTE;AAAAA;SA;SUPPLIER_ADDRESS;Seller Address
invoice-307.tiff;1;1;2480;3508;38136;1699;462;57;48;1699;462;1756;462;1756;510;1699;510;DE;AA;SA;SUPPLIER_ADDRESS;Seller Address
invoice-307.tiff;1;1;2480;3508;38137;1768;462;245;48;1768;462;2013;462;2013;510;1768;510;CHAVIGNOL;AAAAAAAAA;SA;SUPPLIER_ADDRESS;Seller Address
invoice-307.tiff;1;1;2480;3508;38138;1541;510;115;48;1541;510;1656;510;1656;558;1541;558;18300;NNNNN;SA;SUPPLIER_ADDRESS;Seller Address
invoice-307.tiff;1;1;2480;3508;38139;1699;510;122;48;1699;510;1821;510;1821;558;1699;558;SAINT;AAAAA;SA;SUPPLIER_ADDRESS;Seller Address
invoice-307.tiff;1;1;2480;3508;38140;1833;510;141;48;1833;510;1974;510;1974;558;1833;558;SATUR;AAAAA;SA;SUPPLIER_ADDRESS;Seller Address
invoice-307.tiff;1;1;2480;3508;38141;1541;558;171;48;1541;558;1712;558;1712;606;1541;606;FRANCE;AAAAAA;SA;SUPPLIER_ADDRESS;Seller Address
invoice-307.tiff;1;1;2480;3508;38142;1541;606;120;48;1541;606;1661;606;1661;654;1541;654;Phone;AAAAA;undefined;OTHER;OTHER
invoice-307.tiff;1;1;2480;3508;38143;1724;606;287;48;1724;606;2011;606;2011;654;1724;654;05-66-81-36-53;NNSNNSNNSNNSNN;SCN;SUPPLIER_CONTACT_NUMBER;Seller Contact Number
invoice-307.tiff;1;1;2480;3508;38144;1541;654;69;48;1541;654;1610;654;1610;702;1541;702;Fax;AAA;undefined;OTHER;OTHER
invoice-307.tiff;1;1;2480;3508;38145;1673;654;287;48;1673;654;1960;654;1960;702;1673;702;05-66-81-16-94;NNSNNSNNSNNSNN;SFAX;SUPPLIER_FAX_NUMBER;Seller Fax Number
invoice-307.tiff;1;1;2480;3508;38146;124;1039;77;59;124;1039;201;1039;201;1098;124;1098;Bill;AAAA;undefined;OTHER;OTHER
invoice-307.tiff;1;1;2480;3508;38147;216;1039;61;59;216;1039;277;1039;277;1098;216;1098;To;AA;undefined;OTHER;OTHER
invoice-307.tiff;1;1;2480;3508;38148;124;1099;118;49;124;1099;242;1099;242;1148;124;1148;Erling;AAAAAA;BN;BILLING_NAME;Billing Name
invoice-307.tiff;1;1;2480;3508;38149;254;1099;138;49;254;1099;392;1099;392;1148;254;1148;Collins;AAAAAAA;BN;BILLING_NAME;Billing Name
invoice-307.tiff;1;1;2480;3508;38150;405;1099;27;49;405;1099;432;1099;432;1148;405;1148;V;A;BN;BILLING_NAME;Billing Name
invoice-307.tiff;1;1;2480;3508;38151;124;1148;57;48;124;1148;181;1148;181;1196;124;1196;18,;NNS;BA;BILLING_ADDRESS;Billing Address
invoice-307.tiff;1;1;2480;3508;38152;194;1148;136;48;194;1148;330;1148;330;1196;194;1196;avenue;AAAAAA;BA;BILLING_ADDRESS;Billing Address
invoice-307.tiff;1;1;2480;3508;38153;342;1148;138;48;342;1148;480;1148;480;1196;342;1196;général;AAAAAAA;BA;BILLING_ADDRESS;Billing Address
invoice-307.tiff;1;1;2480;3508;38154;493;1148;120;48;493;1148;613;1148;613;1196;493;1196;leclerc;AAAAAAA;BA;BILLING_ADDRESS;Billing Address
invoice-307.tiff;1;1;2480;3508;38155;124;1197;115;48;124;1197;239;1197;239;1245;124;1245;06800;NNNNN;BA;BILLING_ADDRESS;Billing Address
invoice-307.tiff;1;1;2480;3508;38156;282;1197;300;48;282;1197;582;1197;582;1245;282;1245;Cagnes-sur-Mer;AAAAAASAAASAAA;BA;BILLING_ADDRESS;Billing Address
invoice-307.tiff;1;1;2480;3508;38170;1541;1238;99;54;1541;1238;1640;1238;1640;1292;1541;1292;Date;AAAA;undefined;OTHER;OTHER
invoice-307.tiff;1;1;2480;3508;38171;2166;1238;55;48;2166;1238;2221;1238;2221;1286;2166;1286;jun;AAA;IDATE;INVOICE_DATE;Invoice Date
invoice-307.tiff;1;1;2480;3508;38172;2233;1238;57;48;2233;1238;2290;1238;2290;1286;2233;1286;20,;NNS;IDATE;INVOICE_DATE;Invoice Date
invoice-307.tiff;1;1;2480;3508;38173;2303;1238;92;48;2303;1238;2395;1238;2395;1286;2303;1286;1995;NNNN;IDATE;INVOICE_DATE;Invoice Date
invoice-307.tiff;1;1;2480;3508;38157;124;1245;129;48;124;1245;253;1245;253;1293;124;1293;France;AAAAAA;BA;BILLING_ADDRESS;Billing Address
invoice-307.tiff;1;1;2480;3508;38174;1541;1314;127;54;1541;1314;1668;1314;1668;1368;1541;1368;Client;AAAAAA;undefined;OTHER;OTHER
invoice-307.tiff;1;1;2480;3508;38175;1681;1314;73;54;1681;1314;1754;1314;1754;1368;1681;1368;No.;AAS;undefined;OTHER;OTHER
invoice-307.tiff;1;1;2480;3508;38176;2166;1314;236;48;2166;1314;2402;1314;2402;1362;2166;1362;934-554-183;NNNSNNNSNNN;CNUM;CLIENT_NUMBER;Client Number
invoice-307.tiff;1;1;2480;3508;38158;124;1335;108;59;124;1335;232;1335;232;1394;124;1394;Ship;AAAA;undefined;OTHER;OTHER
invoice-307.tiff;1;1;2480;3508;38159;247;1335;61;59;247;1335;308;1335;308;1394;247;1394;To;AA;undefined;OTHER;OTHER
invoice-307.tiff;1;1;2480;3508;38160;124;1394;118;49;124;1394;242;1394;242;1443;124;1443;Erling;AAAAAA;SHN;SHIPPING_NAME;Shipping Name
invoice-307.tiff;1;1;2480;3508;38161;254;1394;138;49;254;1394;392;1394;392;1443;254;1443;Collins;AAAAAAA;SHN;SHIPPING_NAME;Shipping Name
invoice-307.tiff;1;1;2480;3508;38162;405;1394;27;49;405;1394;432;1394;432;1443;405;1443;V;A;SHN;SHIPPING_NAME;Shipping Name
invoice-307.tiff;1;1;2480;3508;38163;124;1444;57;48;124;1444;181;1444;181;1492;124;1492;18,;NNS;SHA;SHIPPING_ADDRESS;Shipping Address
invoice-307.tiff;1;1;2480;3508;38164;194;1444;136;48;194;1444;330;1444;330;1492;194;1492;avenue;AAAAAA;SHA;SHIPPING_ADDRESS;Shipping Address
invoice-307.tiff;1;1;2480;3508;38165;342;1444;138;48;342;1444;480;1444;480;1492;342;1492;général;AAAAAAA;SHA;SHIPPING_ADDRESS;Shipping Address
invoice-307.tiff;1;1;2480;3508;38166;493;1444;120;48;493;1444;613;1444;613;1492;493;1492;leclerc;AAAAAAA;SHA;SHIPPING_ADDRESS;Shipping Address
invoice-307.tiff;1;1;2480;3508;38167;124;1492;115;48;124;1492;239;1492;239;1540;124;1540;06800;NNNNN;SHA;SHIPPING_ADDRESS;Shipping Address
invoice-307.tiff;1;1;2480;3508;38168;282;1492;300;48;282;1492;582;1492;582;1540;282;1540;Cagnes-sur-Mer;AAAAAASAAASAAA;SHA;SHIPPING_ADDRESS;Shipping Address
invoice-307.tiff;1;1;2480;3508;38169;124;1540;129;48;124;1540;253;1540;253;1588;124;1588;France;AAAAAA;SHA;SHIPPING_ADDRESS;Shipping Address
invoice-307.tiff;1;1;2480;3508;38177;171;1855;73;54;171;1855;244;1855;244;1909;171;1909;No.;AAS;undefined;OTHER;OTHER
invoice-307.tiff;1;1;2480;3508;38178;548;1855;277;54;548;1855;825;1855;825;1909;548;1909;Descriptions;AAAAAAAAAAAA;undefined;OTHER;OTHER
invoice-307.tiff;1;1;2480;3508;38179;1190;1855;76;54;1190;1855;1266;1855;1266;1909;1190;1909;Qty;AAA;undefined;OTHER;OTHER
invoice-307.tiff;1;1;2480;3508;38180;1476;1855;89;54;1476;1855;1565;1855;1565;1909;1476;1909;U.P.;ASAS;undefined;OTHER;OTHER
invoice-307.tiff;1;1;2480;3508;38181;1714;1855;196;54;1714;1855;1910;1855;1910;1909;1714;1909;VAT/TVA;AAASAAA;undefined;OTHER;OTHER
invoice-307.tiff;1;1;2480;3508;38182;2017;1855;173;54;2017;1855;2190;1855;2190;1909;2017;1909;Amount;AAAAAA;undefined;OTHER;OTHER
invoice-307.tiff;1;1;2480;3508;38183;196;1931;23;49;196;1931;219;1931;219;1980;196;1980;1;N;undefined;OTHER;OTHER
invoice-307.tiff;1;1;2480;3508;38184;291;1931;206;49;291;1931;497;1931;497;1980;291;1980;Cartouche;AAAAAAAAA;undefined;OTHER;OTHER
invoice-307.tiff;1;1;2480;3508;38185;509;1931;146;49;509;1931;655;1931;655;1980;509;1980;d'encre;ASAAAAA;undefined;OTHER;OTHER
invoice-307.tiff;1;1;2480;3508;38186;667;1931;127;49;667;1931;794;1931;794;1980;667;1980;Epson;AAAAA;undefined;OTHER;OTHER
invoice-307.tiff;1;1;2480;3508;38187;806;1931;118;49;806;1931;924;1931;924;1980;806;1980;T2981;ANNNN;undefined;OTHER;OTHER
invoice-307.tiff;1;1;2480;3508;38188;936;1931;106;49;936;1931;1042;1931;1042;1980;936;1980;Noire;AAAAA;undefined;OTHER;OTHER
invoice-307.tiff;1;1;2480;3508;38191;1217;1931;23;49;1217;1931;1240;1931;1240;1980;1217;1980;1;N;undefined;OTHER;OTHER
invoice-307.tiff;1;1;2480;3508;38192;1430;1931;81;49;1430;1931;1511;1931;1511;1980;1430;1980;9,16;NSNN;undefined;OTHER;OTHER
invoice-307.tiff;1;1;2480;3508;38193;1523;1931;87;49;1523;1931;1610;1931;1610;1980;1523;1980;USD;AAA;undefined;OTHER;OTHER
invoice-307.tiff;1;1;2480;3508;38194;1753;1931;118;49;1753;1931;1871;1931;1871;1980;1753;1980;20.0%;NNSNS;undefined;OTHER;OTHER
invoice-307.tiff;1;1;2480;3508;38195;2013;1931;81;49;2013;1931;2094;1931;2094;1980;2013;1980;9,16;NSNN;undefined;OTHER;OTHER
invoice-307.tiff;1;1;2480;3508;38196;2106;1931;87;49;2106;1931;2193;1931;2193;1980;2106;1980;USD;AAA;undefined;OTHER;OTHER
invoice-307.tiff;1;1;2480;3508;38189;291;1980;101;49;291;1980;392;1980;392;2029;291;2029;Série;AAAAA;undefined;OTHER;OTHER
invoice-307.tiff;1;1;2480;3508;38190;405;1980;122;49;405;1980;527;1980;527;2029;405;2029;Fraise;AAAAAA;undefined;OTHER;OTHER
invoice-307.tiff;1;1;2480;3508;38197;196;2072;23;49;196;2072;219;2072;219;2121;196;2121;2;N;undefined;OTHER;OTHER
invoice-307.tiff;1;1;2480;3508;38198;291;2072;57;49;291;2072;348;2072;348;2121;291;2121;PC;AA;undefined;OTHER;OTHER
invoice-307.tiff;1;1;2480;3508;38199;361;2072;132;49;361;2072;493;2072;493;2121;361;2121;Gamer;AAAAA;undefined;OTHER;OTHER
invoice-307.tiff;1;1;2480;3508;38200;504;2072;74;49;504;2072;578;2072;578;2121;504;2121;MSI;AAA;undefined;OTHER;OTHER
invoice-307.tiff;1;1;2480;3508;38201;590;2072;173;49;590;2072;763;2072;763;2121;590;2121;INFINITE;AAAAAAAA;undefined;OTHER;OTHER
invoice-307.tiff;1;1;2480;3508;38202;775;2072;224;49;775;2072;999;2072;999;2121;775;2121;7RB-012EU;NAASNNNAA;undefined;OTHER;OTHER
invoice-307.tiff;1;1;2480;3508;38203;1217;2072;23;49;1217;2072;1240;2072;1240;2121;1217;2121;1;N;undefined;OTHER;OTHER
invoice-307.tiff;1;1;2480;3508;38204;1407;2072;127;49;1407;2072;1534;2072;1534;2121;1407;2121;915,83;NNNSNN;undefined;OTHER;OTHER
invoice-307.tiff;1;1;2480;3508;38205;1546;2072;87;49;1546;2072;1633;2072;1633;2121;1546;2121;USD;AAA;undefined;OTHER;OTHER
invoice-307.tiff;1;1;2480;3508;38206;1753;2072;118;49;1753;2072;1871;2072;1871;2121;1753;2121;20.0%;NNSNS;undefined;OTHER;OTHER
invoice-307.tiff;1;1;2480;3508;38207;1990;2072;127;49;1990;2072;2117;2072;2117;2121;1990;2121;915,83;NNNSNN;undefined;OTHER;OTHER
invoice-307.tiff;1;1;2480;3508;38208;2129;2072;87;49;2129;2072;2216;2072;2216;2121;2129;2121;USD;AAA;undefined;OTHER;OTHER
invoice-307.tiff;1;1;2480;3508;38209;1850;2205;156;52;1850;2205;2006;2205;2006;2257;1850;2257;@DISC;SAAAA;undefined;OTHER;OTHER
invoice-307.tiff;1;1;2480;3508;38210;2027;2205;81;48;2027;2205;2108;2205;2108;2253;2027;2253;0,00;NSNN;undefined;OTHER;OTHER
invoice-307.tiff;1;1;2480;3508;38211;2120;2205;87;48;2120;2205;2207;2205;2207;2253;2120;2253;USD;AAA;undefined;OTHER;OTHER
invoice-307.tiff;1;1;2480;3508;38212;1781;2258;157;52;1781;2258;1938;2258;1938;2310;1781;2310;Amount;AAAAAA;undefined;OTHER;OTHER
invoice-307.tiff;1;1;2480;3508;38213;1981;2258;127;48;1981;2258;2108;2258;2108;2306;1981;2306;924,99;NNNSNN;TWTX;TOTAL_WITHOUT_TAX;TWTXS
invoice-307.tiff;1;1;2480;3508;38214;2120;2258;87;48;2120;2258;2207;2258;2207;2306;2120;2306;USD;AAA;TWTX;TOTAL_WITHOUT_TAX;TWTXS
invoice-307.tiff;1;1;2480;3508;38215;1857;2311;191;52;1857;2311;2048;2311;2048;2363;1857;2363;VAT/TVA;AAASAAA;undefined;OTHER;OTHER
invoice-307.tiff;1;1;2480;3508;38216;2090;2311;118;48;2090;2311;2208;2311;2208;2359;2090;2359;20.0%;NNSNS;TXR;TAX_RATE;Tax Rate
invoice-307.tiff;1;1;2480;3508;38217;1679;2363;89;52;1679;2363;1768;2363;1768;2415;1679;2415;TVA;AAA;undefined;OTHER;OTHER
invoice-307.tiff;1;1;2480;3508;38218;1781;2363;157;52;1781;2363;1938;2363;1938;2415;1781;2415;Amount;AAAAAA;undefined;OTHER;OTHER
invoice-307.tiff;1;1;2480;3508;38219;1981;2363;127;48;1981;2363;2108;2363;2108;2411;1981;2411;185,00;NNNSNN;TTX;TOTAL_TAX;Total Tax
invoice-307.tiff;1;1;2480;3508;38220;2120;2363;87;48;2120;2363;2207;2363;2207;2411;2120;2411;USD;AAA;TTX;TOTAL_TAX;Total Tax
invoice-307.tiff;1;1;2480;3508;38221;1643;2416;101;52;1643;2416;1744;2416;1744;2468;1643;2468;Total;AAAAA;undefined;OTHER;OTHER
invoice-307.tiff;1;1;2480;3508;38222;1758;2416;157;52;1758;2416;1915;2416;1915;2468;1758;2468;Amount;AAAAAA;undefined;OTHER;OTHER
invoice-307.tiff;1;1;2480;3508;38223;1958;2416;150;48;1958;2416;2108;2416;2108;2464;1958;2464;1109,99;NNNNSNN;TA;TOTAL_AMOUNT;Total with TAX
invoice-307.tiff;1;1;2480;3508;38224;2120;2416;87;48;2120;2416;2207;2416;2207;2464;2120;2464;USD;AAA;TA;TOTAL_AMOUNT;Total with TAX
invoice-307.tiff;1;1;2480;3508;38225;1187;3175;169;49;1187;3175;1356;3175;1356;3224;1187;3224;CYCLES;AAAAAA;SN;SUPPLIER_NAME;Seller/Company) name
invoice-307.tiff;1;1;2480;3508;38226;1368;3175;277;49;1368;3175;1645;3175;1645;3224;1368;3224;SANCERROIS;AAAAAAAAAA;SN;SUPPLIER_NAME;Seller/Company) name
invoice-307.tiff;1;1;2480;3508;38227;1187;3224;145;48;1187;3224;1332;3224;1332;3272;1187;3272;ROUTE;AAAAA;SA;SUPPLIER_ADDRESS;Seller Address
invoice-307.tiff;1;1;2480;3508;38228;1344;3224;57;48;1344;3224;1401;3224;1401;3272;1344;3272;DE;AA;SA;SUPPLIER_ADDRESS;Seller Address
invoice-307.tiff;1;1;2480;3508;38229;1414;3224;245;48;1414;3224;1659;3224;1659;3272;1414;3272;CHAVIGNOL;AAAAAAAAA;SA;SUPPLIER_ADDRESS;Seller Address
invoice-307.tiff;1;1;2480;3508;38230;1187;3272;115;48;1187;3272;1302;3272;1302;3320;1187;3320;18300;NNNNN;SA;SUPPLIER_ADDRESS;Seller Address
invoice-307.tiff;1;1;2480;3508;38231;1344;3272;122;48;1344;3272;1466;3272;1466;3320;1344;3320;SAINT;AAAAA;SA;SUPPLIER_ADDRESS;Seller Address
invoice-307.tiff;1;1;2480;3508;38232;1479;3272;141;48;1479;3272;1620;3272;1620;3320;1479;3320;SATUR;AAAAA;SA;SUPPLIER_ADDRESS;Seller Address
invoice-307.tiff;1;1;2480;3508;38233;1187;3320;171;48;1187;3320;1358;3320;1358;3368;1187;3368;FRANCE;AAAAAA;SA;SUPPLIER_ADDRESS;Seller Address
