src;num_pages;page_id;page_width;page_height;id;col;row;width;height;x1;y1;x2;y2;x3;y3;x4;y4;contents;contents_masked;correctclass;tag;description
invoice-1063.tiff;1;1;2480;3508;130511;833;62;498;175;833;62;1331;62;1331;237;833;237;common/logo;AAAAAASAAAA;img;IMAGE;Image
invoice-1063.tiff;1;1;2480;3508;130507;124;237;106;45;124;237;230;237;230;282;124;282;Phone;AAAAA;undefined;OTHER;OTHER
invoice-1063.tiff;1;1;2480;3508;130508;293;237;263;45;293;237;556;237;556;282;293;282;00-67-37-96-80;NNSNNSNNSNNSNN;SCN;SUPPLIER_CONTACT_NUMBER;Seller Contact Number
invoice-1063.tiff;1;1;2480;3508;130512;1541;237;578;48;1541;237;2119;237;2119;285;1541;285;GANTERIE-MAROQUINERIE;AAAAAAAASAAAAAAAAAAAA;SN;SUPPLIER_NAME;Seller/Company) name
invoice-1063.tiff;1;1;2480;3508;130513;2130;237;57;48;2130;237;2187;237;2187;285;2130;285;DE;AA;SN;SUPPLIER_NAME;Seller/Company) name
invoice-1063.tiff;1;1;2480;3508;130514;2199;237;127;48;2199;237;2326;237;2326;285;2199;285;SAINT;AAAAA;SN;SUPPLIER_NAME;Seller/Company) name
invoice-1063.tiff;1;1;2480;3508;130515;2336;237;155;48;2336;237;2491;237;2491;285;2336;285;JUNIEN;AAAAAA;SN;SUPPLIER_NAME;Seller/Company) name
invoice-1063.tiff;1;1;2480;3508;130509;124;283;64;45;124;283;188;283;188;328;124;328;Fax;AAA;undefined;OTHER;OTHER
invoice-1063.tiff;1;1;2480;3508;130510;252;283;263;45;252;283;515;283;515;328;252;328;00-67-37-21-35;NNSNNSNNSNNSNN;SFAX;SUPPLIER_FAX_NUMBER;Seller Fax Number
invoice-1063.tiff;1;1;2480;3508;130516;1541;285;41;45;1541;285;1582;285;1582;330;1541;330;24;NN;SA;SUPPLIER_ADDRESS;Seller Address
invoice-1063.tiff;1;1;2480;3508;130517;1593;285;159;45;1593;285;1752;285;1752;330;1593;330;CHEMIN;AAAAAA;SA;SUPPLIER_ADDRESS;Seller Address
invoice-1063.tiff;1;1;2480;3508;130518;1763;285;131;45;1763;285;1894;285;1894;330;1763;330;NOTRE;AAAAA;SA;SUPPLIER_ADDRESS;Seller Address
invoice-1063.tiff;1;1;2480;3508;130519;1906;285;115;45;1906;285;2021;285;2021;330;1906;330;DAME;AAAA;SA;SUPPLIER_ADDRESS;Seller Address
invoice-1063.tiff;1;1;2480;3508;130520;2032;285;55;45;2032;285;2087;285;2087;330;2032;330;AU;AA;SA;SUPPLIER_ADDRESS;Seller Address
invoice-1063.tiff;1;1;2480;3508;130521;2098;285;113;45;2098;285;2211;285;2211;330;2098;330;GOTH;AAAA;SA;SUPPLIER_ADDRESS;Seller Address
invoice-1063.tiff;1;1;2480;3508;130522;1541;331;104;45;1541;331;1645;331;1645;376;1541;376;87200;NNNNN;SA;SUPPLIER_ADDRESS;Seller Address
invoice-1063.tiff;1;1;2480;3508;130523;1687;331;111;45;1687;331;1798;331;1798;376;1687;376;SAINT;AAAAA;SA;SUPPLIER_ADDRESS;Seller Address
invoice-1063.tiff;1;1;2480;3508;130524;1809;331;143;45;1809;331;1952;331;1952;376;1809;376;JUNIEN;AAAAAA;SA;SUPPLIER_ADDRESS;Seller Address
invoice-1063.tiff;1;1;2480;3508;130525;1541;377;157;45;1541;377;1698;377;1698;422;1541;422;FRANCE;AAAAAA;SA;SUPPLIER_ADDRESS;Seller Address
invoice-1063.tiff;1;1;2480;3508;130536;1541;807;157;48;1541;807;1698;807;1698;855;1541;855;Daphnee;AAAAAAA;BN;BILLING_NAME;Billing Name
invoice-1063.tiff;1;1;2480;3508;130537;1709;807;90;48;1709;807;1799;807;1799;855;1709;855;Crist;AAAAA;BN;BILLING_NAME;Billing Name
invoice-1063.tiff;1;1;2480;3508;130538;1541;855;31;45;1541;855;1572;855;1572;900;1541;900;1,;NS;BA;BILLING_ADDRESS;Billing Address
invoice-1063.tiff;1;1;2480;3508;130539;1583;855;120;45;1583;855;1703;855;1703;900;1583;900;chemin;AAAAAA;BA;BILLING_ADDRESS;Billing Address
invoice-1063.tiff;1;1;2480;3508;130540;1714;855;159;45;1714;855;1873;855;1873;900;1714;900;d'auxerre;ASAAAAAAA;BA;BILLING_ADDRESS;Billing Address
invoice-1063.tiff;1;1;2480;3508;130541;1541;901;104;45;1541;901;1645;901;1645;946;1541;946;89110;NNNNN;BA;BILLING_ADDRESS;Billing Address
invoice-1063.tiff;1;1;2480;3508;130542;1687;901;298;45;1687;901;1985;901;1985;946;1687;946;Poilly-sur-Tholon;AAAAAASAAASAAAAAA;BA;BILLING_ADDRESS;Billing Address
invoice-1063.tiff;1;1;2480;3508;130526;124;903;142;52;124;903;266;903;266;955;124;955;Invoice;AAAAAAA;undefined;OTHER;OTHER
invoice-1063.tiff;1;1;2480;3508;130527;279;903;67;52;279;903;346;903;346;955;279;955;No.;AAS;undefined;OTHER;OTHER
invoice-1063.tiff;1;1;2480;3508;130528;750;903;145;46;750;903;895;903;895;949;750;949;0099382;NNNNNNN;IN;INVOICE_NUMBER;Invoice Number
invoice-1063.tiff;1;1;2480;3508;130543;1541;946;120;45;1541;946;1661;946;1661;991;1541;991;France;AAAAAA;BA;BILLING_ADDRESS;Billing Address
invoice-1063.tiff;1;1;2480;3508;130529;124;976;91;52;124;976;215;976;215;1028;124;1028;Date;AAAA;undefined;OTHER;OTHER
invoice-1063.tiff;1;1;2480;3508;130530;750;976;50;46;750;976;800;976;800;1022;750;1022;dic;AAA;IDATE;INVOICE_DATE;Invoice Date
invoice-1063.tiff;1;1;2480;3508;130531;811;976;31;46;811;976;842;976;842;1022;811;1022;8,;NS;IDATE;INVOICE_DATE;Invoice Date
invoice-1063.tiff;1;1;2480;3508;130532;853;976;83;46;853;976;936;976;936;1022;853;1022;2019;NNNN;IDATE;INVOICE_DATE;Invoice Date
invoice-1063.tiff;1;1;2480;3508;130544;1541;1034;180;57;1541;1034;1721;1034;1721;1091;1541;1091;Delivery;AAAAAAAA;undefined;OTHER;OTHER
invoice-1063.tiff;1;1;2480;3508;130545;1734;1034;58;57;1734;1034;1792;1034;1792;1091;1734;1091;To;AA;undefined;OTHER;OTHER
invoice-1063.tiff;1;1;2480;3508;130533;124;1050;119;52;124;1050;243;1050;243;1102;124;1102;Client;AAAAAA;undefined;OTHER;OTHER
invoice-1063.tiff;1;1;2480;3508;130534;256;1050;67;52;256;1050;323;1050;323;1102;256;1102;No.;AAS;undefined;OTHER;OTHER
invoice-1063.tiff;1;1;2480;3508;130535;750;1050;124;46;750;1050;874;1050;874;1096;750;1096;003923;NNNNNN;CNUM;CLIENT_NUMBER;Client Number
invoice-1063.tiff;1;1;2480;3508;130546;1541;1092;157;48;1541;1092;1698;1092;1698;1140;1541;1140;Daphnee;AAAAAAA;SHN;SHIPPING_NAME;Shipping Name
invoice-1063.tiff;1;1;2480;3508;130547;1709;1092;90;48;1709;1092;1799;1092;1799;1140;1709;1140;Crist;AAAAA;SHN;SHIPPING_NAME;Shipping Name
invoice-1063.tiff;1;1;2480;3508;130548;1541;1140;31;45;1541;1140;1572;1140;1572;1185;1541;1185;1,;NS;SHA;SHIPPING_ADDRESS;Shipping Address
invoice-1063.tiff;1;1;2480;3508;130549;1583;1140;120;45;1583;1140;1703;1140;1703;1185;1583;1185;chemin;AAAAAA;SHA;SHIPPING_ADDRESS;Shipping Address
invoice-1063.tiff;1;1;2480;3508;130550;1714;1140;159;45;1714;1140;1873;1140;1873;1185;1714;1185;d'auxerre;ASAAAAAAA;SHA;SHIPPING_ADDRESS;Shipping Address
invoice-1063.tiff;1;1;2480;3508;130551;1541;1185;104;45;1541;1185;1645;1185;1645;1230;1541;1230;89110;NNNNN;SHA;SHIPPING_ADDRESS;Shipping Address
invoice-1063.tiff;1;1;2480;3508;130552;1687;1185;298;45;1687;1185;1985;1185;1985;1230;1687;1230;Poilly-sur-Tholon;AAAAAASAAASAAAAAA;SHA;SHIPPING_ADDRESS;Shipping Address
invoice-1063.tiff;1;1;2480;3508;130553;1541;1231;120;45;1541;1231;1661;1231;1661;1276;1541;1276;France;AAAAAA;SHA;SHIPPING_ADDRESS;Shipping Address
invoice-1063.tiff;1;1;2480;3508;130554;162;1555;175;52;162;1555;337;1555;337;1607;162;1607;Quantity;AAAAAAAA;undefined;OTHER;OTHER
invoice-1063.tiff;1;1;2480;3508;130555;614;1555;157;52;614;1555;771;1555;771;1607;614;1607;Product;AAAAAAA;undefined;OTHER;OTHER
invoice-1063.tiff;1;1;2480;3508;130556;783;1555;226;52;783;1555;1009;1555;1009;1607;783;1607;Description;AAAAAAAAAAA;undefined;OTHER;OTHER
invoice-1063.tiff;1;1;2480;3508;130557;1316;1555;86;52;1316;1555;1402;1555;1402;1607;1316;1607;Unit;AAAA;undefined;OTHER;OTHER
invoice-1063.tiff;1;1;2480;3508;130558;1414;1555;101;52;1414;1555;1515;1555;1515;1607;1414;1607;Price;AAAAA;undefined;OTHER;OTHER
invoice-1063.tiff;1;1;2480;3508;130559;1650;1555;96;52;1650;1555;1746;1555;1746;1607;1650;1607;TVA;AAA;undefined;OTHER;OTHER
invoice-1063.tiff;1;1;2480;3508;130560;1758;1555;91;52;1758;1555;1849;1555;1849;1607;1758;1607;Rate;AAAA;undefined;OTHER;OTHER
invoice-1063.tiff;1;1;2480;3508;130561;2031;1555;104;52;2031;1555;2135;1555;2135;1607;2031;1607;Total;AAAAA;undefined;OTHER;OTHER
invoice-1063.tiff;1;1;2480;3508;130562;239;1628;20;48;239;1628;259;1628;259;1676;239;1676;1;N;undefined;OTHER;OTHER
invoice-1063.tiff;1;1;2480;3508;130563;375;1628;134;48;375;1628;509;1628;509;1676;375;1676;Plateau;AAAAAAA;undefined;OTHER;OTHER
invoice-1063.tiff;1;1;2480;3508;130564;519;1628;57;48;519;1628;576;1628;576;1676;519;1676;TV;AA;undefined;OTHER;OTHER
invoice-1063.tiff;1;1;2480;3508;130565;587;1628;180;48;587;1628;767;1628;767;1676;587;1676;Essentielb;AAAAAAAAAA;undefined;OTHER;OTHER
invoice-1063.tiff;1;1;2480;3508;130566;778;1628;94;48;778;1628;872;1628;872;1676;778;1676;verre;AAAAA;undefined;OTHER;OTHER
invoice-1063.tiff;1;1;2480;3508;130567;884;1628;101;48;884;1628;985;1628;985;1676;884;1676;Taille;AAAAAA;undefined;OTHER;OTHER
invoice-1063.tiff;1;1;2480;3508;130568;996;1628;27;48;996;1628;1023;1628;1023;1676;996;1676;L;A;undefined;OTHER;OTHER
invoice-1063.tiff;1;1;2480;3508;130569;1034;1628;101;48;1034;1628;1135;1628;1135;1676;1034;1676;Blanc;AAAAA;undefined;OTHER;OTHER
invoice-1063.tiff;1;1;2480;3508;130570;1147;1628;41;48;1147;1628;1188;1628;1188;1676;1147;1676;pr;AA;undefined;OTHER;OTHER
invoice-1063.tiff;1;1;2480;3508;130572;1354;1628;93;48;1354;1628;1447;1628;1447;1676;1354;1676;29,16;NNSNN;undefined;OTHER;OTHER
invoice-1063.tiff;1;1;2480;3508;130573;1458;1628;20;48;1458;1628;1478;1628;1478;1676;1458;1676;$;S;undefined;OTHER;OTHER
invoice-1063.tiff;1;1;2480;3508;130574;1692;1628;114;48;1692;1628;1806;1628;1806;1676;1692;1676;20.0%;NNSNS;undefined;OTHER;OTHER
invoice-1063.tiff;1;1;2480;3508;130575;2020;1628;93;48;2020;1628;2113;1628;2113;1676;2020;1676;29,16;NNSNN;undefined;OTHER;OTHER
invoice-1063.tiff;1;1;2480;3508;130576;2125;1628;20;48;2125;1628;2145;1628;2145;1676;2125;1676;$;S;undefined;OTHER;OTHER
invoice-1063.tiff;1;1;2480;3508;130571;375;1676;169;48;375;1676;544;1676;544;1724;375;1724;Mouv'Up;AAAASAA;undefined;OTHER;OTHER
invoice-1063.tiff;1;1;2480;3508;130577;239;1766;20;48;239;1766;259;1766;259;1814;239;1814;4;N;undefined;OTHER;OTHER
invoice-1063.tiff;1;1;2480;3508;130578;375;1766;155;48;375;1766;530;1766;530;1814;375;1814;Machine;AAAAAAA;undefined;OTHER;OTHER
invoice-1063.tiff;1;1;2480;3508;130579;540;1766;20;48;540;1766;560;1766;560;1814;540;1814;Ã ;A;undefined;OTHER;OTHER
invoice-1063.tiff;1;1;2480;3508;130580;571;1766;122;48;571;1766;693;1766;693;1814;571;1814;coudre;AAAAAA;undefined;OTHER;OTHER
invoice-1063.tiff;1;1;2480;3508;130581;704;1766;143;48;704;1766;847;1766;847;1814;704;1814;Bernina;AAAAAAA;undefined;OTHER;OTHER
invoice-1063.tiff;1;1;2480;3508;130582;858;1766;182;48;858;1766;1040;1766;1040;1814;858;1814;LONDON;AAAAAA;undefined;OTHER;OTHER
invoice-1063.tiff;1;1;2480;3508;130583;1052;1766;20;48;1052;1766;1072;1766;1072;1814;1052;1814;3;N;undefined;OTHER;OTHER
invoice-1063.tiff;1;1;2480;3508;130584;1343;1766;114;48;1343;1766;1457;1766;1457;1814;1343;1814;165,83;NNNSNN;undefined;OTHER;OTHER
invoice-1063.tiff;1;1;2480;3508;130585;1468;1766;20;48;1468;1766;1488;1766;1488;1814;1468;1814;$;S;undefined;OTHER;OTHER
invoice-1063.tiff;1;1;2480;3508;130586;1692;1766;114;48;1692;1766;1806;1766;1806;1814;1692;1814;20.0%;NNSNS;undefined;OTHER;OTHER
invoice-1063.tiff;1;1;2480;3508;130587;2010;1766;114;48;2010;1766;2124;1766;2124;1814;2010;1814;663,33;NNNSNN;undefined;OTHER;OTHER
invoice-1063.tiff;1;1;2480;3508;130588;2135;1766;20;48;2135;1766;2155;1766;2155;1814;2135;1814;$;S;undefined;OTHER;OTHER
invoice-1063.tiff;1;1;2480;3508;130589;239;1856;20;48;239;1856;259;1856;259;1904;239;1904;3;N;undefined;OTHER;OTHER
invoice-1063.tiff;1;1;2480;3508;130590;375;1856;229;48;375;1856;604;1856;604;1904;375;1904;Multicuiseur;AAAAAAAAAAAA;undefined;OTHER;OTHER
invoice-1063.tiff;1;1;2480;3508;130591;614;1856;122;48;614;1856;736;1856;736;1904;614;1904;Philips;AAAAAAA;undefined;OTHER;OTHER
invoice-1063.tiff;1;1;2480;3508;130592;747;1856;199;48;747;1856;946;1856;946;1904;747;1904;HD4731/77;AANNNNSNN;undefined;OTHER;OTHER
invoice-1063.tiff;1;1;2480;3508;130593;1343;1856;114;48;1343;1856;1457;1856;1457;1904;1343;1904;108,32;NNNSNN;undefined;OTHER;OTHER
invoice-1063.tiff;1;1;2480;3508;130594;1468;1856;20;48;1468;1856;1488;1856;1488;1904;1468;1904;$;S;undefined;OTHER;OTHER
invoice-1063.tiff;1;1;2480;3508;130595;1692;1856;114;48;1692;1856;1806;1856;1806;1904;1692;1904;20.0%;NNSNS;undefined;OTHER;OTHER
invoice-1063.tiff;1;1;2480;3508;130596;2010;1856;114;48;2010;1856;2124;1856;2124;1904;2010;1904;324,97;NNNSNN;undefined;OTHER;OTHER
invoice-1063.tiff;1;1;2480;3508;130597;2135;1856;20;48;2135;1856;2155;1856;2155;1904;2135;1904;$;S;undefined;OTHER;OTHER
invoice-1063.tiff;1;1;2480;3508;130598;239;1946;20;48;239;1946;259;1946;259;1994;239;1994;4;N;undefined;OTHER;OTHER
invoice-1063.tiff;1;1;2480;3508;130599;375;1946;87;48;375;1946;462;1946;462;1994;375;1994;Pack;AAAA;undefined;OTHER;OTHER
invoice-1063.tiff;1;1;2480;3508;130600;473;1946;145;48;473;1946;618;1946;618;1994;473;1994;enceinte;AAAAAAAA;undefined;OTHER;OTHER
invoice-1063.tiff;1;1;2480;3508;130601;629;1946;106;48;629;1946;735;1946;735;1994;629;1994;Home;AAAA;undefined;OTHER;OTHER
invoice-1063.tiff;1;1;2480;3508;130602;746;1946;138;48;746;1946;884;1946;884;1994;746;1994;CinÃ©ma;AAAAAA;undefined;OTHER;OTHER
invoice-1063.tiff;1;1;2480;3508;130603;895;1946;83;48;895;1946;978;1946;978;1994;895;1994;Bose;AAAA;undefined;OTHER;OTHER
invoice-1063.tiff;1;1;2480;3508;130609;1343;1946;114;48;1343;1946;1457;1946;1457;1994;1343;1994;905,96;NNNSNN;undefined;OTHER;OTHER
invoice-1063.tiff;1;1;2480;3508;130610;1468;1946;20;48;1468;1946;1488;1946;1488;1994;1468;1994;$;S;undefined;OTHER;OTHER
invoice-1063.tiff;1;1;2480;3508;130611;1692;1946;114;48;1692;1946;1806;1946;1806;1994;1692;1994;20.0%;NNSNS;undefined;OTHER;OTHER
invoice-1063.tiff;1;1;2480;3508;130612;1999;1946;135;48;1999;1946;2134;1946;2134;1994;1999;1994;3623,83;NNNNSNN;undefined;OTHER;OTHER
invoice-1063.tiff;1;1;2480;3508;130613;2145;1946;20;48;2145;1946;2165;1946;2165;1994;2145;1994;$;S;undefined;OTHER;OTHER
invoice-1063.tiff;1;1;2480;3508;130604;375;1994;336;48;375;1994;711;1994;711;2042;375;2042;ACOUSTIMASSÂ®;AAAAAAAAAAAS;undefined;OTHER;OTHER
invoice-1063.tiff;1;1;2480;3508;130605;722;1994;41;48;722;1994;763;1994;763;2042;722;2042;10;NN;undefined;OTHER;OTHER
invoice-1063.tiff;1;1;2480;3508;130606;774;1994;83;48;774;1994;857;1994;857;2042;774;2042;serie;AAAAA;undefined;OTHER;OTHER
invoice-1063.tiff;1;1;2480;3508;130607;867;1994;30;48;867;1994;897;1994;897;2042;867;2042;V;A;undefined;OTHER;OTHER
invoice-1063.tiff;1;1;2480;3508;130608;908;1994;101;48;908;1994;1009;1994;1009;2042;908;2042;Blanc;AAAAA;undefined;OTHER;OTHER
invoice-1063.tiff;1;1;2480;3508;130614;1895;2125;104;52;1895;2125;1999;2125;1999;2177;1895;2177;Total;AAAAA;undefined;OTHER;OTHER
invoice-1063.tiff;1;1;2480;3508;130615;2041;2125;135;48;2041;2125;2176;2125;2176;2173;2041;2173;4641,30;NNNNSNN;TWTX;TOTAL_WITHOUT_TAX;TWTXS
invoice-1063.tiff;1;1;2480;3508;130616;2187;2125;20;48;2187;2125;2207;2125;2207;2173;2187;2173;$;S;TWTX;TOTAL_WITHOUT_TAX;TWTXS
invoice-1063.tiff;1;1;2480;3508;130617;1852;2178;96;52;1852;2178;1948;2178;1948;2230;1852;2230;TVA;AAA;undefined;OTHER;OTHER
invoice-1063.tiff;1;1;2480;3508;130618;1960;2178;91;52;1960;2178;2051;2178;2051;2230;1960;2230;Rate;AAAA;undefined;OTHER;OTHER
invoice-1063.tiff;1;1;2480;3508;130619;2093;2178;114;48;2093;2178;2207;2178;2207;2226;2093;2226;20.0%;NNSNS;TXR;TAX_RATE;Tax Rate
invoice-1063.tiff;1;1;2480;3508;130620;1772;2231;76;52;1772;2231;1848;2231;1848;2283;1772;2283;Tax;AAA;undefined;OTHER;OTHER
invoice-1063.tiff;1;1;2480;3508;130621;1860;2231;160;52;1860;2231;2020;2231;2020;2283;1860;2283;Amount;AAAAAA;undefined;OTHER;OTHER
invoice-1063.tiff;1;1;2480;3508;130622;2062;2231;114;48;2062;2231;2176;2231;2176;2279;2062;2279;928,26;NNNSNN;TTX;TOTAL_TAX;Total Tax
invoice-1063.tiff;1;1;2480;3508;130623;2187;2231;20;48;2187;2231;2207;2231;2207;2279;2187;2279;$;S;TTX;TOTAL_TAX;Total Tax
invoice-1063.tiff;1;1;2480;3508;130624;1707;2284;160;52;1707;2284;1867;2284;1867;2336;1707;2336;Amount;AAAAAA;undefined;OTHER;OTHER
invoice-1063.tiff;1;1;2480;3508;130625;1879;2284;38;52;1879;2284;1917;2284;1917;2336;1879;2336;to;AA;undefined;OTHER;OTHER
invoice-1063.tiff;1;1;2480;3508;130626;1928;2284;71;52;1928;2284;1999;2284;1999;2336;1928;2336;pay;AAA;undefined;OTHER;OTHER
invoice-1063.tiff;1;1;2480;3508;130627;2041;2284;135;48;2041;2284;2176;2284;2176;2332;2041;2332;5569,56;NNNNSNN;TA;TOTAL_AMOUNT;Total with TAX
invoice-1063.tiff;1;1;2480;3508;130628;2187;2284;20;48;2187;2284;2207;2284;2207;2332;2187;2332;$;S;TA;TOTAL_AMOUNT;Total with TAX
invoice-1063.tiff;1;1;2480;3508;130629;1187;3154;578;48;1187;3154;1765;3154;1765;3202;1187;3202;GANTERIE-MAROQUINERIE;AAAAAAAASAAAAAAAAAAAA;SN;SUPPLIER_NAME;Seller/Company) name
invoice-1063.tiff;1;1;2480;3508;130630;1776;3154;57;48;1776;3154;1833;3154;1833;3202;1776;3202;DE;AA;SN;SUPPLIER_NAME;Seller/Company) name
invoice-1063.tiff;1;1;2480;3508;130631;1844;3154;127;48;1844;3154;1971;3154;1971;3202;1844;3202;SAINT;AAAAA;SN;SUPPLIER_NAME;Seller/Company) name
invoice-1063.tiff;1;1;2480;3508;130632;1982;3154;155;48;1982;3154;2137;3154;2137;3202;1982;3202;JUNIEN;AAAAAA;SN;SUPPLIER_NAME;Seller/Company) name
invoice-1063.tiff;1;1;2480;3508;130633;1187;3202;41;45;1187;3202;1228;3202;1228;3247;1187;3247;24;NN;SA;SUPPLIER_ADDRESS;Seller Address
invoice-1063.tiff;1;1;2480;3508;130634;1239;3202;159;45;1239;3202;1398;3202;1398;3247;1239;3247;CHEMIN;AAAAAA;SA;SUPPLIER_ADDRESS;Seller Address
invoice-1063.tiff;1;1;2480;3508;130635;1409;3202;131;45;1409;3202;1540;3202;1540;3247;1409;3247;NOTRE;AAAAA;SA;SUPPLIER_ADDRESS;Seller Address
invoice-1063.tiff;1;1;2480;3508;130636;1552;3202;115;45;1552;3202;1667;3202;1667;3247;1552;3247;DAME;AAAA;SA;SUPPLIER_ADDRESS;Seller Address
invoice-1063.tiff;1;1;2480;3508;130637;1678;3202;55;45;1678;3202;1733;3202;1733;3247;1678;3247;AU;AA;SA;SUPPLIER_ADDRESS;Seller Address
invoice-1063.tiff;1;1;2480;3508;130638;1744;3202;113;45;1744;3202;1857;3202;1857;3247;1744;3247;GOTH;AAAA;SA;SUPPLIER_ADDRESS;Seller Address
invoice-1063.tiff;1;1;2480;3508;130639;1187;3248;104;45;1187;3248;1291;3248;1291;3293;1187;3293;87200;NNNNN;SA;SUPPLIER_ADDRESS;Seller Address
invoice-1063.tiff;1;1;2480;3508;130640;1333;3248;111;45;1333;3248;1444;3248;1444;3293;1333;3293;SAINT;AAAAA;SA;SUPPLIER_ADDRESS;Seller Address
invoice-1063.tiff;1;1;2480;3508;130641;1454;3248;143;45;1454;3248;1597;3248;1597;3293;1454;3293;JUNIEN;AAAAAA;SA;SUPPLIER_ADDRESS;Seller Address
invoice-1063.tiff;1;1;2480;3508;130642;1187;3293;157;45;1187;3293;1344;3293;1344;3338;1187;3338;FRANCE;AAAAAA;SA;SUPPLIER_ADDRESS;Seller Address
