src;num_pages;page_id;page_width;page_height;id;col;row;width;height;x1;y1;x2;y2;x3;y3;x4;y4;contents;contents_masked;correctclass;tag;description
invoice-814.tiff;1;1;2480;3508;100398;1541;62;625;175;1541;62;2166;62;2166;237;1541;237;common/logo;AAAAAASAAAA;img;IMAGE;Image
invoice-814.tiff;1;1;2480;3508;100370;124;237;106;45;124;237;230;237;230;282;124;282;Phone;AAAAA;undefined;OTHER;OTHER
invoice-814.tiff;1;1;2480;3508;100371;293;237;69;45;293;237;362;237;362;282;293;282;+33;SNN;SCN;SUPPLIER_CONTACT_NUMBER;Seller Contact Number
invoice-814.tiff;1;1;2480;3508;100372;374;237;48;45;374;237;422;237;422;282;374;282;(0);SNS;SCN;SUPPLIER_CONTACT_NUMBER;Seller Contact Number
invoice-814.tiff;1;1;2480;3508;100373;433;237;20;45;433;237;453;237;453;282;433;282;1;N;SCN;SUPPLIER_CONTACT_NUMBER;Seller Contact Number
invoice-814.tiff;1;1;2480;3508;100374;464;237;41;45;464;237;505;237;505;282;464;282;51;NN;SCN;SUPPLIER_CONTACT_NUMBER;Seller Contact Number
invoice-814.tiff;1;1;2480;3508;100375;516;237;41;45;516;237;557;237;557;282;516;282;27;NN;SCN;SUPPLIER_CONTACT_NUMBER;Seller Contact Number
invoice-814.tiff;1;1;2480;3508;100376;568;237;41;45;568;237;609;237;609;282;568;282;68;NN;SCN;SUPPLIER_CONTACT_NUMBER;Seller Contact Number
invoice-814.tiff;1;1;2480;3508;100377;620;237;41;45;620;237;661;237;661;282;620;282;34;NN;SCN;SUPPLIER_CONTACT_NUMBER;Seller Contact Number
invoice-814.tiff;1;1;2480;3508;100386;833;237;60;48;833;237;893;237;893;285;833;285;UN;AA;SN;SUPPLIER_NAME;Seller/Company) name
invoice-814.tiff;1;1;2480;3508;100387;903;237;113;48;903;237;1016;237;1016;285;903;285;JOUR;AAAA;SN;SUPPLIER_NAME;Seller/Company) name
invoice-814.tiff;1;1;2480;3508;100388;1027;237;212;48;1027;237;1239;237;1239;285;1027;285;AILLEURS;AAAAAAAA;SN;SUPPLIER_NAME;Seller/Company) name
invoice-814.tiff;1;1;2480;3508;100378;124;283;64;45;124;283;188;283;188;328;124;328;Fax;AAA;undefined;OTHER;OTHER
invoice-814.tiff;1;1;2480;3508;100379;252;283;69;45;252;283;321;283;321;328;252;328;+33;SNN;SFAX;SUPPLIER_FAX_NUMBER;Seller Fax Number
invoice-814.tiff;1;1;2480;3508;100380;332;283;48;45;332;283;380;283;380;328;332;328;(0);SNS;SFAX;SUPPLIER_FAX_NUMBER;Seller Fax Number
invoice-814.tiff;1;1;2480;3508;100381;391;283;20;45;391;283;411;283;411;328;391;328;1;N;SFAX;SUPPLIER_FAX_NUMBER;Seller Fax Number
invoice-814.tiff;1;1;2480;3508;100382;422;283;41;45;422;283;463;283;463;328;422;328;51;NN;SFAX;SUPPLIER_FAX_NUMBER;Seller Fax Number
invoice-814.tiff;1;1;2480;3508;100383;474;283;41;45;474;283;515;283;515;328;474;328;27;NN;SFAX;SUPPLIER_FAX_NUMBER;Seller Fax Number
invoice-814.tiff;1;1;2480;3508;100384;526;283;41;45;526;283;567;283;567;328;526;328;20;NN;SFAX;SUPPLIER_FAX_NUMBER;Seller Fax Number
invoice-814.tiff;1;1;2480;3508;100385;579;283;41;45;579;283;620;283;620;328;579;328;57;NN;SFAX;SUPPLIER_FAX_NUMBER;Seller Fax Number
invoice-814.tiff;1;1;2480;3508;100389;833;285;20;45;833;285;853;285;853;330;833;330;2;N;SA;SUPPLIER_ADDRESS;Seller Address
invoice-814.tiff;1;1;2480;3508;100390;864;285;159;45;864;285;1023;285;1023;330;864;330;AVENUE;AAAAAA;SA;SUPPLIER_ADDRESS;Seller Address
invoice-814.tiff;1;1;2480;3508;100391;1034;285;55;45;1034;285;1089;285;1089;330;1034;330;DE;AA;SA;SUPPLIER_ADDRESS;Seller Address
invoice-814.tiff;1;1;2480;3508;100392;1100;285;23;45;1100;285;1123;285;1123;330;1100;330;L;A;SA;SUPPLIER_ADDRESS;Seller Address
invoice-814.tiff;1;1;2480;3508;100393;1134;285;162;45;1134;285;1296;285;1296;330;1134;330;EUROPE;AAAAAA;SA;SUPPLIER_ADDRESS;Seller Address
invoice-814.tiff;1;1;2480;3508;100394;833;331;104;45;833;331;937;331;937;376;833;376;78140;NNNNN;SA;SUPPLIER_ADDRESS;Seller Address
invoice-814.tiff;1;1;2480;3508;100395;979;331;134;45;979;331;1113;331;1113;376;979;376;VELIZY;AAAAAA;SA;SUPPLIER_ADDRESS;Seller Address
invoice-814.tiff;1;1;2480;3508;100396;1123;331;296;45;1123;331;1419;331;1419;376;1123;376;VILLACOUBLAY;AAAAAAAAAAAA;SA;SUPPLIER_ADDRESS;Seller Address
invoice-814.tiff;1;1;2480;3508;100397;833;377;157;45;833;377;990;377;990;422;833;422;FRANCE;AAAAAA;SA;SUPPLIER_ADDRESS;Seller Address
invoice-814.tiff;1;1;2480;3508;100399;124;749;75;57;124;749;199;749;199;806;124;806;Bill;AAAA;undefined;OTHER;OTHER
invoice-814.tiff;1;1;2480;3508;100400;212;749;58;57;212;749;270;749;270;806;212;806;To;AA;undefined;OTHER;OTHER
invoice-814.tiff;1;1;2480;3508;100401;124;807;67;48;124;807;191;807;191;855;124;855;Jett;AAAA;BN;BILLING_NAME;Billing Name
invoice-814.tiff;1;1;2480;3508;100402;202;807;129;48;202;807;331;807;331;855;202;855;Nicolas;AAAAAAA;BN;BILLING_NAME;Billing Name
invoice-814.tiff;1;1;2480;3508;100403;124;855;93;45;124;855;217;855;217;900;124;900;1150,;NNNNS;BA;BILLING_ADDRESS;Billing Address
invoice-814.tiff;1;1;2480;3508;100404;229;855;55;45;229;855;284;855;284;900;229;900;rue;AAA;BA;BILLING_ADDRESS;Billing Address
invoice-814.tiff;1;1;2480;3508;100405;295;855;39;45;295;855;334;855;334;900;295;900;de;AA;BA;BILLING_ADDRESS;Billing Address
invoice-814.tiff;1;1;2480;3508;100406;344;855;134;45;344;855;478;855;478;900;344;900;bouteau;AAAAAAA;BA;BILLING_ADDRESS;Billing Address
invoice-814.tiff;1;1;2480;3508;100421;1541;866;142;52;1541;866;1683;866;1683;918;1541;918;Invoice;AAAAAAA;undefined;OTHER;OTHER
invoice-814.tiff;1;1;2480;3508;100422;1695;866;50;52;1695;866;1745;866;1745;918;1695;918;ID;AA;undefined;OTHER;OTHER
invoice-814.tiff;1;1;2480;3508;100423;2166;866;145;46;2166;866;2311;866;2311;912;2166;912;0001831;NNNNNNN;IN;INVOICE_NUMBER;Invoice Number
invoice-814.tiff;1;1;2480;3508;100407;124;901;104;45;124;901;228;901;228;946;124;946;59310;NNNNN;BA;BILLING_ADDRESS;Billing Address
invoice-814.tiff;1;1;2480;3508;100408;270;901;270;45;270;901;540;901;540;946;270;946;Beuvry-la-Forêt;AAAAAASAASAAAAA;BA;BILLING_ADDRESS;Billing Address
invoice-814.tiff;1;1;2480;3508;100424;1541;939;142;52;1541;939;1683;939;1683;991;1541;991;Invoice;AAAAAAA;undefined;OTHER;OTHER
invoice-814.tiff;1;1;2480;3508;100425;1695;939;91;52;1695;939;1786;939;1786;991;1695;991;Date;AAAA;undefined;OTHER;OTHER
invoice-814.tiff;1;1;2480;3508;100426;2166;939;41;46;2166;939;2207;939;2207;985;2166;985;19;NN;IDATE;INVOICE_DATE;Invoice Date
invoice-814.tiff;1;1;2480;3508;100427;2218;939;63;46;2218;939;2281;939;2281;985;2218;985;jun,;AAAS;IDATE;INVOICE_DATE;Invoice Date
invoice-814.tiff;1;1;2480;3508;100428;2292;939;83;46;2292;939;2375;939;2375;985;2292;985;2013;NNNN;IDATE;INVOICE_DATE;Invoice Date
invoice-814.tiff;1;1;2480;3508;100409;124;946;120;45;124;946;244;946;244;991;124;991;France;AAAAAA;BA;BILLING_ADDRESS;Billing Address
invoice-814.tiff;1;1;2480;3508;100429;1541;1013;119;52;1541;1013;1660;1013;1660;1065;1541;1065;Client;AAAAAA;undefined;OTHER;OTHER
invoice-814.tiff;1;1;2480;3508;100430;1672;1013;50;52;1672;1013;1722;1013;1722;1065;1672;1065;ID;AA;undefined;OTHER;OTHER
invoice-814.tiff;1;1;2480;3508;100431;2166;1013;124;46;2166;1013;2290;1013;2290;1059;2166;1059;001080;NNNNNN;CNUM;CLIENT_NUMBER;Client Number
invoice-814.tiff;1;1;2480;3508;100410;124;1034;97;57;124;1034;221;1034;221;1091;124;1091;Ship;AAAA;undefined;OTHER;OTHER
invoice-814.tiff;1;1;2480;3508;100411;234;1034;58;57;234;1034;292;1034;292;1091;234;1091;To;AA;undefined;OTHER;OTHER
invoice-814.tiff;1;1;2480;3508;100432;1541;1087;173;52;1541;1087;1714;1087;1714;1139;1541;1139;Payment;AAAAAAA;undefined;OTHER;OTHER
invoice-814.tiff;1;1;2480;3508;100433;1726;1087;84;52;1726;1087;1810;1087;1810;1139;1726;1139;type;AAAA;undefined;OTHER;OTHER
invoice-814.tiff;1;1;2480;3508;100434;2166;1087;87;46;2166;1087;2253;1087;2253;1133;2166;1133;Bank;AAAA;PMODE;PAYMENT_MODE;Payment Mode
invoice-814.tiff;1;1;2480;3508;100435;2265;1087;141;46;2265;1087;2406;1087;2406;1133;2265;1133;Transfer;AAAAAAAA;PMODE;PAYMENT_MODE;Payment Mode
invoice-814.tiff;1;1;2480;3508;100412;124;1092;67;48;124;1092;191;1092;191;1140;124;1140;Jett;AAAA;SHN;SHIPPING_NAME;Shipping Name
invoice-814.tiff;1;1;2480;3508;100413;202;1092;129;48;202;1092;331;1092;331;1140;202;1140;Nicolas;AAAAAAA;SHN;SHIPPING_NAME;Shipping Name
invoice-814.tiff;1;1;2480;3508;100414;124;1140;93;45;124;1140;217;1140;217;1185;124;1185;1150,;NNNNS;SHA;SHIPPING_ADDRESS;Shipping Address
invoice-814.tiff;1;1;2480;3508;100415;229;1140;55;45;229;1140;284;1140;284;1185;229;1185;rue;AAA;SHA;SHIPPING_ADDRESS;Shipping Address
invoice-814.tiff;1;1;2480;3508;100416;295;1140;39;45;295;1140;334;1140;334;1185;295;1185;de;AA;SHA;SHIPPING_ADDRESS;Shipping Address
invoice-814.tiff;1;1;2480;3508;100417;344;1140;134;45;344;1140;478;1140;478;1185;344;1185;bouteau;AAAAAAA;SHA;SHIPPING_ADDRESS;Shipping Address
invoice-814.tiff;1;1;2480;3508;100418;124;1185;104;45;124;1185;228;1185;228;1230;124;1230;59310;NNNNN;SHA;SHIPPING_ADDRESS;Shipping Address
invoice-814.tiff;1;1;2480;3508;100419;270;1185;270;45;270;1185;540;1185;540;1230;270;1230;Beuvry-la-Forêt;AAAAAASAASAAAAA;SHA;SHIPPING_ADDRESS;Shipping Address
invoice-814.tiff;1;1;2480;3508;100420;124;1231;120;45;124;1231;244;1231;244;1276;124;1276;France;AAAAAA;SHA;SHIPPING_ADDRESS;Shipping Address
invoice-814.tiff;1;1;2480;3508;100436;174;1555;67;52;174;1555;241;1555;241;1607;174;1607;No.;AAS;undefined;OTHER;OTHER
invoice-814.tiff;1;1;2480;3508;100437;565;1555;244;52;565;1555;809;1555;809;1607;565;1607;Descriptions;AAAAAAAAAAAA;undefined;OTHER;OTHER
invoice-814.tiff;1;1;2480;3508;100438;1192;1555;73;52;1192;1555;1265;1555;1265;1607;1192;1607;Qty;AAA;undefined;OTHER;OTHER
invoice-814.tiff;1;1;2480;3508;100439;1478;1555;84;52;1478;1555;1562;1555;1562;1607;1478;1607;U.P.;ASAS;undefined;OTHER;OTHER
invoice-814.tiff;1;1;2480;3508;100440;1709;1555;206;52;1709;1555;1915;1555;1915;1607;1709;1607;VAT/TVA;AAASAAA;undefined;OTHER;OTHER
invoice-814.tiff;1;1;2480;3508;100441;2023;1555;160;52;2023;1555;2183;1555;2183;1607;2023;1607;Amount;AAAAAA;undefined;OTHER;OTHER
invoice-814.tiff;1;1;2480;3508;100442;197;1628;20;48;197;1628;217;1628;217;1676;197;1676;1;N;undefined;OTHER;OTHER
invoice-814.tiff;1;1;2480;3508;100443;291;1628;331;48;291;1628;622;1628;622;1676;291;1676;Electrostimulation;AAAAAAAAAAAAAAAAAA;undefined;OTHER;OTHER
invoice-814.tiff;1;1;2480;3508;100444;633;1628;212;48;633;1628;845;1628;845;1676;633;1676;Slendertone;AAAAAAAAAAA;undefined;OTHER;OTHER
invoice-814.tiff;1;1;2480;3508;100445;856;1628;157;48;856;1628;1013;1628;1013;1676;856;1676;Ceinture;AAAAAAAA;undefined;OTHER;OTHER
invoice-814.tiff;1;1;2480;3508;100448;1218;1628;20;48;1218;1628;1238;1628;1238;1676;1218;1676;3;N;undefined;OTHER;OTHER
invoice-814.tiff;1;1;2480;3508;100449;1458;1628;93;48;1458;1628;1551;1628;1551;1676;1458;1676;83,32;NNSNN;undefined;OTHER;OTHER
invoice-814.tiff;1;1;2480;3508;100450;1562;1628;20;48;1562;1628;1582;1628;1582;1676;1562;1676;$;S;undefined;OTHER;OTHER
invoice-814.tiff;1;1;2480;3508;100451;1755;1628;114;48;1755;1628;1869;1628;1869;1676;1755;1676;20.0%;NNSNS;undefined;OTHER;OTHER
invoice-814.tiff;1;1;2480;3508;100452;2031;1628;114;48;2031;1628;2145;1628;2145;1676;2031;1676;249,97;NNNSNN;undefined;OTHER;OTHER
invoice-814.tiff;1;1;2480;3508;100453;2156;1628;20;48;2156;1628;2176;1628;2176;1676;2156;1676;$;S;undefined;OTHER;OTHER
invoice-814.tiff;1;1;2480;3508;100446;291;1676;212;48;291;1676;503;1676;503;1724;291;1724;Slendertone;AAAAAAAAAAA;undefined;OTHER;OTHER
invoice-814.tiff;1;1;2480;3508;100447;515;1676;90;48;515;1676;605;1676;605;1724;515;1724;Abs3;AAAN;undefined;OTHER;OTHER
invoice-814.tiff;1;1;2480;3508;100454;197;1766;20;48;197;1766;217;1766;217;1814;197;1814;2;N;undefined;OTHER;OTHER
invoice-814.tiff;1;1;2480;3508;100455;291;1766;155;48;291;1766;446;1766;446;1814;291;1814;Machine;AAAAAAA;undefined;OTHER;OTHER
invoice-814.tiff;1;1;2480;3508;100456;457;1766;20;48;457;1766;477;1766;477;1814;457;1814;à;A;undefined;OTHER;OTHER
invoice-814.tiff;1;1;2480;3508;100457;488;1766;122;48;488;1766;610;1766;610;1814;488;1814;coudre;AAAAAA;undefined;OTHER;OTHER
invoice-814.tiff;1;1;2480;3508;100458;621;1766;141;48;621;1766;762;1766;762;1814;621;1814;Brother;AAAAAAA;undefined;OTHER;OTHER
invoice-814.tiff;1;1;2480;3508;100459;773;1766;132;48;773;1766;905;1766;905;1814;773;1814;Innovis;AAAAAAA;undefined;OTHER;OTHER
invoice-814.tiff;1;1;2480;3508;100460;915;1766;122;48;915;1766;1037;1766;1037;1814;915;1814;NV100;AANNN;undefined;OTHER;OTHER
invoice-814.tiff;1;1;2480;3508;100461;1218;1766;20;48;1218;1766;1238;1766;1238;1814;1218;1814;1;N;undefined;OTHER;OTHER
invoice-814.tiff;1;1;2480;3508;100462;1447;1766;114;48;1447;1766;1561;1766;1561;1814;1447;1814;524,17;NNNSNN;undefined;OTHER;OTHER
invoice-814.tiff;1;1;2480;3508;100463;1572;1766;20;48;1572;1766;1592;1766;1592;1814;1572;1814;$;S;undefined;OTHER;OTHER
invoice-814.tiff;1;1;2480;3508;100464;1755;1766;114;48;1755;1766;1869;1766;1869;1814;1755;1814;20.0%;NNSNS;undefined;OTHER;OTHER
invoice-814.tiff;1;1;2480;3508;100465;2031;1766;114;48;2031;1766;2145;1766;2145;1814;2031;1814;524,17;NNNSNN;undefined;OTHER;OTHER
invoice-814.tiff;1;1;2480;3508;100466;2156;1766;20;48;2156;1766;2176;1766;2176;1814;2156;1814;$;S;undefined;OTHER;OTHER
invoice-814.tiff;1;1;2480;3508;100467;197;1856;20;48;197;1856;217;1856;217;1904;197;1904;3;N;undefined;OTHER;OTHER
invoice-814.tiff;1;1;2480;3508;100468;291;1856;87;48;291;1856;378;1856;378;1904;291;1904;Pack;AAAA;undefined;OTHER;OTHER
invoice-814.tiff;1;1;2480;3508;100469;390;1856;145;48;390;1856;535;1856;535;1904;390;1904;enceinte;AAAAAAAA;undefined;OTHER;OTHER
invoice-814.tiff;1;1;2480;3508;100470;546;1856;106;48;546;1856;652;1856;652;1904;546;1904;Home;AAAA;undefined;OTHER;OTHER
invoice-814.tiff;1;1;2480;3508;100471;663;1856;138;48;663;1856;801;1856;801;1904;663;1904;Cinéma;AAAAAA;undefined;OTHER;OTHER
invoice-814.tiff;1;1;2480;3508;100472;812;1856;155;48;812;1856;967;1856;967;1904;812;1904;Advance;AAAAAAA;undefined;OTHER;OTHER
invoice-814.tiff;1;1;2480;3508;100477;1218;1856;20;48;1218;1856;1238;1856;1238;1904;1218;1904;4;N;undefined;OTHER;OTHER
invoice-814.tiff;1;1;2480;3508;100478;1447;1856;114;48;1447;1856;1561;1856;1561;1904;1447;1904;582,50;NNNSNN;undefined;OTHER;OTHER
invoice-814.tiff;1;1;2480;3508;100479;1572;1856;20;48;1572;1856;1592;1856;1592;1904;1572;1904;$;S;undefined;OTHER;OTHER
invoice-814.tiff;1;1;2480;3508;100480;1755;1856;114;48;1755;1856;1869;1856;1869;1904;1755;1904;20.0%;NNSNS;undefined;OTHER;OTHER
invoice-814.tiff;1;1;2480;3508;100481;2020;1856;135;48;2020;1856;2155;1856;2155;1904;2020;1904;2330,00;NNNNSNN;undefined;OTHER;OTHER
invoice-814.tiff;1;1;2480;3508;100482;2166;1856;20;48;2166;1856;2186;1856;2186;1904;2166;1904;$;S;undefined;OTHER;OTHER
invoice-814.tiff;1;1;2480;3508;100473;291;1904;152;48;291;1904;443;1904;443;1952;291;1952;Acoustic;AAAAAAAA;undefined;OTHER;OTHER
invoice-814.tiff;1;1;2480;3508;100474;454;1904;99;48;454;1904;553;1904;553;1952;454;1952;MAV;AAA;undefined;OTHER;OTHER
invoice-814.tiff;1;1;2480;3508;100475;564;1904;62;48;564;1904;626;1904;626;1952;564;1952;502;NNN;undefined;OTHER;OTHER
invoice-814.tiff;1;1;2480;3508;100476;637;1904;108;48;637;1904;745;1904;745;1952;637;1952;NOIR;AAAA;undefined;OTHER;OTHER
invoice-814.tiff;1;1;2480;3508;100483;1849;2035;150;51;1849;2035;1999;2035;1999;2086;1849;2086;Amount;AAAAAA;undefined;OTHER;OTHER
invoice-814.tiff;1;1;2480;3508;100484;2041;2035;135;46;2041;2035;2176;2035;2176;2081;2041;2081;3104,14;NNNNSNN;TWTX;TOTAL_WITHOUT_TAX;TWTXS
invoice-814.tiff;1;1;2480;3508;100485;2187;2035;20;46;2187;2035;2207;2035;2207;2081;2187;2081;$;S;TWTX;TOTAL_WITHOUT_TAX;TWTXS
invoice-814.tiff;1;1;2480;3508;100486;1764;2086;94;51;1764;2086;1858;2086;1858;2137;1764;2137;TVA;AAA;undefined;OTHER;OTHER
invoice-814.tiff;1;1;2480;3508;100487;1870;2086;150;51;1870;2086;2020;2086;2020;2137;1870;2137;Amount;AAAAAA;undefined;OTHER;OTHER
invoice-814.tiff;1;1;2480;3508;100488;2062;2086;114;46;2062;2086;2176;2086;2176;2132;2062;2132;620,83;NNNSNN;TTX;TOTAL_TAX;Total Tax
invoice-814.tiff;1;1;2480;3508;100489;2187;2086;20;46;2187;2086;2207;2086;2207;2132;2187;2132;$;S;TTX;TOTAL_TAX;Total Tax
invoice-814.tiff;1;1;2480;3508;100490;1741;2138;96;51;1741;2138;1837;2138;1837;2189;1741;2189;Total;AAAAA;undefined;OTHER;OTHER
invoice-814.tiff;1;1;2480;3508;100491;1849;2138;150;51;1849;2138;1999;2138;1999;2189;1849;2189;Amount;AAAAAA;undefined;OTHER;OTHER
invoice-814.tiff;1;1;2480;3508;100492;2041;2138;135;46;2041;2138;2176;2138;2176;2184;2041;2184;3724,97;NNNNSNN;TA;TOTAL_AMOUNT;Total with TAX
invoice-814.tiff;1;1;2480;3508;100493;2187;2138;20;46;2187;2138;2207;2138;2207;2184;2187;2184;$;S;TA;TOTAL_AMOUNT;Total with TAX
invoice-814.tiff;1;1;2480;3508;100494;1187;3175;60;48;1187;3175;1247;3175;1247;3223;1187;3223;UN;AA;SN;SUPPLIER_NAME;Seller/Company) name
invoice-814.tiff;1;1;2480;3508;100495;1258;3175;113;48;1258;3175;1371;3175;1371;3223;1258;3223;JOUR;AAAA;SN;SUPPLIER_NAME;Seller/Company) name
invoice-814.tiff;1;1;2480;3508;100496;1381;3175;212;48;1381;3175;1593;3175;1593;3223;1381;3223;AILLEURS;AAAAAAAA;SN;SUPPLIER_NAME;Seller/Company) name
invoice-814.tiff;1;1;2480;3508;100497;1187;3223;20;45;1187;3223;1207;3223;1207;3268;1187;3268;2;N;SA;SUPPLIER_ADDRESS;Seller Address
invoice-814.tiff;1;1;2480;3508;100498;1218;3223;159;45;1218;3223;1377;3223;1377;3268;1218;3268;AVENUE;AAAAAA;SA;SUPPLIER_ADDRESS;Seller Address
invoice-814.tiff;1;1;2480;3508;100499;1388;3223;55;45;1388;3223;1443;3223;1443;3268;1388;3268;DE;AA;SA;SUPPLIER_ADDRESS;Seller Address
invoice-814.tiff;1;1;2480;3508;100500;1454;3223;23;45;1454;3223;1477;3223;1477;3268;1454;3268;L;A;SA;SUPPLIER_ADDRESS;Seller Address
invoice-814.tiff;1;1;2480;3508;100501;1488;3223;162;45;1488;3223;1650;3223;1650;3268;1488;3268;EUROPE;AAAAAA;SA;SUPPLIER_ADDRESS;Seller Address
invoice-814.tiff;1;1;2480;3508;100502;1187;3268;104;45;1187;3268;1291;3268;1291;3313;1187;3313;78140;NNNNN;SA;SUPPLIER_ADDRESS;Seller Address
invoice-814.tiff;1;1;2480;3508;100503;1333;3268;134;45;1333;3268;1467;3268;1467;3313;1333;3313;VELIZY;AAAAAA;SA;SUPPLIER_ADDRESS;Seller Address
invoice-814.tiff;1;1;2480;3508;100504;1478;3268;296;45;1478;3268;1774;3268;1774;3313;1478;3313;VILLACOUBLAY;AAAAAAAAAAAA;SA;SUPPLIER_ADDRESS;Seller Address
invoice-814.tiff;1;1;2480;3508;100505;1187;3314;157;45;1187;3314;1344;3314;1344;3359;1187;3359;FRANCE;AAAAAA;SA;SUPPLIER_ADDRESS;Seller Address
