src;num_pages;page_id;page_width;page_height;id;col;row;width;height;x1;y1;x2;y2;x3;y3;x4;y4;contents;contents_masked;correctclass;tag;description
invoice-2491.tiff;1;1;2480;3508;306588;833;62;133;175;833;62;966;62;966;237;833;237;common/logo;AAAAAASAAAA;img;IMAGE;Image
invoice-2491.tiff;1;1;2480;3508;306578;124;237;136;48;124;237;260;237;260;285;124;285;SUPER;AAAAA;SN;SUPPLIER_NAME;Seller/Company) name
invoice-2491.tiff;1;1;2480;3508;306579;271;237;30;48;271;237;301;237;301;285;271;285;U;A;SN;SUPPLIER_NAME;Seller/Company) name
invoice-2491.tiff;1;1;2480;3508;306589;1541;237;106;45;1541;237;1647;237;1647;282;1541;282;Phone;AAAAA;undefined;OTHER;OTHER
invoice-2491.tiff;1;1;2480;3508;306590;1710;237;69;45;1710;237;1779;237;1779;282;1710;282;+33;SNN;SCN;SUPPLIER_CONTACT_NUMBER;Seller Contact Number
invoice-2491.tiff;1;1;2480;3508;306591;1790;237;20;45;1790;237;1810;237;1810;282;1790;282;0;N;SCN;SUPPLIER_CONTACT_NUMBER;Seller Contact Number
invoice-2491.tiff;1;1;2480;3508;306592;1822;237;62;45;1822;237;1884;237;1884;282;1822;282;374;NNN;SCN;SUPPLIER_CONTACT_NUMBER;Seller Contact Number
invoice-2491.tiff;1;1;2480;3508;306593;1894;237;62;45;1894;237;1956;237;1956;282;1894;282;062;NNN;SCN;SUPPLIER_CONTACT_NUMBER;Seller Contact Number
invoice-2491.tiff;1;1;2480;3508;306594;1967;237;62;45;1967;237;2029;237;2029;282;1967;282;990;NNN;SCN;SUPPLIER_CONTACT_NUMBER;Seller Contact Number
invoice-2491.tiff;1;1;2480;3508;306595;1541;283;64;45;1541;283;1605;283;1605;328;1541;328;Fax;AAA;undefined;OTHER;OTHER
invoice-2491.tiff;1;1;2480;3508;306596;1668;283;69;45;1668;283;1737;283;1737;328;1668;328;+33;SNN;SFAX;SUPPLIER_FAX_NUMBER;Seller Fax Number
invoice-2491.tiff;1;1;2480;3508;306597;1749;283;20;45;1749;283;1769;283;1769;328;1749;328;0;N;SFAX;SUPPLIER_FAX_NUMBER;Seller Fax Number
invoice-2491.tiff;1;1;2480;3508;306598;1780;283;62;45;1780;283;1842;283;1842;328;1780;328;374;NNN;SFAX;SUPPLIER_FAX_NUMBER;Seller Fax Number
invoice-2491.tiff;1;1;2480;3508;306599;1853;283;62;45;1853;283;1915;283;1915;328;1853;328;062;NNN;SFAX;SUPPLIER_FAX_NUMBER;Seller Fax Number
invoice-2491.tiff;1;1;2480;3508;306600;1926;283;62;45;1926;283;1988;283;1988;328;1926;328;450;NNN;SFAX;SUPPLIER_FAX_NUMBER;Seller Fax Number
invoice-2491.tiff;1;1;2480;3508;306580;124;285;41;45;124;285;165;285;165;330;124;330;39;NN;SA;SUPPLIER_ADDRESS;Seller Address
invoice-2491.tiff;1;1;2480;3508;306581;177;285;134;45;177;285;311;285;311;330;177;330;ROUTE;AAAAA;SA;SUPPLIER_ADDRESS;Seller Address
invoice-2491.tiff;1;1;2480;3508;306582;321;285;55;45;321;285;376;285;376;330;321;330;DE;AA;SA;SUPPLIER_ADDRESS;Seller Address
invoice-2491.tiff;1;1;2480;3508;306583;387;285;208;45;387;285;595;285;595;330;387;330;VALOGNES;AAAAAAAA;SA;SUPPLIER_ADDRESS;Seller Address
invoice-2491.tiff;1;1;2480;3508;306584;124;331;256;45;124;331;380;331;380;376;124;376;BRICQUEBEC;AAAAAAAAAA;SA;SUPPLIER_ADDRESS;Seller Address
invoice-2491.tiff;1;1;2480;3508;306585;124;377;104;45;124;377;228;377;228;422;124;422;50260;NNNNN;SA;SUPPLIER_ADDRESS;Seller Address
invoice-2491.tiff;1;1;2480;3508;306586;270;377;537;45;270;377;807;377;807;422;270;422;BRICQUEBEC-EN-COTENTIN;AAAAAAAAAASAASAAAAAAAA;SA;SUPPLIER_ADDRESS;Seller Address
invoice-2491.tiff;1;1;2480;3508;306587;124;423;157;45;124;423;281;423;281;468;124;468;FRANCE;AAAAAA;SA;SUPPLIER_ADDRESS;Seller Address
invoice-2491.tiff;1;1;2480;3508;306609;1541;795;125;57;1541;795;1666;795;1666;852;1541;852;Billed;AAAAAA;undefined;OTHER;OTHER
invoice-2491.tiff;1;1;2480;3508;306610;1679;795;58;57;1679;795;1737;795;1737;852;1679;852;To;AA;undefined;OTHER;OTHER
invoice-2491.tiff;1;1;2480;3508;306611;1541;853;97;48;1541;853;1638;853;1638;901;1541;901;Odell;AAAAA;BN;BILLING_NAME;Billing Name
invoice-2491.tiff;1;1;2480;3508;306612;1649;853;101;48;1649;853;1750;853;1750;901;1649;901;Doyle;AAAAA;BN;BILLING_NAME;Billing Name
invoice-2491.tiff;1;1;2480;3508;306613;1541;901;31;45;1541;901;1572;901;1572;946;1541;946;3,;NS;BA;BILLING_ADDRESS;Billing Address
invoice-2491.tiff;1;1;2480;3508;306614;1583;901;55;45;1583;901;1638;901;1638;946;1583;946;rue;AAA;BA;BILLING_ADDRESS;Billing Address
invoice-2491.tiff;1;1;2480;3508;306615;1649;901;141;45;1649;901;1790;901;1790;946;1649;946;michelet;AAAAAAAA;BA;BILLING_ADDRESS;Billing Address
invoice-2491.tiff;1;1;2480;3508;306616;1541;946;104;45;1541;946;1645;946;1645;991;1541;991;59115;NNNNN;BA;BILLING_ADDRESS;Billing Address
invoice-2491.tiff;1;1;2480;3508;306617;1687;946;92;45;1687;946;1779;946;1779;991;1687;991;Leers;AAAAA;BA;BILLING_ADDRESS;Billing Address
invoice-2491.tiff;1;1;2480;3508;306601;124;985;142;52;124;985;266;985;266;1037;124;1037;Invoice;AAAAAAA;undefined;OTHER;OTHER
invoice-2491.tiff;1;1;2480;3508;306602;279;985;50;52;279;985;329;985;329;1037;279;1037;ID;AA;undefined;OTHER;OTHER
invoice-2491.tiff;1;1;2480;3508;306603;750;985;261;46;750;985;1011;985;1011;1031;750;1031;FV2013009603;AANNNNNNNNNN;IN;INVOICE_NUMBER;Invoice Number
invoice-2491.tiff;1;1;2480;3508;306618;1541;992;120;45;1541;992;1661;992;1661;1037;1541;1037;France;AAAAAA;BA;BILLING_ADDRESS;Billing Address
invoice-2491.tiff;1;1;2480;3508;306604;124;1059;142;52;124;1059;266;1059;266;1111;124;1111;Invoice;AAAAAAA;undefined;OTHER;OTHER
invoice-2491.tiff;1;1;2480;3508;306605;279;1059;91;52;279;1059;370;1059;370;1111;279;1111;Date;AAAA;undefined;OTHER;OTHER
invoice-2491.tiff;1;1;2480;3508;306606;750;1059;41;46;750;1059;791;1059;791;1105;750;1105;24;NN;IDATE;INVOICE_DATE;Invoice Date
invoice-2491.tiff;1;1;2480;3508;306607;802;1059;75;46;802;1059;877;1059;877;1105;802;1105;mar,;AAAS;IDATE;INVOICE_DATE;Invoice Date
invoice-2491.tiff;1;1;2480;3508;306608;887;1059;83;46;887;1059;970;1059;970;1105;887;1105;2020;NNNN;IDATE;INVOICE_DATE;Invoice Date
invoice-2491.tiff;1;1;2480;3508;306619;1541;1080;175;57;1541;1080;1716;1080;1716;1137;1541;1137;Shipped;AAAAAAA;undefined;OTHER;OTHER
invoice-2491.tiff;1;1;2480;3508;306620;1729;1080;58;57;1729;1080;1787;1080;1787;1137;1729;1137;To;AA;undefined;OTHER;OTHER
invoice-2491.tiff;1;1;2480;3508;306621;1541;1137;97;48;1541;1137;1638;1137;1638;1185;1541;1185;Odell;AAAAA;SHN;SHIPPING_NAME;Shipping Name
invoice-2491.tiff;1;1;2480;3508;306622;1649;1137;101;48;1649;1137;1750;1137;1750;1185;1649;1185;Doyle;AAAAA;SHN;SHIPPING_NAME;Shipping Name
invoice-2491.tiff;1;1;2480;3508;306623;1541;1185;31;45;1541;1185;1572;1185;1572;1230;1541;1230;3,;NS;SHA;SHIPPING_ADDRESS;Shipping Address
invoice-2491.tiff;1;1;2480;3508;306624;1583;1185;55;45;1583;1185;1638;1185;1638;1230;1583;1230;rue;AAA;SHA;SHIPPING_ADDRESS;Shipping Address
invoice-2491.tiff;1;1;2480;3508;306625;1649;1185;141;45;1649;1185;1790;1185;1790;1230;1649;1230;michelet;AAAAAAAA;SHA;SHIPPING_ADDRESS;Shipping Address
invoice-2491.tiff;1;1;2480;3508;306626;1541;1231;104;45;1541;1231;1645;1231;1645;1276;1541;1276;59115;NNNNN;SHA;SHIPPING_ADDRESS;Shipping Address
invoice-2491.tiff;1;1;2480;3508;306627;1687;1231;92;45;1687;1231;1779;1231;1779;1276;1687;1276;Leers;AAAAA;SHA;SHIPPING_ADDRESS;Shipping Address
invoice-2491.tiff;1;1;2480;3508;306628;1541;1277;120;45;1541;1277;1661;1277;1661;1322;1541;1322;France;AAAAAA;SHA;SHIPPING_ADDRESS;Shipping Address
invoice-2491.tiff;1;1;2480;3508;306629;213;1601;73;52;213;1601;286;1601;286;1653;213;1653;Qty;AAA;undefined;OTHER;OTHER
invoice-2491.tiff;1;1;2480;3508;306630;690;1601;244;52;690;1601;934;1601;934;1653;690;1653;Descriptions;AAAAAAAAAAAA;undefined;OTHER;OTHER
invoice-2491.tiff;1;1;2480;3508;306631;1374;1601;84;52;1374;1601;1458;1601;1458;1653;1374;1653;U.P.;ASAS;undefined;OTHER;OTHER
invoice-2491.tiff;1;1;2480;3508;306632;1646;1601;206;52;1646;1601;1852;1601;1852;1653;1646;1653;VAT/TVA;AAASAAA;undefined;OTHER;OTHER
invoice-2491.tiff;1;1;2480;3508;306633;2003;1601;160;52;2003;1601;2163;1601;2163;1653;2003;1653;Amount;AAAAAA;undefined;OTHER;OTHER
invoice-2491.tiff;1;1;2480;3508;306634;239;1674;20;48;239;1674;259;1674;259;1722;239;1722;3;N;undefined;OTHER;OTHER
invoice-2491.tiff;1;1;2480;3508;306635;375;1674;136;48;375;1674;511;1674;511;1722;375;1722;Protège;AAAAAAA;undefined;OTHER;OTHER
invoice-2491.tiff;1;1;2480;3508;306636;521;1674;99;48;521;1674;620;1674;620;1722;521;1722;écran;AAAAA;undefined;OTHER;OTHER
invoice-2491.tiff;1;1;2480;3508;306637;631;1674;180;48;631;1674;811;1674;811;1722;631;1722;Essentielb;AAAAAAAAAA;undefined;OTHER;OTHER
invoice-2491.tiff;1;1;2480;3508;306638;822;1674;50;48;822;1674;872;1674;872;1722;822;1722;A5;AN;undefined;OTHER;OTHER
invoice-2491.tiff;1;1;2480;3508;306639;884;1674;83;48;884;1674;967;1674;967;1722;884;1722;2017;NNNN;undefined;OTHER;OTHER
invoice-2491.tiff;1;1;2480;3508;306640;977;1674;104;48;977;1674;1081;1674;1081;1722;977;1722;Verre;AAAAA;undefined;OTHER;OTHER
invoice-2491.tiff;1;1;2480;3508;306641;1092;1674;127;48;1092;1674;1219;1674;1219;1722;1092;1722;trempé;AAAAAA;undefined;OTHER;OTHER
invoice-2491.tiff;1;1;2480;3508;306644;1320;1674;93;48;1320;1674;1413;1674;1413;1722;1320;1722;17,49;NNSNN;undefined;OTHER;OTHER
invoice-2491.tiff;1;1;2480;3508;306645;1424;1674;87;48;1424;1674;1511;1674;1511;1722;1424;1722;EUR;AAA;undefined;OTHER;OTHER
invoice-2491.tiff;1;1;2480;3508;306646;1692;1674;114;48;1692;1674;1806;1674;1806;1722;1692;1722;20.0%;NNSNS;undefined;OTHER;OTHER
invoice-2491.tiff;1;1;2480;3508;306647;1987;1674;93;48;1987;1674;2080;1674;2080;1722;1987;1722;52,48;NNSNN;undefined;OTHER;OTHER
invoice-2491.tiff;1;1;2480;3508;306648;2091;1674;87;48;2091;1674;2178;1674;2178;1722;2091;1722;EUR;AAA;undefined;OTHER;OTHER
invoice-2491.tiff;1;1;2480;3508;306642;375;1722;50;48;375;1722;425;1722;425;1770;375;1770;3D;NA;undefined;OTHER;OTHER
invoice-2491.tiff;1;1;2480;3508;306643;436;1722;134;48;436;1722;570;1722;570;1770;436;1770;incurvé;AAAAAAA;undefined;OTHER;OTHER
invoice-2491.tiff;1;1;2480;3508;306649;239;1812;20;48;239;1812;259;1812;259;1860;239;1860;2;N;undefined;OTHER;OTHER
invoice-2491.tiff;1;1;2480;3508;306650;375;1812;171;48;375;1812;546;1812;546;1860;375;1860;Tondeuse;AAAAAAAA;undefined;OTHER;OTHER
invoice-2491.tiff;1;1;2480;3508;306651;556;1812;104;48;556;1812;660;1812;660;1860;556;1860;barbe;AAAAA;undefined;OTHER;OTHER
invoice-2491.tiff;1;1;2480;3508;306652;671;1812;180;48;671;1812;851;1812;851;1860;671;1860;Panasonic;AAAAAAAAA;undefined;OTHER;OTHER
invoice-2491.tiff;1;1;2480;3508;306653;862;1812;57;48;862;1812;919;1812;919;1860;862;1860;ER;AA;undefined;OTHER;OTHER
invoice-2491.tiff;1;1;2480;3508;306654;930;1812;101;48;930;1812;1031;1812;1031;1860;930;1860;GB40;AANN;undefined;OTHER;OTHER
invoice-2491.tiff;1;1;2480;3508;306655;1042;1812;97;48;1042;1812;1139;1812;1139;1860;1042;1860;silver;AAAAAA;undefined;OTHER;OTHER
invoice-2491.tiff;1;1;2480;3508;306656;1320;1812;93;48;1320;1812;1413;1812;1413;1860;1320;1860;33,33;NNSNN;undefined;OTHER;OTHER
invoice-2491.tiff;1;1;2480;3508;306657;1424;1812;87;48;1424;1812;1511;1812;1511;1860;1424;1860;EUR;AAA;undefined;OTHER;OTHER
invoice-2491.tiff;1;1;2480;3508;306658;1692;1812;114;48;1692;1812;1806;1812;1806;1860;1692;1860;20.0%;NNSNS;undefined;OTHER;OTHER
invoice-2491.tiff;1;1;2480;3508;306659;1987;1812;93;48;1987;1812;2080;1812;2080;1860;1987;1860;66,65;NNSNN;undefined;OTHER;OTHER
invoice-2491.tiff;1;1;2480;3508;306660;2091;1812;87;48;2091;1812;2178;1812;2178;1860;2091;1860;EUR;AAA;undefined;OTHER;OTHER
invoice-2491.tiff;1;1;2480;3508;306661;1808;1943;150;51;1808;1943;1958;1943;1958;1994;1808;1994;Amount;AAAAAA;undefined;OTHER;OTHER
invoice-2491.tiff;1;1;2480;3508;306662;1999;1943;114;46;1999;1943;2113;1943;2113;1989;1999;1989;119,13;NNNSNN;TWTX;TOTAL_WITHOUT_TAX;TWTXS
invoice-2491.tiff;1;1;2480;3508;306663;2125;1943;83;46;2125;1943;2208;1943;2208;1989;2125;1989;EUR;AAA;TWTX;TOTAL_WITHOUT_TAX;TWTXS
invoice-2491.tiff;1;1;2480;3508;306664;1857;1995;201;51;1857;1995;2058;1995;2058;2046;1857;2046;VAT/TVA;AAASAAA;undefined;OTHER;OTHER
invoice-2491.tiff;1;1;2480;3508;306665;2100;1995;107;46;2100;1995;2207;1995;2207;2041;2100;2041;20.0%;NNSNS;TXR;TAX_RATE;Tax Rate
invoice-2491.tiff;1;1;2480;3508;306666;1723;2046;94;51;1723;2046;1817;2046;1817;2097;1723;2097;TVA;AAA;undefined;OTHER;OTHER
invoice-2491.tiff;1;1;2480;3508;306667;1828;2046;150;51;1828;2046;1978;2046;1978;2097;1828;2097;Amount;AAAAAA;undefined;OTHER;OTHER
invoice-2491.tiff;1;1;2480;3508;306668;2020;2046;93;46;2020;2046;2113;2046;2113;2092;2020;2092;23,82;NNSNN;TTX;TOTAL_TAX;Total Tax
invoice-2491.tiff;1;1;2480;3508;306669;2125;2046;83;46;2125;2046;2208;2046;2208;2092;2125;2092;EUR;AAA;TTX;TOTAL_TAX;Total Tax
invoice-2491.tiff;1;1;2480;3508;306670;1699;2097;96;51;1699;2097;1795;2097;1795;2148;1699;2148;Total;AAAAA;undefined;OTHER;OTHER
invoice-2491.tiff;1;1;2480;3508;306671;1808;2097;150;51;1808;2097;1958;2097;1958;2148;1808;2148;Amount;AAAAAA;undefined;OTHER;OTHER
invoice-2491.tiff;1;1;2480;3508;306672;1999;2097;114;46;1999;2097;2113;2097;2113;2143;1999;2143;142,95;NNNSNN;TA;TOTAL_AMOUNT;Total with TAX
invoice-2491.tiff;1;1;2480;3508;306673;2125;2097;83;46;2125;2097;2208;2097;2208;2143;2125;2143;EUR;AAA;TA;TOTAL_AMOUNT;Total with TAX
invoice-2491.tiff;1;1;2480;3508;306674;1187;3154;136;48;1187;3154;1323;3154;1323;3202;1187;3202;SUPER;AAAAA;SN;SUPPLIER_NAME;Seller/Company) name
invoice-2491.tiff;1;1;2480;3508;306675;1334;3154;30;48;1334;3154;1364;3154;1364;3202;1334;3202;U;A;SN;SUPPLIER_NAME;Seller/Company) name
invoice-2491.tiff;1;1;2480;3508;306676;1187;3202;41;45;1187;3202;1228;3202;1228;3247;1187;3247;39;NN;SA;SUPPLIER_ADDRESS;Seller Address
invoice-2491.tiff;1;1;2480;3508;306677;1239;3202;134;45;1239;3202;1373;3202;1373;3247;1239;3247;ROUTE;AAAAA;SA;SUPPLIER_ADDRESS;Seller Address
invoice-2491.tiff;1;1;2480;3508;306678;1384;3202;55;45;1384;3202;1439;3202;1439;3247;1384;3247;DE;AA;SA;SUPPLIER_ADDRESS;Seller Address
invoice-2491.tiff;1;1;2480;3508;306679;1450;3202;208;45;1450;3202;1658;3202;1658;3247;1450;3247;VALOGNES;AAAAAAAA;SA;SUPPLIER_ADDRESS;Seller Address
invoice-2491.tiff;1;1;2480;3508;306680;1187;3248;256;45;1187;3248;1443;3248;1443;3293;1187;3293;BRICQUEBEC;AAAAAAAAAA;SA;SUPPLIER_ADDRESS;Seller Address
invoice-2491.tiff;1;1;2480;3508;306681;1187;3293;104;45;1187;3293;1291;3293;1291;3338;1187;3338;50260;NNNNN;SA;SUPPLIER_ADDRESS;Seller Address
invoice-2491.tiff;1;1;2480;3508;306682;1333;3293;537;45;1333;3293;1870;3293;1870;3338;1333;3338;BRICQUEBEC-EN-COTENTIN;AAAAAAAAAASAASAAAAAAAA;SA;SUPPLIER_ADDRESS;Seller Address
invoice-2491.tiff;1;1;2480;3508;306683;1187;3339;157;45;1187;3339;1344;3339;1344;3384;1187;3384;FRANCE;AAAAAA;SA;SUPPLIER_ADDRESS;Seller Address
