src;num_pages;page_id;page_width;page_height;id;col;row;width;height;x1;y1;x2;y2;x3;y3;x4;y4;contents;contents_masked;correctclass;tag;description
invoice-3064.tiff;1;1;2480;3508;377103;124;62;247;175;124;62;371;62;371;237;124;237;common/logo;AAAAAASAAAA;img;IMAGE;Image
invoice-3064.tiff;1;1;2480;3508;377120;1541;270;213;57;1541;270;1754;270;1754;327;1541;327;Référence;AAAAAAAAA;undefined;OTHER;OTHER
invoice-3064.tiff;1;1;2480;3508;377121;1767;270;50;57;1767;270;1817;270;1817;327;1767;327;de;AA;undefined;OTHER;OTHER
invoice-3064.tiff;1;1;2480;3508;377122;1830;270;38;57;1830;270;1868;270;1868;327;1830;327;la;AA;undefined;OTHER;OTHER
invoice-3064.tiff;1;1;2480;3508;377123;1881;270;152;57;1881;270;2033;270;2033;327;1881;327;facture;AAAAAAA;undefined;OTHER;OTHER
invoice-3064.tiff;1;1;2480;3508;377124;2097;270;285;50;2097;270;2382;270;2382;320;2097;320;FV2010005388;AANNNNNNNNNN;IN;INVOICE_NUMBER;Invoice Number
invoice-3064.tiff;1;1;2480;3508;377104;124;412;152;48;124;412;276;412;276;460;124;460;GRAND;AAAAA;SN;SUPPLIER_NAME;Seller/Company) name
invoice-3064.tiff;1;1;2480;3508;377105;288;412;78;48;288;412;366;412;366;460;288;460;EST;AAA;SN;SUPPLIER_NAME;Seller/Company) name
invoice-3064.tiff;1;1;2480;3508;377106;377;412;266;48;377;412;643;412;643;460;377;460;LOGISTIQUE;AAAAAAAAAA;SN;SUPPLIER_NAME;Seller/Company) name
invoice-3064.tiff;1;1;2480;3508;377107;124;460;20;45;124;460;144;460;144;505;124;505;7;N;SA;SUPPLIER_ADDRESS;Seller Address
invoice-3064.tiff;1;1;2480;3508;377108;156;460;81;45;156;460;237;460;237;505;156;505;RUE;AAA;SA;SUPPLIER_ADDRESS;Seller Address
invoice-3064.tiff;1;1;2480;3508;377109;247;460;141;45;247;460;388;460;388;505;247;505;PIERRE;AAAAAA;SA;SUPPLIER_ADDRESS;Seller Address
invoice-3064.tiff;1;1;2480;3508;377110;399;460;162;45;399;460;561;460;561;505;399;505;SALMON;AAAAAA;SA;SUPPLIER_ADDRESS;Seller Address
invoice-3064.tiff;1;1;2480;3508;377111;569;460;10;45;569;460;579;460;579;505;569;505;,;S;SA;SUPPLIER_ADDRESS;Seller Address
invoice-3064.tiff;1;1;2480;3508;377112;590;460;104;45;590;460;694;460;694;505;590;505;51430;NNNNN;SA;SUPPLIER_ADDRESS;Seller Address
invoice-3064.tiff;1;1;2480;3508;377113;702;460;201;45;702;460;903;460;903;505;702;505;BEZANNES;AAAAAAAA;SA;SUPPLIER_ADDRESS;Seller Address
invoice-3064.tiff;1;1;2480;3508;377114;912;460;10;45;912;460;922;460;922;505;912;505;,;S;SA;SUPPLIER_ADDRESS;Seller Address
invoice-3064.tiff;1;1;2480;3508;377115;933;460;157;45;933;460;1090;460;1090;505;933;505;FRANCE;AAAAAA;SA;SUPPLIER_ADDRESS;Seller Address
invoice-3064.tiff;1;1;2480;3508;377116;124;506;67;45;124;506;191;506;191;551;124;551;Tel:;AAAS;undefined;OTHER;OTHER
invoice-3064.tiff;1;1;2480;3508;377117;217;506;249;45;217;506;466;506;466;551;217;551;08.67.65.23.64;NNSNNSNNSNNSNN;SCN;SUPPLIER_CONTACT_NUMBER;Seller Contact Number
invoice-3064.tiff;1;1;2480;3508;377118;508;506;78;45;508;506;586;506;586;551;508;551;Fax:;AAAS;undefined;OTHER;OTHER
invoice-3064.tiff;1;1;2480;3508;377119;612;506;249;45;612;506;861;506;861;551;612;551;08.67.65.63.03;NNSNNSNNSNNSNN;SFAX;SUPPLIER_FAX_NUMBER;Seller Fax Number
invoice-3064.tiff;1;1;2480;3508;377125;124;736;169;57;124;736;293;736;293;793;124;793;Adresse;AAAAAAA;undefined;OTHER;OTHER
invoice-3064.tiff;1;1;2480;3508;377126;306;736;252;57;306;736;558;736;558;793;306;793;Facturation;AAAAAAAAAAA;undefined;OTHER;OTHER
invoice-3064.tiff;1;1;2480;3508;377136;1541;747;58;52;1541;747;1599;747;1599;799;1541;799;Du;AA;undefined;OTHER;OTHER
invoice-3064.tiff;1;1;2480;3508;377137;2166;747;41;46;2166;747;2207;747;2207;793;2166;793;19;NN;IDATE;INVOICE_DATE;Invoice Date
invoice-3064.tiff;1;1;2480;3508;377138;2218;747;71;46;2218;747;2289;747;2289;793;2218;793;may;AAA;IDATE;INVOICE_DATE;Invoice Date
invoice-3064.tiff;1;1;2480;3508;377139;2300;747;83;46;2300;747;2383;747;2383;793;2300;793;1978;NNNN;IDATE;INVOICE_DATE;Invoice Date
invoice-3064.tiff;1;1;2480;3508;377127;124;793;173;48;124;793;297;793;297;841;124;841;Benjamin;AAAAAAAA;BN;BILLING_NAME;Billing Name
invoice-3064.tiff;1;1;2480;3508;377128;309;793;141;48;309;793;450;793;450;841;309;841;Renault;AAAAAAA;BN;BILLING_NAME;Billing Name
invoice-3064.tiff;1;1;2480;3508;377140;1541;821;195;52;1541;821;1736;821;1736;873;1541;873;Référence;AAAAAAAAA;undefined;OTHER;OTHER
invoice-3064.tiff;1;1;2480;3508;377141;1749;821;45;52;1749;821;1794;821;1794;873;1749;873;de;AA;undefined;OTHER;OTHER
invoice-3064.tiff;1;1;2480;3508;377142;1806;821;106;52;1806;821;1912;821;1912;873;1806;873;client;AAAAAA;undefined;OTHER;OTHER
invoice-3064.tiff;1;1;2480;3508;377143;2166;821;199;46;2166;821;2365;821;2365;867;2166;867;CL1010042;AANNNNNNN;CNUM;CLIENT_NUMBER;Client Number
invoice-3064.tiff;1;1;2480;3508;377129;124;841;31;45;124;841;155;841;155;886;124;886;8,;NS;BA;BILLING_ADDRESS;Billing Address
invoice-3064.tiff;1;1;2480;3508;377130;166;841;55;45;166;841;221;841;221;886;166;886;rue;AAA;BA;BILLING_ADDRESS;Billing Address
invoice-3064.tiff;1;1;2480;3508;377131;232;841;55;45;232;841;287;841;287;886;232;886;des;AAA;BA;BILLING_ADDRESS;Billing Address
invoice-3064.tiff;1;1;2480;3508;377132;298;841;168;45;298;841;466;841;466;886;298;886;cordeliers;AAAAAAAAAA;BA;BILLING_ADDRESS;Billing Address
invoice-3064.tiff;1;1;2480;3508;377133;124;887;104;45;124;887;228;887;228;932;124;932;02310;NNNNN;BA;BILLING_ADDRESS;Billing Address
invoice-3064.tiff;1;1;2480;3508;377134;270;887;307;45;270;887;577;887;577;932;270;932;Charly-sur-Marne;AAAAAASAAASAAAAA;BA;BILLING_ADDRESS;Billing Address
invoice-3064.tiff;1;1;2480;3508;377144;1541;894;99;52;1541;894;1640;894;1640;946;1541;946;Type;AAAA;undefined;OTHER;OTHER
invoice-3064.tiff;1;1;2480;3508;377145;1652;894;45;52;1652;894;1697;894;1697;946;1652;946;de;AA;undefined;OTHER;OTHER
invoice-3064.tiff;1;1;2480;3508;377146;1709;894;180;52;1709;894;1889;894;1889;946;1709;946;paiement;AAAAAAAA;undefined;OTHER;OTHER
invoice-3064.tiff;1;1;2480;3508;377147;2166;894;55;46;2166;894;2221;894;2221;940;2166;940;CB;AA;PMODE;PAYMENT_MODE;Payment Mode
invoice-3064.tiff;1;1;2480;3508;377135;124;933;120;45;124;933;244;933;244;978;124;978;France;AAAAAA;BA;BILLING_ADDRESS;Billing Address
invoice-3064.tiff;1;1;2480;3508;377148;449;1399;226;52;449;1399;675;1399;675;1451;449;1451;Description;AAAAAAAAAAA;undefined;OTHER;OTHER
invoice-3064.tiff;1;1;2480;3508;377149;1038;1399;173;52;1038;1399;1211;1399;1211;1451;1038;1451;Quantité;AAAAAAAA;undefined;OTHER;OTHER
invoice-3064.tiff;1;1;2480;3508;377150;1287;1399;84;52;1287;1399;1371;1399;1371;1451;1287;1451;Prix;AAAA;undefined;OTHER;OTHER
invoice-3064.tiff;1;1;2480;3508;377151;1382;1399;162;52;1382;1399;1544;1399;1544;1451;1382;1451;Unitaire;AAAAAAAA;undefined;OTHER;OTHER
invoice-3064.tiff;1;1;2480;3508;377152;1616;1399;101;52;1616;1399;1717;1399;1717;1451;1616;1451;Taux;AAAA;undefined;OTHER;OTHER
invoice-3064.tiff;1;1;2480;3508;377153;1729;1399;45;52;1729;1399;1774;1399;1774;1451;1729;1451;de;AA;undefined;OTHER;OTHER
invoice-3064.tiff;1;1;2480;3508;377154;1786;1399;96;52;1786;1399;1882;1399;1882;1451;1786;1451;TVA;AAA;undefined;OTHER;OTHER
invoice-3064.tiff;1;1;2480;3508;377155;1959;1399;170;52;1959;1399;2129;1399;2129;1451;1959;1451;Montant;AAAAAAA;undefined;OTHER;OTHER
invoice-3064.tiff;1;1;2480;3508;377156;2141;1399;66;52;2141;1399;2207;1399;2207;1451;2141;1451;HT;AA;undefined;OTHER;OTHER
invoice-3064.tiff;1;1;2480;3508;377157;124;1473;60;48;124;1473;184;1473;184;1521;124;1521;Clé;AAA;undefined;OTHER;OTHER
invoice-3064.tiff;1;1;2480;3508;377158;195;1473;81;48;195;1473;276;1473;276;1521;195;1521;USB;AAA;undefined;OTHER;OTHER
invoice-3064.tiff;1;1;2480;3508;377159;287;1473;162;48;287;1473;449;1473;449;1521;287;1521;Kingston;AAAAAAAA;undefined;OTHER;OTHER
invoice-3064.tiff;1;1;2480;3508;377160;459;1473;94;48;459;1473;553;1473;553;1521;459;1521;64Go;NNAA;undefined;OTHER;OTHER
invoice-3064.tiff;1;1;2480;3508;377161;564;1473;240;48;564;1473;804;1473;804;1521;564;1521;DataTraveler;AAAAAAAAAAAA;undefined;OTHER;OTHER
invoice-3064.tiff;1;1;2480;3508;377162;815;1473;81;48;815;1473;896;1473;896;1521;815;1521;USB;AAA;undefined;OTHER;OTHER
invoice-3064.tiff;1;1;2480;3508;377163;907;1473;52;48;907;1473;959;1473;959;1521;907;1521;3.0;NSN;undefined;OTHER;OTHER
invoice-3064.tiff;1;1;2480;3508;377165;1114;1473;20;48;1114;1473;1134;1473;1134;1521;1114;1521;3;N;undefined;OTHER;OTHER
invoice-3064.tiff;1;1;2480;3508;377166;1369;1473;93;48;1369;1473;1462;1473;1462;1521;1369;1521;41,66;NNSNN;undefined;OTHER;OTHER
invoice-3064.tiff;1;1;2480;3508;377167;1692;1473;114;48;1692;1473;1806;1473;1806;1521;1692;1521;20.0%;NNSNS;undefined;OTHER;OTHER
invoice-3064.tiff;1;1;2480;3508;377168;2026;1473;114;48;2026;1473;2140;1473;2140;1521;2026;1521;124,97;NNNSNN;undefined;OTHER;OTHER
invoice-3064.tiff;1;1;2480;3508;377164;124;1521;125;48;124;1521;249;1521;249;1569;124;1569;SE9G2;AANAN;undefined;OTHER;OTHER
invoice-3064.tiff;1;1;2480;3508;377169;124;1610;113;48;124;1610;237;1610;237;1658;124;1658;Moule;AAAAA;undefined;OTHER;OTHER
invoice-3064.tiff;1;1;2480;3508;377170;248;1610;41;48;248;1610;289;1610;289;1658;248;1658;en;AA;undefined;OTHER;OTHER
invoice-3064.tiff;1;1;2480;3508;377171;300;1610;131;48;300;1610;431;1610;431;1658;300;1658;silicone;AAAAAAAA;undefined;OTHER;OTHER
invoice-3064.tiff;1;1;2480;3508;377172;443;1610;138;48;443;1610;581;1610;581;1658;443;1658;Silicone;AAAAAAAA;undefined;OTHER;OTHER
invoice-3064.tiff;1;1;2480;3508;377173;592;1610;90;48;592;1610;682;1610;682;1658;592;1658;Zone;AAAA;undefined;OTHER;OTHER
invoice-3064.tiff;1;1;2480;3508;377174;693;1610;145;48;693;1610;838;1610;838;1658;693;1658;Sillypop;AAAAAAAA;undefined;OTHER;OTHER
invoice-3064.tiff;1;1;2480;3508;377175;849;1610;143;48;849;1610;992;1610;992;1658;849;1658;Jumbo6;AAAAAN;undefined;OTHER;OTHER
invoice-3064.tiff;1;1;2480;3508;377178;1114;1610;20;48;1114;1610;1134;1610;1134;1658;1114;1658;3;N;undefined;OTHER;OTHER
invoice-3064.tiff;1;1;2480;3508;377179;1369;1610;93;48;1369;1610;1462;1610;1462;1658;1369;1658;12,42;NNSNN;undefined;OTHER;OTHER
invoice-3064.tiff;1;1;2480;3508;377180;1692;1610;114;48;1692;1610;1806;1610;1806;1658;1692;1658;20.0%;NNSNS;undefined;OTHER;OTHER
invoice-3064.tiff;1;1;2480;3508;377181;2036;1610;93;48;2036;1610;2129;1610;2129;1658;2036;1658;37,25;NNSNN;undefined;OTHER;OTHER
invoice-3064.tiff;1;1;2480;3508;377176;124;1659;118;48;124;1659;242;1659;242;1707;124;1707;coloris;AAAAAAA;undefined;OTHER;OTHER
invoice-3064.tiff;1;1;2480;3508;377177;253;1659;134;48;253;1659;387;1659;387;1707;253;1707;assortis;AAAAAAAA;undefined;OTHER;OTHER
invoice-3064.tiff;1;1;2480;3508;377182;124;1748;101;48;124;1748;225;1748;225;1796;124;1796;Piano;AAAAA;undefined;OTHER;OTHER
invoice-3064.tiff;1;1;2480;3508;377183;237;1748;41;48;237;1748;278;1748;278;1796;237;1796;de;AA;undefined;OTHER;OTHER
invoice-3064.tiff;1;1;2480;3508;377184;289;1748;129;48;289;1748;418;1748;418;1796;289;1796;cuisson;AAAAAAA;undefined;OTHER;OTHER
invoice-3064.tiff;1;1;2480;3508;377185;429;1748;60;48;429;1748;489;1748;489;1796;429;1796;gaz;AAA;undefined;OTHER;OTHER
invoice-3064.tiff;1;1;2480;3508;377186;500;1748;97;48;500;1748;597;1748;597;1796;500;1796;Glem;AAAA;undefined;OTHER;OTHER
invoice-3064.tiff;1;1;2480;3508;377187;607;1748;238;48;607;1748;845;1748;845;1796;607;1796;GE960CMIX;AANNNAAAA;undefined;OTHER;OTHER
invoice-3064.tiff;1;1;2480;3508;377188;1114;1748;20;48;1114;1748;1134;1748;1134;1796;1114;1796;4;N;undefined;OTHER;OTHER
invoice-3064.tiff;1;1;2480;3508;377189;1359;1748;114;48;1359;1748;1473;1748;1473;1796;1359;1796;749,17;NNNSNN;undefined;OTHER;OTHER
invoice-3064.tiff;1;1;2480;3508;377190;1692;1748;114;48;1692;1748;1806;1748;1806;1796;1692;1796;20.0%;NNSNS;undefined;OTHER;OTHER
invoice-3064.tiff;1;1;2480;3508;377191;2015;1748;135;48;2015;1748;2150;1748;2150;1796;2015;1796;2996,67;NNNNSNN;undefined;OTHER;OTHER
invoice-3064.tiff;1;1;2480;3508;377192;124;1838;106;48;124;1838;230;1838;230;1886;124;1886;Radio;AAAAA;undefined;OTHER;OTHER
invoice-3064.tiff;1;1;2480;3508;377193;241;1838;99;48;241;1838;340;1838;340;1886;241;1886;réveil;AAAAAA;undefined;OTHER;OTHER
invoice-3064.tiff;1;1;2480;3508;377194;351;1838;134;48;351;1838;485;1838;485;1886;351;1886;Oregon;AAAAAA;undefined;OTHER;OTHER
invoice-3064.tiff;1;1;2480;3508;377195;496;1838;164;48;496;1838;660;1838;660;1886;496;1886;Scientific;AAAAAAAAAA;undefined;OTHER;OTHER
invoice-3064.tiff;1;1;2480;3508;377196;671;1838;187;48;671;1838;858;1838;858;1886;671;1886;RM313PN;AANNNAA;undefined;OTHER;OTHER
invoice-3064.tiff;1;1;2480;3508;377197;869;1838;101;48;869;1838;970;1838;970;1886;869;1886;Blanc;AAAAA;undefined;OTHER;OTHER
invoice-3064.tiff;1;1;2480;3508;377203;1114;1838;20;48;1114;1838;1134;1838;1134;1886;1114;1886;4;N;undefined;OTHER;OTHER
invoice-3064.tiff;1;1;2480;3508;377204;1369;1838;93;48;1369;1838;1462;1838;1462;1886;1369;1886;23,67;NNSNN;undefined;OTHER;OTHER
invoice-3064.tiff;1;1;2480;3508;377205;1692;1838;114;48;1692;1838;1806;1838;1806;1886;1692;1886;20.0%;NNSNS;undefined;OTHER;OTHER
invoice-3064.tiff;1;1;2480;3508;377206;2036;1838;93;48;2036;1838;2129;1838;2129;1886;2036;1886;94,67;NNSNN;undefined;OTHER;OTHER
invoice-3064.tiff;1;1;2480;3508;377198;124;1886;111;48;124;1886;235;1886;235;1934;124;1934;Réveil;AAAAAA;undefined;OTHER;OTHER
invoice-3064.tiff;1;1;2480;3508;377199;246;1886;189;48;246;1886;435;1886;435;1934;246;1934;Projecteur;AAAAAAAAAA;undefined;OTHER;OTHER
invoice-3064.tiff;1;1;2480;3508;377200;446;1886;67;48;446;1886;513;1886;513;1934;446;1934;Hip;AAA;undefined;OTHER;OTHER
invoice-3064.tiff;1;1;2480;3508;377201;524;1886;34;48;524;1886;558;1886;558;1934;524;1934;&;S;undefined;OTHER;OTHER
invoice-3064.tiff;1;1;2480;3508;377202;569;1886;50;48;569;1886;619;1886;619;1934;569;1934;Co;AA;undefined;OTHER;OTHER
invoice-3064.tiff;1;1;2480;3508;377207;1772;2017;170;52;1772;2017;1942;2017;1942;2069;1772;2069;Montant;AAAAAAA;undefined;OTHER;OTHER
invoice-3064.tiff;1;1;2480;3508;377208;1954;2017;66;52;1954;2017;2020;2017;2020;2069;1954;2069;HT;AA;undefined;OTHER;OTHER
invoice-3064.tiff;1;1;2480;3508;377209;2062;2017;135;48;2062;2017;2197;2017;2197;2065;2062;2065;3253,56;NNNNSNN;TWTX;TOTAL_WITHOUT_TAX;TWTXS
invoice-3064.tiff;1;1;2480;3508;377210;1944;2070;96;52;1944;2070;2040;2070;2040;2122;1944;2122;TVA;AAA;undefined;OTHER;OTHER
invoice-3064.tiff;1;1;2480;3508;377211;2083;2070;114;48;2083;2070;2197;2070;2197;2118;2083;2118;650,71;NNNSNN;TTX;TOTAL_TAX;Total Tax
invoice-3064.tiff;1;1;2480;3508;377212;1810;2123;104;52;1810;2123;1914;2123;1914;2175;1810;2175;Total;AAAAA;undefined;OTHER;OTHER
invoice-3064.tiff;1;1;2480;3508;377213;1926;2123;94;52;1926;2123;2020;2123;2020;2175;1926;2175;TTC;AAA;undefined;OTHER;OTHER
invoice-3064.tiff;1;1;2480;3508;377214;2062;2123;135;48;2062;2123;2197;2123;2197;2171;2062;2171;3904,27;NNNNSNN;TA;TOTAL_AMOUNT;Total with TAX
invoice-3064.tiff;1;1;2480;3508;377215;928;3175;152;48;928;3175;1080;3175;1080;3223;928;3223;GRAND;AAAAA;SN;SUPPLIER_NAME;Seller/Company) name
invoice-3064.tiff;1;1;2480;3508;377216;1091;3175;78;48;1091;3175;1169;3175;1169;3223;1091;3223;EST;AAA;SN;SUPPLIER_NAME;Seller/Company) name
invoice-3064.tiff;1;1;2480;3508;377217;1180;3175;266;48;1180;3175;1446;3175;1446;3223;1180;3223;LOGISTIQUE;AAAAAAAAAA;SN;SUPPLIER_NAME;Seller/Company) name
invoice-3064.tiff;1;1;2480;3508;377218;700;3223;20;45;700;3223;720;3223;720;3268;700;3268;7;N;SA;SUPPLIER_ADDRESS;Seller Address
invoice-3064.tiff;1;1;2480;3508;377219;731;3223;81;45;731;3223;812;3223;812;3268;731;3268;RUE;AAA;SA;SUPPLIER_ADDRESS;Seller Address
invoice-3064.tiff;1;1;2480;3508;377220;823;3223;141;45;823;3223;964;3223;964;3268;823;3268;PIERRE;AAAAAA;SA;SUPPLIER_ADDRESS;Seller Address
invoice-3064.tiff;1;1;2480;3508;377221;974;3223;162;45;974;3223;1136;3223;1136;3268;974;3268;SALMON;AAAAAA;SA;SUPPLIER_ADDRESS;Seller Address
invoice-3064.tiff;1;1;2480;3508;377222;1144;3223;10;45;1144;3223;1154;3223;1154;3268;1144;3268;,;S;SA;SUPPLIER_ADDRESS;Seller Address
invoice-3064.tiff;1;1;2480;3508;377223;1165;3223;104;45;1165;3223;1269;3223;1269;3268;1165;3268;51430;NNNNN;SA;SUPPLIER_ADDRESS;Seller Address
invoice-3064.tiff;1;1;2480;3508;377224;1278;3223;201;45;1278;3223;1479;3223;1479;3268;1278;3268;BEZANNES;AAAAAAAA;SA;SUPPLIER_ADDRESS;Seller Address
invoice-3064.tiff;1;1;2480;3508;377225;1488;3223;10;45;1488;3223;1498;3223;1498;3268;1488;3268;,;S;SA;SUPPLIER_ADDRESS;Seller Address
invoice-3064.tiff;1;1;2480;3508;377226;1508;3223;157;45;1508;3223;1665;3223;1665;3268;1508;3268;FRANCE;AAAAAA;SA;SUPPLIER_ADDRESS;Seller Address
