src;num_pages;page_id;page_width;page_height;id;col;row;width;height;x1;y1;x2;y2;x3;y3;x4;y4;contents;contents_masked;correctclass;tag;description
invoice-1639.tiff;1;1;2480;3508;200905;1541;62;190;175;1541;62;1731;62;1731;237;1541;237;common/logo;AAAAAASAAAA;img;IMAGE;Image
invoice-1639.tiff;1;1;2480;3508;200902;124;270;155;57;124;270;279;270;279;327;124;327;Invoice;AAAAAAA;undefined;OTHER;OTHER
invoice-1639.tiff;1;1;2480;3508;200903;293;270;73;57;293;270;366;270;366;327;293;327;No.;AAS;undefined;OTHER;OTHER
invoice-1639.tiff;1;1;2480;3508;200904;429;270;338;50;429;270;767;270;767;320;429;320;BN-LZ-411658-24;AASAASNNNNNNSNN;IN;INVOICE_NUMBER;Invoice Number
invoice-1639.tiff;1;1;2480;3508;200906;1541;412;60;48;1541;412;1601;412;1601;460;1541;460;UN;AA;SN;SUPPLIER_NAME;Seller/Company) name
invoice-1639.tiff;1;1;2480;3508;200907;1612;412;113;48;1612;412;1725;412;1725;460;1612;460;JOUR;AAAA;SN;SUPPLIER_NAME;Seller/Company) name
invoice-1639.tiff;1;1;2480;3508;200908;1736;412;212;48;1736;412;1948;412;1948;460;1736;460;AILLEURS;AAAAAAAA;SN;SUPPLIER_NAME;Seller/Company) name
invoice-1639.tiff;1;1;2480;3508;200909;1541;460;76;45;1541;460;1617;460;1617;505;1541;505;LOT;AAA;SA;SUPPLIER_ADDRESS;Seller Address
invoice-1639.tiff;1;1;2480;3508;200910;1628;460;34;45;1628;460;1662;460;1662;505;1628;505;W;A;SA;SUPPLIER_ADDRESS;Seller Address
invoice-1639.tiff;1;1;2480;3508;200911;1673;460;62;45;1673;460;1735;460;1735;505;1673;505;105;NNN;SA;SUPPLIER_ADDRESS;Seller Address
invoice-1639.tiff;1;1;2480;3508;200912;1746;460;148;45;1746;460;1894;460;1894;505;1746;505;NIVEAU;AAAAAA;SA;SUPPLIER_ADDRESS;Seller Address
invoice-1639.tiff;1;1;2480;3508;200913;1905;460;20;45;1905;460;1925;460;1925;505;1905;505;1;N;SA;SUPPLIER_ADDRESS;Seller Address
invoice-1639.tiff;1;1;2480;3508;200914;1541;506;104;45;1541;506;1645;506;1645;551;1541;551;77700;NNNNN;SA;SUPPLIER_ADDRESS;Seller Address
invoice-1639.tiff;1;1;2480;3508;200915;1687;506;131;45;1687;506;1818;506;1818;551;1687;551;SERRIS;AAAAAA;SA;SUPPLIER_ADDRESS;Seller Address
invoice-1639.tiff;1;1;2480;3508;200916;1541;552;106;45;1541;552;1647;552;1647;597;1541;597;Phone;AAAAA;undefined;OTHER;OTHER
invoice-1639.tiff;1;1;2480;3508;200917;1710;552;69;45;1710;552;1779;552;1779;597;1710;597;+33;SNN;SCN;SUPPLIER_CONTACT_NUMBER;Seller Contact Number
invoice-1639.tiff;1;1;2480;3508;200918;1790;552;48;45;1790;552;1838;552;1838;597;1790;597;(0);SNS;SCN;SUPPLIER_CONTACT_NUMBER;Seller Contact Number
invoice-1639.tiff;1;1;2480;3508;200919;1849;552;20;45;1849;552;1869;552;1869;597;1849;597;0;N;SCN;SUPPLIER_CONTACT_NUMBER;Seller Contact Number
invoice-1639.tiff;1;1;2480;3508;200920;1881;552;41;45;1881;552;1922;552;1922;597;1881;597;27;NN;SCN;SUPPLIER_CONTACT_NUMBER;Seller Contact Number
invoice-1639.tiff;1;1;2480;3508;200921;1933;552;41;45;1933;552;1974;552;1974;597;1933;597;47;NN;SCN;SUPPLIER_CONTACT_NUMBER;Seller Contact Number
invoice-1639.tiff;1;1;2480;3508;200922;1985;552;41;45;1985;552;2026;552;2026;597;1985;597;83;NN;SCN;SUPPLIER_CONTACT_NUMBER;Seller Contact Number
invoice-1639.tiff;1;1;2480;3508;200923;2037;552;41;45;2037;552;2078;552;2078;597;2037;597;84;NN;SCN;SUPPLIER_CONTACT_NUMBER;Seller Contact Number
invoice-1639.tiff;1;1;2480;3508;200924;1541;598;64;45;1541;598;1605;598;1605;643;1541;643;Fax;AAA;undefined;OTHER;OTHER
invoice-1639.tiff;1;1;2480;3508;200925;1668;598;69;45;1668;598;1737;598;1737;643;1668;643;+33;SNN;SFAX;SUPPLIER_FAX_NUMBER;Seller Fax Number
invoice-1639.tiff;1;1;2480;3508;200926;1749;598;48;45;1749;598;1797;598;1797;643;1749;643;(0);SNS;SFAX;SUPPLIER_FAX_NUMBER;Seller Fax Number
invoice-1639.tiff;1;1;2480;3508;200927;1808;598;20;45;1808;598;1828;598;1828;643;1808;643;0;N;SFAX;SUPPLIER_FAX_NUMBER;Seller Fax Number
invoice-1639.tiff;1;1;2480;3508;200928;1839;598;41;45;1839;598;1880;598;1880;643;1839;643;27;NN;SFAX;SUPPLIER_FAX_NUMBER;Seller Fax Number
invoice-1639.tiff;1;1;2480;3508;200929;1891;598;41;45;1891;598;1932;598;1932;643;1891;643;47;NN;SFAX;SUPPLIER_FAX_NUMBER;Seller Fax Number
invoice-1639.tiff;1;1;2480;3508;200930;1943;598;41;45;1943;598;1984;598;1984;643;1943;643;20;NN;SFAX;SUPPLIER_FAX_NUMBER;Seller Fax Number
invoice-1639.tiff;1;1;2480;3508;200931;1995;598;41;45;1995;598;2036;598;2036;643;1995;643;19;NN;SFAX;SUPPLIER_FAX_NUMBER;Seller Fax Number
invoice-1639.tiff;1;1;2480;3508;200932;124;827;141;57;124;827;265;827;265;884;124;884;Billing;AAAAAAA;undefined;OTHER;OTHER
invoice-1639.tiff;1;1;2480;3508;200933;279;827;175;57;279;827;454;827;454;884;279;884;Address;AAAAAAA;undefined;OTHER;OTHER
invoice-1639.tiff;1;1;2480;3508;200946;1541;875;117;52;1541;875;1658;875;1658;927;1541;927;Dated;AAAAA;undefined;OTHER;OTHER
invoice-1639.tiff;1;1;2480;3508;200947;2166;875;41;46;2166;875;2207;875;2207;921;2166;921;27;NN;IDATE;INVOICE_DATE;Invoice Date
invoice-1639.tiff;1;1;2480;3508;200948;2218;875;75;46;2218;875;2293;875;2293;921;2218;921;mar,;AAAS;IDATE;INVOICE_DATE;Invoice Date
invoice-1639.tiff;1;1;2480;3508;200949;2304;875;83;46;2304;875;2387;875;2387;921;2304;921;1979;NNNN;IDATE;INVOICE_DATE;Invoice Date
invoice-1639.tiff;1;1;2480;3508;200934;124;885;141;48;124;885;265;885;265;933;124;933;Mariela;AAAAAAA;BN;BILLING_NAME;Billing Name
invoice-1639.tiff;1;1;2480;3508;200935;276;885;111;48;276;885;387;885;387;933;276;933;Zieme;AAAAA;BN;BILLING_NAME;Billing Name
invoice-1639.tiff;1;1;2480;3508;200936;398;885;69;48;398;885;467;885;467;933;398;933;MD;AA;BN;BILLING_NAME;Billing Name
invoice-1639.tiff;1;1;2480;3508;200937;124;933;52;45;124;933;176;933;176;978;124;978;13,;NNS;BA;BILLING_ADDRESS;Billing Address
invoice-1639.tiff;1;1;2480;3508;200938;187;933;55;45;187;933;242;933;242;978;187;978;rue;AAA;BA;BILLING_ADDRESS;Billing Address
invoice-1639.tiff;1;1;2480;3508;200939;253;933;41;45;253;933;294;933;294;978;253;978;du;AA;BA;BILLING_ADDRESS;Billing Address
invoice-1639.tiff;1;1;2480;3508;200940;305;933;41;45;305;933;346;933;346;978;305;978;31;NN;BA;BILLING_ADDRESS;Billing Address
invoice-1639.tiff;1;1;2480;3508;200941;357;933;74;45;357;933;431;933;431;978;357;978;août;AAAA;BA;BILLING_ADDRESS;Billing Address
invoice-1639.tiff;1;1;2480;3508;200942;442;933;83;45;442;933;525;933;525;978;442;978;1944;NNNN;BA;BILLING_ADDRESS;Billing Address
invoice-1639.tiff;1;1;2480;3508;200950;1541;949;122;52;1541;949;1663;949;1663;1001;1541;1001;Order;AAAAA;undefined;OTHER;OTHER
invoice-1639.tiff;1;1;2480;3508;200951;1675;949;67;52;1675;949;1742;949;1742;1001;1675;1001;No.;AAS;undefined;OTHER;OTHER
invoice-1639.tiff;1;1;2480;3508;200952;2166;949;171;46;2166;949;2337;949;2337;995;2166;995;CK-N-8-6;AASASNSN;ONUM;ORDER_NUMBER;Order Number
invoice-1639.tiff;1;1;2480;3508;200943;124;979;104;45;124;979;228;979;228;1024;124;1024;41130;NNNNN;BA;BILLING_ADDRESS;Billing Address
invoice-1639.tiff;1;1;2480;3508;200944;270;979;261;45;270;979;531;979;531;1024;270;1024;Selles-sur-Cher;AAAAAASAAASAAAA;BA;BILLING_ADDRESS;Billing Address
invoice-1639.tiff;1;1;2480;3508;200945;124;1025;120;45;124;1025;244;1025;244;1070;124;1070;France;AAAAAA;BA;BILLING_ADDRESS;Billing Address
invoice-1639.tiff;1;1;2480;3508;200953;174;1491;67;52;174;1491;241;1491;241;1543;174;1543;No.;AAS;undefined;OTHER;OTHER
invoice-1639.tiff;1;1;2480;3508;200954;400;1491;73;52;400;1491;473;1491;473;1543;400;1543;Qty;AAA;undefined;OTHER;OTHER
invoice-1639.tiff;1;1;2480;3508;200955;856;1491;244;52;856;1491;1100;1491;1100;1543;856;1543;Descriptions;AAAAAAAAAAAA;undefined;OTHER;OTHER
invoice-1639.tiff;1;1;2480;3508;200956;1478;1491;84;52;1478;1491;1562;1491;1562;1543;1478;1543;U.P.;ASAS;undefined;OTHER;OTHER
invoice-1639.tiff;1;1;2480;3508;200957;1709;1491;206;52;1709;1491;1915;1491;1915;1543;1709;1543;VAT/TVA;AAASAAA;undefined;OTHER;OTHER
invoice-1639.tiff;1;1;2480;3508;200958;2023;1491;160;52;2023;1491;2183;1491;2183;1543;2023;1543;Amount;AAAAAA;undefined;OTHER;OTHER
invoice-1639.tiff;1;1;2480;3508;200959;197;1564;20;48;197;1564;217;1564;217;1612;197;1612;1;N;undefined;OTHER;OTHER
invoice-1639.tiff;1;1;2480;3508;200960;427;1564;20;48;427;1564;447;1564;447;1612;427;1612;2;N;undefined;OTHER;OTHER
invoice-1639.tiff;1;1;2480;3508;200961;583;1564;78;48;583;1564;661;1564;661;1612;583;1612;Pèse;AAAA;undefined;OTHER;OTHER
invoice-1639.tiff;1;1;2480;3508;200962;672;1564;162;48;672;1564;834;1564;834;1612;672;1612;personne;AAAAAAAA;undefined;OTHER;OTHER
invoice-1639.tiff;1;1;2480;3508;200963;844;1564;124;48;844;1564;968;1564;968;1612;844;1612;Beurer;AAAAAA;undefined;OTHER;OTHER
invoice-1639.tiff;1;1;2480;3508;200964;980;1564;55;48;980;1564;1035;1564;1035;1612;980;1612;GS;AA;undefined;OTHER;OTHER
invoice-1639.tiff;1;1;2480;3508;200965;1046;1564;62;48;1046;1564;1108;1564;1108;1612;1046;1612;300;NNN;undefined;OTHER;OTHER
invoice-1639.tiff;1;1;2480;3508;200966;1119;1564;113;48;1119;1564;1232;1564;1232;1612;1119;1612;Corail;AAAAAA;undefined;OTHER;OTHER
invoice-1639.tiff;1;1;2480;3508;200967;1424;1564;93;48;1424;1564;1517;1564;1517;1612;1424;1612;18,60;NNSNN;undefined;OTHER;OTHER
invoice-1639.tiff;1;1;2480;3508;200968;1528;1564;87;48;1528;1564;1615;1564;1615;1612;1528;1612;EUR;AAA;undefined;OTHER;OTHER
invoice-1639.tiff;1;1;2480;3508;200969;1755;1564;114;48;1755;1564;1869;1564;1869;1612;1755;1612;20.0%;NNSNS;undefined;OTHER;OTHER
invoice-1639.tiff;1;1;2480;3508;200970;2008;1564;93;48;2008;1564;2101;1564;2101;1612;2008;1612;37,20;NNSNN;undefined;OTHER;OTHER
invoice-1639.tiff;1;1;2480;3508;200971;2112;1564;87;48;2112;1564;2199;1564;2199;1612;2112;1612;EUR;AAA;undefined;OTHER;OTHER
invoice-1639.tiff;1;1;2480;3508;200972;197;1654;20;48;197;1654;217;1654;217;1702;197;1702;2;N;undefined;OTHER;OTHER
invoice-1639.tiff;1;1;2480;3508;200973;427;1654;20;48;427;1654;447;1654;447;1702;427;1702;1;N;undefined;OTHER;OTHER
invoice-1639.tiff;1;1;2480;3508;200974;583;1654;245;48;583;1654;828;1654;828;1702;583;1702;Réfrigérateur;AAAAAAAAAAAAA;undefined;OTHER;OTHER
invoice-1639.tiff;1;1;2480;3508;200975;839;1654;20;48;839;1654;859;1654;859;1702;839;1702;1;N;undefined;OTHER;OTHER
invoice-1639.tiff;1;1;2480;3508;200976;870;1654;94;48;870;1654;964;1654;964;1702;870;1702;porte;AAAAA;undefined;OTHER;OTHER
invoice-1639.tiff;1;1;2480;3508;200977;975;1654;203;48;975;1654;1178;1654;1178;1702;975;1702;encastrable;AAAAAAAAAAA;undefined;OTHER;OTHER
invoice-1639.tiff;1;1;2480;3508;200978;1189;1654;99;48;1189;1654;1288;1654;1288;1702;1189;1702;Miele;AAAAA;undefined;OTHER;OTHER
invoice-1639.tiff;1;1;2480;3508;200980;1414;1654;114;48;1414;1654;1528;1654;1528;1702;1414;1702;857,50;NNNSNN;undefined;OTHER;OTHER
invoice-1639.tiff;1;1;2480;3508;200981;1539;1654;87;48;1539;1654;1626;1654;1626;1702;1539;1702;EUR;AAA;undefined;OTHER;OTHER
invoice-1639.tiff;1;1;2480;3508;200982;1755;1654;114;48;1755;1654;1869;1654;1869;1702;1755;1702;20.0%;NNSNS;undefined;OTHER;OTHER
invoice-1639.tiff;1;1;2480;3508;200983;1997;1654;114;48;1997;1654;2111;1654;2111;1702;1997;1702;857,50;NNNSNN;undefined;OTHER;OTHER
invoice-1639.tiff;1;1;2480;3508;200984;2122;1654;87;48;2122;1654;2209;1654;2209;1702;2122;1702;EUR;AAA;undefined;OTHER;OTHER
invoice-1639.tiff;1;1;2480;3508;200979;583;1702;182;48;583;1702;765;1702;765;1750;583;1750;K34272ID;ANNNNNAA;undefined;OTHER;OTHER
invoice-1639.tiff;1;1;2480;3508;200985;1808;1834;150;51;1808;1834;1958;1834;1958;1885;1808;1885;Amount;AAAAAA;undefined;OTHER;OTHER
invoice-1639.tiff;1;1;2480;3508;200986;1999;1834;114;46;1999;1834;2113;1834;2113;1880;1999;1880;894,70;NNNSNN;TWTX;TOTAL_WITHOUT_TAX;TWTXS
invoice-1639.tiff;1;1;2480;3508;200987;2125;1834;83;46;2125;1834;2208;1834;2208;1880;2125;1880;EUR;AAA;TWTX;TOTAL_WITHOUT_TAX;TWTXS
invoice-1639.tiff;1;1;2480;3508;200988;1702;1885;94;51;1702;1885;1796;1885;1796;1936;1702;1936;TVA;AAA;undefined;OTHER;OTHER
invoice-1639.tiff;1;1;2480;3508;200989;1808;1885;150;51;1808;1885;1958;1885;1958;1936;1808;1936;Amount;AAAAAA;undefined;OTHER;OTHER
invoice-1639.tiff;1;1;2480;3508;200990;1999;1885;114;46;1999;1885;2113;1885;2113;1931;1999;1931;178,94;NNNSNN;TTX;TOTAL_TAX;Total Tax
invoice-1639.tiff;1;1;2480;3508;200991;2125;1885;83;46;2125;1885;2208;1885;2208;1931;2125;1931;EUR;AAA;TTX;TOTAL_TAX;Total Tax
invoice-1639.tiff;1;1;2480;3508;200992;1679;1936;96;51;1679;1936;1775;1936;1775;1987;1679;1987;Total;AAAAA;undefined;OTHER;OTHER
invoice-1639.tiff;1;1;2480;3508;200993;1787;1936;150;51;1787;1936;1937;1936;1937;1987;1787;1987;Amount;AAAAAA;undefined;OTHER;OTHER
invoice-1639.tiff;1;1;2480;3508;200994;1979;1936;135;46;1979;1936;2114;1936;2114;1982;1979;1982;1073,64;NNNNSNN;TA;TOTAL_AMOUNT;Total with TAX
invoice-1639.tiff;1;1;2480;3508;200995;2125;1936;83;46;2125;1936;2208;1936;2208;1982;2125;1982;EUR;AAA;TA;TOTAL_AMOUNT;Total with TAX
invoice-1639.tiff;1;1;2480;3508;200996;124;2315;173;52;124;2315;297;2315;297;2367;124;2367;Payment;AAAAAAA;undefined;OTHER;OTHER
invoice-1639.tiff;1;1;2480;3508;200997;309;2315;84;52;309;2315;393;2315;393;2367;309;2367;type;AAAA;undefined;OTHER;OTHER
invoice-1639.tiff;1;1;2480;3508;200998;750;2315;87;46;750;2315;837;2315;837;2361;750;2361;Bank;AAAA;PMODE;PAYMENT_MODE;Payment Mode
invoice-1639.tiff;1;1;2480;3508;200999;848;2315;141;46;848;2315;989;2315;989;2361;848;2361;Transfer;AAAAAAAA;PMODE;PAYMENT_MODE;Payment Mode
invoice-1639.tiff;1;1;2480;3508;201000;1187;3175;60;48;1187;3175;1247;3175;1247;3223;1187;3223;UN;AA;SN;SUPPLIER_NAME;Seller/Company) name
invoice-1639.tiff;1;1;2480;3508;201001;1258;3175;113;48;1258;3175;1371;3175;1371;3223;1258;3223;JOUR;AAAA;SN;SUPPLIER_NAME;Seller/Company) name
invoice-1639.tiff;1;1;2480;3508;201002;1381;3175;212;48;1381;3175;1593;3175;1593;3223;1381;3223;AILLEURS;AAAAAAAA;SN;SUPPLIER_NAME;Seller/Company) name
invoice-1639.tiff;1;1;2480;3508;201003;1187;3223;76;45;1187;3223;1263;3223;1263;3268;1187;3268;LOT;AAA;SA;SUPPLIER_ADDRESS;Seller Address
invoice-1639.tiff;1;1;2480;3508;201004;1274;3223;34;45;1274;3223;1308;3223;1308;3268;1274;3268;W;A;SA;SUPPLIER_ADDRESS;Seller Address
invoice-1639.tiff;1;1;2480;3508;201005;1319;3223;62;45;1319;3223;1381;3223;1381;3268;1319;3268;105;NNN;SA;SUPPLIER_ADDRESS;Seller Address
invoice-1639.tiff;1;1;2480;3508;201006;1392;3223;148;45;1392;3223;1540;3223;1540;3268;1392;3268;NIVEAU;AAAAAA;SA;SUPPLIER_ADDRESS;Seller Address
invoice-1639.tiff;1;1;2480;3508;201007;1550;3223;20;45;1550;3223;1570;3223;1570;3268;1550;3268;1;N;SA;SUPPLIER_ADDRESS;Seller Address
invoice-1639.tiff;1;1;2480;3508;201008;1187;3268;104;45;1187;3268;1291;3268;1291;3313;1187;3313;77700;NNNNN;SA;SUPPLIER_ADDRESS;Seller Address
invoice-1639.tiff;1;1;2480;3508;201009;1333;3268;131;45;1333;3268;1464;3268;1464;3313;1333;3313;SERRIS;AAAAAA;SA;SUPPLIER_ADDRESS;Seller Address
