src;num_pages;page_id;page_width;page_height;id;col;row;width;height;x1;y1;x2;y2;x3;y3;x4;y4;contents;contents_masked;correctclass;tag;description
invoice-2959.tiff;1;1;2480;3508;364124;124;62;168;175;124;62;292;62;292;237;124;237;common/logo;AAAAAASAAAA;img;IMAGE;Image
invoice-2959.tiff;1;1;2480;3508;364139;1541;270;213;57;1541;270;1754;270;1754;327;1541;327;Référence;AAAAAAAAA;undefined;OTHER;OTHER
invoice-2959.tiff;1;1;2480;3508;364140;1767;270;50;57;1767;270;1817;270;1817;327;1767;327;de;AA;undefined;OTHER;OTHER
invoice-2959.tiff;1;1;2480;3508;364141;1830;270;38;57;1830;270;1868;270;1868;327;1830;327;la;AA;undefined;OTHER;OTHER
invoice-2959.tiff;1;1;2480;3508;364142;1881;270;152;57;1881;270;2033;270;2033;327;1881;327;facture;AAAAAAA;undefined;OTHER;OTHER
invoice-2959.tiff;1;1;2480;3508;364143;2097;270;183;50;2097;270;2280;270;2280;320;2097;320;54446018;NNNNNNNN;IN;INVOICE_NUMBER;Invoice Number
invoice-2959.tiff;1;1;2480;3508;364144;1541;349;99;57;1541;349;1640;349;1640;406;1541;406;Date;AAAA;undefined;OTHER;OTHER
invoice-2959.tiff;1;1;2480;3508;364145;1654;349;50;57;1654;349;1704;349;1704;406;1654;406;de;AA;undefined;OTHER;OTHER
invoice-2959.tiff;1;1;2480;3508;364146;1716;349;38;57;1716;349;1754;349;1754;406;1716;406;la;AA;undefined;OTHER;OTHER
invoice-2959.tiff;1;1;2480;3508;364147;1768;349;152;57;1768;349;1920;349;1920;406;1768;406;facture;AAAAAAA;undefined;OTHER;OTHER
invoice-2959.tiff;1;1;2480;3508;364148;1983;349;22;50;1983;349;2005;349;2005;399;1983;399;1;N;IDATE;INVOICE_DATE;Invoice Date
invoice-2959.tiff;1;1;2480;3508;364149;2017;349;61;50;2017;349;2078;349;2078;399;2017;399;sep;AAA;IDATE;INVOICE_DATE;Invoice Date
invoice-2959.tiff;1;1;2480;3508;364150;2090;349;91;50;2090;349;2181;349;2181;399;2090;399;1980;NNNN;IDATE;INVOICE_DATE;Invoice Date
invoice-2959.tiff;1;1;2480;3508;364125;124;412;57;48;124;412;181;412;181;460;124;460;LA;AA;SN;SUPPLIER_NAME;Seller/Company) name
invoice-2959.tiff;1;1;2480;3508;364126;193;412;150;48;193;412;343;412;343;460;193;460;KDOLE;AAAAA;SN;SUPPLIER_NAME;Seller/Company) name
invoice-2959.tiff;1;1;2480;3508;364127;354;412;57;48;354;412;411;412;411;460;354;460;DE;AA;SN;SUPPLIER_NAME;Seller/Company) name
invoice-2959.tiff;1;1;2480;3508;364128;422;412;145;48;422;412;567;412;567;460;422;460;MARIA;AAAAA;SN;SUPPLIER_NAME;Seller/Company) name
invoice-2959.tiff;1;1;2480;3508;364129;124;460;111;45;124;460;235;460;235;505;124;505;SAINT;AAAAA;SA;SUPPLIER_ADDRESS;Seller Address
invoice-2959.tiff;1;1;2480;3508;364130;246;460;171;45;246;460;417;460;417;505;246;505;VINCENT;AAAAAAA;SA;SUPPLIER_ADDRESS;Seller Address
invoice-2959.tiff;1;1;2480;3508;364131;124;506;104;45;124;506;228;506;228;551;124;551;69430;NNNNN;SA;SUPPLIER_ADDRESS;Seller Address
invoice-2959.tiff;1;1;2480;3508;364132;270;506;148;45;270;506;418;506;418;551;270;551;REGNIE;AAAAAA;SA;SUPPLIER_ADDRESS;Seller Address
invoice-2959.tiff;1;1;2480;3508;364133;429;506;182;45;429;506;611;506;611;551;429;551;DURETTE;AAAAAAA;SA;SUPPLIER_ADDRESS;Seller Address
invoice-2959.tiff;1;1;2480;3508;364134;124;552;157;45;124;552;281;552;281;597;124;597;FRANCE;AAAAAA;SA;SUPPLIER_ADDRESS;Seller Address
invoice-2959.tiff;1;1;2480;3508;364135;124;598;67;45;124;598;191;598;191;643;124;643;Tel:;AAAS;undefined;OTHER;OTHER
invoice-2959.tiff;1;1;2480;3508;364136;254;598;249;45;254;598;503;598;503;643;254;643;06.54.49.49.37;NNSNNSNNSNNSNN;SCN;SUPPLIER_CONTACT_NUMBER;Seller Contact Number
invoice-2959.tiff;1;1;2480;3508;364137;124;643;78;45;124;643;202;643;202;688;124;688;Fax:;AAAS;undefined;OTHER;OTHER
invoice-2959.tiff;1;1;2480;3508;364138;266;643;249;45;266;643;515;643;515;688;266;688;06.54.49.49.37;NNSNNSNNSNNSNN;SFAX;SUPPLIER_FAX_NUMBER;Seller Fax Number
invoice-2959.tiff;1;1;2480;3508;364161;1541;884;195;52;1541;884;1736;884;1736;936;1541;936;Référence;AAAAAAAAA;undefined;OTHER;OTHER
invoice-2959.tiff;1;1;2480;3508;364162;1749;884;45;52;1749;884;1794;884;1794;936;1749;936;de;AA;undefined;OTHER;OTHER
invoice-2959.tiff;1;1;2480;3508;364163;1806;884;106;52;1806;884;1912;884;1912;936;1806;936;client;AAAAAA;undefined;OTHER;OTHER
invoice-2959.tiff;1;1;2480;3508;364164;2166;884;104;46;2166;884;2270;884;2270;930;2166;930;22899;NNNNN;CNUM;CLIENT_NUMBER;Client Number
invoice-2959.tiff;1;1;2480;3508;364151;124;931;136;48;124;931;260;931;260;979;124;979;Nguyen;AAAAAA;BN;BILLING_NAME;Billing Name
invoice-2959.tiff;1;1;2480;3508;364152;271;931;108;48;271;931;379;931;379;979;271;979;Ethan;AAAAA;BN;BILLING_NAME;Billing Name
invoice-2959.tiff;1;1;2480;3508;364165;1541;958;195;52;1541;958;1736;958;1736;1010;1541;1010;Référence;AAAAAAAAA;undefined;OTHER;OTHER
invoice-2959.tiff;1;1;2480;3508;364166;1749;958;45;52;1749;958;1794;958;1794;1010;1749;1010;de;AA;undefined;OTHER;OTHER
invoice-2959.tiff;1;1;2480;3508;364167;1806;958;35;52;1806;958;1841;958;1841;1010;1806;1010;la;AA;undefined;OTHER;OTHER
invoice-2959.tiff;1;1;2480;3508;364168;1853;958;213;52;1853;958;2066;958;2066;1010;1853;1010;commande;AAAAAAAA;undefined;OTHER;OTHER
invoice-2959.tiff;1;1;2480;3508;364169;2166;958;83;46;2166;958;2249;958;2249;1004;2166;1004;1722;NNNN;ONUM;ORDER_NUMBER;Order Number
invoice-2959.tiff;1;1;2480;3508;364153;124;979;52;45;124;979;176;979;176;1024;124;1024;30,;NNS;BA;BILLING_ADDRESS;Billing Address
invoice-2959.tiff;1;1;2480;3508;364154;187;979;81;45;187;979;268;979;268;1024;187;1024;allée;AAAAA;BA;BILLING_ADDRESS;Billing Address
invoice-2959.tiff;1;1;2480;3508;364155;278;979;41;45;278;979;319;979;319;1024;278;1024;du;AA;BA;BILLING_ADDRESS;Billing Address
invoice-2959.tiff;1;1;2480;3508;364156;331;979;74;45;331;979;405;979;405;1024;331;1024;petit;AAAAA;BA;BILLING_ADDRESS;Billing Address
invoice-2959.tiff;1;1;2480;3508;364157;415;979;76;45;415;979;491;979;491;1024;415;1024;parc;AAAA;BA;BILLING_ADDRESS;Billing Address
invoice-2959.tiff;1;1;2480;3508;364158;124;1025;104;45;124;1025;228;1025;228;1070;124;1070;33210;NNNNN;BA;BILLING_ADDRESS;Billing Address
invoice-2959.tiff;1;1;2480;3508;364159;270;1025;155;45;270;1025;425;1025;425;1070;270;1070;Toulenne;AAAAAAAA;BA;BILLING_ADDRESS;Billing Address
invoice-2959.tiff;1;1;2480;3508;364170;1541;1032;112;52;1541;1032;1653;1032;1653;1084;1541;1084;Mode;AAAA;undefined;OTHER;OTHER
invoice-2959.tiff;1;1;2480;3508;364171;1665;1032;45;52;1665;1032;1710;1032;1710;1084;1665;1084;de;AA;undefined;OTHER;OTHER
invoice-2959.tiff;1;1;2480;3508;364172;1722;1032;195;52;1722;1032;1917;1032;1917;1084;1722;1084;règlement;AAAAAAAAA;undefined;OTHER;OTHER
invoice-2959.tiff;1;1;2480;3508;364173;2166;1032;55;46;2166;1032;2221;1032;2221;1078;2166;1078;CB;AA;PMODE;PAYMENT_MODE;Payment Mode
invoice-2959.tiff;1;1;2480;3508;364160;124;1071;120;45;124;1071;244;1071;244;1116;124;1116;France;AAAAAA;BA;BILLING_ADDRESS;Billing Address
invoice-2959.tiff;1;1;2480;3508;364174;214;1537;71;52;214;1537;285;1537;285;1589;214;1589;Qté;AAA;undefined;OTHER;OTHER
invoice-2959.tiff;1;1;2480;3508;364175;696;1537;231;52;696;1537;927;1537;927;1589;696;1589;Désignation;AAAAAAAAAAA;undefined;OTHER;OTHER
invoice-2959.tiff;1;1;2480;3508;364176;1386;1537;61;52;1386;1537;1447;1537;1447;1589;1386;1589;UP;AA;undefined;OTHER;OTHER
invoice-2959.tiff;1;1;2480;3508;364177;1701;1537;96;52;1701;1537;1797;1537;1797;1589;1701;1589;TVA;AAA;undefined;OTHER;OTHER
invoice-2959.tiff;1;1;2480;3508;364178;1947;1537;170;52;1947;1537;2117;1537;2117;1589;1947;1589;Montant;AAAAAAA;undefined;OTHER;OTHER
invoice-2959.tiff;1;1;2480;3508;364179;2129;1537;89;52;2129;1537;2218;1537;2218;1589;2129;1589;H.T.;ASAS;undefined;OTHER;OTHER
invoice-2959.tiff;1;1;2480;3508;364180;239;1610;20;48;239;1610;259;1610;259;1658;239;1658;3;N;undefined;OTHER;OTHER
invoice-2959.tiff;1;1;2480;3508;364181;375;1610;185;48;375;1610;560;1610;560;1658;375;1658;Téléphone;AAAAAAAAA;undefined;OTHER;OTHER
invoice-2959.tiff;1;1;2480;3508;364182;570;1610;76;48;570;1610;646;1610;646;1658;570;1658;sans;AAAA;undefined;OTHER;OTHER
invoice-2959.tiff;1;1;2480;3508;364183;657;1610;37;48;657;1610;694;1610;694;1658;657;1658;fil;AAA;undefined;OTHER;OTHER
invoice-2959.tiff;1;1;2480;3508;364184;704;1610;90;48;704;1610;794;1610;794;1658;704;1658;Doro;AAAA;undefined;OTHER;OTHER
invoice-2959.tiff;1;1;2480;3508;364185;805;1610;111;48;805;1610;916;1610;916;1658;805;1658;Phone;AAAAA;undefined;OTHER;OTHER
invoice-2959.tiff;1;1;2480;3508;364186;927;1610;85;48;927;1610;1012;1610;1012;1658;927;1658;Easy;AAAA;undefined;OTHER;OTHER
invoice-2959.tiff;1;1;2480;3508;364187;1023;1610;104;48;1023;1610;1127;1610;1127;1658;1023;1658;100W;NNNA;undefined;OTHER;OTHER
invoice-2959.tiff;1;1;2480;3508;364188;1137;1610;67;48;1137;1610;1204;1610;1204;1658;1137;1658;duo;AAA;undefined;OTHER;OTHER
invoice-2959.tiff;1;1;2480;3508;364190;1320;1610;93;48;1320;1610;1413;1610;1413;1658;1320;1658;49,93;NNSNN;undefined;OTHER;OTHER
invoice-2959.tiff;1;1;2480;3508;364191;1424;1610;87;48;1424;1610;1511;1610;1511;1658;1424;1658;EUR;AAA;undefined;OTHER;OTHER
invoice-2959.tiff;1;1;2480;3508;364192;1692;1610;114;48;1692;1610;1806;1610;1806;1658;1692;1658;20.0%;NNSNS;undefined;OTHER;OTHER
invoice-2959.tiff;1;1;2480;3508;364193;1976;1610;114;48;1976;1610;2090;1610;2090;1658;1976;1658;149,80;NNNSNN;undefined;OTHER;OTHER
invoice-2959.tiff;1;1;2480;3508;364194;2101;1610;87;48;2101;1610;2188;1610;2188;1658;2101;1658;EUR;AAA;undefined;OTHER;OTHER
invoice-2959.tiff;1;1;2480;3508;364189;375;1658;81;48;375;1658;456;1658;456;1706;375;1706;Noir;AAAA;undefined;OTHER;OTHER
invoice-2959.tiff;1;1;2480;3508;364195;239;1748;20;48;239;1748;259;1748;259;1796;239;1796;1;N;undefined;OTHER;OTHER
invoice-2959.tiff;1;1;2480;3508;364196;375;1748;76;48;375;1748;451;1748;451;1796;375;1796;Etui;AAAA;undefined;OTHER;OTHER
invoice-2959.tiff;1;1;2480;3508;364197;461;1748;180;48;461;1748;641;1748;641;1796;461;1796;Essentielb;AAAAAAAAAA;undefined;OTHER;OTHER
invoice-2959.tiff;1;1;2480;3508;364198;652;1748;81;48;652;1748;733;1748;733;1796;652;1796;iPad;AAAA;undefined;OTHER;OTHER
invoice-2959.tiff;1;1;2480;3508;364199;744;1748;64;48;744;1748;808;1748;808;1796;744;1796;Pro;AAA;undefined;OTHER;OTHER
invoice-2959.tiff;1;1;2480;3508;364200;819;1748;84;48;819;1748;903;1748;903;1796;819;1796;12,9';NNSNS;undefined;OTHER;OTHER
invoice-2959.tiff;1;1;2480;3508;364201;914;1748;113;48;914;1748;1027;1748;1027;1796;914;1796;rotatif;AAAAAAA;undefined;OTHER;OTHER
invoice-2959.tiff;1;1;2480;3508;364202;1038;1748;81;48;1038;1748;1119;1748;1119;1796;1038;1796;Noir;AAAA;undefined;OTHER;OTHER
invoice-2959.tiff;1;1;2480;3508;364203;1320;1748;93;48;1320;1748;1413;1748;1413;1796;1320;1796;24,99;NNSNN;undefined;OTHER;OTHER
invoice-2959.tiff;1;1;2480;3508;364204;1424;1748;87;48;1424;1748;1511;1748;1511;1796;1424;1796;EUR;AAA;undefined;OTHER;OTHER
invoice-2959.tiff;1;1;2480;3508;364205;1692;1748;114;48;1692;1748;1806;1748;1806;1796;1692;1796;20.0%;NNSNS;undefined;OTHER;OTHER
invoice-2959.tiff;1;1;2480;3508;364206;1987;1748;93;48;1987;1748;2080;1748;2080;1796;1987;1796;24,99;NNSNN;undefined;OTHER;OTHER
invoice-2959.tiff;1;1;2480;3508;364207;2091;1748;87;48;2091;1748;2178;1748;2178;1796;2091;1796;EUR;AAA;undefined;OTHER;OTHER
invoice-2959.tiff;1;1;2480;3508;364208;239;1838;20;48;239;1838;259;1838;259;1886;239;1886;3;N;undefined;OTHER;OTHER
invoice-2959.tiff;1;1;2480;3508;364209;375;1838;111;48;375;1838;486;1838;486;1886;375;1886;Cadre;AAAAA;undefined;OTHER;OTHER
invoice-2959.tiff;1;1;2480;3508;364210;496;1838;69;48;496;1838;565;1838;565;1886;496;1886;The;AAA;undefined;OTHER;OTHER
invoice-2959.tiff;1;1;2480;3508;364211;576;1838;117;48;576;1838;693;1838;693;1886;576;1886;Frame;AAAAA;undefined;OTHER;OTHER
invoice-2959.tiff;1;1;2480;3508;364212;704;1838;162;48;704;1838;866;1838;866;1886;704;1886;Samsung;AAAAAAA;undefined;OTHER;OTHER
invoice-2959.tiff;1;1;2480;3508;364213;877;1838;64;48;877;1838;941;1838;941;1886;877;1886;"55""";NNS;undefined;OTHER;OTHER
invoice-2959.tiff;1;1;2480;3508;364214;952;1838;97;48;952;1838;1049;1838;1049;1886;952;1886;blanc;AAAAA;undefined;OTHER;OTHER
invoice-2959.tiff;1;1;2480;3508;364215;1310;1838;114;48;1310;1838;1424;1838;1424;1886;1310;1886;207,50;NNNSNN;undefined;OTHER;OTHER
invoice-2959.tiff;1;1;2480;3508;364216;1435;1838;87;48;1435;1838;1522;1838;1522;1886;1435;1886;EUR;AAA;undefined;OTHER;OTHER
invoice-2959.tiff;1;1;2480;3508;364217;1692;1838;114;48;1692;1838;1806;1838;1806;1886;1692;1886;20.0%;NNSNS;undefined;OTHER;OTHER
invoice-2959.tiff;1;1;2480;3508;364218;1976;1838;114;48;1976;1838;2090;1838;2090;1886;1976;1886;622,50;NNNSNN;undefined;OTHER;OTHER
invoice-2959.tiff;1;1;2480;3508;364219;2101;1838;87;48;2101;1838;2188;1838;2188;1886;2101;1886;EUR;AAA;undefined;OTHER;OTHER
invoice-2959.tiff;1;1;2480;3508;364220;239;1927;20;48;239;1927;259;1927;259;1975;239;1975;4;N;undefined;OTHER;OTHER
invoice-2959.tiff;1;1;2480;3508;364221;375;1927;131;48;375;1927;506;1927;506;1975;375;1975;Casque;AAAAAA;undefined;OTHER;OTHER
invoice-2959.tiff;1;1;2480;3508;364222;517;1927;113;48;517;1927;630;1927;630;1975;517;1975;gamer;AAAAA;undefined;OTHER;OTHER
invoice-2959.tiff;1;1;2480;3508;364223;641;1927;69;48;641;1927;710;1927;710;1975;641;1975;The;AAA;undefined;OTHER;OTHER
invoice-2959.tiff;1;1;2480;3508;364224;721;1927;106;48;721;1927;827;1927;827;1975;721;1975;g-Lab;ASAAA;undefined;OTHER;OTHER
invoice-2959.tiff;1;1;2480;3508;364225;837;1927;131;48;837;1927;968;1927;968;1975;837;1975;Casque;AAAAAA;undefined;OTHER;OTHER
invoice-2959.tiff;1;1;2480;3508;364226;980;1927;69;48;980;1927;1049;1927;1049;1975;980;1975;The;AAA;undefined;OTHER;OTHER
invoice-2959.tiff;1;1;2480;3508;364227;1060;1927;118;48;1060;1927;1178;1927;1178;1975;1060;1975;G-Lab;ASAAA;undefined;OTHER;OTHER
invoice-2959.tiff;1;1;2480;3508;364229;1320;1927;93;48;1320;1927;1413;1927;1413;1975;1320;1975;52,42;NNSNN;undefined;OTHER;OTHER
invoice-2959.tiff;1;1;2480;3508;364230;1424;1927;87;48;1424;1927;1511;1927;1511;1975;1424;1975;EUR;AAA;undefined;OTHER;OTHER
invoice-2959.tiff;1;1;2480;3508;364231;1692;1927;114;48;1692;1927;1806;1927;1806;1975;1692;1975;20.0%;NNSNS;undefined;OTHER;OTHER
invoice-2959.tiff;1;1;2480;3508;364232;1976;1927;114;48;1976;1927;2090;1927;2090;1975;1976;1975;209,67;NNNSNN;undefined;OTHER;OTHER
invoice-2959.tiff;1;1;2480;3508;364233;2101;1927;87;48;2101;1927;2188;1927;2188;1975;2101;1975;EUR;AAA;undefined;OTHER;OTHER
invoice-2959.tiff;1;1;2480;3508;364228;375;1975;182;48;375;1975;557;1975;557;2023;375;2023;KORP300;AAAANNN;undefined;OTHER;OTHER
invoice-2959.tiff;1;1;2480;3508;364234;1417;2107;150;51;1417;2107;1567;2107;1567;2158;1417;2158;TOTAL;AAAAA;undefined;OTHER;OTHER
invoice-2959.tiff;1;1;2480;3508;364235;1579;2107;168;51;1579;2107;1747;2107;1747;2158;1579;2158;REMISE;AAAAAA;undefined;OTHER;OTHER
invoice-2959.tiff;1;1;2480;3508;364236;1758;2107;262;51;1758;2107;2020;2107;2020;2158;1758;2158;IMMEDIATE;AAAAAAAAA;undefined;OTHER;OTHER
invoice-2959.tiff;1;1;2480;3508;364237;2041;2107;72;46;2041;2107;2113;2107;2113;2153;2041;2153;0,00;NSNN;undefined;OTHER;OTHER
invoice-2959.tiff;1;1;2480;3508;364238;2125;2107;83;46;2125;2107;2208;2107;2208;2153;2125;2153;EUR;AAA;undefined;OTHER;OTHER
invoice-2959.tiff;1;1;2480;3508;364239;1686;2158;155;51;1686;2158;1841;2158;1841;2209;1686;2209;Montant;AAAAAAA;undefined;OTHER;OTHER
invoice-2959.tiff;1;1;2480;3508;364240;1853;2158;84;51;1853;2158;1937;2158;1937;2209;1853;2209;H.T.;ASAS;undefined;OTHER;OTHER
invoice-2959.tiff;1;1;2480;3508;364241;1979;2158;135;46;1979;2158;2114;2158;2114;2204;1979;2204;1006,96;NNNNSNN;TWTX;TOTAL_WITHOUT_TAX;TWTXS
invoice-2959.tiff;1;1;2480;3508;364242;2125;2158;83;46;2125;2158;2208;2158;2208;2204;2125;2204;EUR;AAA;TWTX;TOTAL_WITHOUT_TAX;TWTXS
invoice-2959.tiff;1;1;2480;3508;364243;1697;2209;155;51;1697;2209;1852;2209;1852;2260;1697;2260;Montant;AAAAAAA;undefined;OTHER;OTHER
invoice-2959.tiff;1;1;2480;3508;364244;1864;2209;94;51;1864;2209;1958;2209;1958;2260;1864;2260;TVA;AAA;undefined;OTHER;OTHER
invoice-2959.tiff;1;1;2480;3508;364245;1999;2209;114;46;1999;2209;2113;2209;2113;2255;1999;2255;201,39;NNNSNN;TTX;TOTAL_TAX;Total Tax
invoice-2959.tiff;1;1;2480;3508;364246;2125;2209;83;46;2125;2209;2208;2209;2208;2255;2125;2255;EUR;AAA;TTX;TOTAL_TAX;Total Tax
invoice-2959.tiff;1;1;2480;3508;364247;1684;2260;155;51;1684;2260;1839;2260;1839;2311;1684;2311;Montant;AAAAAAA;undefined;OTHER;OTHER
invoice-2959.tiff;1;1;2480;3508;364248;1850;2260;86;51;1850;2260;1936;2260;1936;2311;1850;2311;TTC;AAA;undefined;OTHER;OTHER
invoice-2959.tiff;1;1;2480;3508;364249;1979;2260;135;46;1979;2260;2114;2260;2114;2306;1979;2306;1208,35;NNNNSNN;TA;TOTAL_AMOUNT;Total with TAX
invoice-2959.tiff;1;1;2480;3508;364250;2125;2260;83;46;2125;2260;2208;2260;2208;2306;2125;2306;EUR;AAA;TA;TOTAL_AMOUNT;Total with TAX
invoice-2959.tiff;1;1;2480;3508;364251;1806;3175;57;48;1806;3175;1863;3175;1863;3223;1806;3223;LA;AA;SN;SUPPLIER_NAME;Seller/Company) name
invoice-2959.tiff;1;1;2480;3508;364252;1874;3175;150;48;1874;3175;2024;3175;2024;3223;1874;3223;KDOLE;AAAAA;SN;SUPPLIER_NAME;Seller/Company) name
invoice-2959.tiff;1;1;2480;3508;364253;2035;3175;57;48;2035;3175;2092;3175;2092;3223;2035;3223;DE;AA;SN;SUPPLIER_NAME;Seller/Company) name
invoice-2959.tiff;1;1;2480;3508;364254;2104;3175;145;48;2104;3175;2249;3175;2249;3223;2104;3223;MARIA;AAAAA;SN;SUPPLIER_NAME;Seller/Company) name
invoice-2959.tiff;1;1;2480;3508;364255;1320;3223;111;45;1320;3223;1431;3223;1431;3268;1320;3268;SAINT;AAAAA;SA;SUPPLIER_ADDRESS;Seller Address
invoice-2959.tiff;1;1;2480;3508;364256;1442;3223;171;45;1442;3223;1613;3223;1613;3268;1442;3268;VINCENT;AAAAAAA;SA;SUPPLIER_ADDRESS;Seller Address
invoice-2959.tiff;1;1;2480;3508;364257;1621;3223;104;45;1621;3223;1725;3223;1725;3268;1621;3268;69430;NNNNN;SA;SUPPLIER_ADDRESS;Seller Address
invoice-2959.tiff;1;1;2480;3508;364258;1734;3223;148;45;1734;3223;1882;3223;1882;3268;1734;3268;REGNIE;AAAAAA;SA;SUPPLIER_ADDRESS;Seller Address
invoice-2959.tiff;1;1;2480;3508;364259;1893;3223;182;45;1893;3223;2075;3223;2075;3268;1893;3268;DURETTE;AAAAAAA;SA;SUPPLIER_ADDRESS;Seller Address
invoice-2959.tiff;1;1;2480;3508;364260;2084;3223;157;45;2084;3223;2241;3223;2241;3268;2084;3268;FRANCE;AAAAAA;SA;SUPPLIER_ADDRESS;Seller Address
