src;num_pages;page_id;page_width;page_height;id;col;row;width;height;x1;y1;x2;y2;x3;y3;x4;y4;contents;contents_masked;correctclass;tag;description
invoice-2035.tiff;1;1;2480;3508;250108;1541;62;322;175;1541;62;1863;62;1863;237;1541;237;common/logo;AAAAAASAAAA;img;IMAGE;Image
invoice-2035.tiff;1;1;2480;3508;250105;124;270;166;57;124;270;290;270;290;327;124;327;Facture;AAAAAAA;undefined;OTHER;OTHER
invoice-2035.tiff;1;1;2480;3508;250106;304;270;47;57;304;270;351;270;351;327;304;327;n°;AS;undefined;OTHER;OTHER
invoice-2035.tiff;1;1;2480;3508;250107;414;270;330;50;414;270;744;270;744;320;414;320;BK-RI-834314-64;AASAASNNNNNNSNN;IN;INVOICE_NUMBER;Invoice Number
invoice-2035.tiff;1;1;2480;3508;250109;1541;412;189;48;1541;412;1730;412;1730;460;1541;460;CABINET;AAAAAAA;SN;SUPPLIER_NAME;Seller/Company) name
invoice-2035.tiff;1;1;2480;3508;250110;1741;412;131;48;1741;412;1872;412;1872;460;1741;460;POTIN;AAAAA;SN;SUPPLIER_NAME;Seller/Company) name
invoice-2035.tiff;1;1;2480;3508;250111;1884;412;199;48;1884;412;2083;412;2083;460;1884;460;RICHARD;AAAAAAA;SN;SUPPLIER_NAME;Seller/Company) name
invoice-2035.tiff;1;1;2480;3508;250112;1541;460;62;45;1541;460;1603;460;1603;505;1541;505;320;NNN;SA;SUPPLIER_ADDRESS;Seller Address
invoice-2035.tiff;1;1;2480;3508;250113;1614;460;159;45;1614;460;1773;460;1773;505;1614;505;AVENUE;AAAAAA;SA;SUPPLIER_ADDRESS;Seller Address
invoice-2035.tiff;1;1;2480;3508;250114;1784;460;55;45;1784;460;1839;460;1839;505;1784;505;DE;AA;SA;SUPPLIER_ADDRESS;Seller Address
invoice-2035.tiff;1;1;2480;3508;250115;1850;460;212;45;1850;460;2062;460;2062;505;1850;505;PROVENCE;AAAAAAAA;SA;SUPPLIER_ADDRESS;Seller Address
invoice-2035.tiff;1;1;2480;3508;250116;1541;506;104;45;1541;506;1645;506;1645;551;1541;551;83600;NNNNN;SA;SUPPLIER_ADDRESS;Seller Address
invoice-2035.tiff;1;1;2480;3508;250117;1687;506;145;45;1687;506;1832;506;1832;551;1687;551;FREJUS;AAAAAA;SA;SUPPLIER_ADDRESS;Seller Address
invoice-2035.tiff;1;1;2480;3508;250118;1541;552;157;45;1541;552;1698;552;1698;597;1541;597;FRANCE;AAAAAA;SA;SUPPLIER_ADDRESS;Seller Address
invoice-2035.tiff;1;1;2480;3508;250119;1541;598;173;45;1541;598;1714;598;1714;643;1541;643;Téléphone;AAAAAAAAA;undefined;OTHER;OTHER
invoice-2035.tiff;1;1;2480;3508;250120;1777;598;69;45;1777;598;1846;598;1846;643;1777;643;+33;SNN;SCN;SUPPLIER_CONTACT_NUMBER;Seller Contact Number
invoice-2035.tiff;1;1;2480;3508;250121;1857;598;48;45;1857;598;1905;598;1905;643;1857;643;(0);SNS;SCN;SUPPLIER_CONTACT_NUMBER;Seller Contact Number
invoice-2035.tiff;1;1;2480;3508;250122;1916;598;20;45;1916;598;1936;598;1936;643;1916;643;4;N;SCN;SUPPLIER_CONTACT_NUMBER;Seller Contact Number
invoice-2035.tiff;1;1;2480;3508;250123;1948;598;41;45;1948;598;1989;598;1989;643;1948;643;14;NN;SCN;SUPPLIER_CONTACT_NUMBER;Seller Contact Number
invoice-2035.tiff;1;1;2480;3508;250124;2000;598;41;45;2000;598;2041;598;2041;643;2000;643;89;NN;SCN;SUPPLIER_CONTACT_NUMBER;Seller Contact Number
invoice-2035.tiff;1;1;2480;3508;250125;2052;598;41;45;2052;598;2093;598;2093;643;2052;643;97;NN;SCN;SUPPLIER_CONTACT_NUMBER;Seller Contact Number
invoice-2035.tiff;1;1;2480;3508;250126;2104;598;41;45;2104;598;2145;598;2145;643;2104;643;00;NN;SCN;SUPPLIER_CONTACT_NUMBER;Seller Contact Number
invoice-2035.tiff;1;1;2480;3508;250127;1541;643;162;45;1541;643;1703;643;1703;688;1541;688;Télécopie;AAAAAAAAA;undefined;OTHER;OTHER
invoice-2035.tiff;1;1;2480;3508;250128;1766;643;69;45;1766;643;1835;643;1835;688;1766;688;+33;SNN;SFAX;SUPPLIER_FAX_NUMBER;Seller Fax Number
invoice-2035.tiff;1;1;2480;3508;250129;1846;643;48;45;1846;643;1894;643;1894;688;1846;688;(0);SNS;SFAX;SUPPLIER_FAX_NUMBER;Seller Fax Number
invoice-2035.tiff;1;1;2480;3508;250130;1905;643;20;45;1905;643;1925;643;1925;688;1905;688;4;N;SFAX;SUPPLIER_FAX_NUMBER;Seller Fax Number
invoice-2035.tiff;1;1;2480;3508;250131;1936;643;41;45;1936;643;1977;643;1977;688;1936;688;14;NN;SFAX;SUPPLIER_FAX_NUMBER;Seller Fax Number
invoice-2035.tiff;1;1;2480;3508;250132;1988;643;41;45;1988;643;2029;643;2029;688;1988;688;89;NN;SFAX;SUPPLIER_FAX_NUMBER;Seller Fax Number
invoice-2035.tiff;1;1;2480;3508;250133;2040;643;41;45;2040;643;2081;643;2081;688;2040;688;16;NN;SFAX;SUPPLIER_FAX_NUMBER;Seller Fax Number
invoice-2035.tiff;1;1;2480;3508;250134;2092;643;41;45;2092;643;2133;643;2133;688;2092;688;28;NN;SFAX;SUPPLIER_FAX_NUMBER;Seller Fax Number
invoice-2035.tiff;1;1;2480;3508;250135;124;1016;261;57;124;1016;385;1016;385;1073;124;1073;Destinataire;AAAAAAAAAAAA;undefined;OTHER;OTHER
invoice-2035.tiff;1;1;2480;3508;250136;124;1073;74;48;124;1073;198;1073;198;1121;124;1121;Ines;AAAA;BN;BILLING_NAME;Billing Name
invoice-2035.tiff;1;1;2480;3508;250137;209;1073;87;48;209;1073;296;1073;296;1121;209;1121;Huet;AAAA;BN;BILLING_NAME;Billing Name
invoice-2035.tiff;1;1;2480;3508;250138;124;1121;93;45;124;1121;217;1121;217;1166;124;1166;5161,;NNNNS;BA;BILLING_ADDRESS;Billing Address
invoice-2035.tiff;1;1;2480;3508;250139;229;1121;30;45;229;1121;259;1121;259;1166;229;1166;le;AA;BA;BILLING_ADDRESS;Billing Address
invoice-2035.tiff;1;1;2480;3508;250140;269;1121;118;45;269;1121;387;1121;387;1166;269;1166;mazieu;AAAAAA;BA;BILLING_ADDRESS;Billing Address
invoice-2035.tiff;1;1;2480;3508;250141;124;1167;104;45;124;1167;228;1167;228;1212;124;1212;12380;NNNNN;BA;BILLING_ADDRESS;Billing Address
invoice-2035.tiff;1;1;2480;3508;250142;270;1167;185;45;270;1167;455;1167;455;1212;270;1212;Pousthomy;AAAAAAAAA;BA;BILLING_ADDRESS;Billing Address
invoice-2035.tiff;1;1;2480;3508;250154;1541;1206;58;52;1541;1206;1599;1206;1599;1258;1541;1258;Du;AA;undefined;OTHER;OTHER
invoice-2035.tiff;1;1;2480;3508;250155;2166;1206;41;46;2166;1206;2207;1206;2207;1252;2166;1252;16;NN;IDATE;INVOICE_DATE;Invoice Date
invoice-2035.tiff;1;1;2480;3508;250156;2218;1206;53;46;2218;1206;2271;1206;2271;1252;2218;1252;abr;AAA;IDATE;INVOICE_DATE;Invoice Date
invoice-2035.tiff;1;1;2480;3508;250157;2282;1206;83;46;2282;1206;2365;1206;2365;1252;2282;1252;2000;NNNN;IDATE;INVOICE_DATE;Invoice Date
invoice-2035.tiff;1;1;2480;3508;250143;124;1213;120;45;124;1213;244;1213;244;1258;124;1258;France;AAAAAA;BA;BILLING_ADDRESS;Billing Address
invoice-2035.tiff;1;1;2480;3508;250158;1541;1280;119;52;1541;1280;1660;1280;1660;1332;1541;1332;Client;AAAAAA;undefined;OTHER;OTHER
invoice-2035.tiff;1;1;2480;3508;250159;1672;1280;43;52;1672;1280;1715;1280;1715;1332;1672;1332;n°;AS;undefined;OTHER;OTHER
invoice-2035.tiff;1;1;2480;3508;250160;2166;1280;259;46;2166;1280;2425;1280;2425;1326;2166;1326;BN-ZK-020-35;AASAASNNNSNN;CNUM;CLIENT_NUMBER;Client Number
invoice-2035.tiff;1;1;2480;3508;250144;124;1301;205;57;124;1301;329;1301;329;1358;124;1358;Livraison;AAAAAAAAA;undefined;OTHER;OTHER
invoice-2035.tiff;1;1;2480;3508;250145;343;1301;25;57;343;1301;368;1301;368;1358;343;1358;à;A;undefined;OTHER;OTHER
invoice-2035.tiff;1;1;2480;3508;250146;124;1358;74;48;124;1358;198;1358;198;1406;124;1406;Ines;AAAA;SHN;SHIPPING_NAME;Shipping Name
invoice-2035.tiff;1;1;2480;3508;250147;209;1358;87;48;209;1358;296;1358;296;1406;209;1406;Huet;AAAA;SHN;SHIPPING_NAME;Shipping Name
invoice-2035.tiff;1;1;2480;3508;250148;124;1406;93;45;124;1406;217;1406;217;1451;124;1451;5161,;NNNNS;SHA;SHIPPING_ADDRESS;Shipping Address
invoice-2035.tiff;1;1;2480;3508;250149;229;1406;30;45;229;1406;259;1406;259;1451;229;1451;le;AA;SHA;SHIPPING_ADDRESS;Shipping Address
invoice-2035.tiff;1;1;2480;3508;250150;269;1406;118;45;269;1406;387;1406;387;1451;269;1451;mazieu;AAAAAA;SHA;SHIPPING_ADDRESS;Shipping Address
invoice-2035.tiff;1;1;2480;3508;250151;124;1452;104;45;124;1452;228;1452;228;1497;124;1497;12380;NNNNN;SHA;SHIPPING_ADDRESS;Shipping Address
invoice-2035.tiff;1;1;2480;3508;250152;270;1452;185;45;270;1452;455;1452;455;1497;270;1497;Pousthomy;AAAAAAAAA;SHA;SHIPPING_ADDRESS;Shipping Address
invoice-2035.tiff;1;1;2480;3508;250153;124;1498;120;45;124;1498;244;1498;244;1543;124;1543;France;AAAAAA;SHA;SHIPPING_ADDRESS;Shipping Address
invoice-2035.tiff;1;1;2480;3508;250161;161;1821;92;52;161;1821;253;1821;253;1873;161;1873;Non.;AAAS;undefined;OTHER;OTHER
invoice-2035.tiff;1;1;2480;3508;250162;401;1821;71;52;401;1821;472;1821;472;1873;401;1873;Qté;AAA;undefined;OTHER;OTHER
invoice-2035.tiff;1;1;2480;3508;250163;863;1821;231;52;863;1821;1094;1821;1094;1873;863;1873;Désignation;AAAAAAAAAAA;undefined;OTHER;OTHER
invoice-2035.tiff;1;1;2480;3508;250164;1490;1821;61;52;1490;1821;1551;1821;1551;1873;1490;1873;UP;AA;undefined;OTHER;OTHER
invoice-2035.tiff;1;1;2480;3508;250165;1764;1821;96;52;1764;1821;1860;1821;1860;1873;1764;1873;TVA;AAA;undefined;OTHER;OTHER
invoice-2035.tiff;1;1;2480;3508;250166;1968;1821;170;52;1968;1821;2138;1821;2138;1873;1968;1873;Montant;AAAAAAA;undefined;OTHER;OTHER
invoice-2035.tiff;1;1;2480;3508;250167;2150;1821;89;52;2150;1821;2239;1821;2239;1873;2150;1873;H.T.;ASAS;undefined;OTHER;OTHER
invoice-2035.tiff;1;1;2480;3508;250168;197;1895;20;48;197;1895;217;1895;217;1943;197;1943;1;N;undefined;OTHER;OTHER
invoice-2035.tiff;1;1;2480;3508;250169;427;1895;20;48;427;1895;447;1895;447;1943;427;1943;1;N;undefined;OTHER;OTHER
invoice-2035.tiff;1;1;2480;3508;250170;583;1895;122;48;583;1895;705;1895;705;1943;583;1943;Disque;AAAAAA;undefined;OTHER;OTHER
invoice-2035.tiff;1;1;2480;3508;250171;716;1895;64;48;716;1895;780;1895;780;1943;716;1943;dur;AAA;undefined;OTHER;OTHER
invoice-2035.tiff;1;1;2480;3508;250172;791;1895;131;48;791;1895;922;1895;922;1943;791;1943;externe;AAAAAAA;undefined;OTHER;OTHER
invoice-2035.tiff;1;1;2480;3508;250173;934;1895;136;48;934;1895;1070;1895;1070;1943;934;1943;Seagate;AAAAAAA;undefined;OTHER;OTHER
invoice-2035.tiff;1;1;2480;3508;250174;1080;1895;75;48;1080;1895;1155;1895;1155;1943;1080;1943;2.5'';NSNSS;undefined;OTHER;OTHER
invoice-2035.tiff;1;1;2480;3508;250175;1166;1895;69;48;1166;1895;1235;1895;1235;1943;1166;1943;4To;NAA;undefined;OTHER;OTHER
invoice-2035.tiff;1;1;2480;3508;250176;1246;1895;90;48;1246;1895;1336;1895;1336;1943;1246;1943;Back;AAAA;undefined;OTHER;OTHER
invoice-2035.tiff;1;1;2480;3508;250180;1447;1895;114;48;1447;1895;1561;1895;1561;1943;1447;1943;199,17;NNNSNN;undefined;OTHER;OTHER
invoice-2035.tiff;1;1;2480;3508;250181;1572;1895;20;48;1572;1895;1592;1895;1592;1943;1572;1943;$;S;undefined;OTHER;OTHER
invoice-2035.tiff;1;1;2480;3508;250182;1755;1895;114;48;1755;1895;1869;1895;1869;1943;1755;1943;20.0%;NNSNS;undefined;OTHER;OTHER
invoice-2035.tiff;1;1;2480;3508;250183;2031;1895;114;48;2031;1895;2145;1895;2145;1943;2031;1943;199,17;NNNSNN;undefined;OTHER;OTHER
invoice-2035.tiff;1;1;2480;3508;250184;2156;1895;20;48;2156;1895;2176;1895;2176;1943;2156;1943;$;S;undefined;OTHER;OTHER
invoice-2035.tiff;1;1;2480;3508;250177;583;1943;53;48;583;1943;636;1943;636;1991;583;1991;Up;AA;undefined;OTHER;OTHER
invoice-2035.tiff;1;1;2480;3508;250178;647;1943;226;48;647;1943;873;1943;873;1991;647;1991;plusPortable;AAAAAAAAAAAA;undefined;OTHER;OTHER
invoice-2035.tiff;1;1;2480;3508;250179;884;1943;99;48;884;1943;983;1943;983;1991;884;1991;Drive;AAAAA;undefined;OTHER;OTHER
invoice-2035.tiff;1;1;2480;3508;250185;197;2033;20;48;197;2033;217;2033;217;2081;197;2081;2;N;undefined;OTHER;OTHER
invoice-2035.tiff;1;1;2480;3508;250186;427;2033;20;48;427;2033;447;2033;447;2081;427;2081;1;N;undefined;OTHER;OTHER
invoice-2035.tiff;1;1;2480;3508;250187;583;2033;219;48;583;2033;802;2033;802;2081;583;2081;Smartphone;AAAAAAAAAA;undefined;OTHER;OTHER
invoice-2035.tiff;1;1;2480;3508;250188;813;2033;162;48;813;2033;975;2033;975;2081;813;2081;Samsung;AAAAAAA;undefined;OTHER;OTHER
invoice-2035.tiff;1;1;2480;3508;250189;986;2033;127;48;986;2033;1113;2033;1113;2081;986;2081;Galaxy;AAAAAA;undefined;OTHER;OTHER
invoice-2035.tiff;1;1;2480;3508;250190;1123;2033;83;48;1123;2033;1206;2033;1206;2081;1123;2081;Note;AAAA;undefined;OTHER;OTHER
invoice-2035.tiff;1;1;2480;3508;250191;1217;2033;48;48;1217;2033;1265;2033;1265;2081;1217;2081;III;AAA;undefined;OTHER;OTHER
invoice-2035.tiff;1;1;2480;3508;250192;1276;2033;53;48;1276;2033;1329;2033;1329;2081;1276;2081;4G;NA;undefined;OTHER;OTHER
invoice-2035.tiff;1;1;2480;3508;250198;1447;2033;114;48;1447;2033;1561;2033;1561;2081;1447;2081;164,08;NNNSNN;undefined;OTHER;OTHER
invoice-2035.tiff;1;1;2480;3508;250199;1572;2033;20;48;1572;2033;1592;2033;1592;2081;1572;2081;$;S;undefined;OTHER;OTHER
invoice-2035.tiff;1;1;2480;3508;250200;1755;2033;114;48;1755;2033;1869;2033;1869;2081;1755;2081;20.0%;NNSNS;undefined;OTHER;OTHER
invoice-2035.tiff;1;1;2480;3508;250201;2031;2033;114;48;2031;2033;2145;2033;2145;2081;2031;2081;164,08;NNNSNN;undefined;OTHER;OTHER
invoice-2035.tiff;1;1;2480;3508;250202;2156;2033;20;48;2156;2033;2176;2033;2176;2081;2156;2081;$;S;undefined;OTHER;OTHER
invoice-2035.tiff;1;1;2480;3508;250193;583;2081;41;48;583;2081;624;2081;624;2129;583;2129;32;NN;undefined;OTHER;OTHER
invoice-2035.tiff;1;1;2480;3508;250194;635;2081;53;48;635;2081;688;2081;688;2129;635;2129;Go;AA;undefined;OTHER;OTHER
invoice-2035.tiff;1;1;2480;3508;250195;699;2081;81;48;699;2081;780;2081;780;2129;699;2129;Noir;AAAA;undefined;OTHER;OTHER
invoice-2035.tiff;1;1;2480;3508;250196;790;2081;13;48;790;2081;803;2081;803;2129;790;2129;-;S;undefined;OTHER;OTHER
invoice-2035.tiff;1;1;2480;3508;250197;814;2081;169;48;814;2081;983;2081;983;2129;814;2129;Débloqué;AAAAAAAA;undefined;OTHER;OTHER
invoice-2035.tiff;1;1;2480;3508;250203;197;2171;20;48;197;2171;217;2171;217;2219;197;2219;3;N;undefined;OTHER;OTHER
invoice-2035.tiff;1;1;2480;3508;250204;427;2171;20;48;427;2171;447;2171;447;2219;427;2219;1;N;undefined;OTHER;OTHER
invoice-2035.tiff;1;1;2480;3508;250205;583;2171;71;48;583;2171;654;2171;654;2219;583;2219;Plat;AAAA;undefined;OTHER;OTHER
invoice-2035.tiff;1;1;2480;3508;250206;665;2171;20;48;665;2171;685;2171;685;2219;665;2219;à;A;undefined;OTHER;OTHER
invoice-2035.tiff;1;1;2480;3508;250207;696;2171;76;48;696;2171;772;2171;772;2219;696;2219;four;AAAA;undefined;OTHER;OTHER
invoice-2035.tiff;1;1;2480;3508;250208;783;2171;150;48;783;2171;933;2171;933;2219;783;2219;Pillivuyt;AAAAAAAAA;undefined;OTHER;OTHER
invoice-2035.tiff;1;1;2480;3508;250209;944;2171;20;48;944;2171;964;2171;964;2219;944;2219;à;A;undefined;OTHER;OTHER
invoice-2035.tiff;1;1;2480;3508;250210;975;2171;83;48;975;2171;1058;2171;1058;2219;975;2219;rôtir;AAAAA;undefined;OTHER;OTHER
invoice-2035.tiff;1;1;2480;3508;250211;1069;2171;72;48;1069;2171;1141;2171;1141;2219;1069;2219;31.5;NNSN;undefined;OTHER;OTHER
invoice-2035.tiff;1;1;2480;3508;250212;1152;2171;115;48;1152;2171;1267;2171;1267;2219;1152;2219;x21cm;ANNAA;undefined;OTHER;OTHER
invoice-2035.tiff;1;1;2480;3508;250215;1458;2171;93;48;1458;2171;1551;2171;1551;2219;1458;2219;17,36;NNSNN;undefined;OTHER;OTHER
invoice-2035.tiff;1;1;2480;3508;250216;1562;2171;20;48;1562;2171;1582;2171;1582;2219;1562;2219;$;S;undefined;OTHER;OTHER
invoice-2035.tiff;1;1;2480;3508;250217;1755;2171;114;48;1755;2171;1869;2171;1869;2219;1755;2219;20.0%;NNSNS;undefined;OTHER;OTHER
invoice-2035.tiff;1;1;2480;3508;250218;2041;2171;93;48;2041;2171;2134;2171;2134;2219;2041;2219;17,36;NNSNN;undefined;OTHER;OTHER
invoice-2035.tiff;1;1;2480;3508;250219;2145;2171;20;48;2145;2171;2165;2171;2165;2219;2145;2219;$;S;undefined;OTHER;OTHER
invoice-2035.tiff;1;1;2480;3508;250213;583;2219;187;48;583;2219;770;2219;770;2267;583;2267;Porcelaine;AAAAAAAAAA;undefined;OTHER;OTHER
invoice-2035.tiff;1;1;2480;3508;250214;781;2219;138;48;781;2219;919;2219;919;2267;781;2267;blanche;AAAAAAA;undefined;OTHER;OTHER
invoice-2035.tiff;1;1;2480;3508;250220;197;2308;20;48;197;2308;217;2308;217;2356;197;2356;4;N;undefined;OTHER;OTHER
invoice-2035.tiff;1;1;2480;3508;250221;427;2308;20;48;427;2308;447;2308;447;2356;427;2356;1;N;undefined;OTHER;OTHER
invoice-2035.tiff;1;1;2480;3508;250222;583;2308;104;48;583;2308;687;2308;687;2356;583;2356;Câble;AAAAA;undefined;OTHER;OTHER
invoice-2035.tiff;1;1;2480;3508;250223;697;2308;104;48;697;2308;801;2308;801;2356;697;2356;micro;AAAAA;undefined;OTHER;OTHER
invoice-2035.tiff;1;1;2480;3508;250224;812;2308;81;48;812;2308;893;2308;893;2356;812;2356;USB;AAA;undefined;OTHER;OTHER
invoice-2035.tiff;1;1;2480;3508;250225;903;2308;115;48;903;2308;1018;2308;1018;2356;903;2356;Belkin;AAAAAA;undefined;OTHER;OTHER
invoice-2035.tiff;1;1;2480;3508;250226;1030;2308;60;48;1030;2308;1090;2308;1090;2356;1030;2356;2M;NA;undefined;OTHER;OTHER
invoice-2035.tiff;1;1;2480;3508;250227;1100;2308;97;48;1100;2308;1197;2308;1197;2356;1100;2356;blanc;AAAAA;undefined;OTHER;OTHER
invoice-2035.tiff;1;1;2480;3508;250228;1458;2308;93;48;1458;2308;1551;2308;1551;2356;1458;2356;12,49;NNSNN;undefined;OTHER;OTHER
invoice-2035.tiff;1;1;2480;3508;250229;1562;2308;20;48;1562;2308;1582;2308;1582;2356;1562;2356;$;S;undefined;OTHER;OTHER
invoice-2035.tiff;1;1;2480;3508;250230;1755;2308;114;48;1755;2308;1869;2308;1869;2356;1755;2356;20.0%;NNSNS;undefined;OTHER;OTHER
invoice-2035.tiff;1;1;2480;3508;250231;2041;2308;93;48;2041;2308;2134;2308;2134;2356;2041;2356;12,49;NNSNN;undefined;OTHER;OTHER
invoice-2035.tiff;1;1;2480;3508;250232;2145;2308;20;48;2145;2308;2165;2308;2165;2356;2145;2356;$;S;undefined;OTHER;OTHER
invoice-2035.tiff;1;1;2480;3508;250233;1749;2440;170;52;1749;2440;1919;2440;1919;2492;1749;2492;Montant;AAAAAAA;undefined;OTHER;OTHER
invoice-2035.tiff;1;1;2480;3508;250234;1931;2440;89;52;1931;2440;2020;2440;2020;2492;1931;2492;H.T.;ASAS;undefined;OTHER;OTHER
invoice-2035.tiff;1;1;2480;3508;250235;2062;2440;114;48;2062;2440;2176;2440;2176;2488;2062;2488;393,10;NNNSNN;TWTX;TOTAL_WITHOUT_TAX;TWTXS
invoice-2035.tiff;1;1;2480;3508;250236;2187;2440;20;48;2187;2440;2207;2440;2207;2488;2187;2488;$;S;TWTX;TOTAL_WITHOUT_TAX;TWTXS
invoice-2035.tiff;1;1;2480;3508;250237;1762;2493;170;52;1762;2493;1932;2493;1932;2545;1762;2545;Montant;AAAAAAA;undefined;OTHER;OTHER
invoice-2035.tiff;1;1;2480;3508;250238;1944;2493;96;52;1944;2493;2040;2493;2040;2545;1944;2545;TVA;AAA;undefined;OTHER;OTHER
invoice-2035.tiff;1;1;2480;3508;250239;2083;2493;93;48;2083;2493;2176;2493;2176;2541;2083;2541;78,62;NNSNN;TTX;TOTAL_TAX;Total Tax
invoice-2035.tiff;1;1;2480;3508;250240;2187;2493;20;48;2187;2493;2207;2493;2207;2541;2187;2541;$;S;TTX;TOTAL_TAX;Total Tax
invoice-2035.tiff;1;1;2480;3508;250241;1744;2545;170;52;1744;2545;1914;2545;1914;2597;1744;2597;Montant;AAAAAAA;undefined;OTHER;OTHER
invoice-2035.tiff;1;1;2480;3508;250242;1926;2545;94;52;1926;2545;2020;2545;2020;2597;1926;2597;TTC;AAA;undefined;OTHER;OTHER
invoice-2035.tiff;1;1;2480;3508;250243;2062;2545;114;48;2062;2545;2176;2545;2176;2593;2062;2593;471,72;NNNSNN;TA;TOTAL_AMOUNT;Total with TAX
invoice-2035.tiff;1;1;2480;3508;250244;2187;2545;20;48;2187;2545;2207;2545;2207;2593;2187;2593;$;S;TA;TOTAL_AMOUNT;Total with TAX
invoice-2035.tiff;1;1;2480;3508;250245;1187;3154;189;48;1187;3154;1376;3154;1376;3202;1187;3202;CABINET;AAAAAAA;SN;SUPPLIER_NAME;Seller/Company) name
invoice-2035.tiff;1;1;2480;3508;250246;1387;3154;131;48;1387;3154;1518;3154;1518;3202;1387;3202;POTIN;AAAAA;SN;SUPPLIER_NAME;Seller/Company) name
invoice-2035.tiff;1;1;2480;3508;250247;1530;3154;199;48;1530;3154;1729;3154;1729;3202;1530;3202;RICHARD;AAAAAAA;SN;SUPPLIER_NAME;Seller/Company) name
invoice-2035.tiff;1;1;2480;3508;250248;1187;3202;62;45;1187;3202;1249;3202;1249;3247;1187;3247;320;NNN;SA;SUPPLIER_ADDRESS;Seller Address
invoice-2035.tiff;1;1;2480;3508;250249;1260;3202;159;45;1260;3202;1419;3202;1419;3247;1260;3247;AVENUE;AAAAAA;SA;SUPPLIER_ADDRESS;Seller Address
invoice-2035.tiff;1;1;2480;3508;250250;1430;3202;55;45;1430;3202;1485;3202;1485;3247;1430;3247;DE;AA;SA;SUPPLIER_ADDRESS;Seller Address
invoice-2035.tiff;1;1;2480;3508;250251;1496;3202;212;45;1496;3202;1708;3202;1708;3247;1496;3247;PROVENCE;AAAAAAAA;SA;SUPPLIER_ADDRESS;Seller Address
invoice-2035.tiff;1;1;2480;3508;250252;1187;3248;104;45;1187;3248;1291;3248;1291;3293;1187;3293;83600;NNNNN;SA;SUPPLIER_ADDRESS;Seller Address
invoice-2035.tiff;1;1;2480;3508;250253;1333;3248;145;45;1333;3248;1478;3248;1478;3293;1333;3293;FREJUS;AAAAAA;SA;SUPPLIER_ADDRESS;Seller Address
invoice-2035.tiff;1;1;2480;3508;250254;1187;3293;157;45;1187;3293;1344;3293;1344;3338;1187;3338;FRANCE;AAAAAA;SA;SUPPLIER_ADDRESS;Seller Address
